# 29.2123,  5.61749, 0.0785, 0.0729,  34.0819, 30 Nov 2015 11:00:05
# 29.1463,  5.61219, 0.0800, 0.0711,  34.0926, 30 Nov 2015 12:00:05
# 29.2347,  5.61975, 0.0792, 0.0764,  34.0814, 30 Nov 2015 13:00:05
# 28.9701,  5.59698, 0.0874, 0.0729,  34.1142, 30 Nov 2015 14:00:05
# 29.0553,  5.60435, 0.0890, 0.0752,  34.1038, 30 Nov 2015 15:00:05
# 29.1590,  5.61287, 0.0911, 0.0803,  34.0883, 30 Nov 2015 16:00:05
# 29.2714,  5.62203, 0.0853, 0.0742,  34.0709, 30 Nov 2015 17:00:05
# 29.0307,  5.60197, 0.0935, 0.0742,  34.1050, 30 Nov 2015 18:00:05
# 28.8480,  5.58590, 0.0973, 0.0730,  34.1253, 30 Nov 2015 19:00:05
# 28.0783,  5.52084, 0.1250, 0.0761,  34.2293, 30 Nov 2015 20:00:05
# 28.9345,  5.59365, 0.0964, 0.0753,  34.1167, 30 Nov 2015 21:00:05
# 29.2319,  5.61940, 0.0887, 0.0827,  34.0809, 30 Nov 2015 22:00:05
# 29.2453,  5.61932, 0.0853, 0.0826,  34.0709, 30 Nov 2015 23:00:05
# 29.2610,  5.62064, 0.0838, 0.0726,  34.0688, 01 Dec 2015 00:00:05
# 29.2601,  5.61964, 0.0829, 0.1057,  34.0626, 01 Dec 2015 01:00:05
# 29.2623,  5.61992, 0.0818, 0.0826,  34.0629, 01 Dec 2015 02:00:05
# 29.2536,  5.61876, 0.0825, 0.0752,  34.0612, 01 Dec 2015 03:00:05
# 29.2540,  5.61873, 0.0806, 0.0750,  34.0607, 01 Dec 2015 04:00:05
# 29.1709,  5.61080, 0.0797, 0.0739,  34.0656, 01 Dec 2015 05:00:05
# 29.1990,  5.61193, 0.0793, 0.0774,  34.0534, 01 Dec 2015 06:00:05
# 29.1378,  5.60790, 0.0816, 0.0819,  34.0693, 01 Dec 2015 07:00:05
# 28.9672,  5.59281, 0.0867, 0.0790,  34.0876, 01 Dec 2015 08:00:05
# 27.0175,  5.42734, 0.1148, 0.0820,  34.3471, 01 Dec 2015 09:00:05
# 28.6651,  5.56933, 0.0845, 0.0749,  34.1422, 01 Dec 2015 10:00:05
