# 28.9373,  5.58095, 0.0883, 0.0838,  34.0275, 15 Dec 2015 11:00:05
# 28.9389,  5.58321, 0.0889, 0.0838,  34.0419, 15 Dec 2015 12:00:05
# 28.9365,  5.58224, 0.0946, 0.0813,  34.0369, 15 Dec 2015 13:00:05
# 28.9884,  5.58641, 0.0902, 0.0800,  34.0285, 15 Dec 2015 14:00:05
# 29.0084,  5.58851, 0.0903, 0.0849,  34.0288, 15 Dec 2015 15:00:05
# 28.9649,  5.58408, 0.0925, 0.0815,  34.0294, 15 Dec 2015 16:00:05
# 28.9590,  5.58243, 0.0999, 0.0822,  34.0222, 15 Dec 2015 17:00:05
# 28.9709,  5.58389, 0.0960, 0.0768,  34.0237, 15 Dec 2015 18:00:05
# 29.0216,  5.59061, 0.0935, 0.0777,  34.0337, 15 Dec 2015 19:00:05
# 28.9695,  5.58501, 0.0991, 0.0872,  34.0324, 15 Dec 2015 20:00:05
# 28.9717,  5.58486, 0.0948, 0.0725,  34.0298, 15 Dec 2015 21:00:05
# 28.9225,  5.58082, 0.0964, 0.0883,  34.0372, 15 Dec 2015 22:00:05
# 29.0294,  5.58921, 0.0962, 0.0871,  34.0186, 15 Dec 2015 23:00:05
# 28.9705,  5.58427, 0.0948, 0.0750,  34.0266, 16 Dec 2015 00:00:05
# 29.0029,  5.58740, 0.0867, 0.0752,  34.0250, 16 Dec 2015 01:00:05
# 29.0116,  5.58855, 0.0892, 0.0921,  34.0267, 16 Dec 2015 02:00:05
# 28.9903,  5.58678, 0.0941, 0.0737,  34.0298, 16 Dec 2015 03:00:05
# 28.9622,  5.58455, 0.0912, 0.0943,  34.0345, 16 Dec 2015 04:00:05
# 28.9683,  5.58481, 0.0900, 0.0700,  34.0319, 16 Dec 2015 05:00:05
# 28.9839,  5.58658, 0.0961, 0.0797,  34.0329, 16 Dec 2015 06:00:05
# 28.8931,  5.57861, 0.0948, 0.0935,  34.0429, 16 Dec 2015 07:00:05
# 28.9594,  5.58479, 0.0905, 0.0865,  34.0381, 16 Dec 2015 08:00:05
# 28.9106,  5.57982, 0.0888, 0.0885,  34.0389, 16 Dec 2015 09:00:05
# 28.9030,  5.57870, 0.0899, 0.0762,  34.0365, 16 Dec 2015 10:00:05
