# 29.3098,  5.63096, 0.0748, 0.0752,  34.1045, 28 Nov 2015 11:00:05
# 29.3121,  5.63168, 0.0739, 0.0755,  34.1078, 28 Nov 2015 12:00:05
# 29.3399,  5.63460, 0.0738, 0.0737,  34.1080, 28 Nov 2015 13:00:05
# 29.3557,  5.63641, 0.0762, 0.0712,  34.1091, 28 Nov 2015 14:00:05
# 29.3359,  5.63428, 0.0758, 0.1505,  34.1085, 28 Nov 2015 15:00:05
# 29.3439,  5.63506, 0.0787, 0.1131,  34.1082, 28 Nov 2015 16:00:05
# 29.2756,  5.62943, 0.0798, 0.0774,  34.1183, 28 Nov 2015 17:00:05
# 29.0536,  5.61096, 0.0861, 0.1021,  34.1504, 28 Nov 2015 18:00:05
# 28.6143,  5.57163, 0.0964, 0.0755,  34.1946, 28 Nov 2015 19:00:05
# 28.7708,  5.58007, 0.0839, 0.0777,  34.1405, 28 Nov 2015 20:00:05
# 29.1843,  5.62085, 0.0771, 0.0753,  34.1248, 28 Nov 2015 21:00:05
# 28.7566,  5.58289, 0.0828, 0.0738,  34.1701, 28 Nov 2015 22:00:05
# 29.3522,  5.63413, 0.0829, 0.0752,  34.0960, 28 Nov 2015 23:00:05
# 29.2997,  5.62886, 0.0819, 0.0802,  34.0973, 29 Nov 2015 00:00:05
# 28.9474,  5.59939, 0.0817, 0.0727,  34.1469, 29 Nov 2015 01:00:05
# 29.3286,  5.63219, 0.0775, 0.1217,  34.0995, 29 Nov 2015 02:00:05
# 29.2669,  5.62729, 0.0768, 0.0703,  34.1099, 29 Nov 2015 03:00:05
# 29.2804,  5.62860, 0.0831, 0.0801,  34.1093, 29 Nov 2015 04:00:05
# 29.1437,  5.61518, 0.0780, 0.0764,  34.1149, 29 Nov 2015 05:00:05
# 29.2516,  5.62394, 0.0822, 0.0880,  34.0980, 29 Nov 2015 06:00:05
# 29.2820,  5.62631, 0.0819, 0.0763,  34.0925, 29 Nov 2015 07:00:05
# 29.2248,  5.62101, 0.0817, 0.0838,  34.0970, 29 Nov 2015 08:00:05
# 29.3068,  5.62734, 0.0806, 0.0777,  34.0820, 29 Nov 2015 09:00:05
# 29.2758,  5.62486, 0.0838, 0.0777,  34.0870, 29 Nov 2015 10:00:05
