# 29.1664,  5.63567, 0.0843, 0.0785,  34.2389, 23 Dec 2015 11:00:05
# 29.1728,  5.63630, 0.0877, 0.0748,  34.2386, 23 Dec 2015 12:00:05
# 29.1678,  5.63523, 0.0851, 0.0789,  34.2349, 23 Dec 2015 13:00:05
# 29.1396,  5.63282, 0.0855, 0.0763,  34.2386, 23 Dec 2015 14:00:05
# 29.1659,  5.63465, 0.0863, 0.0725,  34.2322, 23 Dec 2015 15:00:05
# 28.6618,  5.58635, 0.0999, 0.0740,  34.2621, 23 Dec 2015 16:00:05
# 27.0330,  5.43485, 0.1172, 0.0774,  34.3891, 23 Dec 2015 17:00:05
# 26.8081,  5.41292, 0.1221, 0.0793,  34.3993, 23 Dec 2015 18:00:05
# 28.6554,  5.58045, 0.0929, 0.0848,  34.2260, 23 Dec 2015 19:00:05
# 28.8412,  5.59593, 0.0877, 0.0773,  34.1991, 23 Dec 2015 20:00:05
# 28.9056,  5.60053, 0.0841, 0.0810,  34.1846, 23 Dec 2015 21:00:05
# 28.9069,  5.60072, 0.0862, 0.0901,  34.1850, 23 Dec 2015 22:00:05
# 28.8794,  5.59671, 0.0881, 0.0747,  34.1771, 23 Dec 2015 23:00:05
# 28.9482,  5.59895, 0.0855, 0.0859,  34.1433, 24 Dec 2015 00:00:05
# 28.9889,  5.60001, 0.0867, 0.0761,  34.1215, 24 Dec 2015 01:00:05
# 28.9697,  5.59923, 0.0795, 0.0748,  34.1298, 24 Dec 2015 02:00:05
# 28.9894,  5.60035, 0.0837, 0.0764,  34.1235, 24 Dec 2015 03:00:05
# 28.9971,  5.60076, 0.0820, 0.0732,  34.1207, 24 Dec 2015 04:00:05
# 28.9361,  5.59637, 0.0828, 0.0745,  34.1342, 24 Dec 2015 05:00:05
# 27.2606,  5.44128, 0.1050, 0.0785,  34.2670, 24 Dec 2015 06:00:05
# 27.9600,  5.50728, 0.0979, 0.0840,  34.2205, 24 Dec 2015 07:00:05
# 28.5537,  5.55868, 0.0902, 0.0733,  34.1487, 24 Dec 2015 08:00:05
# 28.4944,  5.55344, 0.0886, 0.0739,  34.1551, 24 Dec 2015 09:00:05
# 28.5297,  5.55649, 0.0896, 0.1162,  34.1509, 24 Dec 2015 10:00:05
