# 28.8110,  5.65446, 0.0823, 0.0523,  34.6241, 04 Apr 2016 11:00:05
# 29.1172,  5.63398, 0.0810, 0.0532,  34.2625, 04 Apr 2016 12:00:05
# 28.7535,  5.65854, 0.0856, 0.0510,  34.6942, 04 Apr 2016 13:00:05
# 29.0551,  5.64026, 0.0799, 0.0529,  34.3501, 04 Apr 2016 14:00:05
# 29.1015,  5.63830, 0.0774, 0.0558,  34.3033, 04 Apr 2016 15:00:05
# 29.1071,  5.63731, 0.0795, 0.0543,  34.2926, 04 Apr 2016 16:00:05
# 29.0978,  5.63732, 0.0801, 0.0510,  34.2994, 04 Apr 2016 17:00:05
# 29.1221,  5.63781, 0.0841, 0.0556,  34.2853, 04 Apr 2016 18:00:05
# 29.1359,  5.63810, 0.0842, 0.0543,  34.2773, 04 Apr 2016 19:00:05
# 29.0537,  5.63927, 0.0860, 0.0532,  34.3443, 04 Apr 2016 20:00:05
# 29.0951,  5.63368, 0.0806, 0.0517,  34.2763, 04 Apr 2016 21:00:05
# 29.0863,  5.63251, 0.0822, 0.0548,  34.2746, 04 Apr 2016 22:00:05
# 28.7716,  5.65217, 0.0851, 0.0548,  34.6370, 04 Apr 2016 23:00:05
# 29.0255,  5.63792, 0.0819, 0.0516,  34.3554, 05 Apr 2016 00:00:05
# 29.0398,  5.63084, 0.0806, 0.0604,  34.2965, 05 Apr 2016 01:00:05
# 29.0267,  5.62843, 0.0796, 0.0557,  34.2894, 05 Apr 2016 02:00:05
# 28.6859,  5.59872, 0.0820, 0.0678,  34.3301, 05 Apr 2016 03:00:05
# 28.7237,  5.65818, 0.0837, 0.0512,  34.7135, 05 Apr 2016 04:00:05
# 28.8330,  5.66056, 0.0809, 0.0513,  34.6502, 05 Apr 2016 05:00:05
# 28.8444,  5.65726, 0.0820, 0.0520,  34.6192, 05 Apr 2016 06:00:05
# 28.8019,  5.65961, 0.0819, 0.0516,  34.6663, 05 Apr 2016 07:00:05
# 28.8401,  5.65562, 0.0842, 0.0615,  34.6110, 05 Apr 2016 08:00:05
# 28.8241,  5.65669, 0.0775, 0.0578,  34.6301, 05 Apr 2016 09:00:05
# 28.9284,  5.64050, 0.0811, 0.0540,  34.4430, 05 Apr 2016 10:00:05
