# 30.0562,  5.71394, 0.0867, 0.0556,  34.1385, 31 Aug 2016 11:21:35
# 30.0759,  5.71568, 0.0798, 0.0510,  34.1364, 31 Aug 2016 12:21:35
# 30.0180,  5.71831, 0.0839, 0.0541,  34.1948, 31 Aug 2016 13:21:35
# 30.0609,  5.72471, 0.0878, 0.0568,  34.2077, 31 Aug 2016 14:21:35
# 29.8441,  5.71597, 0.0899, 0.0550,  34.3021, 31 Aug 2016 15:21:35
# 30.0290,  5.72459, 0.0941, 0.0519,  34.2294, 31 Aug 2016 16:21:35
# 30.0505,  5.72486, 0.0941, 0.0531,  34.2160, 31 Aug 2016 17:21:35
# 30.0707,  5.72291, 0.0899, 0.0579,  34.1886, 31 Aug 2016 18:21:35
# 30.0053,  5.71730, 0.0842, 0.0510,  34.1970, 31 Aug 2016 19:21:35
# 30.0941,  5.72147, 0.0880, 0.0654,  34.1624, 31 Aug 2016 20:21:35
# 30.1088,  5.72126, 0.0821, 0.0616,  34.1507, 31 Aug 2016 21:21:35
# 30.0743,  5.71989, 0.0833, 0.0517,  34.1657, 31 Aug 2016 22:21:35
# 30.0494,  5.71812, 0.0849, 0.0553,  34.1714, 31 Aug 2016 23:21:35
# 30.0624,  5.72159, 0.0825, 0.0528,  34.1856, 01 Sep 2016 00:21:35
# 30.0916,  5.72251, 0.0840, 0.0558,  34.1712, 01 Sep 2016 01:21:35
# 30.0031,  5.72441, 0.0851, 0.0546,  34.2465, 01 Sep 2016 02:21:35
# 30.0391,  5.72068, 0.0821, 0.0532,  34.1960, 01 Sep 2016 03:21:35
# 30.1230,  5.72247, 0.0791, 0.0579,  34.1488, 01 Sep 2016 04:21:35
# 29.7657,  5.71303, 0.0851, 0.0529,  34.3379, 01 Sep 2016 05:21:35
# 30.1099,  5.72141, 0.0812, 0.0538,  34.1509, 01 Sep 2016 06:21:35
# 30.0929,  5.72105, 0.0825, 0.0578,  34.1605, 01 Sep 2016 07:21:35
# 30.1384,  5.72387, 0.0806, 0.0578,  34.1474, 01 Sep 2016 08:21:35
# 30.2383,  5.73199, 0.0809, 0.0508,  34.1317, 01 Sep 2016 09:21:35
# 30.1118,  5.72361, 0.0855, 0.0531,  34.1644, 01 Sep 2016 10:21:35
