# 29.0075,  5.62031, 0.0821, 0.0517,  34.2474, 21 Mar 2016 11:00:05
# 29.0203,  5.62071, 0.0796, 0.0549,  34.2410, 21 Mar 2016 12:00:05
# 29.0300,  5.62208, 0.0780, 0.0554,  34.2434, 21 Mar 2016 13:00:05
# 29.0129,  5.62175, 0.0832, 0.0824,  34.2535, 21 Mar 2016 14:00:05
# 29.0313,  5.62215, 0.0796, 0.0553,  34.2430, 21 Mar 2016 15:00:05
# 28.8984,  5.62363, 0.0852, 0.0542,  34.3486, 21 Mar 2016 16:00:05
# 29.0405,  5.62324, 0.0829, 0.0558,  34.2439, 21 Mar 2016 17:00:05
# 29.0375,  5.62320, 0.0822, 0.0582,  34.2457, 21 Mar 2016 18:00:05
# 29.0358,  5.62272, 0.0800, 0.0594,  34.2437, 21 Mar 2016 19:00:05
# 29.0371,  5.62243, 0.0818, 0.0544,  34.2407, 21 Mar 2016 20:00:05
# 29.0241,  5.62222, 0.0806, 0.0553,  34.2486, 21 Mar 2016 21:00:05
# 29.0680,  5.62582, 0.0772, 0.0561,  34.2419, 21 Mar 2016 22:00:05
# 28.7006,  5.62559, 0.0832, 0.0581,  34.5051, 21 Mar 2016 23:00:05
# 28.8495,  5.62378, 0.0842, 0.0566,  34.3849, 22 Mar 2016 00:00:05
# 28.7732,  5.62256, 0.0899, 0.0533,  34.4316, 22 Mar 2016 01:00:05
# 29.0598,  5.62637, 0.0785, 0.0577,  34.2515, 22 Mar 2016 02:00:05
# 29.0769,  5.62795, 0.0784, 0.0568,  34.2501, 22 Mar 2016 03:00:05
# 28.8842,  5.62336, 0.0800, 0.0566,  34.3570, 22 Mar 2016 04:00:05
# 28.6355,  5.62364, 0.0852, 0.0527,  34.5388, 22 Mar 2016 05:00:05
# 28.6383,  5.62424, 0.0806, 0.0540,  34.5410, 22 Mar 2016 06:00:05
# 28.8807,  5.62174, 0.0811, 0.0553,  34.3483, 22 Mar 2016 07:00:05
# 28.9439,  5.62228, 0.0781, 0.0557,  34.3066, 22 Mar 2016 08:00:05
# 28.9955,  5.62353, 0.0789, 0.0569,  34.2781, 22 Mar 2016 09:00:05
# 28.9663,  5.62314, 0.0786, 0.0517,  34.2964, 22 Mar 2016 10:00:05
