# 30.1000,  5.72694, 0.0886, 0.1587,  34.1951, 19 Aug 2016 11:00:05
# 30.0665,  5.72614, 0.0901, 0.1832,  34.2133, 19 Aug 2016 12:00:05
# 29.7622,  5.71313, 0.0957, 0.1865,  34.3411, 19 Aug 2016 13:00:05
# 30.1667,  5.73170, 0.0915, 0.1468,  34.1801, 19 Aug 2016 14:00:05
# 30.1924,  5.73257, 0.0863, 0.1563,  34.1679, 19 Aug 2016 15:00:05
# 30.1971,  5.73353, 0.0838, 0.1479,  34.1710, 19 Aug 2016 16:00:05
# 30.1668,  5.73234, 0.0901, 0.1648,  34.1843, 19 Aug 2016 17:00:05
# 30.1823,  5.73379, 0.0900, 0.1914,  34.1832, 19 Aug 2016 18:00:05
# 30.1585,  5.73236, 0.0900, 0.1881,  34.1903, 19 Aug 2016 19:00:05
# 30.1191,  5.72972, 0.0863, 0.1370,  34.2003, 19 Aug 2016 20:00:05
# 30.1968,  5.73401, 0.0915, 0.2322,  34.1744, 19 Aug 2016 21:00:05
# 30.2241,  5.73585, 0.0900, 0.1903,  34.1676, 19 Aug 2016 22:00:05
# 30.2040,  5.73426, 0.0840, 0.1068,  34.1710, 19 Aug 2016 23:00:05
# 30.0561,  5.72668, 0.0939, 0.2444,  34.2243, 20 Aug 2016 00:00:05
# 30.0692,  5.72750, 0.0900, 0.2393,  34.2206, 20 Aug 2016 01:00:05
# 29.9897,  5.72275, 0.0915, 0.2660,  34.2448, 20 Aug 2016 02:00:05
# 30.1141,  5.73018, 0.0874, 0.2457,  34.2070, 20 Aug 2016 03:00:05
# 29.9810,  5.72255, 0.0951, 0.2451,  34.2496, 20 Aug 2016 04:00:05
# 30.0692,  5.72718, 0.0898, 0.3713,  34.2184, 20 Aug 2016 05:00:05
# 30.0748,  5.72728, 0.0888, 0.2716,  34.2152, 20 Aug 2016 06:00:05
# 30.0650,  5.72680, 0.0874, 0.2549,  34.2188, 20 Aug 2016 07:00:05
# 30.0899,  5.72720, 0.0874, 0.2037,  34.2040, 20 Aug 2016 08:00:05
# 30.0934,  5.72569, 0.0896, 0.2022,  34.1914, 20 Aug 2016 09:00:05
# 30.0789,  5.72610, 0.0896, 0.2551,  34.2043, 20 Aug 2016 10:00:05
