# 30.2639,  5.70080, 0.0857, 0.0552,  33.9047, 28 Oct 2016 11:20:27
# 30.3182,  5.69255, 0.0826, 0.0512,  33.8118, 28 Oct 2016 12:20:27
# 30.3139,  5.69172, 0.0826, 0.0568,  33.8091, 28 Oct 2016 13:20:27
# 30.2668,  5.70292, 0.0947, 0.0540,  33.9169, 28 Oct 2016 14:20:27
# 30.2749,  5.70108, 0.0950, 0.0562,  33.8990, 28 Oct 2016 15:20:27
# 30.2818,  5.69821, 0.0898, 0.0519,  33.8749, 28 Oct 2016 16:20:27
# 30.3295,  5.70383, 0.0879, 0.0587,  33.8793, 28 Oct 2016 17:20:27
# 30.3405,  5.70673, 0.0864, 0.0509,  33.8911, 28 Oct 2016 18:20:27
# 30.3082,  5.70645, 0.0874, 0.0554,  33.9117, 28 Oct 2016 19:20:27
# 30.3875,  5.71437, 0.0755, 0.0527,  33.9094, 28 Oct 2016 20:20:27
# 30.3329,  5.70116, 0.0784, 0.0540,  33.8591, 28 Oct 2016 21:20:27
# 30.2821,  5.70801, 0.0817, 0.0531,  33.9403, 28 Oct 2016 22:20:27
# 30.3257,  5.69833, 0.0748, 0.0543,  33.8451, 28 Oct 2016 23:20:27
# 30.3246,  5.69576, 0.0798, 0.0558,  33.8287, 29 Oct 2016 00:20:27
# 30.3279,  5.69536, 0.0774, 0.0542,  33.8238, 29 Oct 2016 01:20:27
# 30.3260,  5.69767, 0.0758, 0.0556,  33.8405, 29 Oct 2016 02:20:27
# 30.3267,  5.69829, 0.0760, 0.0526,  33.8442, 29 Oct 2016 03:20:27
# 30.2237,  5.70120, 0.0782, 0.0542,  33.9355, 29 Oct 2016 04:20:27
# 30.2940,  5.69771, 0.0761, 0.0530,  33.8631, 29 Oct 2016 05:20:27
# 30.3053,  5.69928, 0.0748, 0.0581,  33.8657, 29 Oct 2016 06:20:27
# 30.3300,  5.70268, 0.0748, 0.0556,  33.8713, 29 Oct 2016 07:20:27
# 30.3364,  5.70418, 0.0747, 0.0529,  33.8768, 29 Oct 2016 08:20:27
# 30.3380,  5.70479, 0.0763, 0.0497,  33.8798, 29 Oct 2016 09:20:27
# 30.3360,  5.70585, 0.0768, 0.0515,  33.8883, 29 Oct 2016 10:20:27
