# 30.0548,  5.72347, 0.0888, 0.2261,  34.2036, 18 Aug 2016 11:00:05
# 29.9372,  5.71827, 0.0901, 0.1897,  34.2517, 18 Aug 2016 12:00:05
# 30.0872,  5.72607, 0.0935, 0.2695,  34.1983, 18 Aug 2016 13:00:05
# 30.1003,  5.72703, 0.0889, 0.1828,  34.1955, 18 Aug 2016 14:00:05
# 30.1306,  5.72902, 0.0890, 0.1370,  34.1876, 18 Aug 2016 15:00:05
# 30.0150,  5.72445, 0.0919, 0.1165,  34.2384, 18 Aug 2016 16:00:05
# 30.0897,  5.72780, 0.0888, 0.1244,  34.2081, 18 Aug 2016 17:00:05
# 30.1607,  5.73183, 0.0880, 0.1288,  34.1852, 18 Aug 2016 18:00:05
# 30.1197,  5.73005, 0.0863, 0.1290,  34.2021, 18 Aug 2016 19:00:05
# 30.0830,  5.72742, 0.0855, 0.1226,  34.2103, 18 Aug 2016 20:00:05
# 30.0634,  5.72646, 0.0874, 0.1144,  34.2177, 18 Aug 2016 21:00:05
# 30.0466,  5.72561, 0.0886, 0.1369,  34.2238, 18 Aug 2016 22:00:05
# 30.2129,  5.73738, 0.0869, 0.1540,  34.1857, 18 Aug 2016 23:00:05
# 30.1013,  5.72852, 0.0876, 0.1341,  34.2048, 19 Aug 2016 00:00:05
# 30.0858,  5.72718, 0.0851, 0.1506,  34.2067, 19 Aug 2016 01:00:05
# 30.0470,  5.72532, 0.0877, 0.1431,  34.2216, 19 Aug 2016 02:00:05
# 30.0705,  5.72641, 0.0847, 0.1155,  34.2124, 19 Aug 2016 03:00:05
# 29.9944,  5.72217, 0.0886, 0.1659,  34.2375, 19 Aug 2016 04:00:05
# 30.1624,  5.73129, 0.0886, 0.1452,  34.1804, 19 Aug 2016 05:00:05
# 30.0252,  5.72361, 0.0875, 0.1455,  34.2254, 19 Aug 2016 06:00:05
# 29.7905,  5.71126, 0.0912, 0.1419,  34.3084, 19 Aug 2016 07:00:05
# 29.8207,  5.71395, 0.0889, 0.1046,  34.3051, 19 Aug 2016 08:00:05
# 29.9518,  5.72017, 0.0911, 0.1682,  34.2542, 19 Aug 2016 09:00:05
# 30.0835,  5.72602, 0.0911, 0.1527,  34.2005, 19 Aug 2016 10:00:05
