# 28.7889,  5.65195, 0.0914, 0.0776,  34.6229, 06 Jan 2016 11:00:05
# 28.8032,  5.65258, 0.0935, 0.0785,  34.6169, 06 Jan 2016 12:00:05
# 28.7521,  5.64809, 0.0905, 0.0678,  34.6230, 06 Jan 2016 13:00:05
# 28.4924,  5.62070, 0.0936, 0.0837,  34.6227, 06 Jan 2016 14:00:05
# 28.7676,  5.64752, 0.0890, 0.0776,  34.6078, 06 Jan 2016 15:00:05
# 28.6071,  5.63264, 0.1025, 0.0823,  34.6218, 06 Jan 2016 16:00:05
# 28.6520,  5.63654, 0.0961, 0.0734,  34.6161, 06 Jan 2016 17:00:05
# 28.7345,  5.64301, 0.0947, 0.0777,  34.6008, 06 Jan 2016 18:00:05
# 28.6610,  5.63662, 0.0964, 0.0737,  34.6101, 06 Jan 2016 19:00:05
# 28.7591,  5.64744, 0.0964, 0.0729,  34.6135, 06 Jan 2016 20:00:05
# 28.6635,  5.64225, 0.1035, 0.0777,  34.6472, 06 Jan 2016 21:00:05
# 28.7552,  5.65065, 0.0951, 0.0812,  34.6385, 06 Jan 2016 22:00:05
# 28.7331,  5.64885, 0.0926, 0.0719,  34.6422, 06 Jan 2016 23:00:05
# 28.7631,  5.65258, 0.0900, 0.0752,  34.6461, 07 Jan 2016 00:00:05
# 28.7684,  5.65443, 0.0909, 0.0713,  34.6550, 07 Jan 2016 01:00:05
# 28.7649,  5.65443, 0.0902, 0.0787,  34.6576, 07 Jan 2016 02:00:05
# 28.7759,  5.65529, 0.0926, 0.0851,  34.6555, 07 Jan 2016 03:00:05
# 28.7336,  5.65073, 0.0889, 0.0738,  34.6548, 07 Jan 2016 04:00:05
# 28.7496,  5.65224, 0.0883, 0.0702,  34.6535, 07 Jan 2016 05:00:05
# 28.7842,  5.65674, 0.0916, 0.0736,  34.6594, 07 Jan 2016 06:00:05
# 28.7890,  5.65748, 0.0890, 0.0752,  34.6610, 07 Jan 2016 07:00:05
# 28.7755,  5.65582, 0.0866, 0.0948,  34.6594, 07 Jan 2016 08:00:05
# 28.7137,  5.64946, 0.0915, 0.0840,  34.6605, 07 Jan 2016 09:00:05
# 28.6920,  5.64780, 0.0877, 0.0802,  34.6649, 07 Jan 2016 10:00:05
