# 30.2795,  5.69660, 0.0836, 0.0543,  33.8657, 09 Nov 2016 11:20:27
# 30.2920,  5.69062, 0.0861, 0.0565,  33.8171, 09 Nov 2016 12:20:27
# 30.2967,  5.69656, 0.0855, 0.0529,  33.8535, 09 Nov 2016 14:20:27
# 30.2894,  5.70295, 0.0827, 0.0553,  33.9014, 09 Nov 2016 15:20:27
# 30.2742,  5.71392, 0.0853, 0.0557,  33.9854, 09 Nov 2016 16:20:27
# 30.3030,  5.70360, 0.0842, 0.0500,  33.8962, 09 Nov 2016 17:20:27
# 30.3120,  5.70287, 0.0811, 0.0540,  33.8851, 09 Nov 2016 18:20:27
# 30.3078,  5.70200, 0.0822, 0.0547,  33.8821, 09 Nov 2016 19:20:27
# 30.2978,  5.69899, 0.0826, 0.0517,  33.8690, 09 Nov 2016 20:20:27
# 30.2976,  5.70095, 0.0854, 0.0483,  33.8823, 09 Nov 2016 21:20:27
# 30.2752,  5.70235, 0.0829, 0.0823,  33.9072, 09 Nov 2016 22:20:27
# 30.2903,  5.69974, 0.0819, 0.0521,  33.8792, 09 Nov 2016 23:20:27
# 30.2962,  5.70326, 0.0823, 0.0516,  33.8987, 10 Nov 2016 00:20:27
# 30.3008,  5.70747, 0.0805, 0.0488,  33.9237, 10 Nov 2016 01:20:27
# 30.3122,  5.71150, 0.0810, 0.0544,  33.9427, 10 Nov 2016 02:20:27
# 30.3174,  5.71457, 0.0822, 0.0533,  33.9596, 10 Nov 2016 03:20:27
# 30.3076,  5.70854, 0.0798, 0.0540,  33.9261, 10 Nov 2016 04:20:27
# 30.3062,  5.70781, 0.0826, 0.0532,  33.9221, 10 Nov 2016 05:20:27
# 30.2607,  5.69795, 0.0804, 0.0545,  33.8878, 10 Nov 2016 06:20:27
# 30.1501,  5.67514, 0.0838, 0.0545,  33.8120, 10 Nov 2016 07:20:27
# 30.1505,  5.67551, 0.0806, 0.0591,  33.8143, 10 Nov 2016 08:20:27
# 30.1777,  5.67878, 0.0809, 0.0519,  33.8173, 10 Nov 2016 09:20:27
# 30.2007,  5.68288, 0.0826, 0.0532,  33.8287, 10 Nov 2016 10:20:27
