# 29.9624,  5.70869, 0.0912, 0.0594,  34.1693, 11 Aug 2016 11:00:05
# 29.9663,  5.70849, 0.0859, 0.0628,  34.1651, 11 Aug 2016 12:00:05
# 29.9613,  5.70577, 0.0826, 0.0616,  34.1504, 11 Aug 2016 13:00:05
# 29.9671,  5.70453, 0.0913, 0.0651,  34.1379, 11 Aug 2016 14:00:05
# 29.9096,  5.70083, 0.0932, 0.0681,  34.1535, 11 Aug 2016 15:00:05
# 29.9451,  5.70126, 0.0926, 0.0617,  34.1314, 11 Aug 2016 16:00:05
# 29.9586,  5.70391, 0.0887, 0.0626,  34.1398, 11 Aug 2016 17:00:05
# 29.9751,  5.70746, 0.0850, 0.0642,  34.1521, 11 Aug 2016 18:00:05
# 29.9799,  5.70751, 0.0851, 0.0636,  34.1490, 11 Aug 2016 19:00:05
# 29.9821,  5.70713, 0.0874, 0.0642,  34.1448, 11 Aug 2016 20:00:05
# 29.9786,  5.70641, 0.0879, 0.0689,  34.1425, 11 Aug 2016 21:00:05
# 29.4248,  5.69065, 0.0951, 0.0626,  34.4293, 11 Aug 2016 22:00:05
# 29.9653,  5.70580, 0.0875, 0.0639,  34.1477, 11 Aug 2016 23:00:05
# 29.9741,  5.70631, 0.0851, 0.0665,  34.1450, 12 Aug 2016 00:00:05
# 29.9786,  5.70623, 0.0878, 0.0662,  34.1413, 12 Aug 2016 01:00:05
# 29.9621,  5.70379, 0.0853, 0.0640,  34.1365, 12 Aug 2016 02:00:05
# 29.9451,  5.70280, 0.0864, 0.0674,  34.1418, 12 Aug 2016 03:00:05
# 29.9440,  5.70027, 0.0861, 0.0638,  34.1255, 12 Aug 2016 04:00:05
# 29.8751,  5.69554, 0.0899, 0.0677,  34.1422, 12 Aug 2016 05:00:05
# 29.9290,  5.69975, 0.0887, 0.0681,  34.1326, 12 Aug 2016 06:00:05
# 29.9438,  5.70044, 0.0864, 0.0641,  34.1268, 12 Aug 2016 07:00:05
# 29.9374,  5.69852, 0.0877, 0.0625,  34.1183, 12 Aug 2016 08:00:05
# 29.9350,  5.69872, 0.0864, 0.0639,  34.1214, 12 Aug 2016 09:00:05
# 29.9200,  5.69919, 0.0903, 0.0708,  34.1352, 12 Aug 2016 10:00:05
