# 29.7598,  5.66323, 0.0840, 0.0485,  34.0052, 18 Dec 2016 11:20:27
# 29.7609,  5.66511, 0.0849, 0.0499,  34.0172, 18 Dec 2016 12:20:27
# 29.7714,  5.67031, 0.0820, 0.0497,  34.0449, 18 Dec 2016 13:20:27
# 29.7881,  5.66805, 0.0839, 0.0472,  34.0179, 18 Dec 2016 14:20:27
# 29.8208,  5.66985, 0.0819, 0.0517,  34.0070, 18 Dec 2016 15:20:27
# 29.8251,  5.67061, 0.0829, 0.0515,  34.0091, 18 Dec 2016 16:20:27
# 29.8284,  5.67065, 0.0820, 0.0499,  34.0070, 18 Dec 2016 17:20:27
# 29.8300,  5.67106, 0.0816, 0.0483,  34.0087, 18 Dec 2016 18:20:27
# 29.8344,  5.67025, 0.0783, 0.0496,  34.0001, 18 Dec 2016 19:20:27
# 29.8231,  5.66816, 0.0799, 0.0497,  33.9939, 18 Dec 2016 20:20:27
# 29.8128,  5.66528, 0.0819, 0.0507,  33.9817, 18 Dec 2016 21:20:27
# 29.8140,  5.66558, 0.0806, 0.0509,  33.9830, 18 Dec 2016 22:20:27
# 29.8158,  5.66558, 0.0796, 0.0485,  33.9817, 18 Dec 2016 23:20:27
# 29.8111,  5.66518, 0.0817, 0.0497,  33.9822, 19 Dec 2016 00:20:27
# 29.8094,  5.66546, 0.0795, 0.0499,  33.9854, 19 Dec 2016 01:20:27
# 29.8015,  5.66362, 0.0822, 0.0519,  33.9785, 19 Dec 2016 02:20:27
# 29.8051,  5.66392, 0.0785, 0.0512,  33.9779, 19 Dec 2016 03:20:27
# 29.8067,  5.66310, 0.0759, 0.0496,  33.9713, 19 Dec 2016 04:20:27
# 29.8011,  5.66162, 0.0785, 0.0489,  33.9653, 19 Dec 2016 05:20:27
# 29.8214,  5.66175, 0.0784, 0.0506,  33.9518, 19 Dec 2016 06:20:27
# 29.8103,  5.65951, 0.0798, 0.0497,  33.9445, 19 Dec 2016 07:20:27
# 29.8069,  5.65895, 0.0794, 0.0513,  33.9431, 19 Dec 2016 08:20:27
# 29.8123,  5.65996, 0.0809, 0.0504,  33.9462, 19 Dec 2016 09:20:27
# 29.8163,  5.66026, 0.0822, 0.0462,  33.9455, 19 Dec 2016 10:20:27
