# 29.1280,  5.63339, 0.0832, 0.0512,  34.2508, 16 Apr 2016 11:00:05
# 29.1166,  5.63353, 0.0800, 0.0532,  34.2599, 16 Apr 2016 12:00:05
# 29.1302,  5.63503, 0.0797, 0.0512,  34.2604, 16 Apr 2016 13:00:05
# 29.1310,  5.63451, 0.0829, 0.0517,  34.2563, 16 Apr 2016 14:00:05
# 29.1060,  5.63287, 0.0831, 0.0495,  34.2629, 16 Apr 2016 15:00:05
# 29.1437,  5.63541, 0.0807, 0.0526,  34.2534, 16 Apr 2016 16:00:05
# 29.1252,  5.63364, 0.0820, 0.0486,  34.2545, 16 Apr 2016 17:00:05
# 29.1198,  5.63195, 0.0819, 0.0506,  34.2468, 16 Apr 2016 18:00:05
# 29.1087,  5.63054, 0.0783, 0.0568,  34.2450, 16 Apr 2016 19:00:05
# 29.1078,  5.63052, 0.0821, 0.0497,  34.2456, 16 Apr 2016 20:00:05
# 29.1075,  5.63058, 0.0817, 0.0513,  34.2462, 16 Apr 2016 21:00:05
# 29.1042,  5.63094, 0.0841, 0.0546,  34.2510, 16 Apr 2016 22:00:05
# 29.1052,  5.63162, 0.0830, 0.0529,  34.2550, 16 Apr 2016 23:00:05
# 29.0530,  5.62880, 0.0831, 0.0517,  34.2730, 17 Apr 2016 00:00:05
# 29.0483,  5.62844, 0.0824, 0.0513,  34.2740, 17 Apr 2016 01:00:05
# 29.0445,  5.62852, 0.0820, 0.0500,  34.2772, 17 Apr 2016 02:00:05
# 29.0334,  5.62810, 0.0821, 0.0510,  34.2823, 17 Apr 2016 03:00:05
# 29.0747,  5.63000, 0.0794, 0.0517,  34.2657, 17 Apr 2016 04:00:05
# 29.0315,  5.62715, 0.0809, 0.0521,  34.2771, 17 Apr 2016 05:00:05
# 29.0962,  5.63078, 0.0814, 0.0628,  34.2556, 17 Apr 2016 06:00:05
# 28.8095,  5.62127, 0.0890, 0.0513,  34.3965, 17 Apr 2016 07:00:05
# 29.0867,  5.62941, 0.0800, 0.0533,  34.2530, 17 Apr 2016 08:00:05
# 29.0974,  5.63054, 0.0809, 0.0496,  34.2531, 17 Apr 2016 09:00:05
# 29.1051,  5.63155, 0.0819, 0.0555,  34.2545, 17 Apr 2016 10:00:05
