# 28.9473,  5.63163, 0.0842, 0.0566,  34.3684, 24 Mar 2016 11:00:05
# 28.9547,  5.63226, 0.0819, 0.0540,  34.3674, 24 Mar 2016 12:00:05
# 28.9461,  5.63400, 0.0905, 0.0546,  34.3856, 24 Mar 2016 13:00:05
# 29.0390,  5.63618, 0.0832, 0.0505,  34.3337, 24 Mar 2016 14:00:05
# 28.7724,  5.63326, 0.0842, 0.0520,  34.5059, 24 Mar 2016 15:00:05
# 28.7277,  5.63475, 0.0863, 0.0516,  34.5487, 24 Mar 2016 16:00:05
# 28.6315,  5.63365, 0.0879, 0.0517,  34.6110, 24 Mar 2016 17:00:05
# 28.5880,  5.63340, 0.0842, 0.0530,  34.6411, 24 Mar 2016 18:00:05
# 29.0627,  5.63989, 0.0830, 0.0530,  34.3421, 24 Mar 2016 19:00:05
# 28.7989,  5.63812, 0.0797, 0.0507,  34.5203, 24 Mar 2016 20:00:05
# 29.0027,  5.63412, 0.0773, 0.0497,  34.3456, 24 Mar 2016 21:00:05
# 28.8307,  5.63638, 0.0824, 0.0488,  34.4853, 24 Mar 2016 22:00:05
# 29.0690,  5.64210, 0.0829, 0.0580,  34.3527, 24 Mar 2016 23:00:05
# 29.0884,  5.64060, 0.0817, 0.0508,  34.3286, 25 Mar 2016 00:00:05
# 29.1303,  5.64402, 0.0829, 0.0512,  34.3219, 25 Mar 2016 01:00:05
# 29.1473,  5.64617, 0.0842, 0.0520,  34.3244, 25 Mar 2016 02:00:05
# 29.1597,  5.64652, 0.0826, 0.0529,  34.3179, 25 Mar 2016 03:00:05
# 29.2279,  5.64818, 0.0797, 0.0517,  34.2804, 25 Mar 2016 04:00:05
# 29.2407,  5.64958, 0.0798, 0.0532,  34.2809, 25 Mar 2016 05:00:05
# 29.1594,  5.64228, 0.0749, 0.0508,  34.2891, 25 Mar 2016 06:00:05
# 29.1928,  5.64292, 0.0762, 0.0516,  34.2696, 25 Mar 2016 07:00:05
# 28.7344,  5.63379, 0.0829, 0.0500,  34.5371, 25 Mar 2016 08:00:05
# 28.7074,  5.63695, 0.0798, 0.0498,  34.5786, 25 Mar 2016 09:00:05
# 29.1541,  5.64575, 0.0797, 0.0535,  34.3167, 25 Mar 2016 10:00:05
