# 28.6222,  5.63656, 0.0860, 0.0735,  34.6380, 11 Jan 2016 11:00:05
# 28.6329,  5.63900, 0.0866, 0.0737,  34.6470, 11 Jan 2016 12:00:05
# 28.6341,  5.63913, 0.0893, 0.0778,  34.6471, 11 Jan 2016 13:00:05
# 28.6651,  5.64386, 0.0879, 0.0727,  34.6571, 11 Jan 2016 14:00:05
# 28.6402,  5.64090, 0.1023, 0.0777,  34.6549, 11 Jan 2016 15:00:05
# 28.6676,  5.64348, 0.0874, 0.0767,  34.6528, 11 Jan 2016 16:00:05
# 28.6724,  5.64305, 0.0878, 0.0777,  34.6463, 11 Jan 2016 17:00:05
# 28.6802,  5.64370, 0.0862, 0.0751,  34.6451, 11 Jan 2016 18:00:05
# 28.6674,  5.64202, 0.0863, 0.0755,  34.6428, 11 Jan 2016 19:00:05
# 28.6756,  5.64240, 0.0851, 0.0701,  34.6395, 11 Jan 2016 20:00:05
# 28.6346,  5.63458, 0.0853, 0.0684,  34.6152, 11 Jan 2016 21:00:05
# 28.6026,  5.63105, 0.0870, 0.0744,  34.6141, 11 Jan 2016 22:00:05
# 28.6234,  5.63440, 0.0874, 0.0761,  34.6222, 11 Jan 2016 23:00:05
# 28.5008,  5.62519, 0.0878, 0.0703,  34.6477, 12 Jan 2016 00:00:05
# 28.6165,  5.63578, 0.0879, 0.0675,  34.6367, 12 Jan 2016 01:00:05
# 28.6377,  5.63794, 0.0840, 0.0713,  34.6362, 12 Jan 2016 02:00:05
# 28.6082,  5.63468, 0.0835, 0.0729,  34.6352, 12 Jan 2016 03:00:05
# 28.4370,  5.61678, 0.0890, 0.0787,  34.6360, 12 Jan 2016 04:00:05
# 28.5462,  5.62800, 0.0864, 0.0744,  34.6341, 12 Jan 2016 05:00:05
# 28.3940,  5.61202, 0.0894, 0.0752,  34.6343, 12 Jan 2016 06:00:05
# 28.4703,  5.62056, 0.0866, 0.0736,  34.6378, 12 Jan 2016 07:00:05
# 28.4278,  5.61334, 0.0916, 0.0740,  34.6188, 12 Jan 2016 08:00:05
# 28.5049,  5.62255, 0.0866, 0.0705,  34.6265, 12 Jan 2016 09:00:05
# 28.5290,  5.62551, 0.0876, 0.0739,  34.6294, 12 Jan 2016 10:00:05
