# 29.2707,  5.68891, 0.0851, 0.0523,  34.5282, 08 Sep 2016 11:21:35
# 30.3562,  5.75251, 0.0862, 0.0516,  34.1864, 08 Sep 2016 12:21:35
# 29.3366,  5.69221, 0.0874, 0.0497,  34.5033, 08 Sep 2016 13:21:35
# 30.3912,  5.75379, 0.0820, 0.0499,  34.1704, 08 Sep 2016 14:21:35
# 30.3795,  5.75155, 0.0853, 0.0510,  34.1636, 08 Sep 2016 15:21:35
# 29.8398,  5.71985, 0.0941, 0.0513,  34.3314, 08 Sep 2016 16:21:35
# 30.3782,  5.74429, 0.0840, 0.0502,  34.1159, 08 Sep 2016 17:21:35
# 30.3318,  5.74208, 0.0817, 0.0510,  34.1337, 08 Sep 2016 18:21:35
# 30.1519,  5.73426, 0.0855, 0.0510,  34.2077, 08 Sep 2016 19:21:35
# 29.9631,  5.72622, 0.0883, 0.0513,  34.2870, 08 Sep 2016 20:21:35
# 29.6417,  5.70811, 0.0880, 0.0543,  34.3930, 08 Sep 2016 21:21:35
# 29.7072,  5.71280, 0.0887, 0.0533,  34.3780, 08 Sep 2016 22:21:35
# 30.2787,  5.74245, 0.0864, 0.0533,  34.1734, 08 Sep 2016 23:21:35
# 29.9218,  5.72476, 0.0901, 0.0519,  34.3064, 09 Sep 2016 00:21:35
# 30.0983,  5.73416, 0.0871, 0.0527,  34.2448, 09 Sep 2016 01:21:35
# 30.3111,  5.74313, 0.0797, 0.0529,  34.1553, 09 Sep 2016 02:21:35
# 30.1926,  5.74124, 0.0856, 0.0509,  34.2259, 09 Sep 2016 03:21:35
# 30.1957,  5.74138, 0.0839, 0.0497,  34.2247, 09 Sep 2016 04:21:35
# 29.8144,  5.71701, 0.0829, 0.0485,  34.3302, 09 Sep 2016 05:21:35
# 30.1719,  5.73911, 0.0819, 0.0486,  34.2262, 09 Sep 2016 06:21:35
# 30.1520,  5.73653, 0.0807, 0.0529,  34.2229, 09 Sep 2016 07:21:35
# 30.2190,  5.73758, 0.0840, 0.0465,  34.1828, 09 Sep 2016 08:21:35
# 30.2521,  5.74406, 0.0809, 0.0486,  34.2029, 09 Sep 2016 09:21:35
# 30.2872,  5.73851, 0.0842, 0.0485,  34.1410, 09 Sep 2016 10:21:35
