# 30.2508,  5.71776, 0.0830, 0.0533,  34.0275, 02 Nov 2016 11:20:27
# 30.3787,  5.71800, 0.0806, 0.0517,  33.9398, 02 Nov 2016 12:20:27
# 30.3513,  5.71800, 0.0831, 0.0520,  33.9589, 02 Nov 2016 13:20:27
# 30.3067,  5.71866, 0.0852, 0.0536,  33.9945, 02 Nov 2016 14:20:27
# 30.1700,  5.72030, 0.0825, 0.0527,  34.1012, 02 Nov 2016 15:20:27
# 30.1819,  5.72090, 0.0829, 0.0500,  34.0969, 02 Nov 2016 16:20:27
# 30.1704,  5.72105, 0.0830, 0.0496,  34.1059, 02 Nov 2016 17:20:27
# 30.2901,  5.71755, 0.0852, 0.0531,  33.9987, 02 Nov 2016 18:20:27
# 30.3018,  5.71668, 0.0805, 0.0506,  33.9846, 02 Nov 2016 19:20:27
# 30.3602,  5.71890, 0.0806, 0.0520,  33.9587, 02 Nov 2016 20:20:27
# 30.3611,  5.71884, 0.0808, 0.0507,  33.9576, 02 Nov 2016 21:20:27
# 30.3746,  5.71870, 0.0818, 0.0529,  33.9473, 02 Nov 2016 22:20:27
# 30.3860,  5.71898, 0.0795, 0.0511,  33.9412, 02 Nov 2016 23:20:27
# 30.3729,  5.71886, 0.0793, 0.0541,  33.9496, 03 Nov 2016 00:20:27
# 30.3841,  5.72126, 0.0796, 0.0809,  33.9578, 03 Nov 2016 01:20:27
# 30.4064,  5.72389, 0.0777, 0.0600,  33.9598, 03 Nov 2016 02:20:27
# 30.3861,  5.72278, 0.0781, 0.0589,  33.9666, 03 Nov 2016 03:20:27
# 30.4223,  5.72480, 0.0796, 0.0533,  33.9549, 03 Nov 2016 04:20:27
# 30.4166,  5.72244, 0.0780, 0.0590,  33.9431, 03 Nov 2016 05:20:27
# 30.3912,  5.71418, 0.0804, 0.0533,  33.9055, 03 Nov 2016 06:20:27
# 30.4245,  5.72164, 0.0792, 0.0533,  33.9322, 03 Nov 2016 07:20:27
# 30.4296,  5.71460, 0.0809, 0.0527,  33.8816, 03 Nov 2016 08:20:27
# 30.3643,  5.71476, 0.0828, 0.0531,  33.9281, 03 Nov 2016 09:20:27
# 30.3595,  5.71584, 0.0838, 0.0667,  33.9387, 03 Nov 2016 10:20:27
