# 29.1730,  5.63459, 0.0895, 0.0568,  34.2268, 28 Apr 2016 11:00:05
# 29.1305,  5.63384, 0.0899, 0.0528,  34.2521, 28 Apr 2016 12:00:05
# 29.1095,  5.63237, 0.0939, 0.0592,  34.2570, 28 Apr 2016 13:00:05
# 29.1414,  5.63451, 0.0878, 0.0510,  34.2488, 28 Apr 2016 14:00:05
# 29.1599,  5.63628, 0.0921, 0.0555,  34.2478, 28 Apr 2016 15:00:05
# 29.0797,  5.63560, 0.0938, 0.0544,  34.3005, 28 Apr 2016 16:00:05
# 29.1259,  5.63394, 0.0925, 0.0520,  34.2561, 28 Apr 2016 17:00:05
# 29.1267,  5.63438, 0.0889, 0.0528,  34.2584, 28 Apr 2016 18:00:05
# 29.0827,  5.63800, 0.0926, 0.0568,  34.3148, 28 Apr 2016 19:00:05
# 29.1128,  5.63779, 0.0886, 0.0520,  34.2918, 28 Apr 2016 20:00:05
# 29.0717,  5.63541, 0.0935, 0.0510,  34.3050, 28 Apr 2016 21:00:05
# 29.1650,  5.63713, 0.0952, 0.0628,  34.2498, 28 Apr 2016 22:00:05
# 29.1149,  5.63529, 0.0948, 0.0533,  34.2732, 28 Apr 2016 23:00:05
# 29.1097,  5.63476, 0.0867, 0.0507,  34.2733, 29 Apr 2016 00:00:05
# 29.1234,  5.63630, 0.0855, 0.0519,  34.2739, 29 Apr 2016 01:00:05
# 29.1318,  5.63771, 0.0764, 0.2779,  34.2776, 29 Apr 2016 02:00:05
# 29.1211,  5.63804, 0.0879, 0.0542,  34.2875, 29 Apr 2016 03:00:05
# 29.1148,  5.63840, 0.0893, 0.0565,  34.2945, 29 Apr 2016 04:00:05
# 29.1299,  5.63510, 0.0864, 0.0552,  34.2612, 29 Apr 2016 05:00:05
# 29.1393,  5.63553, 0.0875, 0.0543,  34.2574, 29 Apr 2016 06:00:05
# 29.1376,  5.63422, 0.0886, 0.0517,  34.2496, 29 Apr 2016 07:00:05
# 29.1531,  5.63796, 0.0850, 0.0542,  34.2641, 29 Apr 2016 08:00:05
# 29.1571,  5.63850, 0.0891, 0.0554,  34.2649, 29 Apr 2016 09:00:05
# 29.1536,  5.63957, 0.0861, 0.0566,  34.2747, 29 Apr 2016 10:00:05
