# 29.2749,  5.65964, 0.0864, 0.0532,  34.3251, 21 May 2016 11:00:05
# 29.2732,  5.65936, 0.0903, 0.0523,  34.3245, 21 May 2016 12:00:05
# 29.0555,  5.66014, 0.1022, 0.0517,  34.4862, 21 May 2016 13:00:05
# 29.1550,  5.66265, 0.0917, 0.0522,  34.4318, 21 May 2016 14:00:05
# 29.2618,  5.66429, 0.0964, 0.0545,  34.3662, 21 May 2016 15:00:05
# 29.2643,  5.66486, 0.0949, 0.0530,  34.3684, 21 May 2016 16:00:05
# 29.2968,  5.66622, 0.0945, 0.0581,  34.3544, 21 May 2016 17:00:05
# 29.1794,  5.66489, 0.0961, 0.0520,  34.4295, 21 May 2016 18:00:05
# 29.2326,  5.66397, 0.0941, 0.0533,  34.3850, 21 May 2016 19:00:05
# 29.2792,  5.66390, 0.0924, 0.0529,  34.3512, 21 May 2016 20:00:05
# 29.2656,  5.66159, 0.0867, 0.0558,  34.3451, 21 May 2016 21:00:05
# 29.2610,  5.66386, 0.0873, 0.0542,  34.3639, 21 May 2016 22:00:05
# 29.3083,  5.66389, 0.0890, 0.0545,  34.3302, 21 May 2016 23:00:05
# 29.3337,  5.66488, 0.0880, 0.0551,  34.3188, 22 May 2016 00:00:05
# 29.2894,  5.66320, 0.0892, 0.0536,  34.3390, 22 May 2016 01:00:05
# 29.2759,  5.66206, 0.0889, 0.0513,  34.3409, 22 May 2016 02:00:05
# 29.2800,  5.66220, 0.0864, 0.0522,  34.3390, 22 May 2016 03:00:05
# 29.2907,  5.66299, 0.0890, 0.0555,  34.3367, 22 May 2016 04:00:05
# 29.2784,  5.66295, 0.0866, 0.0546,  34.3453, 22 May 2016 05:00:05
# 29.2778,  5.66296, 0.0892, 0.0520,  34.3457, 22 May 2016 06:00:05
# 29.2803,  5.66074, 0.0902, 0.1415,  34.3288, 22 May 2016 07:00:05
# 29.3139,  5.65779, 0.0896, 0.0583,  34.2846, 22 May 2016 08:00:05
# 29.2926,  5.65984, 0.0915, 0.0568,  34.3138, 22 May 2016 09:00:05
# 29.2873,  5.66166, 0.0884, 0.0565,  34.3300, 22 May 2016 10:00:05
