# 28.4327,  5.63676, 0.0809, 0.0763,  34.7780, 07 Mar 2016 11:00:05
# 28.4636,  5.63900, 0.0819, 0.0727,  34.7709, 07 Mar 2016 12:00:05
# 28.4463,  5.63780, 0.0827, 0.0751,  34.7752, 07 Mar 2016 13:00:05
# 28.4336,  5.63757, 0.0852, 0.1167,  34.7829, 07 Mar 2016 14:00:05
# 28.4435,  5.63821, 0.0863, 0.0774,  34.7801, 07 Mar 2016 15:00:05
# 28.4471,  5.63871, 0.0831, 0.0768,  34.7810, 07 Mar 2016 16:00:05
# 28.4319,  5.63844, 0.0880, 0.0737,  34.7902, 07 Mar 2016 17:00:05
# 28.4182,  5.63844, 0.0875, 0.0789,  34.8003, 07 Mar 2016 18:00:05
# 28.4185,  5.63875, 0.0890, 0.0789,  34.8023, 07 Mar 2016 19:00:05
# 28.3966,  5.63667, 0.0900, 0.0786,  34.8038, 07 Mar 2016 20:00:05
# 28.3992,  5.63690, 0.0891, 0.0772,  34.8035, 07 Mar 2016 21:00:05
# 28.3719,  5.63627, 0.0949, 0.0895,  34.8192, 07 Mar 2016 22:00:05
# 28.3877,  5.63655, 0.0880, 0.0754,  34.8095, 07 Mar 2016 23:00:05
# 28.3815,  5.63511, 0.0877, 0.0713,  34.8041, 08 Mar 2016 00:00:05
# 28.3681,  5.63218, 0.0850, 0.0740,  34.7935, 08 Mar 2016 01:00:05
# 28.3959,  5.63626, 0.0862, 0.0741,  34.8015, 08 Mar 2016 02:00:05
# 28.4142,  5.63580, 0.0842, 0.0727,  34.7848, 08 Mar 2016 03:00:05
# 28.4160,  5.63475, 0.0851, 0.0713,  34.7762, 08 Mar 2016 04:00:05
# 28.4055,  5.63362, 0.0830, 0.0727,  34.7761, 08 Mar 2016 05:00:05
# 28.3797,  5.63374, 0.0856, 0.0724,  34.7959, 08 Mar 2016 06:00:05
# 28.3827,  5.63266, 0.0861, 0.0724,  34.7862, 08 Mar 2016 07:00:05
# 28.3894,  5.63175, 0.0864, 0.0703,  34.7749, 08 Mar 2016 08:00:05
# 28.3802,  5.63222, 0.0840, 0.0703,  34.7849, 08 Mar 2016 09:00:05
# 28.3948,  5.63338, 0.0866, 0.0713,  34.7823, 08 Mar 2016 10:00:05
