# 29.2780,  5.66302, 0.0890, 0.0555,  34.3459, 22 May 2016 11:00:05
# 29.2786,  5.66456, 0.0901, 0.0530,  34.3561, 22 May 2016 12:00:05
# 29.3151,  5.66397, 0.0935, 0.0659,  34.3259, 22 May 2016 13:00:05
# 29.3109,  5.66547, 0.0904, 0.0556,  34.3392, 22 May 2016 14:00:05
# 29.3129,  5.66541, 0.0916, 0.0540,  34.3373, 22 May 2016 15:00:05
# 29.2457,  5.66250, 0.0960, 0.0565,  34.3656, 22 May 2016 16:00:05
# 29.2772,  5.66151, 0.0961, 0.0530,  34.3363, 22 May 2016 17:00:05
# 29.1413,  5.65905, 0.0979, 0.0740,  34.4169, 22 May 2016 18:00:05
# 29.0609,  5.65834, 0.1007, 0.0553,  34.4700, 22 May 2016 19:00:05
# 29.1905,  5.66207, 0.0986, 0.0542,  34.4023, 22 May 2016 20:00:05
# 29.2365,  5.66381, 0.0941, 0.0556,  34.3811, 22 May 2016 21:00:05
# 29.2007,  5.66039, 0.0939, 0.0568,  34.3834, 22 May 2016 22:00:05
# 29.2041,  5.65972, 0.0927, 0.0541,  34.3764, 22 May 2016 23:00:05
# 29.1674,  5.66034, 0.0927, 0.0554,  34.4070, 23 May 2016 00:00:05
# 29.2468,  5.66180, 0.0843, 0.0523,  34.3600, 23 May 2016 01:00:05
# 29.2830,  5.66116, 0.0928, 0.0532,  34.3298, 23 May 2016 02:00:05
# 29.2868,  5.66224, 0.0891, 0.0528,  34.3343, 23 May 2016 03:00:05
# 29.2782,  5.66381, 0.0901, 0.0529,  34.3512, 23 May 2016 04:00:05
# 29.2785,  5.66360, 0.0883, 0.0510,  34.3496, 23 May 2016 05:00:05
# 29.2091,  5.66214, 0.0890, 0.0520,  34.3894, 23 May 2016 06:00:05
# 29.1999,  5.66176, 0.0918, 0.0591,  34.3934, 23 May 2016 07:00:05
# 29.2968,  5.66328, 0.0902, 0.1084,  34.3343, 23 May 2016 08:00:05
# 29.3169,  5.66321, 0.0888, 0.0567,  34.3195, 23 May 2016 09:00:05
