# 30.3053,  5.74574, 0.0848, 0.0553,  34.1768, 16 Sep 2016 11:21:35
# 30.3233,  5.74647, 0.0855, 0.0517,  34.1690, 16 Sep 2016 12:21:35
# 30.3256,  5.74919, 0.0875, 0.0497,  34.1857, 16 Sep 2016 13:21:35
# 30.3176,  5.74901, 0.0883, 0.0553,  34.1900, 16 Sep 2016 14:21:35
# 30.2948,  5.74868, 0.0926, 0.0507,  34.2039, 16 Sep 2016 15:21:35
# 30.3003,  5.74946, 0.0909, 0.0546,  34.2052, 16 Sep 2016 16:21:35
# 30.2646,  5.74818, 0.0896, 0.0496,  34.2217, 16 Sep 2016 17:21:35
# 30.2989,  5.74965, 0.0853, 0.0517,  34.2075, 16 Sep 2016 18:21:35
# 30.2825,  5.74915, 0.0853, 0.0552,  34.2157, 16 Sep 2016 19:21:35
# 30.2821,  5.74917, 0.0842, 0.0533,  34.2161, 16 Sep 2016 20:21:35
# 30.2042,  5.74555, 0.0851, 0.0497,  34.2467, 16 Sep 2016 21:21:35
# 30.2466,  5.74800, 0.0863, 0.0507,  34.2332, 16 Sep 2016 22:21:35
# 30.1130,  5.73934, 0.0851, 0.0517,  34.2693, 16 Sep 2016 23:21:35
# 30.2564,  5.74550, 0.0852, 0.0545,  34.2096, 17 Sep 2016 00:21:35
# 30.2088,  5.74448, 0.0830, 0.0499,  34.2362, 17 Sep 2016 01:21:35
# 30.2123,  5.74486, 0.0822, 0.0510,  34.2363, 17 Sep 2016 02:21:35
# 30.2265,  5.74313, 0.0830, 0.0520,  34.2148, 17 Sep 2016 03:21:35
# 30.1230,  5.73891, 0.0829, 0.0511,  34.2593, 17 Sep 2016 04:21:35
# 30.1188,  5.74002, 0.0840, 0.0520,  34.2698, 17 Sep 2016 05:21:35
# 30.1003,  5.73843, 0.0841, 0.0514,  34.2722, 17 Sep 2016 06:21:35
# 30.1679,  5.74265, 0.0821, 0.0504,  34.2528, 17 Sep 2016 07:21:35
# 30.1679,  5.74377, 0.0819, 0.0491,  34.2603, 17 Sep 2016 08:21:35
# 30.1474,  5.74186, 0.0923, 0.0500,  34.2620, 17 Sep 2016 09:21:35
# 30.1575,  5.73967, 0.0840, 0.0607,  34.2401, 17 Sep 2016 10:21:35
