# 28.5656,  5.61927, 0.0941, 0.0753,  34.5595, 24 Sep 2016 11:21:35
# 29.1389,  5.66026, 0.0888, 0.0539,  34.4269, 24 Sep 2016 12:21:35
# 29.0571,  5.65968, 0.0903, 0.0533,  34.4819, 24 Sep 2016 13:21:35
# 29.3982,  5.68472, 0.0901, 0.0497,  34.4080, 24 Sep 2016 14:21:35
# 30.1078,  5.73318, 0.0928, 0.0555,  34.2315, 24 Sep 2016 15:21:35
# 29.6405,  5.70113, 0.0900, 0.0512,  34.3465, 24 Sep 2016 16:21:35
# 29.6959,  5.70732, 0.0910, 0.0518,  34.3489, 24 Sep 2016 17:21:35
# 29.9325,  5.72181, 0.0876, 0.0539,  34.2789, 24 Sep 2016 18:21:35
# 30.1570,  5.73378, 0.0924, 0.0517,  34.2009, 24 Sep 2016 19:21:35
# 30.1472,  5.73358, 0.0924, 0.0512,  34.2065, 24 Sep 2016 20:21:35
# 30.0650,  5.72934, 0.0926, 0.0512,  34.2360, 24 Sep 2016 21:21:35
# 30.0268,  5.72708, 0.0876, 0.0510,  34.2477, 24 Sep 2016 22:21:35
# 30.0723,  5.72846, 0.0863, 0.0552,  34.2248, 24 Sep 2016 23:21:35
# 29.6639,  5.70232, 0.0880, 0.0501,  34.3379, 25 Sep 2016 00:21:35
# 29.7898,  5.70919, 0.0889, 0.0517,  34.2948, 25 Sep 2016 01:21:35
# 29.8447,  5.71087, 0.0880, 0.0531,  34.2673, 25 Sep 2016 02:21:35
# 29.7719,  5.71173, 0.0866, 0.0540,  34.3248, 25 Sep 2016 03:21:35
# 30.1519,  5.72710, 0.0840, 0.0525,  34.1596, 25 Sep 2016 04:21:35
# 29.8262,  5.71604, 0.0861, 0.0483,  34.3154, 25 Sep 2016 05:21:35
# 30.1291,  5.72407, 0.1048, 0.0944,  34.1553, 25 Sep 2016 06:21:35
# 30.1591,  5.72569, 0.0843, 0.0517,  34.1451, 25 Sep 2016 07:21:35
# 30.1088,  5.72126, 0.0828, 0.0523,  34.1507, 25 Sep 2016 08:21:35
# 30.0924,  5.71997, 0.0838, 0.0496,  34.1535, 25 Sep 2016 09:21:35
# 29.9789,  5.71520, 0.0855, 0.0532,  34.2015, 25 Sep 2016 10:21:35
