# 28.7716,  5.58585, 0.0797, 0.0543,  34.1797, 15 Mar 2016 11:00:05
# 28.7716,  5.58541, 0.0863, 0.0499,  34.1767, 15 Mar 2016 12:00:05
# 28.7585,  5.58606, 0.0842, 0.0592,  34.1906, 15 Mar 2016 13:00:05
# 28.6845,  5.59271, 0.0877, 0.0523,  34.2897, 15 Mar 2016 14:00:05
# 28.6541,  5.59274, 0.0915, 0.0498,  34.3118, 15 Mar 2016 15:00:05
# 28.5945,  5.59564, 0.0928, 0.0509,  34.3749, 15 Mar 2016 16:00:05
# 28.6741,  5.59375, 0.0891, 0.0530,  34.3044, 15 Mar 2016 17:00:05
# 28.7849,  5.59015, 0.0851, 0.0514,  34.1998, 15 Mar 2016 18:00:05
# 28.7939,  5.58992, 0.0795, 0.0520,  34.1918, 15 Mar 2016 19:00:05
# 28.7238,  5.59385, 0.0854, 0.0540,  34.2693, 15 Mar 2016 20:00:05
# 28.8316,  5.59757, 0.0861, 0.0529,  34.2173, 15 Mar 2016 21:00:05
# 28.7932,  5.59078, 0.0842, 0.0510,  34.1981, 15 Mar 2016 22:00:05
# 28.7865,  5.58968, 0.0816, 0.0510,  34.1954, 15 Mar 2016 23:00:05
# 28.7794,  5.59088, 0.0831, 0.0518,  34.2088, 16 Mar 2016 00:00:05
# 28.7474,  5.59644, 0.0842, 0.0509,  34.2701, 16 Mar 2016 01:00:05
# 28.6428,  5.60574, 0.0876, 0.0545,  34.4098, 16 Mar 2016 02:00:05
# 28.6562,  5.60256, 0.0851, 0.0484,  34.3781, 16 Mar 2016 03:00:05
# 28.7801,  5.59279, 0.0813, 0.0500,  34.2214, 16 Mar 2016 04:00:05
# 28.7639,  5.59331, 0.0821, 0.0472,  34.2366, 16 Mar 2016 05:00:05
# 28.8082,  5.59163, 0.0805, 0.0510,  34.1933, 16 Mar 2016 06:00:05
# 28.7538,  5.59573, 0.0853, 0.0500,  34.2606, 16 Mar 2016 07:00:05
# 28.7774,  5.59249, 0.0831, 0.0511,  34.2213, 16 Mar 2016 08:00:05
# 28.8094,  5.59395, 0.0810, 0.0520,  34.2084, 16 Mar 2016 09:00:05
# 28.8119,  5.59419, 0.0864, 0.0497,  34.2082, 16 Mar 2016 10:00:05
