# 30.2472,  5.71546, 0.0761, 0.0899,  34.0146, 04 Oct 2016 11:20:27
# 30.2869,  5.71896, 0.0735, 0.0923,  34.0103, 04 Oct 2016 12:20:27
# 30.2600,  5.71581, 0.0755, 0.0996,  34.0080, 04 Oct 2016 13:20:27
# 30.2558,  5.71526, 0.0725, 0.0907,  34.0073, 04 Oct 2016 14:20:27
# 30.2654,  5.71705, 0.0756, 0.0920,  34.0125, 04 Oct 2016 15:20:27
# 30.2703,  5.71766, 0.0771, 0.0922,  34.0132, 04 Oct 2016 16:20:27
# 30.2487,  5.71399, 0.0751, 0.0984,  34.0038, 04 Oct 2016 17:20:27
# 30.2600,  5.71682, 0.0748, 0.0935,  34.0147, 04 Oct 2016 18:20:27
# 30.2608,  5.71678, 0.0751, 0.0901,  34.0139, 04 Oct 2016 19:20:27
# 30.2741,  5.71874, 0.0781, 0.0934,  34.0178, 04 Oct 2016 20:20:27
# 30.2538,  5.71652, 0.0782, 0.0941,  34.0171, 04 Oct 2016 21:20:27
# 30.2162,  5.71324, 0.0795, 0.0925,  34.0214, 04 Oct 2016 22:20:27
# 30.2177,  5.71503, 0.0800, 0.0971,  34.0324, 04 Oct 2016 23:20:27
# 30.2084,  5.71806, 0.0780, 0.0913,  34.0592, 05 Oct 2016 00:20:27
# 30.2548,  5.71764, 0.0761, 0.0961,  34.0240, 05 Oct 2016 01:20:27
# 30.2588,  5.71720, 0.0787, 0.0992,  34.0182, 05 Oct 2016 02:20:27
# 30.3571,  5.72551, 0.0795, 0.0996,  34.0051, 05 Oct 2016 03:20:27
# 30.3105,  5.72072, 0.0783, 0.0968,  34.0056, 05 Oct 2016 04:20:27
# 30.2858,  5.71710, 0.0747, 0.0931,  33.9986, 05 Oct 2016 05:20:27
# 30.2715,  5.71534, 0.0746, 0.0961,  33.9968, 05 Oct 2016 06:20:27
# 30.2591,  5.71440, 0.0759, 0.0986,  33.9992, 05 Oct 2016 07:20:27
# 30.2052,  5.70732, 0.0764, 0.0975,  33.9894, 05 Oct 2016 08:20:27
# 30.2377,  5.71203, 0.0759, 0.0970,  33.9983, 05 Oct 2016 09:20:27
# 30.2304,  5.71166, 0.0772, 0.0943,  34.0009, 05 Oct 2016 10:20:27
