# 29.0968,  5.62547, 0.0874, 0.0797,  34.2188, 24 Apr 2016 11:00:05
# 29.1030,  5.63001, 0.0941, 0.0742,  34.2456, 24 Apr 2016 12:00:05
# 29.0518,  5.63121, 0.0975, 0.1056,  34.2904, 24 Apr 2016 13:00:05
# 29.1285,  5.63233, 0.0946, 0.0545,  34.2431, 24 Apr 2016 14:00:05
# 29.1451,  5.63427, 0.1171, 0.0542,  34.2446, 24 Apr 2016 15:00:05
# 29.1632,  5.63525, 0.0888, 0.0511,  34.2383, 24 Apr 2016 16:00:05
# 29.1772,  5.63732, 0.0864, 0.0534,  34.2425, 24 Apr 2016 17:00:05
# 29.0876,  5.63856, 0.0915, 0.0539,  34.3151, 24 Apr 2016 18:00:05
# 29.1675,  5.63957, 0.0863, 0.0543,  34.2648, 24 Apr 2016 19:00:05
# 29.1364,  5.63971, 0.0926, 0.0543,  34.2880, 24 Apr 2016 20:00:05
# 29.1730,  5.64007, 0.0900, 0.0499,  34.2643, 24 Apr 2016 21:00:05
# 29.1468,  5.63375, 0.0926, 0.0593,  34.2398, 24 Apr 2016 22:00:05
# 29.1393,  5.63592, 0.0916, 0.0571,  34.2599, 24 Apr 2016 23:00:05
# 29.1419,  5.63255, 0.0848, 0.0527,  34.2351, 25 Apr 2016 00:00:05
# 29.1022,  5.62662, 0.0866, 0.0529,  34.2229, 25 Apr 2016 01:00:05
# 29.1209,  5.62768, 0.0861, 0.0546,  34.2168, 25 Apr 2016 02:00:05
# 29.1218,  5.62753, 0.0835, 0.0530,  34.2151, 25 Apr 2016 03:00:05
# 29.1319,  5.62947, 0.0853, 0.0499,  34.2211, 25 Apr 2016 04:00:05
# 29.1028,  5.62668, 0.0832, 0.0543,  34.2228, 25 Apr 2016 05:00:05
# 29.0767,  5.62097, 0.0880, 0.0548,  34.2024, 25 Apr 2016 06:00:05
# 29.0914,  5.62618, 0.0853, 0.0513,  34.2276, 25 Apr 2016 07:00:05
# 29.0584,  5.62608, 0.0893, 0.0581,  34.2505, 25 Apr 2016 08:00:05
# 29.0672,  5.62506, 0.0927, 0.0534,  34.2372, 25 Apr 2016 09:00:05
# 29.0898,  5.62621, 0.0903, 0.0529,  34.2289, 25 Apr 2016 10:00:05
