# 29.8178,  5.63740, 0.0784, 0.0497,  33.7900, 08 Dec 2016 11:20:27
# 29.8173,  5.63727, 0.0798, 0.0484,  33.7896, 08 Dec 2016 12:20:27
# 29.8199,  5.63774, 0.0785, 0.0530,  33.7909, 08 Dec 2016 13:20:27
# 29.8228,  5.63809, 0.0821, 0.0480,  33.7912, 08 Dec 2016 14:20:27
# 29.7456,  5.63936, 0.0797, 0.0513,  33.8538, 08 Dec 2016 15:20:27
# 29.8187,  5.63897, 0.0809, 0.0494,  33.8000, 08 Dec 2016 16:20:27
# 29.8168,  5.63794, 0.0793, 0.0512,  33.7944, 08 Dec 2016 17:20:27
# 29.8316,  5.64088, 0.0773, 0.0488,  33.8039, 08 Dec 2016 18:20:27
# 29.8252,  5.64024, 0.0809, 0.0514,  33.8041, 08 Dec 2016 19:20:27
# 29.8211,  5.64038, 0.0796, 0.0500,  33.8079, 08 Dec 2016 20:20:27
# 29.8112,  5.63923, 0.0784, 0.0520,  33.8070, 08 Dec 2016 21:20:27
# 29.8021,  5.63758, 0.0794, 0.0472,  33.8023, 08 Dec 2016 22:20:27
# 29.8017,  5.63764, 0.0819, 0.0508,  33.8029, 08 Dec 2016 23:20:27
# 29.7687,  5.63221, 0.0817, 0.0497,  33.7894, 09 Dec 2016 00:20:27
# 29.7342,  5.62693, 0.0807, 0.0520,  33.7779, 09 Dec 2016 01:20:27
# 29.7723,  5.63360, 0.0784, 0.0515,  33.7962, 09 Dec 2016 02:20:27
# 29.7671,  5.63302, 0.0761, 0.0512,  33.7959, 09 Dec 2016 03:20:27
# 29.7805,  5.63494, 0.0774, 0.0510,  33.7995, 09 Dec 2016 04:20:27
# 29.7155,  5.63397, 0.0787, 0.0520,  33.8385, 09 Dec 2016 05:20:27
# 29.7826,  5.63669, 0.0784, 0.0505,  33.8099, 09 Dec 2016 06:20:27
# 29.7962,  5.63828, 0.0782, 0.0496,  33.8112, 09 Dec 2016 07:20:27
# 29.7881,  5.63604, 0.0806, 0.0497,  33.8016, 09 Dec 2016 08:20:27
# 29.7913,  5.63655, 0.0785, 0.0512,  33.8028, 09 Dec 2016 09:20:27
# 29.7411,  5.63076, 0.0809, 0.0509,  33.7989, 09 Dec 2016 10:20:27
