# 29.0233,  5.63923, 0.0913, 0.0507,  34.3659, 29 Mar 2016 11:00:05
# 28.9568,  5.63764, 0.0887, 0.0521,  34.4029, 29 Mar 2016 12:00:05
# 28.8857,  5.63670, 0.0903, 0.0517,  34.4478, 29 Mar 2016 13:00:05
# 28.7865,  5.63469, 0.0903, 0.0517,  34.5056, 29 Mar 2016 14:00:05
# 29.1184,  5.64801, 0.0865, 0.0591,  34.3577, 29 Mar 2016 15:00:05
# 29.1630,  5.65098, 0.0864, 0.0555,  34.3461, 29 Mar 2016 16:00:05
# 28.8845,  5.63622, 0.0951, 0.0530,  34.4453, 29 Mar 2016 17:00:05
# 28.9693,  5.64092, 0.0880, 0.0546,  34.4164, 29 Mar 2016 18:00:05
# 28.4436,  5.62774, 0.0990, 0.0568,  34.7073, 29 Mar 2016 19:00:05
# 28.3076,  5.62217, 0.1026, 0.0523,  34.7683, 29 Mar 2016 20:00:05
# 28.2904,  5.62201, 0.1095, 0.0499,  34.7798, 29 Mar 2016 21:00:05
# 29.1550,  5.65089, 0.0856, 0.0543,  34.3513, 29 Mar 2016 22:00:05
# 29.0316,  5.64319, 0.0824, 0.0572,  34.3871, 29 Mar 2016 23:00:05
# 28.5432,  5.63273, 0.0912, 0.0559,  34.6690, 30 Mar 2016 00:00:05
# 28.8080,  5.63844, 0.0867, 0.0555,  34.5160, 30 Mar 2016 01:00:05
# 28.8258,  5.63794, 0.0858, 0.0519,  34.4995, 30 Mar 2016 02:00:05
# 28.6366,  5.63402, 0.0899, 0.0528,  34.6099, 30 Mar 2016 03:00:05
# 28.7525,  5.63464, 0.0851, 0.0533,  34.5299, 30 Mar 2016 04:00:05
# 28.9099,  5.63729, 0.0843, 0.0528,  34.4343, 30 Mar 2016 05:00:05
# 28.9925,  5.63594, 0.0816, 0.0532,  34.3655, 30 Mar 2016 06:00:05
# 28.9334,  5.63505, 0.0836, 0.0591,  34.4019, 30 Mar 2016 07:00:05
# 28.9408,  5.63506, 0.0842, 0.0500,  34.3967, 30 Mar 2016 08:00:05
# 28.9642,  5.63467, 0.0830, 0.0543,  34.3771, 30 Mar 2016 09:00:05
# 28.8532,  5.63452, 0.0853, 0.0540,  34.4562, 30 Mar 2016 10:00:05
