# 29.9397,  5.71623, 0.0938, 0.0628,  34.2362, 29 Jul 2016 11:00:05
# 29.9241,  5.71428, 0.0925, 0.0644,  34.2341, 29 Jul 2016 12:00:05
# 29.9521,  5.71485, 0.0898, 0.0603,  34.2181, 29 Jul 2016 13:00:05
# 29.9594,  5.71514, 0.0941, 0.0677,  34.2149, 29 Jul 2016 14:00:05
# 29.5815,  5.70163, 0.1035, 0.0604,  34.3919, 29 Jul 2016 15:00:05
# 29.9408,  5.71245, 0.0974, 0.0582,  34.2099, 29 Jul 2016 16:00:05
# 29.9495,  5.71321, 0.0987, 0.0594,  34.2089, 29 Jul 2016 17:00:05
# 29.9480,  5.71341, 0.0961, 0.0578,  34.2113, 29 Jul 2016 18:00:05
# 29.9258,  5.71374, 0.0950, 0.0567,  34.2292, 29 Jul 2016 19:00:05
# 29.9173,  5.71333, 0.0925, 0.0593,  34.2325, 29 Jul 2016 20:00:05
# 29.9284,  5.71354, 0.0925, 0.0628,  34.2260, 29 Jul 2016 21:00:05
# 29.9587,  5.71602, 0.0863, 0.0586,  34.2213, 29 Jul 2016 22:00:05
# 29.9563,  5.71592, 0.0861, 0.0542,  34.2223, 29 Jul 2016 23:00:05
# 29.9554,  5.71565, 0.0863, 0.0568,  34.2212, 30 Jul 2016 00:00:05
# 29.9498,  5.71549, 0.0848, 0.0581,  34.2240, 30 Jul 2016 01:00:05
# 29.9490,  5.71542, 0.0875, 0.0555,  34.2242, 30 Jul 2016 02:00:05
# 29.9509,  5.71546, 0.0868, 0.0555,  34.2230, 30 Jul 2016 03:00:05
# 29.9521,  5.71528, 0.0863, 0.0568,  34.2210, 30 Jul 2016 04:00:05
# 29.9546,  5.71503, 0.0827, 0.0566,  34.2176, 30 Jul 2016 05:00:05
# 29.9558,  5.71553, 0.0865, 0.0581,  34.2200, 30 Jul 2016 06:00:05
# 29.9584,  5.71471, 0.0886, 0.0627,  34.2126, 30 Jul 2016 07:00:05
# 29.9591,  5.71541, 0.0876, 0.0578,  34.2169, 30 Jul 2016 08:00:05
# 29.9641,  5.71499, 0.0938, 0.0594,  34.2105, 30 Jul 2016 09:00:05
# 29.9696,  5.71586, 0.0901, 0.0579,  34.2125, 30 Jul 2016 10:00:05
