# 29.9647,  5.70321, 0.0781, 0.0618,  34.1307, 24 Aug 2016 11:21:35
# 30.0213,  5.70631, 0.0772, 0.0668,  34.1117, 24 Aug 2016 12:21:35
# 29.9467,  5.70428, 0.0804, 0.0762,  34.1506, 24 Aug 2016 13:21:35
# 29.8990,  5.70546, 0.0793, 0.0646,  34.1923, 24 Aug 2016 14:21:35
# 30.0045,  5.71038, 0.0797, 0.0642,  34.1510, 24 Aug 2016 15:21:35
# 29.6690,  5.70426, 0.0818, 0.0653,  34.3474, 24 Aug 2016 16:21:35
# 29.5325,  5.69476, 0.0859, 0.0706,  34.3802, 24 Aug 2016 17:21:35
# 29.8491,  5.70912, 0.0826, 0.0626,  34.2523, 24 Aug 2016 18:21:35
# 29.8344,  5.70828, 0.0816, 0.0649,  34.2571, 24 Aug 2016 19:21:35
# 29.7215,  5.70444, 0.0810, 0.0651,  34.3113, 24 Aug 2016 20:21:35
# 29.6524,  5.70256, 0.0811, 0.0637,  34.3477, 24 Aug 2016 21:21:35
# 29.9236,  5.71218, 0.0795, 0.0651,  34.2202, 24 Aug 2016 22:21:35
# 29.8462,  5.70989, 0.0809, 0.0616,  34.2596, 24 Aug 2016 23:21:35
# 29.8965,  5.71179, 0.0797, 0.0729,  34.2368, 25 Aug 2016 00:21:35
# 29.8542,  5.71230, 0.0782, 0.0641,  34.2702, 25 Aug 2016 01:21:35
# 29.8346,  5.71165, 0.0748, 0.0642,  34.2797, 25 Aug 2016 02:21:35
# 30.0395,  5.70955, 0.0784, 0.0657,  34.1207, 25 Aug 2016 03:21:35
# 30.0411,  5.71314, 0.0771, 0.0626,  34.1437, 25 Aug 2016 04:21:35
# 29.9071,  5.71341, 0.0746, 0.0614,  34.2402, 25 Aug 2016 05:21:35
# 30.0107,  5.70421, 0.0771, 0.0640,  34.1051, 25 Aug 2016 06:21:35
# 30.0109,  5.70429, 0.0748, 0.0630,  34.1055, 25 Aug 2016 07:21:35
# 30.0044,  5.71089, 0.0745, 0.0652,  34.1545, 25 Aug 2016 08:21:35
# 29.9512,  5.71138, 0.0761, 0.0615,  34.1953, 25 Aug 2016 09:21:35
# 29.4359,  5.68063, 0.0829, 0.0615,  34.3531, 25 Aug 2016 10:21:35
