# 28.9008,  5.63965, 0.0864, 0.0524,  34.4571, 28 Mar 2016 11:00:05
# 29.0375,  5.64329, 0.0888, 0.0558,  34.3836, 28 Mar 2016 12:00:05
# 29.0382,  5.64555, 0.0899, 0.0515,  34.3985, 28 Mar 2016 13:00:05
# 29.1291,  5.65033, 0.0922, 0.0546,  34.3660, 28 Mar 2016 14:00:05
# 29.0176,  5.64561, 0.0985, 0.0552,  34.4138, 28 Mar 2016 15:00:05
# 29.0405,  5.64595, 0.0951, 0.0533,  34.3997, 28 Mar 2016 16:00:05
# 29.1100,  5.65082, 0.1022, 0.0703,  34.3830, 28 Mar 2016 17:00:05
# 29.0144,  5.64444, 0.0918, 0.0523,  34.4080, 28 Mar 2016 18:00:05
# 29.0567,  5.64957, 0.0936, 0.0555,  34.4129, 28 Mar 2016 19:00:05
# 29.1177,  5.65009, 0.0865, 0.0522,  34.3726, 28 Mar 2016 20:00:05
# 28.8904,  5.64113, 0.0936, 0.0521,  34.4748, 28 Mar 2016 21:00:05
# 28.5759,  5.62826, 0.0997, 0.0558,  34.6143, 28 Mar 2016 22:00:05
# 28.4964,  5.62179, 0.0999, 0.0533,  34.6273, 28 Mar 2016 23:00:05
# 28.4955,  5.62386, 0.0987, 0.0517,  34.6424, 29 Mar 2016 00:00:05
# 28.8365,  5.63571, 0.0889, 0.0629,  34.4764, 29 Mar 2016 01:00:05
# 28.9837,  5.63895, 0.0915, 0.0529,  34.3925, 29 Mar 2016 02:00:05
# 28.9873,  5.63828, 0.0877, 0.0543,  34.3853, 29 Mar 2016 03:00:05
# 29.0135,  5.63652, 0.0891, 0.0510,  34.3543, 29 Mar 2016 04:00:05
# 28.9528,  5.63745, 0.0900, 0.0543,  34.4045, 29 Mar 2016 05:00:05
# 28.9605,  5.63538, 0.0854, 0.0546,  34.3847, 29 Mar 2016 06:00:05
# 28.9802,  5.64100, 0.0880, 0.0529,  34.4091, 29 Mar 2016 07:00:05
# 28.9958,  5.64098, 0.0903, 0.0568,  34.3977, 29 Mar 2016 08:00:05
# 28.9888,  5.64110, 0.0889, 0.0553,  34.4036, 29 Mar 2016 09:00:05
# 29.0634,  5.64464, 0.0892, 0.0556,  34.3742, 29 Mar 2016 10:00:05
