# 29.6416,  5.69144, 0.1520, 0.0605,  34.2799, 17 Jun 2016 11:00:05
# 29.6612,  5.69307, 0.1940, 0.0616,  34.2771, 17 Jun 2016 12:00:05
# 29.6509,  5.69246, 0.0877, 0.0624,  34.2802, 17 Jun 2016 13:00:05
# 29.6170,  5.69022, 0.1013, 0.0639,  34.2891, 17 Jun 2016 14:00:05
# 29.6676,  5.69405, 0.1021, 0.0639,  34.2791, 17 Jun 2016 15:00:05
# 29.6578,  5.69352, 0.0877, 0.0657,  34.2825, 17 Jun 2016 16:00:05
# 29.5916,  5.68936, 0.0950, 0.0737,  34.3014, 17 Jun 2016 17:00:05
# 29.4773,  5.68338, 0.0926, 0.0681,  34.3423, 17 Jun 2016 18:00:05
# 29.3874,  5.67910, 0.0933, 0.0694,  34.3774, 17 Jun 2016 19:00:05
# 29.4979,  5.68400, 0.0999, 0.0680,  34.3317, 17 Jun 2016 20:00:05
# 29.5523,  5.68663, 0.1057, 0.0664,  34.3108, 17 Jun 2016 21:00:05
# 29.5760,  5.68743, 0.1219, 0.0691,  34.2994, 17 Jun 2016 22:00:05
# 29.5776,  5.68793, 0.2663, 0.0773,  34.3016, 17 Jun 2016 23:00:05
# 29.5978,  5.68903, 0.1915, 0.0715,  34.2947, 18 Jun 2016 00:00:05
# 29.5771,  5.68838, 0.2963, 0.0766,  34.3050, 18 Jun 2016 01:00:05
# 29.5933,  5.68892, 0.1651, 0.0768,  34.2972, 18 Jun 2016 02:00:05
# 29.5132,  5.68348, 0.2207, 0.0839,  34.3173, 18 Jun 2016 03:00:05
# 29.5174,  5.68324, 0.1108, 0.0678,  34.3127, 18 Jun 2016 04:00:05
# 29.5336,  5.68626, 0.0995, 0.0706,  34.3217, 18 Jun 2016 05:00:05
# 29.5618,  5.68691, 0.0959, 0.0753,  34.3060, 18 Jun 2016 06:00:05
# 29.5731,  5.68720, 0.0934, 0.0983,  34.2999, 18 Jun 2016 07:00:05
# 29.6118,  5.68899, 0.0997, 0.1265,  34.2845, 18 Jun 2016 08:00:05
# 29.6281,  5.68944, 0.0915, 0.0681,  34.2760, 18 Jun 2016 09:00:05
# 29.6226,  5.68927, 0.0913, 0.0704,  34.2788, 18 Jun 2016 10:00:05
