# 28.8554,  5.59927, 0.0832, 0.0532,  34.2120, 17 Mar 2016 11:00:05
# 28.8880,  5.59813, 0.0840, 0.0499,  34.1807, 17 Mar 2016 12:00:05
# 28.8919,  5.59657, 0.0851, 0.0473,  34.1672, 17 Mar 2016 13:00:05
# 28.7589,  5.60498, 0.0892, 0.0542,  34.3207, 17 Mar 2016 14:00:05
# 28.9072,  5.60043, 0.0867, 0.0494,  34.1828, 17 Mar 2016 15:00:05
# 28.8746,  5.60106, 0.0838, 0.0510,  34.2105, 17 Mar 2016 16:00:05
# 28.9073,  5.60046, 0.0850, 0.0475,  34.1829, 17 Mar 2016 17:00:05
# 28.8709,  5.59641, 0.0811, 0.0518,  34.1811, 17 Mar 2016 19:00:05
# 28.8470,  5.59801, 0.0837, 0.0544,  34.2093, 17 Mar 2016 20:00:05
# 28.8118,  5.60055, 0.0881, 0.0499,  34.2521, 17 Mar 2016 21:00:05
# 28.5682,  5.62221, 0.0952, 0.0690,  34.5779, 17 Mar 2016 22:00:05
# 28.8409,  5.59643, 0.0856, 0.0497,  34.2028, 17 Mar 2016 23:00:05
# 28.8179,  5.59805, 0.0851, 0.0522,  34.2305, 18 Mar 2016 00:00:05
# 28.7014,  5.60374, 0.0869, 0.0495,  34.3536, 18 Mar 2016 01:00:05
# 28.7876,  5.59737, 0.0852, 0.0498,  34.2476, 18 Mar 2016 02:00:05
# 28.8249,  5.59245, 0.0820, 0.0496,  34.1869, 18 Mar 2016 03:00:05
# 28.8223,  5.59301, 0.0839, 0.0514,  34.1927, 18 Mar 2016 04:00:05
# 28.8296,  5.59323, 0.0877, 0.0516,  34.1889, 18 Mar 2016 05:00:05
# 28.8230,  5.59419, 0.0830, 0.0510,  34.2003, 18 Mar 2016 06:00:05
# 28.8318,  5.59383, 0.0867, 0.0488,  34.1914, 18 Mar 2016 07:00:05
# 28.8126,  5.59671, 0.0830, 0.0503,  34.2251, 18 Mar 2016 08:00:05
# 28.8105,  5.59655, 0.0849, 0.0496,  34.2255, 18 Mar 2016 09:00:05
# 28.8190,  5.59779, 0.0853, 0.0542,  34.2279, 18 Mar 2016 10:00:05
