# 29.4569,  5.68331, 0.0877, 0.0497,  34.3563, 25 Sep 2016 11:21:35
# 29.7705,  5.70476, 0.0864, 0.0488,  34.2786, 25 Sep 2016 12:21:35
# 30.1157,  5.72714, 0.0837, 0.0513,  34.1854, 25 Sep 2016 13:21:35
# 30.0653,  5.72257, 0.0826, 0.0484,  34.1901, 25 Sep 2016 14:21:35
# 30.3400,  5.73710, 0.0838, 0.0497,  34.0946, 25 Sep 2016 15:21:35
# 30.3403,  5.73207, 0.0819, 0.0510,  34.0607, 25 Sep 2016 16:21:35
# 30.3168,  5.73296, 0.0814, 0.0498,  34.0831, 25 Sep 2016 17:21:35
# 30.3265,  5.73327, 0.0808, 0.0484,  34.0784, 25 Sep 2016 18:21:35
# 30.3195,  5.73411, 0.0780, 0.0510,  34.0889, 25 Sep 2016 19:21:35
# 30.3190,  5.73359, 0.0818, 0.0499,  34.0858, 25 Sep 2016 20:21:35
# 30.3187,  5.73300, 0.0797, 0.0499,  34.0821, 25 Sep 2016 21:21:35
# 30.3575,  5.73232, 0.0785, 0.0483,  34.0503, 25 Sep 2016 22:21:35
# 30.0120,  5.71874, 0.0834, 0.0494,  34.2020, 25 Sep 2016 23:21:35
# 29.5526,  5.69640, 0.0879, 0.0519,  34.3770, 26 Sep 2016 00:21:35
# 29.6634,  5.70394, 0.0843, 0.0509,  34.3493, 26 Sep 2016 01:21:35
# 30.2083,  5.72391, 0.0800, 0.0510,  34.0985, 26 Sep 2016 02:21:35
# 30.2592,  5.72648, 0.0808, 0.0603,  34.0800, 26 Sep 2016 03:21:35
# 29.8896,  5.71947, 0.0829, 0.0528,  34.2935, 26 Sep 2016 04:21:35
# 30.1344,  5.72653, 0.0820, 0.0581,  34.1681, 26 Sep 2016 05:21:35
# 30.2940,  5.73056, 0.0819, 0.0500,  34.0830, 26 Sep 2016 06:21:35
# 30.2848,  5.73051, 0.0819, 0.0486,  34.0891, 26 Sep 2016 07:21:35
# 30.2897,  5.73079, 0.0819, 0.0482,  34.0876, 26 Sep 2016 08:21:35
# 30.3044,  5.73145, 0.0829, 0.0542,  34.0817, 26 Sep 2016 09:21:35
# 30.1850,  5.72808, 0.0840, 0.0511,  34.1429, 26 Sep 2016 10:21:35
