# 30.3299,  5.70321, 0.0848, 0.0510,  33.8749, 15 Nov 2016 11:20:27
# 30.3199,  5.70161, 0.0838, 0.0529,  33.8711, 15 Nov 2016 12:20:27
# 30.3623,  5.70729, 0.0841, 0.0567,  33.8796, 15 Nov 2016 13:20:27
# 30.3654,  5.70340, 0.0867, 0.0503,  33.8514, 15 Nov 2016 14:20:27
# 30.3667,  5.70464, 0.0911, 0.0555,  33.8589, 15 Nov 2016 15:20:27
# 30.3694,  5.70588, 0.0838, 0.0540,  33.8652, 15 Nov 2016 16:20:27
# 30.3573,  5.70869, 0.0865, 0.0541,  33.8924, 15 Nov 2016 17:20:27
# 30.3176,  5.70168, 0.0887, 0.0512,  33.8732, 15 Nov 2016 18:20:27
# 30.3213,  5.69743, 0.0826, 0.0543,  33.8422, 15 Nov 2016 19:20:27
# 30.3426,  5.68885, 0.0798, 0.0518,  33.7701, 15 Nov 2016 20:20:27
# 30.3333,  5.69436, 0.0840, 0.0497,  33.8133, 15 Nov 2016 21:20:27
# 30.3436,  5.68887, 0.0819, 0.0607,  33.7695, 15 Nov 2016 22:20:27
# 30.3346,  5.68885, 0.0813, 0.0517,  33.7756, 15 Nov 2016 23:20:27
# 30.3380,  5.68637, 0.0819, 0.0552,  33.7566, 16 Nov 2016 00:20:27
# 30.3527,  5.68897, 0.0794, 0.0529,  33.7639, 16 Nov 2016 01:20:27
# 30.3378,  5.68867, 0.0806, 0.0529,  33.7722, 16 Nov 2016 02:20:27
# 30.3383,  5.68878, 0.0781, 0.0499,  33.7726, 16 Nov 2016 03:20:27
# 30.3078,  5.68418, 0.0782, 0.0593,  33.7629, 16 Nov 2016 04:20:27
# 30.3340,  5.68560, 0.0761, 0.0739,  33.7543, 16 Nov 2016 05:20:27
# 30.3390,  5.68764, 0.0772, 0.0497,  33.7645, 16 Nov 2016 06:20:27
# 30.3432,  5.68716, 0.0785, 0.0568,  33.7583, 16 Nov 2016 07:20:27
# 30.3108,  5.68820, 0.0768, 0.0509,  33.7877, 16 Nov 2016 08:20:27
# 30.3165,  5.68945, 0.0781, 0.0518,  33.7922, 16 Nov 2016 09:20:27
# 30.3292,  5.68915, 0.0797, 0.0484,  33.7814, 16 Nov 2016 10:20:27
