# 30.2316,  5.69588, 0.0889, 0.0542,  33.8943, 23 Oct 2016 11:20:27
# 30.2573,  5.69596, 0.0820, 0.0543,  33.8769, 23 Oct 2016 12:20:27
# 30.2573,  5.69586, 0.0784, 0.0550,  33.8763, 23 Oct 2016 13:20:27
# 30.2652,  5.70223, 0.0828, 0.0528,  33.9134, 23 Oct 2016 14:20:27
# 30.2858,  5.69829, 0.0829, 0.0539,  33.8726, 23 Oct 2016 15:20:27
# 30.2810,  5.69879, 0.0866, 0.0558,  33.8794, 23 Oct 2016 16:20:27
# 30.2910,  5.69532, 0.0901, 0.0578,  33.8492, 23 Oct 2016 17:20:27
# 30.2329,  5.69289, 0.0851, 0.0559,  33.8734, 23 Oct 2016 18:20:27
# 30.2049,  5.68500, 0.0878, 0.0603,  33.8400, 23 Oct 2016 19:20:27
# 30.2222,  5.68847, 0.0903, 0.0578,  33.8512, 23 Oct 2016 20:20:27
# 30.2338,  5.69100, 0.0872, 0.0571,  33.8601, 23 Oct 2016 21:20:27
# 30.2359,  5.69048, 0.0865, 0.0543,  33.8551, 23 Oct 2016 22:20:27
# 30.1647,  5.68178, 0.0842, 0.0603,  33.8464, 23 Oct 2016 23:20:27
# 30.2312,  5.68857, 0.0874, 0.0578,  33.8456, 24 Oct 2016 00:20:27
# 30.2328,  5.68851, 0.0876, 0.0595,  33.8441, 24 Oct 2016 01:20:27
# 30.2327,  5.68914, 0.0837, 0.0653,  33.8484, 24 Oct 2016 02:20:27
# 29.5077,  5.67578, 0.0864, 0.0626,  34.2689, 24 Oct 2016 03:20:27
# 30.2150,  5.68573, 0.0824, 0.0776,  33.8379, 24 Oct 2016 04:20:27
# 30.2129,  5.68563, 0.0829, 0.0613,  33.8387, 24 Oct 2016 05:20:27
# 30.1395,  5.68861, 0.0824, 0.0555,  33.9099, 24 Oct 2016 06:20:27
# 30.2104,  5.68728, 0.0817, 0.0539,  33.8515, 24 Oct 2016 07:20:27
# 30.2043,  5.68318, 0.0824, 0.0568,  33.8283, 24 Oct 2016 08:20:27
# 30.1953,  5.68943, 0.0833, 0.0550,  33.8764, 24 Oct 2016 09:20:27
# 30.2054,  5.69220, 0.0865, 0.0555,  33.8879, 24 Oct 2016 10:20:27
