# 33.2989,  5.63197, 0.0784, 0.0485,  31.4626, 10 Jun 2017 11:00:05
# 33.3687,  5.63277, 0.0774, 0.0487,  31.4244, 10 Jun 2017 12:00:05
# 33.3870,  5.63334, 0.0760, 0.0487,  31.4166, 10 Jun 2017 13:00:05
# 33.4200,  5.63414, 0.0773, 0.0498,  31.4013, 10 Jun 2017 14:00:05
# 33.4391,  5.63500, 0.0748, 0.0510,  31.3949, 10 Jun 2017 15:00:05
# 33.4918,  5.63598, 0.0736, 0.0520,  31.3686, 10 Jun 2017 16:00:05
# 33.6014,  5.64178, 0.0785, 0.0529,  31.3373, 10 Jun 2017 17:00:05
# 33.5381,  5.63733, 0.0771, 0.0497,  31.3484, 10 Jun 2017 18:00:05
# 33.4498,  5.63428, 0.0809, 0.0488,  31.3838, 10 Jun 2017 19:00:05
# 33.5211,  5.63732, 0.0773, 0.0510,  31.3588, 10 Jun 2017 20:00:05
# 33.5713,  5.63741, 0.0773, 0.0500,  31.3285, 10 Jun 2017 21:00:05
# 33.5770,  5.63632, 0.0761, 0.0627,  31.3182, 10 Jun 2017 22:00:05
# 33.5777,  5.63433, 0.0762, 0.0474,  31.3053, 10 Jun 2017 23:00:05
# 33.5930,  5.63362, 0.0784, 0.0498,  31.2915, 11 Jun 2017 00:00:05
# 33.5064,  5.63503, 0.0761, 0.0475,  31.3536, 11 Jun 2017 01:00:05
# 33.5754,  5.63488, 0.0748, 0.0517,  31.3102, 11 Jun 2017 02:00:05
# 33.5218,  5.63487, 0.0735, 0.0498,  31.3431, 11 Jun 2017 03:00:05
# 33.5699,  5.63617, 0.0738, 0.0499,  31.3216, 11 Jun 2017 04:00:05
# 33.5682,  5.63389, 0.0748, 0.0510,  31.3085, 11 Jun 2017 05:00:05
# 33.5958,  5.63600, 0.0736, 0.0449,  31.3047, 11 Jun 2017 06:00:05
# 33.6049,  5.63680, 0.0749, 0.0486,  31.3041, 11 Jun 2017 07:00:05
# 33.6027,  5.63717, 0.0749, 0.0532,  31.3077, 11 Jun 2017 08:00:05
# 33.4807,  5.63818, 0.0748, 0.0486,  31.3891, 11 Jun 2017 09:00:05
# 33.5062,  5.63865, 0.0761, 0.0518,  31.3764, 11 Jun 2017 10:00:05
