# 29.3308,  5.63524, 0.0774, 0.0498,  34.1187, 05 May 2017 11:00:05
# 29.3385,  5.63550, 0.0784, 0.0497,  34.1151, 05 May 2017 12:00:05
# 29.3457,  5.63474, 0.0784, 0.0485,  34.1048, 05 May 2017 13:00:05
# 29.3374,  5.63425, 0.0773, 0.0473,  34.1073, 05 May 2017 14:00:05
# 29.3432,  5.63594, 0.0771, 0.0486,  34.1147, 05 May 2017 15:00:05
# 29.3399,  5.63556, 0.0771, 0.0475,  34.1145, 05 May 2017 16:00:05
# 29.3450,  5.63630, 0.0760, 0.0517,  34.1159, 05 May 2017 17:00:05
# 29.3326,  5.63986, 0.0820, 0.0486,  34.1489, 05 May 2017 18:00:05
# 29.3439,  5.63625, 0.0761, 0.0485,  34.1163, 05 May 2017 19:00:05
# 29.3353,  5.63678, 0.0795, 0.0499,  34.1260, 05 May 2017 20:00:05
# 29.3100,  5.63739, 0.0797, 0.0518,  34.1482, 05 May 2017 21:00:05
# 29.3134,  5.63779, 0.0786, 0.0530,  34.1485, 05 May 2017 22:00:05
# 29.3131,  5.63715, 0.0797, 0.0510,  34.1443, 05 May 2017 23:00:05
# 29.3196,  5.63715, 0.0761, 0.0486,  34.1398, 06 May 2017 00:00:05
# 29.3361,  5.63670, 0.0786, 0.0475,  34.1250, 06 May 2017 01:00:05
# 29.3435,  5.63613, 0.0749, 0.0486,  34.1157, 06 May 2017 02:00:05
# 29.3585,  5.63693, 0.0750, 0.0475,  34.1106, 06 May 2017 03:00:05
# 29.3460,  5.63396, 0.0726, 0.0497,  34.0992, 06 May 2017 04:00:05
# 29.3282,  5.63000, 0.0748, 0.0510,  34.0848, 06 May 2017 05:00:05
# 29.3281,  5.63029, 0.0748, 0.0510,  34.0869, 06 May 2017 06:00:05
# 29.3248,  5.63307, 0.0748, 0.0487,  34.1082, 06 May 2017 07:00:05
# 29.1972,  5.62375, 0.0774, 0.0509,  34.1354, 06 May 2017 08:00:05
# 29.3192,  5.63015, 0.0748, 0.0510,  34.0923, 06 May 2017 09:00:05
# 29.1084,  5.61759, 0.0772, 0.0511,  34.1566, 06 May 2017 10:00:05
