# 29.6065,  5.67616, 0.0808, 0.0498,  34.2012, 22 Mar 2017 11:20:27
# 29.5998,  5.67474, 0.0807, 0.0512,  34.1963, 22 Mar 2017 12:20:27
# 29.5948,  5.67056, 0.0807, 0.0487,  34.1716, 22 Mar 2017 13:20:27
# 29.5919,  5.67187, 0.0796, 0.0470,  34.1824, 22 Mar 2017 14:20:27
# 29.5509,  5.66345, 0.0826, 0.0475,  34.1544, 22 Mar 2017 15:20:27
# 29.5435,  5.66051, 0.0808, 0.0507,  34.1396, 22 Mar 2017 16:20:27
# 29.5382,  5.66058, 0.0797, 0.0489,  34.1439, 22 Mar 2017 17:20:27
# 29.5365,  5.66126, 0.0809, 0.0481,  34.1497, 22 Mar 2017 18:20:27
# 29.5401,  5.66199, 0.0837, 0.0514,  34.1522, 22 Mar 2017 19:20:27
# 29.5374,  5.66171, 0.0829, 0.0490,  34.1522, 22 Mar 2017 20:20:27
# 29.5283,  5.65999, 0.0820, 0.0499,  34.1469, 22 Mar 2017 21:20:27
# 29.5264,  5.65891, 0.0828, 0.0485,  34.1409, 22 Mar 2017 22:20:27
# 29.5254,  5.65843, 0.0829, 0.0485,  34.1384, 22 Mar 2017 23:20:27
# 29.5119,  5.65657, 0.0795, 0.0484,  34.1353, 23 Mar 2017 00:20:27
# 29.5177,  5.65673, 0.0756, 0.0484,  34.1323, 23 Mar 2017 01:20:27
# 29.5098,  5.65553, 0.0781, 0.0463,  34.1297, 23 Mar 2017 02:20:27
# 29.5100,  5.65598, 0.0797, 0.0488,  34.1327, 23 Mar 2017 03:20:27
# 29.5135,  5.66134, 0.0808, 0.0485,  34.1666, 23 Mar 2017 04:20:27
# 29.5166,  5.66236, 0.0842, 0.0497,  34.1713, 23 Mar 2017 05:20:27
# 29.5147,  5.66518, 0.0820, 0.0484,  34.1918, 23 Mar 2017 06:20:27
# 29.4772,  5.66522, 0.0811, 0.0463,  34.2188, 23 Mar 2017 07:20:27
# 29.4804,  5.65072, 0.0820, 0.0496,  34.1179, 23 Mar 2017 08:20:27
# 29.4806,  5.65026, 0.0829, 0.0486,  34.1146, 23 Mar 2017 09:20:27
# 29.4924,  5.65162, 0.0813, 0.0475,  34.1155, 23 Mar 2017 10:20:27
