# 29.3073,  5.62106, 0.0737, 0.0518,  34.0388, 14 May 2017 11:00:05
# 29.2994,  5.62086, 0.0749, 0.0499,  34.0430, 14 May 2017 12:00:05
# 29.3134,  5.62181, 0.0759, 0.0498,  34.0395, 14 May 2017 13:00:05
# 29.3172,  5.62243, 0.0760, 0.0519,  34.0410, 14 May 2017 14:00:05
# 29.3193,  5.62290, 0.0772, 0.0497,  34.0428, 14 May 2017 16:00:05
# 29.2925,  5.62523, 0.0785, 0.0485,  34.0777, 14 May 2017 17:00:05
# 29.2893,  5.62523, 0.0797, 0.0509,  34.0799, 14 May 2017 18:00:05
# 29.2935,  5.62418, 0.0819, 0.0508,  34.0698, 14 May 2017 19:00:05
# 29.3038,  5.62268, 0.0784, 0.0567,  34.0523, 14 May 2017 20:00:05
# 29.2922,  5.62441, 0.0828, 0.0498,  34.0723, 14 May 2017 21:00:05
# 29.3038,  5.62322, 0.0785, 0.0510,  34.0560, 14 May 2017 22:00:05
# 29.3077,  5.62339, 0.0761, 0.0497,  34.0544, 14 May 2017 23:00:05
# 29.3047,  5.62241, 0.0808, 0.0511,  34.0498, 15 May 2017 00:00:05
# 29.3041,  5.62242, 0.0784, 0.0529,  34.0503, 15 May 2017 01:00:05
# 29.3003,  5.62299, 0.0786, 0.0487,  34.0569, 15 May 2017 02:00:05
# 29.3137,  5.62291, 0.0761, 0.0510,  34.0468, 15 May 2017 03:00:05
# 29.3123,  5.62275, 0.0748, 0.0510,  34.0467, 15 May 2017 04:00:05
# 29.2892,  5.61997, 0.0761, 0.0517,  34.0442, 15 May 2017 05:00:05
# 29.2401,  5.61277, 0.0739, 0.0568,  34.0299, 15 May 2017 06:00:05
# 29.2567,  5.61176, 0.0736, 0.0554,  34.0112, 15 May 2017 07:00:05
# 29.2748,  5.61814, 0.0723, 0.0529,  34.0419, 15 May 2017 08:00:05
# 29.3004,  5.61899, 0.0723, 0.0497,  34.0295, 15 May 2017 09:00:05
# 29.3053,  5.61992, 0.0736, 0.0509,  34.0324, 15 May 2017 10:00:05
