# 29.3551,  5.63666, 0.0748, 0.0498,  34.1111, 16 Apr 2017 11:00:05
# 29.4344,  5.64337, 0.0736, 0.0531,  34.1005, 16 Apr 2017 12:00:05
# 29.4353,  5.64441, 0.0760, 0.0519,  34.1069, 16 Apr 2017 13:00:05
# 29.4339,  5.64453, 0.0772, 0.0485,  34.1088, 16 Apr 2017 14:00:05
# 29.4303,  5.64436, 0.0771, 0.0484,  34.1102, 16 Apr 2017 15:00:05
# 29.4447,  5.64590, 0.0748, 0.0487,  34.1104, 16 Apr 2017 16:00:05
# 29.4319,  5.64568, 0.0774, 0.0488,  34.1180, 16 Apr 2017 17:00:05
# 29.4259,  5.64420, 0.0760, 0.0511,  34.1122, 16 Apr 2017 18:00:05
# 29.3208,  5.63535, 0.0785, 0.0510,  34.1266, 16 Apr 2017 19:00:05
# 29.3669,  5.63946, 0.0796, 0.0497,  34.1219, 16 Apr 2017 20:00:05
# 29.2053,  5.62735, 0.0784, 0.0497,  34.1543, 16 Apr 2017 21:00:05
# 29.3578,  5.63920, 0.0797, 0.0509,  34.1265, 16 Apr 2017 22:00:05
# 29.3744,  5.64062, 0.0760, 0.0487,  34.1244, 16 Apr 2017 23:00:05
# 29.4101,  5.64320, 0.0761, 0.0497,  34.1166, 17 Apr 2017 00:00:05
# 29.4024,  5.64226, 0.0773, 0.0510,  34.1157, 17 Apr 2017 01:00:05
# 29.3766,  5.64124, 0.0785, 0.0499,  34.1271, 17 Apr 2017 02:00:05
# 29.4021,  5.64374, 0.0749, 0.0486,  34.1260, 17 Apr 2017 03:00:05
# 29.4016,  5.64430, 0.0745, 0.0500,  34.1302, 17 Apr 2017 04:00:05
# 29.4218,  5.64662, 0.0747, 0.0475,  34.1316, 17 Apr 2017 05:00:05
# 29.3900,  5.64337, 0.0713, 0.0487,  34.1320, 17 Apr 2017 06:00:05
# 29.3896,  5.64462, 0.0735, 0.0543,  34.1409, 17 Apr 2017 07:00:05
# 29.3803,  5.64503, 0.0735, 0.0498,  34.1503, 17 Apr 2017 08:00:05
# 29.2292,  5.63436, 0.0798, 0.0519,  34.1851, 17 Apr 2017 09:00:05
# 29.2994,  5.63876, 0.0773, 0.1381,  34.1651, 17 Apr 2017 10:00:05
