# 32.5355,  5.62895, 0.0725, 0.0516,  31.9227, 24 May 2017 11:00:05
# 32.5353,  5.62989, 0.0797, 0.0544,  31.9289, 24 May 2017 12:00:05
# 32.5451,  5.62931, 0.0760, 0.0497,  31.9189, 24 May 2017 13:00:05
# 32.5587,  5.62840, 0.0761, 0.0519,  31.9045, 24 May 2017 14:00:05
# 32.5644,  5.62681, 0.0797, 0.0517,  31.8907, 24 May 2017 15:00:05
# 32.5946,  5.62873, 0.0797, 0.0511,  31.8838, 24 May 2017 16:00:05
# 32.5688,  5.62597, 0.0773, 0.0510,  31.8826, 24 May 2017 17:00:05
# 32.5009,  5.62095, 0.0797, 0.0486,  31.8937, 24 May 2017 18:00:05
# 32.5638,  5.62373, 0.0758, 0.0484,  31.8715, 24 May 2017 19:00:05
# 32.5647,  5.62420, 0.0747, 0.0517,  31.8739, 24 May 2017 20:00:05
# 32.5674,  5.62487, 0.0736, 0.0497,  31.8765, 24 May 2017 21:00:05
# 32.5789,  5.62563, 0.0748, 0.0510,  31.8740, 24 May 2017 22:00:05
# 32.5843,  5.62521, 0.0737, 0.0510,  31.8679, 24 May 2017 23:00:05
# 32.6096,  5.62428, 0.0748, 0.0487,  31.8460, 25 May 2017 00:00:05
# 32.6068,  5.62371, 0.0723, 0.0510,  31.8440, 25 May 2017 01:00:05
# 32.6427,  5.62463, 0.0735, 0.0510,  31.8272, 25 May 2017 02:00:05
# 32.6639,  5.62502, 0.0748, 0.0497,  31.8163, 25 May 2017 04:00:05
# 32.6674,  5.62453, 0.0748, 0.0529,  31.8109, 25 May 2017 05:00:05
# 32.6766,  5.62487, 0.0737, 0.0509,  31.8073, 25 May 2017 06:00:05
# 32.6913,  5.62520, 0.0735, 0.0510,  31.8001, 25 May 2017 07:00:05
# 32.6926,  5.62445, 0.0736, 0.0498,  31.7946, 25 May 2017 08:00:05
# 32.6968,  5.62412, 0.0735, 0.0510,  31.7897, 25 May 2017 09:00:05
# 32.7031,  5.62354, 0.0735, 0.0518,  31.7821, 25 May 2017 10:00:05
