# 29.2970,  5.62172, 0.0748, 0.0497,  34.0506, 19 May 2017 11:00:05
# 29.3045,  5.62297, 0.0748, 0.0497,  34.0537, 19 May 2017 12:00:05
# 29.3087,  5.62353, 0.0737, 0.0486,  34.0546, 19 May 2017 13:00:05
# 29.3102,  5.62378, 0.0748, 0.0486,  34.0552, 19 May 2017 14:00:05
# 29.3065,  5.62299, 0.0735, 0.0510,  34.0526, 19 May 2017 15:00:05
# 29.2843,  5.61967, 0.0797, 0.0801,  34.0456, 19 May 2017 16:00:05
# 29.3022,  5.62252, 0.0735, 0.0510,  34.0523, 19 May 2017 17:00:05
# 29.2959,  5.62171, 0.0773, 0.0497,  34.0513, 19 May 2017 18:00:05
# 29.2989,  5.62183, 0.0735, 0.0510,  34.0500, 19 May 2017 19:00:05
# 29.2773,  5.61859, 0.0760, 0.0486,  34.0433, 19 May 2017 20:00:05
# 29.2124,  5.61100, 0.0735, 0.0520,  34.0375, 19 May 2017 21:00:05
# 29.1294,  5.59995, 0.0761, 0.0579,  34.0209, 19 May 2017 22:00:05
# 29.2147,  5.61192, 0.0735, 0.0517,  34.0421, 19 May 2017 23:00:05
# 29.2205,  5.61193, 0.0747, 0.0517,  34.0381, 20 May 2017 00:00:05
# 29.2091,  5.60975, 0.0761, 0.0510,  34.0313, 20 May 2017 01:00:05
# 29.2183,  5.61101, 0.0735, 0.0498,  34.0334, 20 May 2017 02:00:05
# 29.2472,  5.61880, 0.0798, 0.0509,  34.0660, 20 May 2017 03:00:05
# 29.2902,  5.62426, 0.0784, 0.0498,  34.0728, 20 May 2017 04:00:05
# 29.2661,  5.61769, 0.0712, 0.0542,  34.0450, 20 May 2017 05:00:05
# 29.2901,  5.62327, 0.0774, 0.0555,  34.0660, 20 May 2017 06:00:05
# 29.1831,  5.60702, 0.0748, 0.0529,  34.0311, 20 May 2017 07:00:05
# 29.1894,  5.60699, 0.0736, 0.0651,  34.0264, 20 May 2017 08:00:05
# 29.2469,  5.61467, 0.0737, 0.0518,  34.0380, 20 May 2017 09:00:05
# 29.2926,  5.62229, 0.0761, 0.0510,  34.0576, 20 May 2017 10:00:05
