# 32.9386,  5.63523, 0.0821, 0.0497,  31.7079, 07 Jun 2017 11:00:05
# 33.1812,  5.63237, 0.0761, 0.0499,  31.5383, 07 Jun 2017 12:00:05
# 33.1672,  5.63265, 0.0797, 0.0510,  31.5487, 07 Jun 2017 13:00:05
# 33.1587,  5.63336, 0.0819, 0.0487,  31.5585, 07 Jun 2017 14:00:05
# 33.2037,  5.62986, 0.0822, 0.0487,  31.5084, 07 Jun 2017 15:00:05
# 33.1391,  5.63412, 0.0784, 0.0488,  31.5755, 07 Jun 2017 16:00:05
# 33.1462,  5.63231, 0.0809, 0.0488,  31.5597, 07 Jun 2017 17:00:05
# 33.1656,  5.63332, 0.0819, 0.0511,  31.5539, 07 Jun 2017 18:00:05
# 33.1707,  5.63265, 0.0795, 0.0520,  31.5465, 07 Jun 2017 19:00:05
# 33.1712,  5.63277, 0.0821, 0.0510,  31.5470, 07 Jun 2017 20:00:05
# 33.1860,  5.63288, 0.0797, 0.0517,  31.5385, 07 Jun 2017 21:00:05
# 33.1887,  5.63212, 0.0784, 0.0463,  31.5320, 07 Jun 2017 22:00:05
# 33.2051,  5.63279, 0.0771, 0.0499,  31.5260, 07 Jun 2017 23:00:05
# 33.1928,  5.63310, 0.0760, 0.0487,  31.5356, 08 Jun 2017 00:00:05
# 32.9731,  5.62422, 0.0797, 0.0520,  31.6167, 08 Jun 2017 01:00:05
# 33.2484,  5.62848, 0.0772, 0.0487,  31.4721, 08 Jun 2017 02:00:05
# 33.2832,  5.63099, 0.0797, 0.0485,  31.4662, 08 Jun 2017 03:00:05
# 33.1279,  5.62900, 0.0748, 0.0510,  31.5502, 08 Jun 2017 04:00:05
# 33.1895,  5.62811, 0.0749, 0.0509,  31.5063, 08 Jun 2017 05:00:05
# 33.2697,  5.62813, 0.0737, 0.0500,  31.4566, 08 Jun 2017 06:00:05
# 33.2651,  5.62642, 0.0713, 0.0475,  31.4488, 08 Jun 2017 07:00:05
# 33.2591,  5.62306, 0.0725, 0.0486,  31.4314, 08 Jun 2017 08:00:05
# 33.3219,  5.62235, 0.0760, 0.0475,  31.3880, 08 Jun 2017 09:00:05
# 33.3281,  5.62137, 0.0747, 0.0487,  31.3780, 08 Jun 2017 10:00:05
