# 29.4046,  5.63448, 0.0735, 0.0714,  34.0612, 03 Apr 2017 11:00:05
# 29.3994,  5.63429, 0.0748, 0.0727,  34.0636, 03 Apr 2017 12:00:05
# 29.3884,  5.63396, 0.0759, 0.0702,  34.0692, 03 Apr 2017 13:00:05
# 29.4060,  5.63546, 0.0748, 0.0739,  34.0668, 03 Apr 2017 14:00:05
# 29.4392,  5.63847, 0.0760, 0.0752,  34.0638, 03 Apr 2017 15:00:05
# 29.4512,  5.63965, 0.0737, 0.0741,  34.0633, 03 Apr 2017 16:00:05
# 29.4561,  5.63977, 0.0737, 0.0702,  34.0606, 03 Apr 2017 17:00:05
# 29.4564,  5.63982, 0.0736, 0.0740,  34.0608, 03 Apr 2017 18:00:05
# 29.4532,  5.63961, 0.0748, 0.0739,  34.0616, 03 Apr 2017 19:00:05
# 29.4493,  5.63887, 0.0724, 0.0740,  34.0594, 03 Apr 2017 20:00:05
# 29.4395,  5.63811, 0.0736, 0.0726,  34.0612, 03 Apr 2017 21:00:05
# 29.4413,  5.63859, 0.0748, 0.0727,  34.0631, 03 Apr 2017 22:00:05
# 29.4398,  5.63846, 0.0746, 0.0741,  34.0633, 03 Apr 2017 23:00:05
# 29.4313,  5.63768, 0.0736, 0.0752,  34.0641, 04 Apr 2017 00:00:05
# 29.4285,  5.63743, 0.0735, 0.0787,  34.0643, 04 Apr 2017 01:00:05
# 29.3763,  5.63433, 0.0784, 0.0726,  34.0802, 04 Apr 2017 02:00:05
# 29.3860,  5.63385, 0.0748, 0.0739,  34.0701, 04 Apr 2017 03:00:05
# 29.3935,  5.63474, 0.0737, 0.0727,  34.0708, 04 Apr 2017 04:00:05
# 29.4234,  5.63607, 0.0724, 0.0725,  34.0587, 04 Apr 2017 05:00:05
# 29.4091,  5.63527, 0.0748, 0.0728,  34.0633, 04 Apr 2017 06:00:05
# 29.3911,  5.63494, 0.0783, 0.0727,  34.0739, 04 Apr 2017 07:00:05
# 29.3502,  5.62708, 0.0748, 0.0728,  34.0493, 04 Apr 2017 08:00:05
# 29.3758,  5.63194, 0.0784, 0.0752,  34.0644, 04 Apr 2017 09:00:05
# 29.3972,  5.63436, 0.0749, 0.0740,  34.0656, 04 Apr 2017 10:00:05
