# 32.4503,  5.61450, 0.0772, 0.0510,  31.8846, 29 May 2017 11:00:05
# 32.4535,  5.61524, 0.0749, 0.0486,  31.8874, 29 May 2017 12:00:05
# 32.4937,  5.61903, 0.0738, 0.0511,  31.8860, 29 May 2017 13:00:05
# 32.4701,  5.61523, 0.0761, 0.0518,  31.8768, 29 May 2017 14:00:05
# 32.4742,  5.61547, 0.0809, 0.0517,  31.8757, 29 May 2017 15:00:05
# 32.4605,  5.61365, 0.0772, 0.0499,  31.8728, 29 May 2017 16:00:05
# 32.4747,  5.61548, 0.0786, 0.0511,  31.8754, 29 May 2017 17:00:05
# 32.4710,  5.61558, 0.0774, 0.0517,  31.8784, 29 May 2017 18:00:05
# 32.4900,  5.61691, 0.0784, 0.0528,  31.8748, 29 May 2017 19:00:05
# 32.4706,  5.61679, 0.0737, 0.0510,  31.8864, 29 May 2017 20:00:05
# 32.4937,  5.61676, 0.0723, 0.0510,  31.8715, 29 May 2017 21:00:05
# 32.4901,  5.61671, 0.0761, 0.0500,  31.8735, 29 May 2017 22:00:05
# 32.4891,  5.61663, 0.0700, 0.0510,  31.8736, 29 May 2017 23:00:05
# 32.4789,  5.61654, 0.0737, 0.0512,  31.8795, 30 May 2017 00:00:05
# 32.4873,  5.61699, 0.0736, 0.0486,  31.8771, 30 May 2017 01:00:05
# 32.5158,  5.61879, 0.0750, 0.0497,  31.8705, 30 May 2017 02:00:05
# 32.5250,  5.61840, 0.0735, 0.0510,  31.8621, 30 May 2017 03:00:05
# 32.5141,  5.61600, 0.0725, 0.0487,  31.8537, 30 May 2017 04:00:05
# 32.4982,  5.61414, 0.0737, 0.0518,  31.8520, 30 May 2017 05:00:05
# 32.5011,  5.61414, 0.0736, 0.0520,  31.8502, 30 May 2017 06:00:05
# 32.4991,  5.61465, 0.0723, 0.0509,  31.8547, 30 May 2017 07:00:05
# 32.4972,  5.61481, 0.0761, 0.0542,  31.8569, 30 May 2017 08:00:05
# 32.5012,  5.61562, 0.0761, 0.0486,  31.8595, 30 May 2017 09:00:05
# 32.4972,  5.61541, 0.0760, 0.0510,  31.8607, 30 May 2017 10:00:05
