# 33.9680,  5.63777, 0.0761, 0.0510,  31.0885, 13 Jun 2017 11:00:05
# 33.9324,  5.63737, 0.0797, 0.0499,  31.1076, 13 Jun 2017 12:00:05
# 33.9272,  5.63768, 0.0807, 0.0519,  31.1127, 13 Jun 2017 13:00:05
# 33.9324,  5.63735, 0.0808, 0.0510,  31.1075, 13 Jun 2017 14:00:05
# 33.9184,  5.63839, 0.0839, 0.0512,  31.1224, 13 Jun 2017 15:00:05
# 33.9713,  5.63814, 0.0820, 0.0510,  31.0887, 13 Jun 2017 16:00:05
# 34.0332,  5.64047, 0.0808, 0.0530,  31.0656, 13 Jun 2017 17:00:05
# 33.9315,  5.63843, 0.0829, 0.0498,  31.1147, 13 Jun 2017 18:00:05
# 33.9187,  5.63785, 0.0797, 0.0499,  31.1189, 13 Jun 2017 19:00:05
# 33.9590,  5.63841, 0.0807, 0.0543,  31.0979, 13 Jun 2017 20:00:05
# 33.9590,  5.63825, 0.0772, 0.0511,  31.0969, 13 Jun 2017 21:00:05
# 33.9649,  5.63813, 0.0797, 0.0529,  31.0925, 13 Jun 2017 22:00:05
# 33.9836,  5.63846, 0.0760, 0.0499,  31.0833, 13 Jun 2017 23:00:05
# 34.0635,  5.64019, 0.0809, 0.0517,  31.0455, 14 Jun 2017 00:00:05
# 34.0667,  5.63969, 0.0773, 0.0520,  31.0405, 14 Jun 2017 01:00:05
# 34.0805,  5.63978, 0.0787, 0.0499,  31.0327, 14 Jun 2017 02:00:05
# 34.0052,  5.63813, 0.0748, 0.0510,  31.0681, 14 Jun 2017 03:00:05
# 33.9544,  5.63761, 0.0821, 0.0565,  31.0957, 14 Jun 2017 04:00:05
# 33.9859,  5.63778, 0.0797, 0.0568,  31.0776, 14 Jun 2017 05:00:05
# 34.0303,  5.63569, 0.0774, 0.0518,  31.0378, 14 Jun 2017 06:00:05
# 34.0460,  5.63556, 0.0771, 0.0510,  31.0275, 14 Jun 2017 07:00:05
# 34.0068,  5.63498, 0.0748, 0.0499,  31.0476, 14 Jun 2017 08:00:05
# 33.9800,  5.63408, 0.0785, 0.0510,  31.0583, 14 Jun 2017 09:00:05
# 33.8716,  5.63441, 0.0797, 0.0486,  31.1262, 14 Jun 2017 10:00:05
