# 29.3259,  5.61943, 0.0770, 0.0492,  34.0145, 17 Feb 2017 11:20:27
# 29.3244,  5.62981, 0.0820, 0.0481,  34.0863, 17 Feb 2017 12:20:27
# 29.3284,  5.63027, 0.0798, 0.0486,  34.0866, 17 Feb 2017 13:20:27
# 29.3354,  5.62762, 0.0809, 0.0472,  34.0635, 17 Feb 2017 14:20:27
# 29.3661,  5.62507, 0.0800, 0.0494,  34.0244, 17 Feb 2017 15:20:27
# 29.3912,  5.62703, 0.0843, 0.0498,  34.0200, 17 Feb 2017 16:20:27
# 29.3322,  5.62783, 0.0874, 0.0476,  34.0672, 17 Feb 2017 17:20:27
# 29.3306,  5.62962, 0.0949, 0.0512,  34.0806, 17 Feb 2017 18:20:27
# 29.3776,  5.62650, 0.0827, 0.0511,  34.0260, 17 Feb 2017 19:20:27
# 29.3655,  5.62616, 0.0822, 0.0484,  34.0323, 17 Feb 2017 20:20:27
# 29.3505,  5.62374, 0.0793, 0.0475,  34.0264, 17 Feb 2017 21:20:27
# 29.2553,  5.62054, 0.0825, 0.0500,  34.0722, 17 Feb 2017 22:20:27
# 29.1168,  5.61305, 0.0889, 0.0516,  34.1196, 17 Feb 2017 23:20:27
# 29.3199,  5.62286, 0.0829, 0.0527,  34.0421, 18 Feb 2017 00:20:27
# 29.2911,  5.62153, 0.0806, 0.0510,  34.0535, 18 Feb 2017 01:20:27
# 29.1090,  5.61486, 0.0879, 0.0506,  34.1374, 18 Feb 2017 02:20:27
# 29.3564,  5.62386, 0.0809, 0.0497,  34.0231, 18 Feb 2017 03:20:27
# 29.3180,  5.62458, 0.0811, 0.0484,  34.0551, 18 Feb 2017 04:20:27
# 29.3071,  5.62752, 0.0811, 0.0509,  34.0830, 18 Feb 2017 05:20:27
# 29.3437,  5.62342, 0.0827, 0.0510,  34.0291, 18 Feb 2017 06:20:27
# 29.3170,  5.62024, 0.0822, 0.0499,  34.0263, 18 Feb 2017 07:20:27
# 29.2102,  5.62251, 0.0842, 0.0500,  34.1177, 18 Feb 2017 08:20:27
# 29.2383,  5.62026, 0.0844, 0.0510,  34.0824, 18 Feb 2017 09:20:27
# 29.1183,  5.61770, 0.0900, 0.0497,  34.1502, 18 Feb 2017 10:20:27
