# 32.5553,  5.61831, 0.0774, 0.0499,  31.8423, 31 May 2017 11:00:05
# 32.5563,  5.61879, 0.0809, 0.0543,  31.8447, 31 May 2017 12:00:05
# 32.5773,  5.62016, 0.0761, 0.0510,  31.8402, 31 May 2017 13:00:05
# 32.5941,  5.62212, 0.0761, 0.0497,  31.8420, 31 May 2017 14:00:05
# 32.5898,  5.62041, 0.0735, 0.0500,  31.8338, 31 May 2017 15:00:05
# 32.5966,  5.62080, 0.0749, 0.0498,  31.8321, 31 May 2017 16:00:05
# 32.6007,  5.62027, 0.0809, 0.0531,  31.8260, 31 May 2017 17:00:05
# 32.6112,  5.62093, 0.0759, 0.0497,  31.8236, 31 May 2017 18:00:05
# 32.5940,  5.62166, 0.0737, 0.0485,  31.8392, 31 May 2017 19:00:05
# 32.6132,  5.62136, 0.0723, 0.0486,  31.8251, 31 May 2017 20:00:05
# 32.5846,  5.62065, 0.0738, 0.0500,  31.8387, 31 May 2017 21:00:05
# 32.5917,  5.62009, 0.0760, 0.0497,  31.8306, 31 May 2017 22:00:05
# 32.6015,  5.62044, 0.0736, 0.0498,  31.8267, 31 May 2017 23:00:05
# 32.6015,  5.62036, 0.0773, 0.0510,  31.8261, 01 Jun 2017 00:00:05
# 32.6035,  5.62046, 0.0749, 0.0499,  31.8255, 01 Jun 2017 01:00:05
# 32.5954,  5.62022, 0.0748, 0.0510,  31.8291, 01 Jun 2017 02:00:05
# 32.6097,  5.62091, 0.0713, 0.0486,  31.8244, 01 Jun 2017 03:00:05
# 32.5992,  5.62057, 0.0698, 0.0497,  31.8289, 01 Jun 2017 04:00:05
# 32.6138,  5.62030, 0.0761, 0.0580,  31.8179, 01 Jun 2017 05:00:05
# 32.6143,  5.62043, 0.0748, 0.0510,  31.8185, 01 Jun 2017 06:00:05
# 32.5808,  5.61942, 0.0711, 0.0486,  31.8333, 01 Jun 2017 07:00:05
# 32.6000,  5.62091, 0.0713, 0.0487,  31.8306, 01 Jun 2017 08:00:05
# 32.5830,  5.62029, 0.0726, 0.0517,  31.8374, 01 Jun 2017 09:00:05
# 32.5979,  5.62039, 0.0735, 0.0511,  31.8286, 01 Jun 2017 10:00:05
