# 29.3055,  5.62140, 0.0760, 0.0510,  34.0424, 15 May 2017 11:00:05
# 29.3086,  5.62191, 0.0774, 0.0498,  34.0437, 15 May 2017 12:00:05
# 29.3076,  5.62188, 0.0761, 0.0486,  34.0442, 15 May 2017 13:00:05
# 29.3086,  5.62195, 0.0760, 0.0488,  34.0440, 15 May 2017 14:00:05
# 29.2972,  5.62164, 0.0784, 0.0499,  34.0499, 15 May 2017 15:00:05
# 29.3052,  5.62093, 0.0761, 0.0484,  34.0393, 15 May 2017 16:00:05
# 29.3060,  5.62131, 0.0784, 0.0497,  34.0414, 15 May 2017 17:00:05
# 29.3018,  5.62117, 0.0760, 0.0519,  34.0435, 15 May 2017 18:00:05
# 29.2997,  5.62093, 0.0774, 0.0511,  34.0433, 15 May 2017 19:00:05
# 29.2615,  5.61035, 0.0760, 0.0499,  33.9982, 15 May 2017 20:00:05
# 29.2709,  5.61403, 0.0761, 0.0510,  34.0167, 15 May 2017 21:00:05
# 29.2587,  5.60912, 0.0760, 0.0518,  33.9918, 15 May 2017 22:00:05
# 29.2794,  5.61432, 0.0700, 0.0510,  34.0126, 15 May 2017 23:00:05
# 29.3193,  5.62152, 0.0737, 0.0509,  34.0334, 16 May 2017 00:00:05
# 29.3189,  5.62105, 0.0725, 0.0497,  34.0305, 16 May 2017 01:00:05
# 29.3058,  5.61786, 0.0761, 0.0510,  34.0180, 16 May 2017 02:00:05
# 29.3244,  5.62030, 0.0725, 0.0511,  34.0215, 16 May 2017 03:00:05
# 29.3098,  5.61776, 0.0725, 0.0497,  34.0145, 16 May 2017 04:00:05
# 29.3249,  5.62033, 0.0700, 0.0497,  34.0213, 16 May 2017 05:00:05
# 29.3117,  5.61831, 0.0737, 0.0498,  34.0169, 16 May 2017 06:00:05
# 29.1635,  5.59710, 0.0723, 0.0556,  33.9772, 16 May 2017 07:00:05
# 28.8801,  5.54850, 0.0785, 0.0628,  33.8455, 16 May 2017 08:00:05
# 29.1724,  5.59159, 0.0737, 0.0520,  33.9333, 16 May 2017 09:00:05
# 29.2015,  5.59617, 0.0724, 0.0510,  33.9439, 16 May 2017 10:00:05
