# 29.2755,  5.62823, 0.0819, 0.0511,  34.1102, 08 May 2017 11:00:05
# 29.2716,  5.62822, 0.0796, 0.0689,  34.1129, 08 May 2017 12:00:05
# 29.2946,  5.62836, 0.0749, 0.0517,  34.0975, 08 May 2017 13:00:05
# 29.2554,  5.62891, 0.0797, 0.0510,  34.1292, 08 May 2017 14:00:05
# 29.3040,  5.62778, 0.0839, 0.0487,  34.0869, 08 May 2017 15:00:05
# 29.2734,  5.62997, 0.0771, 0.0511,  34.1236, 08 May 2017 16:00:05
# 29.2948,  5.62891, 0.0842, 0.0629,  34.1012, 08 May 2017 17:00:05
# 29.3081,  5.62799, 0.0829, 0.0519,  34.0854, 08 May 2017 18:00:05
# 29.2722,  5.63022, 0.0829, 0.0518,  34.1262, 08 May 2017 19:00:05
# 29.2693,  5.63029, 0.0808, 0.0510,  34.1288, 08 May 2017 20:00:05
# 29.2764,  5.62928, 0.0827, 0.0510,  34.1168, 08 May 2017 21:00:05
# 29.2726,  5.62931, 0.0819, 0.0518,  34.1197, 08 May 2017 22:00:05
# 29.2842,  5.63114, 0.0809, 0.0499,  34.1239, 08 May 2017 23:00:05
# 29.2950,  5.63291, 0.0772, 0.0484,  34.1284, 09 May 2017 00:00:05
# 29.2834,  5.63082, 0.0829, 0.0487,  34.1223, 09 May 2017 01:00:05
# 29.1301,  5.60434, 0.0773, 0.0578,  34.0505, 09 May 2017 02:00:05
# 29.2955,  5.63130, 0.0786, 0.0485,  34.1170, 09 May 2017 03:00:05
# 29.2939,  5.62686, 0.0772, 0.0497,  34.0879, 09 May 2017 04:00:05
# 29.3037,  5.62808, 0.0750, 0.0510,  34.0892, 09 May 2017 05:00:05
# 29.3099,  5.62699, 0.0748, 0.0461,  34.0773, 09 May 2017 06:00:05
# 29.3115,  5.62986, 0.0785, 0.0518,  34.0958, 09 May 2017 07:00:05
# 29.3220,  5.63068, 0.0749, 0.0509,  34.0939, 09 May 2017 08:00:05
# 29.3119,  5.63015, 0.0760, 0.0510,  34.0975, 09 May 2017 09:00:05
# 29.3253,  5.63175, 0.0748, 0.0510,  34.0988, 09 May 2017 10:00:05
