# 29.1408,  5.61406, 0.0825, 0.0484,  34.1094, 11 Mar 2017 11:20:27
# 29.1625,  5.61751, 0.0829, 0.0485,  34.1175, 11 Mar 2017 12:20:27
# 29.1713,  5.61858, 0.0838, 0.0501,  34.1185, 11 Mar 2017 13:20:27
# 29.1941,  5.62259, 0.0829, 0.0473,  34.1297, 11 Mar 2017 14:20:27
# 29.0892,  5.61169, 0.0887, 0.0475,  34.1299, 11 Mar 2017 15:20:27
# 29.1086,  5.61401, 0.0863, 0.0489,  34.1320, 11 Mar 2017 16:20:27
# 29.1133,  5.61416, 0.0876, 0.0529,  34.1296, 11 Mar 2017 17:20:27
# 29.1085,  5.61392, 0.0838, 0.0471,  34.1314, 11 Mar 2017 18:20:27
# 29.1327,  5.61625, 0.0820, 0.0484,  34.1301, 11 Mar 2017 19:20:27
# 29.1490,  5.61793, 0.0819, 0.0497,  34.1300, 11 Mar 2017 20:20:27
# 29.1570,  5.61894, 0.0832, 0.0511,  34.1312, 11 Mar 2017 21:20:27
# 29.1597,  5.61918, 0.0797, 0.0485,  34.1309, 11 Mar 2017 22:20:27
# 29.1647,  5.61911, 0.0820, 0.0503,  34.1269, 11 Mar 2017 23:20:27
# 29.1876,  5.61994, 0.0858, 0.0486,  34.1163, 12 Mar 2017 00:20:27
# 29.1778,  5.61862, 0.0830, 0.0493,  34.1142, 12 Mar 2017 01:20:27
# 29.1755,  5.61848, 0.0806, 0.0523,  34.1148, 12 Mar 2017 02:20:27
# 29.1775,  5.61936, 0.0852, 0.0470,  34.1195, 12 Mar 2017 03:20:27
# 29.2443,  5.62985, 0.0819, 0.0473,  34.1436, 12 Mar 2017 04:20:27
# 29.2788,  5.63528, 0.0812, 0.0507,  34.1560, 12 Mar 2017 05:20:27
# 29.3230,  5.64256, 0.0827, 0.0489,  34.1742, 12 Mar 2017 06:20:27
# 29.3148,  5.64133, 0.0820, 0.0502,  34.1716, 12 Mar 2017 07:20:27
# 29.3131,  5.64250, 0.0820, 0.0497,  34.1808, 12 Mar 2017 09:20:27
# 29.3516,  5.64690, 0.0819, 0.0512,  34.1835, 12 Mar 2017 10:20:27
