# 26.5151,  5.247405,  0.764, 0.1059, 0.4112,  33.4298, 07 Nov 2018 00:03:06
# 26.5225,  5.254783,  0.782, 0.1083, 0.4037,  33.4772, 07 Nov 2018 00:07:06
# 26.5396,  5.252581,  0.783, 0.1107, 0.4759,  33.4491, 07 Nov 2018 00:11:06
# 26.5824,  5.277070,  0.808, 0.1106, 0.4561,  33.5932, 07 Nov 2018 00:15:06
# 26.6051,  5.292713,  0.814, 0.1083, 0.4737,  33.6886, 07 Nov 2018 00:19:06
# 26.5537,  5.313851,  0.860, 0.1204, 0.5151,  33.8775, 07 Nov 2018 00:23:06
# 26.5131,  5.317943,  0.861, 0.1058, 0.4498,  33.9367, 07 Nov 2018 00:27:06
# 26.4811,  5.324082,  0.890, 0.1106, 0.4642,  34.0043, 07 Nov 2018 00:31:06
# 26.4165,  5.331332,  0.908, 0.1067, 0.4667,  34.1041, 07 Nov 2018 00:35:06
# 26.3889,  5.335460,  0.932, 0.1135, 0.4861,  34.1542, 07 Nov 2018 00:39:06
# 26.3643,  5.335104,  0.907, 0.1095, 0.5322,  34.1699, 07 Nov 2018 00:43:06
# 26.3525,  5.334762,  1.017, 0.1094, 0.5003,  34.1762, 07 Nov 2018 00:47:06
# 26.3377,  5.332775,  0.950, 0.1154, 0.6011,  34.1728, 07 Nov 2018 00:51:06
# 26.3170,  5.332009,  0.930, 0.1106, 0.5187,  34.1827, 07 Nov 2018 00:55:06
# 26.3042,  5.332283,  1.006, 0.1058, 0.5779,  34.1942, 07 Nov 2018 00:59:06
