# 27.0384,  5.295269,  0.807, 0.1108, 0.4060,  33.3935, 01 Nov 2018 22:03:06
# 27.0292,  5.292342,  0.788, 0.1170, 0.4170,  33.3793, 01 Nov 2018 22:07:06
# 27.0405,  5.292463,  0.818, 0.1155, 0.4488,  33.3721, 01 Nov 2018 22:11:06
# 27.0436,  5.288880,  0.800, 0.1135, 0.4675,  33.3445, 01 Nov 2018 22:15:06
# 27.0421,  5.286128,  0.847, 0.1132, 0.4871,  33.3261, 01 Nov 2018 22:19:06
# 27.0301,  5.281240,  0.829, 0.1167, 0.4956,  33.3000, 01 Nov 2018 22:23:06
# 27.0430,  5.285350,  0.885, 0.1154, 0.5163,  33.3199, 01 Nov 2018 22:27:06
# 27.0484,  5.286657,  0.861, 0.1168, 0.5972,  33.3253, 01 Nov 2018 22:31:06
# 27.0371,  5.278800,  0.846, 0.1141, 0.5646,  33.2777, 01 Nov 2018 22:35:06
# 27.0330,  5.277032,  0.806, 0.1204, 0.6591,  33.2682, 01 Nov 2018 22:39:06
# 27.0315,  5.277667,  0.841, 0.1155, 0.7076,  33.2737, 01 Nov 2018 22:43:06
# 26.9891,  5.271053,  0.880, 0.1191, 0.6273,  33.2572, 01 Nov 2018 22:47:06
# 26.9443,  5.274391,  0.848, 0.1169, 0.5573,  33.3129, 01 Nov 2018 22:51:06
# 26.9315,  5.274905,  0.861, 0.1141, 0.5489,  33.3257, 01 Nov 2018 22:55:06
# 26.9114,  5.275011,  0.925, 0.1155, 0.6034,  33.3409, 01 Nov 2018 22:59:06
