# 26.2049,  5.239788,  1.228, 0.1415, 2.4943,  33.6006, 27 Oct 2018 07:03:06
# 26.1188,  5.221582,  1.215, 0.1497, 2.6974,  33.5322, 27 Oct 2018 07:07:06
# 26.1201,  5.246809,  1.124, 0.1483, 2.6595,  33.7133, 27 Oct 2018 07:11:06
# 26.1955,  5.290520,  1.115, 0.1432, 2.1432,  33.9734, 27 Oct 2018 07:15:06
# 26.2813,  5.324063,  1.084, 0.1662, 3.0177,  34.1519, 27 Oct 2018 07:19:06
# 26.3477,  5.346338,  1.278, 0.1324, 1.8991,  34.2631, 27 Oct 2018 07:23:06
# 26.4124,  5.361481,  1.066, 0.1508, 2.0835,  34.3240, 27 Oct 2018 07:27:06
# 26.4334,  5.360660,  1.232, 0.1414, 1.6928,  34.3025, 27 Oct 2018 07:31:06
# 26.4552,  5.364522,  1.220, 0.1510, 2.0905,  34.3141, 27 Oct 2018 07:35:06
# 26.4690,  5.365876,  1.177, 0.1373, 1.6131,  34.3136, 27 Oct 2018 07:39:06
# 26.4886,  5.371109,  1.140, 0.1389, 1.8507,  34.3366, 27 Oct 2018 07:43:06
# 26.4991,  5.372076,  1.189, 0.1337, 1.7413,  34.3357, 27 Oct 2018 07:47:06
# 26.4995,  5.368781,  1.099, 0.1401, 1.7098,  34.3118, 27 Oct 2018 07:51:06
# 26.4897,  5.356881,  1.063, 0.1315, 1.7050,  34.2335, 27 Oct 2018 07:55:06
# 26.4878,  5.349852,  1.105, 0.1324, 1.6832,  34.1844, 27 Oct 2018 07:59:06
