# 27.5220,  5.32706,   0.903, 0.1254, 2.3223,  33.2723, 15 Sep 2018 17:00:12
# 27.5861,  5.30866,   0.924, 0.1399, 3.0566,  33.0980, 15 Sep 2018 17:04:12
# 27.6427,  5.28038,   0.870, 0.1244, 2.3944,  32.8603, 15 Sep 2018 17:08:12
# 27.6216,  5.28633,   0.820, 0.1146, 1.7685,  32.9168, 15 Sep 2018 17:12:12
# 27.6067,  5.28558,   0.938, 0.1192, 1.8800,  32.9219, 15 Sep 2018 17:16:12
# 27.5841,  5.28732,   0.866, 0.1234, 1.9587,  32.9500, 15 Sep 2018 17:20:12
# 27.5461,  5.28635,   0.868, 0.1218, 2.1160,  32.9698, 15 Sep 2018 17:24:12
# 27.5325,  5.28335,   0.870, 0.1135, 1.8477,  32.9584, 15 Sep 2018 17:28:12
# 27.4997,  5.27848,   0.921, 0.1157, 1.8588,  32.9473, 15 Sep 2018 17:32:12
# 27.4797,  5.27145,   0.883, 0.1290, 1.8840,  32.9122, 15 Sep 2018 17:36:12
# 27.4568,  5.26263,   0.918, 0.1182, 1.8703,  32.8663, 15 Sep 2018 17:40:12
# 27.4382,  5.25291,   0.883, 0.1119, 1.7985,  32.8112, 15 Sep 2018 17:44:12
# 27.4158,  5.24695,   0.826, 0.1118, 1.6038,  32.7851, 15 Sep 2018 17:48:12
# 27.4093,  5.22906,   0.859, 0.1118, 1.7611,  32.6642, 15 Sep 2018 17:52:12
# 27.4043,  5.22791,   0.846, 0.1146, 1.9426,  32.6596, 15 Sep 2018 17:56:12
