# 26.2326,  5.256808,  1.148, 0.1495, 2.1411,  33.7030, 28 Oct 2018 08:03:06
# 26.2167,  5.246363,  1.051, 0.1508, 2.3228,  33.6394, 28 Oct 2018 08:07:06
# 26.1902,  5.224393,  1.123, 0.1590, 2.5815,  33.5004, 28 Oct 2018 08:11:06
# 26.1778,  5.212915,  1.173, 0.1601, 2.7292,  33.4268, 28 Oct 2018 08:15:06
# 26.1504,  5.194515,  1.259, 0.1635, 3.0108,  33.3141, 28 Oct 2018 08:19:06
# 26.1382,  5.188508,  1.209, 0.1614, 2.8107,  33.2797, 28 Oct 2018 08:23:06
# 26.1428,  5.193667,  1.098, 0.1508, 2.4980,  33.3135, 28 Oct 2018 08:27:06
# 26.1516,  5.201463,  1.114, 0.1472, 2.2200,  33.3633, 28 Oct 2018 08:31:06
# 26.1455,  5.194215,  1.112, 0.1447, 2.3278,  33.3155, 28 Oct 2018 08:35:06
# 26.1507,  5.194507,  1.123, 0.1474, 2.4370,  33.3138, 28 Oct 2018 08:39:06
# 26.1523,  5.192227,  1.222, 0.1664, 2.9399,  33.2963, 28 Oct 2018 08:43:06
# 26.1490,  5.192692,  1.106, 0.1424, 2.1785,  33.3020, 28 Oct 2018 08:47:06
# 26.1486,  5.189467,  1.090, 0.1434, 2.1859,  33.2791, 28 Oct 2018 08:51:06
# 26.1519,  5.189205,  1.075, 0.1434, 2.3970,  33.2748, 28 Oct 2018 08:55:06
# 26.1663,  5.192399,  1.092, 0.1434, 2.3336,  33.2874, 28 Oct 2018 08:59:06
