# 28.8882,  5.621229,  0.799, 0.1192, 0.3855,  34.3392, 08 Nov 2018 14:03:06
# 28.9227,  5.627739,  0.848, 0.1435, 0.5186,  34.3592, 08 Nov 2018 14:07:06
# 28.9234,  5.622399,  0.815, 0.1535, 0.4461,  34.3219, 08 Nov 2018 14:11:06
# 28.9881,  5.635743,  0.822, 0.1399, 0.4738,  34.3671, 08 Nov 2018 14:15:06
# 28.9765,  5.633134,  0.859, 0.1289, 0.4330,  34.3575, 08 Nov 2018 14:19:06
# 28.9742,  5.629291,  0.859, 0.1658, 0.5150,  34.3327, 08 Nov 2018 14:23:06
# 28.9794,  5.628025,  0.817, 0.1242, 0.4193,  34.3203, 08 Nov 2018 14:27:06
# 28.9063,  5.608006,  0.821, 0.1545, 0.8327,  34.2353, 08 Nov 2018 14:31:06
# 28.9161,  5.605224,  0.895, 0.1379, 0.6296,  34.2091, 08 Nov 2018 14:35:06
# 28.8993,  5.598709,  0.802, 0.1180, 0.4820,  34.1764, 08 Nov 2018 14:39:06
# 28.9117,  5.597377,  0.914, 0.1278, 0.5138,  34.1583, 08 Nov 2018 14:43:06
# 28.9284,  5.599072,  0.934, 0.1853, 0.6479,  34.1580, 08 Nov 2018 14:47:06
# 28.9428,  5.599374,  0.877, 0.1377, 0.5660,  34.1498, 08 Nov 2018 14:51:06
# 28.9447,  5.596803,  0.890, 0.1360, 0.8157,  34.1308, 08 Nov 2018 14:55:06
# 28.9768,  5.602379,  0.916, 0.1472, 0.5633,  34.1461, 08 Nov 2018 14:59:06
