# 28.4230,  5.608945,  0.794, 0.1303, 0.7175,  34.5916, 21 Oct 2018 17:03:06
# 28.3686,  5.598169,  0.807, 0.1328, 0.7863,  34.5564, 21 Oct 2018 17:07:06
# 28.3228,  5.588724,  0.803, 0.1340, 0.7994,  34.5241, 21 Oct 2018 17:11:06
# 28.2708,  5.576070,  0.838, 0.1601, 1.6313,  34.4740, 21 Oct 2018 17:15:06
# 28.2279,  5.560647,  0.857, 0.1328, 0.9033,  34.3978, 21 Oct 2018 17:19:06
# 28.1380,  5.553769,  0.823, 0.1303, 0.8912,  34.4154, 21 Oct 2018 17:23:06
# 28.0862,  5.569078,  0.770, 0.1205, 0.6007,  34.5602, 21 Oct 2018 17:27:06
# 28.0234,  5.567657,  0.755, 0.1361, 0.7003,  34.5963, 21 Oct 2018 17:31:06
# 27.8552,  5.549947,  0.806, 0.1313, 0.6848,  34.5958, 21 Oct 2018 17:35:06
# 27.7510,  5.538487,  0.810, 0.1192, 0.6236,  34.5920, 21 Oct 2018 17:39:06
# 27.7696,  5.541401,  0.767, 0.1280, 0.6175,  34.5988, 21 Oct 2018 17:43:06
# 27.7800,  5.542743,  0.739, 0.1289, 0.6907,  34.6006, 21 Oct 2018 17:47:06
# 27.7460,  5.539443,  0.736, 0.1182, 0.6482,  34.6025, 21 Oct 2018 17:51:06
# 27.7771,  5.542088,  0.715, 0.1218, 0.5888,  34.5982, 21 Oct 2018 17:55:06
# 27.7881,  5.541239,  0.704, 0.1279, 0.7637,  34.5841, 21 Oct 2018 17:59:06
