# 25.4684,  5.081489,  0.685, 0.1389, 0.4330,  32.9898, 12 Nov 2018 15:03:06
# 25.4802,  5.083169,  0.681, 0.1253, 0.4100,  32.9935, 12 Nov 2018 15:07:06
# 25.4676,  5.080642,  0.690, 0.1350, 0.4353,  32.9842, 12 Nov 2018 15:11:06
# 25.4903,  5.082856,  0.711, 0.1241, 0.3964,  32.9839, 12 Nov 2018 15:15:06
# 25.4782,  5.080575,  0.685, 0.1351, 0.4099,  32.9760, 12 Nov 2018 15:19:06
# 25.4841,  5.076725,  0.720, 0.1276, 0.4269,  32.9437, 12 Nov 2018 15:23:06
# 25.4911,  5.075069,  0.712, 0.1471, 0.4279,  32.9266, 12 Nov 2018 15:27:06
# 25.4950,  5.073108,  0.700, 0.1373, 0.4245,  32.9095, 12 Nov 2018 15:31:06
# 25.4814,  5.068095,  0.734, 0.1459, 0.4289,  32.8828, 12 Nov 2018 15:35:06
# 25.5092,  5.072387,  0.683, 0.1546, 0.4390,  32.8940, 12 Nov 2018 15:39:06
# 25.4863,  5.063434,  0.706, 0.1447, 0.4195,  32.8454, 12 Nov 2018 15:43:06
# 25.4911,  5.062840,  0.700, 0.1482, 0.4651,  32.8376, 12 Nov 2018 15:47:06
# 25.4582,  5.048201,  0.723, 0.1511, 0.4811,  32.7547, 12 Nov 2018 15:51:06
# 25.4624,  5.045614,  0.725, 0.1510, 0.4607,  32.7329, 12 Nov 2018 15:55:06
# 25.4694,  5.044051,  0.753, 0.1450, 0.4389,  32.7165, 12 Nov 2018 15:59:06
