# 27.1337,  5.39329,   0.864, 0.0913, 0.8730,  34.0194, 27 Sep 2018 02:00:12
# 27.1324,  5.39329,   0.946, 0.0889, 0.7984,  34.0204, 27 Sep 2018 02:04:12
# 27.1321,  5.39367,   0.847, 0.0889, 0.7765,  34.0233, 27 Sep 2018 02:08:12
# 27.1339,  5.39229,   1.020, 0.0901, 0.8314,  34.0122, 27 Sep 2018 02:12:12
# 27.1315,  5.39306,   0.961, 0.0901, 0.8130,  34.0194, 27 Sep 2018 02:16:12
# 27.1280,  5.39653,   0.987, 0.0916, 1.1102,  34.0466, 27 Sep 2018 02:20:12
# 27.1271,  5.39772,   0.967, 0.0901, 0.9609,  34.0556, 27 Sep 2018 02:24:12
# 27.1197,  5.40290,   0.972, 0.0899, 1.0089,  34.0978, 27 Sep 2018 02:28:12
# 27.1125,  5.40652,   1.047, 0.0915, 1.1333,  34.1288, 27 Sep 2018 02:32:12
# 27.1067,  5.40765,   1.019, 0.0914, 1.1234,  34.1411, 27 Sep 2018 02:36:12
# 27.1050,  5.40851,   0.993, 0.0876, 1.0450,  34.1484, 27 Sep 2018 02:40:12
# 27.1075,  5.40923,   0.975, 0.0890, 0.9741,  34.1517, 27 Sep 2018 02:44:12
# 27.1061,  5.40944,   0.934, 0.0900, 1.1719,  34.1542, 27 Sep 2018 02:48:12
# 27.1072,  5.40926,   1.015, 0.0963, 1.2463,  34.1521, 27 Sep 2018 02:52:12
# 27.1067,  5.40897,   1.022, 0.0925, 1.1028,  34.1504, 27 Sep 2018 02:56:12
