# 26.9584,  5.448692,  1.036, 0.1022, 0.6529,  34.5427, 13 Oct 2018 09:03:06
# 26.9641,  5.450859,  1.060, 0.1022, 0.8058,  34.5540, 13 Oct 2018 09:07:06
# 26.9817,  5.453876,  1.021, 0.1106, 0.8436,  34.5624, 13 Oct 2018 09:11:06
# 27.0019,  5.456380,  0.994, 0.1083, 0.7417,  34.5653, 13 Oct 2018 09:15:06
# 27.0255,  5.458892,  1.052, 0.1093, 0.8983,  34.5656, 13 Oct 2018 09:19:06
# 27.0465,  5.460670,  0.994, 0.1035, 0.7528,  34.5626, 13 Oct 2018 09:23:06
# 27.0668,  5.461596,  0.956, 0.1072, 0.7542,  34.5542, 13 Oct 2018 09:27:06
# 27.0881,  5.462953,  0.968, 0.1010, 0.7465,  34.5480, 13 Oct 2018 09:31:06
# 27.1114,  5.464945,  0.893, 0.1010, 0.7577,  34.5449, 13 Oct 2018 09:35:06
# 27.1310,  5.465888,  0.924, 0.1009, 0.6809,  34.5370, 13 Oct 2018 09:39:06
# 27.1488,  5.466884,  1.058, 0.0986, 0.6626,  34.5309, 13 Oct 2018 09:43:06
# 27.1643,  5.467880,  0.949, 0.0999, 0.5791,  34.5265, 13 Oct 2018 09:47:06
# 27.1779,  5.467474,  0.991, 0.1012, 0.6118,  34.5135, 13 Oct 2018 09:51:06
# 27.1945,  5.469053,  0.957, 0.0974, 0.7001,  34.5124, 13 Oct 2018 09:55:06
# 27.2124,  5.469359,  0.924, 0.0999, 0.6555,  34.5014, 13 Oct 2018 09:59:06
