# 26.7946,  5.40800,   0.648, 0.1059, 0.2943,  34.3739, 08 Oct 2018 09:00:12
# 26.8151,  5.42336,   0.697, 0.1035, 0.2943,  34.4686, 08 Oct 2018 09:04:12
# 26.8531,  5.43692,   0.689, 0.1009, 0.3064,  34.5372, 08 Oct 2018 09:08:12
# 26.8898,  5.44860,   0.668, 0.1095, 0.3761,  34.5933, 08 Oct 2018 09:12:12
# 26.9155,  5.44693,   0.696, 0.1106, 0.2911,  34.5623, 08 Oct 2018 09:16:12
# 26.9784,  5.47155,   0.655, 0.0999, 0.2680,  34.6911, 08 Oct 2018 09:20:12
# 27.0135,  5.47623,   0.649, 0.0902, 0.2620,  34.6983, 08 Oct 2018 09:24:12
# 27.0513,  5.48231,   0.714, 0.1142, 0.2944,  34.7134, 08 Oct 2018 09:28:12
# 27.0972,  5.48839,   0.633, 0.1231, 0.2944,  34.7225, 08 Oct 2018 09:32:12
# 27.1360,  5.49081,   0.683, 0.0998, 0.2569,  34.7107, 08 Oct 2018 09:36:12
# 27.1837,  5.49420,   0.691, 0.0973, 0.2558,  34.6992, 08 Oct 2018 09:40:12
# 27.2225,  5.49152,   0.690, 0.0989, 0.2872,  34.6513, 08 Oct 2018 09:44:12
# 27.2566,  5.48616,   0.660, 0.1058, 0.2751,  34.5880, 08 Oct 2018 09:48:12
# 27.3065,  5.48782,   0.662, 0.1035, 0.2859,  34.5627, 08 Oct 2018 09:52:12
# 27.3436,  5.48759,   0.708, 0.1120, 0.2956,  34.5336, 08 Oct 2018 09:56:12
