# 26.7184,  5.45470,   0.846, 0.1009, 0.5962,  34.7652, 01 Oct 2018 04:00:12
# 26.7210,  5.45488,   0.814, 0.0922, 0.4993,  34.7646, 01 Oct 2018 04:04:12
# 26.7273,  5.45544,   0.868, 0.0937, 0.4727,  34.7639, 01 Oct 2018 04:08:12
# 26.7351,  5.45623,   0.875, 0.0900, 0.3868,  34.7636, 01 Oct 2018 04:12:12
# 26.7389,  5.45665,   0.896, 0.0951, 0.5064,  34.7638, 01 Oct 2018 04:16:12
# 26.7458,  5.45727,   0.839, 0.0914, 0.4607,  34.7632, 01 Oct 2018 04:20:12
# 26.7495,  5.45766,   0.883, 0.0913, 0.4134,  34.7631, 01 Oct 2018 04:24:12
# 26.7587,  5.45854,   0.861, 0.0901, 0.4573,  34.7625, 01 Oct 2018 04:28:12
# 26.7659,  5.45928,   0.931, 0.0973, 0.4414,  34.7624, 01 Oct 2018 04:32:12
# 26.7705,  5.45971,   0.895, 0.0901, 0.4133,  34.7621, 01 Oct 2018 04:36:12
# 26.7748,  5.46009,   0.931, 0.0963, 0.5646,  34.7616, 01 Oct 2018 04:40:12
# 26.7757,  5.46014,   0.930, 0.0888, 0.5124,  34.7612, 01 Oct 2018 04:44:12
# 26.7793,  5.46025,   0.942, 0.1010, 0.4908,  34.7592, 01 Oct 2018 04:48:12
# 26.7777,  5.45981,   0.891, 0.0922, 0.4462,  34.7573, 01 Oct 2018 04:52:12
# 26.7769,  5.45976,   0.867, 0.0951, 0.5585,  34.7575, 01 Oct 2018 04:56:12
