# 26.5830,  5.272714,  0.681, 0.0995, 0.3404,  33.5617, 02 Nov 2018 21:03:06
# 26.6022,  5.286196,  0.686, 0.1083, 0.3650,  33.6442, 02 Nov 2018 21:07:06
# 26.5124,  5.243405,  0.685, 0.1083, 0.3648,  33.4032, 02 Nov 2018 21:11:06
# 26.5077,  5.237125,  0.660, 0.1106, 0.4414,  33.3616, 02 Nov 2018 21:15:06
# 26.5084,  5.250562,  0.682, 0.1083, 0.4331,  33.4572, 02 Nov 2018 21:19:06
# 26.4273,  5.256661,  0.690, 0.0998, 0.3429,  33.5599, 02 Nov 2018 21:23:06
# 26.4600,  5.264927,  0.709, 0.1094, 0.4063,  33.5953, 02 Nov 2018 21:27:06
# 26.4638,  5.278492,  0.715, 0.1072, 0.3529,  33.6898, 02 Nov 2018 21:31:06
# 26.4599,  5.279542,  0.771, 0.1083, 0.3893,  33.7002, 02 Nov 2018 21:35:06
# 26.4865,  5.273191,  0.732, 0.1106, 0.4379,  33.6353, 02 Nov 2018 21:39:06
# 26.5006,  5.272843,  0.752, 0.1035, 0.3968,  33.6225, 02 Nov 2018 21:43:06
# 26.5241,  5.269356,  0.725, 0.1057, 0.4570,  33.5804, 02 Nov 2018 21:47:06
# 26.5307,  5.269665,  0.764, 0.1070, 0.4450,  33.5778, 02 Nov 2018 21:51:06
# 26.5727,  5.271038,  0.758, 0.1046, 0.4800,  33.5571, 02 Nov 2018 21:55:06
# 26.5655,  5.273748,  0.788, 0.1048, 0.4487,  33.5817, 02 Nov 2018 21:59:06
