# 26.3179,  5.227015,  0.742, 0.1131, 0.4652,  33.4265, 05 Nov 2018 23:03:06
# 26.4106,  5.229165,  0.684, 0.1121, 0.4243,  33.3748, 05 Nov 2018 23:07:06
# 26.4358,  5.230022,  0.750, 0.1521, 0.8325,  33.3627, 05 Nov 2018 23:11:06
# 26.5265,  5.237185,  0.741, 0.1170, 0.5128,  33.3485, 05 Nov 2018 23:15:06
# 26.5225,  5.231164,  0.785, 0.1374, 0.6167,  33.3082, 05 Nov 2018 23:19:06
# 26.5544,  5.237440,  0.776, 0.1142, 0.6529,  33.3301, 05 Nov 2018 23:23:06
# 26.5622,  5.242116,  0.746, 0.1255, 0.5612,  33.3580, 05 Nov 2018 23:27:06
# 26.5611,  5.246899,  0.801, 0.1325, 0.5926,  33.3929, 05 Nov 2018 23:31:06
# 26.5754,  5.247984,  0.791, 0.1267, 0.7453,  33.3903, 05 Nov 2018 23:35:06
# 26.6041,  5.252083,  0.811, 0.1253, 0.6616,  33.3989, 05 Nov 2018 23:39:06
# 26.6178,  5.258264,  0.824, 0.1230, 0.6571,  33.4332, 05 Nov 2018 23:43:06
# 26.6165,  5.271490,  0.805, 0.1473, 1.1135,  33.5286, 05 Nov 2018 23:47:06
# 26.5562,  5.265974,  0.853, 0.1119, 0.5998,  33.5328, 05 Nov 2018 23:51:06
# 26.5238,  5.268684,  0.831, 0.1253, 0.7588,  33.5758, 05 Nov 2018 23:55:06
# 26.4947,  5.282208,  0.890, 0.1350, 0.6775,  33.6938, 05 Nov 2018 23:59:06
