# 28.3671,  5.62297,   0.940, 0.1072, 0.3613,  34.7300, 06 Oct 2018 11:00:12
# 28.3890,  5.62558,   0.993, 0.1048, 0.4206,  34.7320, 06 Oct 2018 11:04:12
# 28.4081,  5.62675,   1.011, 0.1034, 0.3952,  34.7261, 06 Oct 2018 11:08:12
# 28.4262,  5.62898,   0.987, 0.1032, 0.4473,  34.7283, 06 Oct 2018 11:12:12
# 28.4370,  5.63158,   1.101, 0.1083, 0.5077,  34.7384, 06 Oct 2018 11:16:12
# 28.4600,  5.63325,   1.069, 0.1070, 0.5320,  34.7333, 06 Oct 2018 11:20:12
# 28.4732,  5.63322,   0.976, 0.1095, 0.5067,  34.7234, 06 Oct 2018 11:24:12
# 28.4898,  5.63419,   1.119, 0.1215, 0.4822,  34.7179, 06 Oct 2018 11:28:12
# 28.4920,  5.63526,   1.070, 0.1069, 0.5295,  34.7238, 06 Oct 2018 11:32:12
# 28.4772,  5.63609,   0.994, 0.1106, 0.4620,  34.7404, 06 Oct 2018 11:36:12
# 28.4840,  5.63660,   1.047, 0.1070, 0.4411,  34.7389, 06 Oct 2018 11:40:12
# 28.5025,  5.63869,   1.173, 0.1167, 0.5396,  34.7398, 06 Oct 2018 11:44:12
# 28.4954,  5.63870,   1.127, 0.1153, 0.6787,  34.7451, 06 Oct 2018 11:48:12
# 28.4955,  5.63905,   1.109, 0.1096, 0.5644,  34.7475, 06 Oct 2018 11:52:12
# 28.5152,  5.64062,   1.121, 0.1115, 0.7254,  34.7440, 06 Oct 2018 11:56:12
