# 26.8302,  5.38398,   1.073, 0.1144, 1.2080,  34.1758, 08 Oct 2018 04:00:12
# 26.8304,  5.39173,   0.967, 0.1167, 1.2152,  34.2310, 08 Oct 2018 04:04:12
# 26.8443,  5.39548,   1.071, 0.1204, 1.2979,  34.2475, 08 Oct 2018 04:08:12
# 26.8573,  5.40280,   1.053, 0.1278, 1.4477,  34.2902, 08 Oct 2018 04:12:12
# 26.8663,  5.41318,   1.039, 0.1170, 1.4356,  34.3576, 08 Oct 2018 04:16:12
# 26.8705,  5.42038,   0.994, 0.1205, 1.2697,  34.4060, 08 Oct 2018 04:20:12
# 26.8710,  5.42217,   0.994, 0.1230, 1.3233,  34.4184, 08 Oct 2018 04:24:12
# 26.8743,  5.42521,   1.075, 0.1142, 1.2880,  34.4376, 08 Oct 2018 04:28:12
# 26.8717,  5.42543,   1.066, 0.1119, 1.1514,  34.4411, 08 Oct 2018 04:32:12
# 26.8712,  5.42622,   0.927, 0.1155, 1.2869,  34.4472, 08 Oct 2018 04:36:12
# 26.8589,  5.42369,   1.063, 0.1143, 1.1644,  34.4382, 08 Oct 2018 04:40:12
# 26.8535,  5.42479,   1.047, 0.1219, 1.2489,  34.4501, 08 Oct 2018 04:44:12
# 26.8500,  5.42479,   0.933, 0.1170, 1.1197,  34.4527, 08 Oct 2018 04:48:12
# 26.8549,  5.42990,   0.963, 0.1134, 1.1258,  34.4856, 08 Oct 2018 04:52:12
# 26.8567,  5.43294,   0.945, 0.1155, 1.1405,  34.5060, 08 Oct 2018 04:56:12
