# 26.3748,  5.40647,   0.690, 0.0852, 0.3565,  34.6767, 23 Sep 2018 07:00:12
# 26.3773,  5.40744,   0.695, 0.0876, 0.3072,  34.6818, 23 Sep 2018 07:04:12
# 26.3792,  5.40824,   0.680, 0.0865, 0.3391,  34.6861, 23 Sep 2018 07:08:12
# 26.3783,  5.40886,   0.694, 0.0887, 0.3135,  34.6913, 23 Sep 2018 07:12:12
# 26.3813,  5.40959,   0.639, 0.0816, 0.3051,  34.6943, 23 Sep 2018 07:16:12
# 26.3795,  5.40923,   0.642, 0.0851, 0.2982,  34.6931, 23 Sep 2018 07:20:12
# 26.3756,  5.40873,   0.636, 0.0853, 0.2945,  34.6924, 23 Sep 2018 07:24:12
# 26.3773,  5.40900,   0.654, 0.0867, 0.2753,  34.6930, 23 Sep 2018 07:28:12
# 26.3779,  5.40948,   0.638, 0.0852, 0.2752,  34.6961, 23 Sep 2018 07:32:12
# 26.3809,  5.40975,   0.669, 0.0852, 0.3098,  34.6958, 23 Sep 2018 07:36:12
# 26.3828,  5.40976,   0.607, 0.0864, 0.2886,  34.6944, 23 Sep 2018 07:40:12
# 26.3987,  5.41150,   0.616, 0.0798, 0.2622,  34.6950, 23 Sep 2018 07:44:12
# 26.4098,  5.41274,   0.626, 0.0804, 0.2773,  34.6956, 23 Sep 2018 07:48:12
# 26.4247,  5.41408,   0.654, 0.0818, 0.2693,  34.6941, 23 Sep 2018 07:52:12
# 26.4245,  5.41195,   0.640, 0.0802, 0.2692,  34.6789, 23 Sep 2018 07:56:12
