# 27.6588,  5.33297,   0.675, 0.2318, 0.8571,  33.2168, 14 Sep 2018 15:00:12
# 27.5806,  5.31093,   0.865, 0.1035, 1.2655,  33.1178, 14 Sep 2018 15:04:12
# 27.5414,  5.29450,   0.836, 0.0925, 0.6888,  33.0303, 14 Sep 2018 15:08:12
# 27.5337,  5.28475,   0.825, 0.0829, 0.6459,  32.9674, 14 Sep 2018 15:12:12
# 27.5288,  5.27866,   0.818, 0.1349, 2.1163,  32.9281, 14 Sep 2018 15:16:12
# 27.5378,  5.28123,   0.860, 0.1069, 1.5980,  32.9398, 14 Sep 2018 15:20:12
# 27.5407,  5.27959,   0.819, 0.0886, 1.1203,  32.9263, 14 Sep 2018 15:24:12
# 27.5149,  5.26784,   0.843, 0.0915, 1.1746,  32.8621, 14 Sep 2018 15:28:12
# 27.5128,  5.26871,   0.836, 0.0836, 0.9960,  32.8697, 14 Sep 2018 15:32:12
# 27.5218,  5.27437,   0.831, 0.0877, 1.1556,  32.9030, 14 Sep 2018 15:36:12
# 27.5370,  5.27871,   0.833, 0.0900, 1.2457,  32.9227, 14 Sep 2018 15:40:12
# 27.5900,  5.29151,   0.891, 0.0912, 1.0358,  32.9751, 14 Sep 2018 15:44:12
# 27.6578,  5.30142,   0.840, 0.0914, 1.0298,  32.9968, 14 Sep 2018 15:48:12
# 27.7230,  5.30833,   0.865, 0.0902, 1.1288,  32.9992, 14 Sep 2018 15:52:12
# 27.7074,  5.30503,   0.845, 0.0829, 1.0404,  32.9872, 14 Sep 2018 15:56:12
