# 25.7679,  5.355001,  0.855, 0.1080, 0.4894,  34.7625, 18 Oct 2018 23:03:06
# 25.7572,  5.353808,  0.833, 0.1083, 0.4464,  34.7619, 18 Oct 2018 23:07:06
# 25.7670,  5.355130,  0.831, 0.1095, 0.5608,  34.7641, 18 Oct 2018 23:11:06
# 25.7560,  5.354925,  0.832, 0.1109, 0.7198,  34.7710, 18 Oct 2018 23:15:06
# 25.7746,  5.357220,  0.841, 0.1085, 0.4882,  34.7736, 18 Oct 2018 23:19:06
# 25.7712,  5.357038,  0.903, 0.1171, 0.9389,  34.7748, 18 Oct 2018 23:23:06
# 25.7600,  5.356179,  0.878, 0.1131, 0.6133,  34.7771, 18 Oct 2018 23:27:06
# 25.7412,  5.353375,  0.833, 0.1081, 0.7114,  34.7709, 18 Oct 2018 23:31:06
# 25.7351,  5.350602,  0.826, 0.1130, 0.6297,  34.7553, 18 Oct 2018 23:35:06
# 25.7564,  5.351612,  0.845, 0.1123, 0.6202,  34.7465, 18 Oct 2018 23:39:06
# 25.7544,  5.348710,  0.889, 0.1144, 0.5826,  34.7267, 18 Oct 2018 23:43:06
# 25.7803,  5.352394,  0.970, 0.1083, 0.6433,  34.7340, 18 Oct 2018 23:47:06
# 25.7909,  5.353314,  0.843, 0.1155, 0.6664,  34.7326, 18 Oct 2018 23:51:06
# 25.8039,  5.354598,  0.944, 0.1130, 0.6406,  34.7321, 18 Oct 2018 23:55:06
# 25.8320,  5.359089,  0.945, 0.1083, 0.6333,  34.7435, 18 Oct 2018 23:59:06
