# 27.5260,  5.517069,  0.670, 0.1097, 0.4292,  34.6073, 19 Oct 2018 19:03:06
# 27.4948,  5.517254,  0.689, 0.1142, 0.5413,  34.6317, 19 Oct 2018 19:07:06
# 27.4744,  5.513992,  0.637, 0.1084, 0.4331,  34.6237, 19 Oct 2018 19:11:06
# 27.4514,  5.505730,  0.628, 0.1070, 0.5876,  34.5823, 19 Oct 2018 19:15:06
# 27.4269,  5.503701,  0.661, 0.1070, 0.4749,  34.5860, 19 Oct 2018 19:19:06
# 27.3860,  5.506147,  0.691, 0.1033, 0.4583,  34.6337, 19 Oct 2018 19:23:06
# 27.3520,  5.494548,  0.624, 0.0999, 0.4824,  34.5767, 19 Oct 2018 19:27:06
# 27.3420,  5.486161,  0.647, 0.1060, 0.4762,  34.5247, 19 Oct 2018 19:31:06
# 27.3146,  5.482200,  0.641, 0.1073, 0.4688,  34.5169, 19 Oct 2018 19:35:06
# 27.2880,  5.481303,  0.649, 0.1060, 0.5187,  34.5303, 19 Oct 2018 19:39:06
# 27.2748,  5.483445,  0.656, 0.1049, 0.4920,  34.5552, 19 Oct 2018 19:43:06
# 27.2588,  5.477543,  0.706, 0.1134, 0.5475,  34.5251, 19 Oct 2018 19:47:06
# 27.2393,  5.466683,  0.689, 0.1144, 0.5669,  34.4625, 19 Oct 2018 19:51:06
# 27.2265,  5.460735,  0.678, 0.1107, 0.5937,  34.4298, 19 Oct 2018 19:55:06
# 27.2067,  5.457977,  0.685, 0.1068, 0.5606,  34.4249, 19 Oct 2018 19:59:06
