# 27.6886,  5.519075,  0.787, 0.0963, 0.4242,  34.5014, 13 Oct 2018 11:03:06
# 27.7203,  5.521015,  0.818, 0.0937, 0.4124,  34.4918, 13 Oct 2018 11:07:06
# 27.7721,  5.526081,  0.792, 0.1010, 0.4381,  34.4893, 13 Oct 2018 11:11:06
# 27.8009,  5.530664,  0.835, 0.0889, 0.3811,  34.5003, 13 Oct 2018 11:15:06
# 27.8268,  5.532597,  0.834, 0.0937, 0.3394,  34.4949, 13 Oct 2018 11:19:06
# 27.8766,  5.535271,  0.865, 0.0925, 0.3576,  34.4771, 13 Oct 2018 11:23:06
# 27.9203,  5.538484,  0.879, 0.0951, 0.3834,  34.4676, 13 Oct 2018 11:27:06
# 27.9603,  5.542578,  0.763, 0.0864, 0.3552,  34.4670, 13 Oct 2018 11:31:06
# 28.0021,  5.545415,  0.802, 0.0959, 0.3258,  34.4563, 13 Oct 2018 11:35:06
# 28.0534,  5.549388,  0.789, 0.0913, 0.3465,  34.4465, 13 Oct 2018 11:39:06
# 28.0853,  5.553624,  0.872, 0.0986, 0.3441,  34.4528, 13 Oct 2018 11:43:06
# 28.1394,  5.558618,  0.793, 0.0951, 0.3735,  34.4482, 13 Oct 2018 11:47:06
# 28.1678,  5.561760,  0.782, 0.0963, 0.3244,  34.4494, 13 Oct 2018 11:51:06
# 28.2131,  5.562400,  0.739, 0.0999, 0.3796,  34.4209, 13 Oct 2018 11:55:06
# 28.2454,  5.565227,  0.773, 0.0950, 0.3134,  34.4170, 13 Oct 2018 11:59:06
