# 22.8883,  4.863157,  0.583, 0.1034, 0.6749,  33.2702, 11 Nov 2018 00:03:06
# 22.7198,  4.859425,  0.580, 0.1012, 0.5039,  33.3696, 11 Nov 2018 00:07:06
# 22.6339,  4.859309,  0.616, 0.0985, 0.4546,  33.4343, 11 Nov 2018 00:11:06
# 22.6200,  4.860017,  0.609, 0.0961, 0.4761,  33.4505, 11 Nov 2018 00:15:06
# 22.5811,  4.842261,  0.622, 0.0997, 0.4750,  33.3431, 11 Nov 2018 00:19:06
# 22.5188,  4.838774,  0.650, 0.0988, 0.4450,  33.3637, 11 Nov 2018 00:23:06
# 22.4762,  4.830222,  0.637, 0.0985, 0.4871,  33.3302, 11 Nov 2018 00:27:06
# 22.4544,  4.827618,  0.628, 0.0949, 0.4342,  33.3267, 11 Nov 2018 00:31:06
# 22.3995,  4.823342,  0.647, 0.0974, 0.4098,  33.3356, 11 Nov 2018 00:35:06
# 22.3465,  4.812695,  0.647, 0.0964, 0.4488,  33.2936, 11 Nov 2018 00:39:06
# 22.3017,  4.802275,  0.666, 0.0916, 0.3652,  33.2470, 11 Nov 2018 00:43:06
# 22.2911,  4.783564,  0.630, 0.0974, 0.3835,  33.1099, 11 Nov 2018 00:47:06
# 22.2975,  4.780970,  0.680, 0.1012, 0.4158,  33.0849, 11 Nov 2018 00:51:06
# 22.3064,  4.778492,  0.668, 0.0974, 0.4293,  33.0589, 11 Nov 2018 00:55:06
# 22.3032,  4.764036,  0.695, 0.0963, 0.3822,  32.9493, 11 Nov 2018 00:59:06
