# 26.4038,  5.415550,  1.079, 0.1120, 0.8304,  34.7202, 14 Oct 2018 06:03:06
# 26.4076,  5.415718,  0.997, 0.1108, 0.9329,  34.7186, 14 Oct 2018 06:07:06
# 26.4080,  5.415618,  1.098, 0.1122, 1.0894,  34.7175, 14 Oct 2018 06:11:06
# 26.4101,  5.415931,  1.070, 0.1252, 1.5911,  34.7183, 14 Oct 2018 06:15:06
# 26.4204,  5.416298,  0.972, 0.1241, 1.1778,  34.7132, 14 Oct 2018 06:19:06
# 26.4285,  5.416786,  1.037, 0.1121, 1.0906,  34.7106, 14 Oct 2018 06:23:06
# 26.4405,  5.417542,  1.019, 0.1218, 1.1729,  34.7070, 14 Oct 2018 06:27:06
# 26.4523,  5.418107,  1.045, 0.1205, 1.2783,  34.7021, 14 Oct 2018 06:31:06
# 26.4596,  5.418137,  1.010, 0.1373, 1.6097,  34.6969, 14 Oct 2018 06:35:06
# 26.4711,  5.419023,  1.056, 0.1326, 1.5362,  34.6946, 14 Oct 2018 06:39:06
# 26.4736,  5.418596,  1.223, 0.1304, 1.5097,  34.6896, 14 Oct 2018 06:43:06
# 26.4729,  5.418160,  1.060, 0.1144, 1.0217,  34.6870, 14 Oct 2018 06:47:06
# 26.4810,  5.418404,  1.069, 0.1178, 1.0220,  34.6827, 14 Oct 2018 06:51:06
# 26.4881,  5.418588,  1.052, 0.1218, 1.1368,  34.6787, 14 Oct 2018 06:55:06
# 26.4962,  5.418381,  1.010, 0.1233, 1.0609,  34.6711, 14 Oct 2018 06:59:06
