# 28.7091,  5.576781,  0.764, 0.0986, 0.4146,  34.1619, 13 Oct 2018 16:03:06
# 28.7024,  5.575822,  0.813, 0.1022, 0.4314,  34.1600, 13 Oct 2018 16:07:06
# 28.6781,  5.573843,  0.774, 0.0998, 0.3891,  34.1639, 13 Oct 2018 16:11:06
# 28.6352,  5.571332,  0.785, 0.0975, 0.3821,  34.1774, 13 Oct 2018 16:15:06
# 28.6327,  5.572808,  0.841, 0.1022, 0.4627,  34.1893, 13 Oct 2018 16:19:06
# 28.6764,  5.573859,  0.823, 0.0983, 0.4267,  34.1652, 13 Oct 2018 16:23:06
# 28.6301,  5.569624,  0.908, 0.1046, 0.3913,  34.1692, 13 Oct 2018 16:27:06
# 28.6314,  5.566340,  0.807, 0.0986, 0.4147,  34.1456, 13 Oct 2018 16:31:06
# 28.6344,  5.565567,  0.744, 0.1012, 0.4221,  34.1381, 13 Oct 2018 16:35:06
# 28.5980,  5.560262,  0.835, 0.1033, 0.4328,  34.1276, 13 Oct 2018 16:39:06
# 28.6054,  5.555197,  0.758, 0.1047, 0.4305,  34.0873, 13 Oct 2018 16:43:06
# 28.5660,  5.550945,  0.897, 0.1083, 0.4575,  34.0862, 13 Oct 2018 16:47:06
# 28.5596,  5.544333,  0.856, 0.0997, 0.4688,  34.0450, 13 Oct 2018 16:51:06
# 28.5158,  5.539800,  0.833, 0.1046, 0.5199,  34.0452, 13 Oct 2018 16:55:06
# 28.4628,  5.529974,  0.790, 0.1046, 0.5003,  34.0152, 13 Oct 2018 16:59:06
