# 28.8311,  5.66022,   0.912, 0.0898, 0.7467,  34.6490, 20 Sep 2018 17:00:12
# 28.7974,  5.65794,   0.904, 0.0899, 0.7578,  34.6578, 20 Sep 2018 17:04:12
# 28.8245,  5.65988,   0.846, 0.0935, 0.9877,  34.6515, 20 Sep 2018 17:08:12
# 28.8084,  5.65844,   0.892, 0.0935, 0.7209,  34.6533, 20 Sep 2018 17:12:12
# 28.8346,  5.66120,   0.848, 0.0936, 0.8278,  34.6533, 20 Sep 2018 17:16:12
# 28.8437,  5.66279,   0.887, 0.0900, 0.7321,  34.6576, 20 Sep 2018 17:20:12
# 28.8635,  5.66561,   0.934, 0.0875, 0.6394,  34.6626, 20 Sep 2018 17:24:12
# 28.8108,  5.66106,   0.857, 0.0888, 0.6459,  34.6697, 20 Sep 2018 17:28:12
# 28.8036,  5.66016,   0.837, 0.0888, 0.6120,  34.6686, 20 Sep 2018 17:32:12
# 28.8014,  5.65938,   0.832, 0.0934, 0.7295,  34.6649, 20 Sep 2018 17:36:12
# 28.7531,  5.65528,   0.837, 0.0875, 0.6035,  34.6718, 20 Sep 2018 17:40:12
# 28.7325,  5.65279,   0.841, 0.0887, 0.6468,  34.6696, 20 Sep 2018 17:44:12
# 28.7008,  5.64905,   0.885, 0.0877, 0.5874,  34.6668, 20 Sep 2018 17:48:12
# 28.6502,  5.64367,   0.848, 0.0876, 0.5524,  34.6665, 20 Sep 2018 17:52:12
# 28.6194,  5.63981,   0.841, 0.0875, 0.5879,  34.6623, 20 Sep 2018 17:56:12
