# 26.5698,  5.42349,   0.882, 0.0901, 0.5721,  34.6527, 29 Sep 2018 03:00:12
# 26.5675,  5.42028,   0.886, 0.0922, 0.6223,  34.6313, 29 Sep 2018 03:04:12
# 26.5665,  5.41823,   0.890, 0.0902, 0.6143,  34.6173, 29 Sep 2018 03:08:12
# 26.5670,  5.41904,   0.869, 0.0951, 0.5935,  34.6227, 29 Sep 2018 03:12:12
# 26.5694,  5.42207,   0.925, 0.0875, 0.4993,  34.6427, 29 Sep 2018 03:16:12
# 26.5851,  5.42621,   0.906, 0.0912, 0.6202,  34.6608, 29 Sep 2018 03:20:12
# 26.5960,  5.42797,   0.955, 0.0951, 0.8802,  34.6652, 29 Sep 2018 03:24:12
# 26.5909,  5.42220,   0.934, 0.0924, 0.8010,  34.6276, 29 Sep 2018 03:28:12
# 26.5893,  5.41988,   0.941, 0.0987, 0.7610,  34.6120, 29 Sep 2018 03:32:12
# 26.5894,  5.41811,   0.960, 0.0961, 0.7330,  34.5992, 29 Sep 2018 03:36:12
# 26.5910,  5.41631,   0.951, 0.0999, 1.1295,  34.5851, 29 Sep 2018 03:40:12
# 26.5953,  5.41521,   0.997, 0.0999, 1.0632,  34.5740, 29 Sep 2018 03:44:12
# 26.5995,  5.41658,   0.941, 0.0962, 0.7842,  34.5807, 29 Sep 2018 03:48:12
# 26.6093,  5.42005,   0.951, 0.0961, 0.8312,  34.5983, 29 Sep 2018 03:52:12
# 26.6216,  5.42340,   0.975, 0.1048, 1.1790,  34.6131, 29 Sep 2018 03:56:12
