# 26.6498,  5.271754,  1.221, 0.1556, 4.6092,  33.5062, 27 Oct 2018 04:03:06
# 26.6532,  5.273679,  1.139, 0.1794, 4.9199,  33.5175, 27 Oct 2018 04:07:06
# 26.6503,  5.272448,  1.258, 0.1614, 4.9197,  33.5108, 27 Oct 2018 04:11:06
# 26.6435,  5.268795,  1.178, 0.1659, 4.9199,  33.4897, 27 Oct 2018 04:15:06
# 26.6387,  5.265113,  1.097, 0.1544, 4.8850,  33.4668, 27 Oct 2018 04:19:06
# 26.6275,  5.261666,  1.215, 0.2320, 4.9197,  33.4503, 27 Oct 2018 04:23:06
# 26.6066,  5.246898,  1.173, 0.1586, 4.9198,  33.3599, 27 Oct 2018 04:27:06
# 26.6003,  5.243870,  1.233, 0.1878, 4.9197,  33.3428, 27 Oct 2018 04:31:06
# 26.5596,  5.222762,  1.200, 0.1757, 4.9198,  33.2214, 27 Oct 2018 04:35:06
# 26.5439,  5.213277,  1.173, 0.1868, 4.9198,  33.1649, 27 Oct 2018 04:39:06
# 26.5279,  5.204197,  1.252, 0.1855, 4.9196,  33.1114, 27 Oct 2018 04:43:06
# 26.5186,  5.198095,  1.206, 0.1992, 4.9197,  33.0745, 27 Oct 2018 04:47:06
# 26.5119,  5.193038,  1.191, 0.1760, 4.9199,  33.0432, 27 Oct 2018 04:51:06
# 26.5032,  5.191981,  1.129, 0.1867, 4.9197,  33.0419, 27 Oct 2018 04:55:06
# 26.5037,  5.193684,  1.165, 0.1719, 4.9198,  33.0537, 27 Oct 2018 04:59:06
