# 27.1962,  5.494943,  0.990, 0.1205, 0.9215,  34.6951, 15 Oct 2018 10:03:06
# 27.2308,  5.498885,  0.952, 0.1266, 0.7394,  34.6974, 15 Oct 2018 10:07:06
# 27.2386,  5.499761,  1.001, 0.1169, 0.7309,  34.6978, 15 Oct 2018 10:11:06
# 27.2459,  5.500091,  0.944, 0.1279, 0.6908,  34.6947, 15 Oct 2018 10:15:06
# 27.2579,  5.501013,  0.972, 0.1241, 0.9249,  34.6923, 15 Oct 2018 10:19:06
# 27.2638,  5.501605,  1.004, 0.1233, 0.8802,  34.6921, 15 Oct 2018 10:23:06
# 27.2654,  5.502113,  1.074, 0.1279, 0.9463,  34.6945, 15 Oct 2018 10:27:06
# 27.3080,  5.507002,  1.097, 0.1232, 0.8070,  34.6975, 15 Oct 2018 10:31:06
# 27.3548,  5.512578,  0.934, 0.1265, 0.6931,  34.7023, 15 Oct 2018 10:35:06
# 27.3745,  5.515094,  0.942, 0.1168, 0.7588,  34.7055, 15 Oct 2018 10:39:06
# 27.3392,  5.510932,  1.028, 0.1218, 0.7577,  34.7022, 15 Oct 2018 10:43:06
# 27.3450,  5.511178,  0.993, 0.1192, 0.9168,  34.6997, 15 Oct 2018 10:47:06
# 27.3826,  5.515386,  0.997, 0.1289, 1.0777,  34.7015, 15 Oct 2018 10:51:06
# 27.4053,  5.518349,  1.037, 0.1154, 0.8121,  34.7056, 15 Oct 2018 10:55:06
# 27.4375,  5.521851,  1.031, 0.1204, 0.8070,  34.7065, 15 Oct 2018 10:59:06
