# 27.0326,  5.49226,   0.888, 0.0900, 0.3812,  34.7982, 03 Oct 2018 00:00:12
# 27.0374,  5.49228,   0.804, 0.0986, 0.4413,  34.7948, 03 Oct 2018 00:04:12
# 27.0563,  5.49317,   0.794, 0.1092, 0.4452,  34.7870, 03 Oct 2018 00:08:12
# 27.1028,  5.49722,   0.838, 0.0974, 0.4281,  34.7811, 03 Oct 2018 00:12:12
# 27.0555,  5.49242,   0.824, 0.0916, 0.3950,  34.7823, 03 Oct 2018 00:16:12
# 27.0390,  5.48992,   0.803, 0.0900, 0.4071,  34.7767, 03 Oct 2018 00:20:12
# 26.9891,  5.48258,   0.798, 0.0901, 0.4098,  34.7617, 03 Oct 2018 00:24:12
# 26.9135,  5.46949,   0.741, 0.0937, 0.4217,  34.7249, 03 Oct 2018 00:28:12
# 26.8827,  5.46289,   0.832, 0.1142, 0.4968,  34.7007, 03 Oct 2018 00:32:12
# 26.8075,  5.44780,   0.871, 0.1057, 0.4401,  34.6490, 03 Oct 2018 00:36:12
# 26.7150,  5.43158,   0.862, 0.0923, 0.4256,  34.6020, 03 Oct 2018 00:40:12
# 26.6821,  5.42565,   0.900, 0.0923, 0.4425,  34.5841, 03 Oct 2018 00:44:12
# 26.6455,  5.42168,   0.806, 0.0937, 0.4231,  34.5829, 03 Oct 2018 00:48:12
# 26.6606,  5.42716,   0.834, 0.1086, 0.3950,  34.6110, 03 Oct 2018 00:52:12
# 26.6759,  5.43392,   0.854, 0.1059, 0.3651,  34.6480, 03 Oct 2018 00:56:12
