# 26.6833,  5.099223,  1.067, 0.1435, 2.6458,  32.2544, 30 Oct 2018 06:03:06
# 26.6841,  5.116176,  1.055, 0.1482, 3.2924,  32.3741, 30 Oct 2018 06:07:06
# 26.6824,  5.137968,  1.099, 0.1433, 3.9052,  32.5300, 30 Oct 2018 06:11:06
# 26.6831,  5.160345,  1.200, 0.1482, 4.6850,  32.6886, 30 Oct 2018 06:15:06
# 26.6868,  5.170044,  1.298, 0.1556, 4.9197,  32.7549, 30 Oct 2018 06:19:06
# 26.6925,  5.181429,  1.138, 0.1588, 4.9196,  32.8319, 30 Oct 2018 06:23:06
# 26.6984,  5.189668,  1.143, 0.1575, 4.9197,  32.8863, 30 Oct 2018 06:27:06
# 26.7021,  5.203346,  1.142, 0.1648, 4.9195,  32.9810, 30 Oct 2018 06:31:06
# 26.7037,  5.210682,  1.177, 0.1784, 4.9197,  33.0320, 30 Oct 2018 06:35:06
# 26.7034,  5.218685,  1.119, 0.1831, 4.9199,  33.0892, 30 Oct 2018 06:39:06
# 26.6984,  5.208932,  1.219, 0.1842, 4.9197,  33.0234, 30 Oct 2018 06:43:06
# 26.6902,  5.192720,  1.159, 0.1928, 4.9198,  32.9138, 30 Oct 2018 06:47:06
# 26.6859,  5.184997,  1.192, 0.2012, 4.9197,  32.8619, 30 Oct 2018 06:51:06
# 26.6781,  5.182254,  1.210, 0.1843, 4.9197,  32.8479, 30 Oct 2018 06:55:06
# 26.6599,  5.165658,  1.067, 0.2086, 4.9197,  32.7428, 30 Oct 2018 06:59:06
