# 25.5556,  5.293979,  1.034, 0.1225, 0.8241,  34.4773, 14 Nov 2018 08:03:06
# 25.4898,  5.282483,  1.068, 0.1157, 0.6641,  34.4429, 14 Nov 2018 08:07:06
# 25.4623,  5.276486,  1.102, 0.1192, 0.7479,  34.4197, 14 Nov 2018 08:11:06
# 25.4295,  5.270235,  1.115, 0.1398, 0.8033,  34.3987, 14 Nov 2018 08:15:06
# 25.3997,  5.264380,  1.093, 0.1252, 0.9680,  34.3782, 14 Nov 2018 08:19:06
# 25.3577,  5.256325,  1.068, 0.1130, 0.7344,  34.3508, 14 Nov 2018 08:23:06
# 25.3169,  5.249000,  1.072, 0.1303, 0.9937,  34.3278, 14 Nov 2018 08:27:06
# 25.2699,  5.239638,  1.198, 0.1303, 0.9558,  34.2945, 14 Nov 2018 08:31:06
# 25.1992,  5.227944,  1.108, 0.1364, 1.0534,  34.2619, 14 Nov 2018 08:35:06
# 25.1800,  5.223462,  1.113, 0.1206, 0.8779,  34.2434, 14 Nov 2018 08:39:06
# 25.1523,  5.219222,  1.126, 0.1180, 0.7575,  34.2330, 14 Nov 2018 08:43:06
# 25.1455,  5.217870,  1.065, 0.1206, 0.9368,  34.2283, 14 Nov 2018 08:47:06
# 25.1654,  5.221951,  1.101, 0.1227, 1.1114,  34.2433, 14 Nov 2018 08:51:06
# 25.1836,  5.227523,  1.108, 0.1271, 0.7648,  34.2706, 14 Nov 2018 08:55:06
# 25.1884,  5.228764,  1.157, 0.1545, 0.9522,  34.2761, 14 Nov 2018 08:59:06
