# 26.3329,  5.336394,  0.758, 0.0990, 0.4148,  34.2025, 31 Oct 2018 01:03:06
# 26.3182,  5.331850,  0.664, 0.0997, 0.4463,  34.1807, 31 Oct 2018 01:07:06
# 26.3211,  5.337783,  0.691, 0.1057, 0.4981,  34.2214, 31 Oct 2018 01:11:06
# 26.3261,  5.339058,  0.679, 0.0997, 0.4391,  34.2268, 31 Oct 2018 01:15:06
# 26.3293,  5.338276,  0.733, 0.0987, 0.4595,  34.2188, 31 Oct 2018 01:19:06
# 26.3303,  5.337145,  0.729, 0.0998, 0.4427,  34.2099, 31 Oct 2018 01:23:06
# 26.3214,  5.335613,  0.667, 0.0989, 0.4134,  34.2055, 31 Oct 2018 01:27:06
# 26.3253,  5.335430,  0.707, 0.1019, 0.4762,  34.2013, 31 Oct 2018 01:31:06
# 26.3378,  5.334656,  0.762, 0.0999, 0.4266,  34.1864, 31 Oct 2018 01:35:06
# 26.3323,  5.336364,  0.656, 0.1009, 0.4560,  34.2028, 31 Oct 2018 01:39:06
# 26.3269,  5.339225,  0.743, 0.1010, 0.4724,  34.2275, 31 Oct 2018 01:43:06
# 26.3230,  5.340196,  0.698, 0.0988, 0.3926,  34.2373, 31 Oct 2018 01:47:06
# 26.3308,  5.341016,  0.669, 0.0996, 0.3963,  34.2375, 31 Oct 2018 01:51:06
# 26.3359,  5.341190,  0.676, 0.0973, 0.4484,  34.2349, 31 Oct 2018 01:55:06
# 26.3380,  5.341486,  0.685, 0.1009, 0.4764,  34.2355, 31 Oct 2018 01:59:06
