# 26.0524,  5.322907,  0.711, 0.1144, 0.3516,  34.3142, 08 Nov 2018 00:03:06
# 26.0593,  5.321171,  0.725, 0.1459, 0.4196,  34.2965, 08 Nov 2018 00:07:06
# 26.0503,  5.319269,  0.735, 0.1241, 0.4343,  34.2894, 08 Nov 2018 00:11:06
# 26.0477,  5.318663,  0.724, 0.1254, 0.4736,  34.2870, 08 Nov 2018 00:15:06
# 26.0649,  5.316564,  0.755, 0.1155, 0.3700,  34.2589, 08 Nov 2018 00:19:06
# 26.0751,  5.315852,  0.753, 0.1142, 0.3492,  34.2461, 08 Nov 2018 00:23:06
# 26.1194,  5.314116,  0.792, 0.1205, 0.4343,  34.2005, 08 Nov 2018 00:27:06
# 26.1762,  5.313585,  0.784, 0.1266, 0.5767,  34.1544, 08 Nov 2018 00:31:06
# 26.2565,  5.314129,  0.807, 0.1373, 0.5595,  34.0987, 08 Nov 2018 00:35:06
# 26.3496,  5.315324,  0.813, 0.1205, 0.4968,  34.0384, 08 Nov 2018 00:39:06
# 26.3858,  5.316528,  0.841, 0.1390, 0.5621,  34.0203, 08 Nov 2018 00:43:06
# 26.4274,  5.317406,  0.835, 0.1240, 0.6406,  33.9959, 08 Nov 2018 00:47:06
# 26.4546,  5.318883,  0.825, 0.1220, 0.5573,  33.9865, 08 Nov 2018 00:51:06
# 26.4438,  5.319050,  0.810, 0.1303, 0.6932,  33.9957, 08 Nov 2018 00:55:06
# 26.4521,  5.320884,  0.861, 0.1255, 0.6109,  34.0027, 08 Nov 2018 00:59:06
