# 28.7605,  5.65377,   1.135, 0.0926, 1.1431,  34.6558, 20 Sep 2018 12:00:12
# 28.7842,  5.65665,   1.181, 0.0900, 0.9924,  34.6585, 20 Sep 2018 12:04:12
# 28.8140,  5.65949,   1.152, 0.0877, 1.1658,  34.6564, 20 Sep 2018 12:08:12
# 28.8316,  5.66209,   1.144, 0.0999, 1.0823,  34.6615, 20 Sep 2018 12:12:12
# 28.8618,  5.66376,   1.232, 0.1047, 1.7369,  34.6510, 20 Sep 2018 12:16:12
# 28.8836,  5.66465,   1.190, 0.1083, 1.7577,  34.6413, 20 Sep 2018 12:20:12
# 28.9023,  5.66731,   1.267, 0.0887, 1.3497,  34.6461, 20 Sep 2018 12:24:12
# 28.9122,  5.67001,   1.165, 0.0997, 1.3643,  34.6575, 20 Sep 2018 12:28:12
# 28.9346,  5.67211,   1.165, 0.0961, 1.5377,  34.6557, 20 Sep 2018 12:32:12
# 28.9355,  5.67274,   1.204, 0.1265, 2.3231,  34.6594, 20 Sep 2018 12:36:12
# 28.9728,  5.67571,   1.158, 0.1096, 1.7039,  34.6527, 20 Sep 2018 12:40:12
# 29.0103,  5.67906,   1.144, 0.1010, 1.7745,  34.6485, 20 Sep 2018 12:44:12
# 29.0474,  5.68054,   1.200, 0.0948, 1.5151,  34.6318, 20 Sep 2018 12:48:12
# 29.0797,  5.68167,   1.129, 0.1116, 1.6150,  34.6162, 20 Sep 2018 12:52:12
# 29.0984,  5.68386,   1.319, 0.1640, 2.3232,  34.6176, 20 Sep 2018 12:56:12
