# 28.5663,  5.64379,   0.978, 0.0901, 0.7465,  34.7286, 25 Sep 2018 18:00:12
# 28.5999,  5.64641,   0.938, 0.0960, 0.9913,  34.7222, 25 Sep 2018 18:04:12
# 28.5855,  5.64542,   0.873, 0.0913, 0.9828,  34.7258, 25 Sep 2018 18:08:12
# 28.6053,  5.64728,   0.969, 0.0928, 0.8423,  34.7243, 25 Sep 2018 18:12:12
# 28.6294,  5.64928,   0.936, 0.0912, 0.8808,  34.7205, 25 Sep 2018 18:16:12
# 28.6173,  5.64862,   0.978, 0.0903, 0.7911,  34.7247, 25 Sep 2018 18:20:12
# 28.6000,  5.64644,   0.931, 0.0927, 0.8842,  34.7222, 25 Sep 2018 18:24:12
# 28.5640,  5.64256,   0.901, 0.0887, 0.7353,  34.7217, 25 Sep 2018 18:28:12
# 28.5399,  5.63787,   0.930, 0.1227, 1.5198,  34.7069, 25 Sep 2018 18:32:12
# 28.5302,  5.63589,   0.936, 0.0887, 0.9509,  34.7002, 25 Sep 2018 18:36:12
# 28.4520,  5.62854,   0.959, 0.0887, 0.6989,  34.7064, 25 Sep 2018 18:40:12
# 28.4022,  5.62459,   0.920, 0.0862, 0.6898,  34.7155, 25 Sep 2018 18:44:12
# 28.3670,  5.62164,   0.839, 0.0900, 0.6836,  34.7208, 25 Sep 2018 18:48:12
# 28.3245,  5.61797,   0.810, 0.0877, 0.6046,  34.7265, 25 Sep 2018 18:52:12
# 28.2935,  5.61367,   0.858, 0.0900, 0.6333,  34.7192, 25 Sep 2018 18:56:12
