# 26.3246,  5.309190,  0.650, 0.1304, 0.3762,  34.0127, 07 Nov 2018 10:03:06
# 26.3652,  5.312589,  0.661, 0.1473, 0.4013,  34.0072, 07 Nov 2018 10:07:06
# 26.4175,  5.323780,  0.632, 0.1933, 0.3854,  34.0491, 07 Nov 2018 10:11:06
# 26.4644,  5.328594,  0.683, 0.1414, 0.3725,  34.0490, 07 Nov 2018 10:15:06
# 26.5233,  5.342113,  0.666, 0.1460, 0.3925,  34.1027, 07 Nov 2018 10:19:06
# 26.5380,  5.347823,  0.663, 0.1339, 0.3591,  34.1328, 07 Nov 2018 10:23:06
# 26.5862,  5.354751,  0.673, 0.1373, 0.3513,  34.1468, 07 Nov 2018 10:27:06
# 26.6126,  5.355328,  0.682, 0.1484, 0.3463,  34.1315, 07 Nov 2018 10:31:06
# 26.6621,  5.361249,  0.689, 0.1279, 0.3320,  34.1374, 07 Nov 2018 10:35:06
# 26.7157,  5.362936,  0.641, 0.1387, 0.3503,  34.1099, 07 Nov 2018 10:39:06
# 26.7737,  5.361224,  0.671, 0.1614, 0.3902,  34.0550, 07 Nov 2018 10:43:06
# 26.8217,  5.359900,  0.667, 0.1447, 0.3764,  34.0103, 07 Nov 2018 10:47:06
# 26.8642,  5.364454,  0.665, 0.1578, 0.3598,  34.0116, 07 Nov 2018 10:51:06
# 26.9146,  5.364704,  0.681, 0.1474, 0.3675,  33.9765, 07 Nov 2018 10:55:06
# 26.9125,  5.364560,  0.691, 0.1448, 0.3880,  33.9770, 07 Nov 2018 10:59:06
