# 26.7285,  5.430435,  0.784, 0.1191, 0.3503,  34.5837, 23 Oct 2018 09:03:06
# 26.7760,  5.436253,  0.732, 0.1189, 0.3455,  34.5899, 23 Oct 2018 09:07:06
# 26.7601,  5.434418,  0.691, 0.1238, 0.3381,  34.5886, 23 Oct 2018 09:11:06
# 26.7801,  5.435717,  0.695, 0.1255, 0.3540,  34.5830, 23 Oct 2018 09:15:06
# 26.8399,  5.443030,  0.731, 0.1146, 0.3403,  34.5907, 23 Oct 2018 09:19:06
# 26.9285,  5.455669,  0.697, 0.1192, 0.3588,  34.6149, 23 Oct 2018 09:23:06
# 27.0323,  5.466495,  0.726, 0.1180, 0.3699,  34.6148, 23 Oct 2018 09:27:06
# 27.0895,  5.473978,  0.727, 0.1218, 0.3381,  34.6255, 23 Oct 2018 09:31:06
# 27.1567,  5.481735,  0.716, 0.1168, 0.3612,  34.6307, 23 Oct 2018 09:35:06
# 27.1944,  5.486509,  0.743, 0.1189, 0.3812,  34.6366, 23 Oct 2018 09:39:06
# 27.2392,  5.491385,  0.730, 0.1131, 0.3246,  34.6379, 23 Oct 2018 09:43:06
# 27.3124,  5.499444,  0.702, 0.1107, 0.3442,  34.6408, 23 Oct 2018 09:47:06
# 27.3620,  5.504932,  0.739, 0.1266, 0.3195,  34.6428, 23 Oct 2018 09:51:06
# 27.3981,  5.509162,  0.745, 0.1242, 0.3109,  34.6460, 23 Oct 2018 09:55:06
# 27.4488,  5.514500,  0.757, 0.1106, 0.3612,  34.6462, 23 Oct 2018 09:59:06
