# 26.8744,  5.39493,   1.025, 0.1093, 1.9089,  34.2214, 17 Sep 2018 13:00:12
# 26.8962,  5.39709,   1.116, 0.1145, 2.3636,  34.2207, 17 Sep 2018 13:04:12
# 26.9086,  5.39714,   1.042, 0.1144, 2.1988,  34.2119, 17 Sep 2018 13:08:12
# 26.9290,  5.39761,   1.050, 0.1157, 2.1306,  34.2003, 17 Sep 2018 13:12:12
# 26.9672,  5.39839,   1.121, 0.1132, 2.2933,  34.1777, 17 Sep 2018 13:16:12
# 26.9967,  5.40070,   1.014, 0.1071, 2.2306,  34.1724, 17 Sep 2018 13:20:12
# 27.0452,  5.39990,   0.993, 0.1108, 2.5837,  34.1311, 17 Sep 2018 13:24:12
# 27.0757,  5.40099,   0.993, 0.1107, 2.2378,  34.1165, 17 Sep 2018 13:28:12
# 27.1086,  5.40308,   1.031, 0.1135, 2.2065,  34.1072, 17 Sep 2018 13:32:12
# 27.1362,  5.40608,   0.951, 0.1046, 1.8558,  34.1083, 17 Sep 2018 13:36:12
# 27.1786,  5.40894,   0.987, 0.1107, 2.0211,  34.0975, 17 Sep 2018 13:40:12
# 27.2030,  5.40909,   1.033, 0.1106, 2.0219,  34.0808, 17 Sep 2018 13:44:12
# 27.2148,  5.40511,   0.989, 0.1134, 2.0597,  34.0440, 17 Sep 2018 13:48:12
# 27.2383,  5.39956,   0.968, 0.1094, 1.8693,  33.9875, 17 Sep 2018 13:52:12
# 27.2593,  5.39132,   0.927, 0.1141, 1.9669,  33.9139, 17 Sep 2018 13:56:12
