# 28.5452,  5.56332,   1.127, 0.1375, 1.6071,  34.1866, 09 Oct 2018 16:00:12
# 28.5424,  5.55937,   1.099, 0.1460, 1.8021,  34.1613, 09 Oct 2018 16:04:12
# 28.5461,  5.55719,   1.041, 0.1410, 1.7073,  34.1437, 09 Oct 2018 16:08:12
# 28.5521,  5.55357,   1.025, 0.1435, 1.7962,  34.1143, 09 Oct 2018 16:12:12
# 28.5226,  5.55263,   0.970, 0.1376, 1.6227,  34.1290, 09 Oct 2018 16:16:12
# 28.4636,  5.55224,   1.108, 0.1386, 1.4444,  34.1687, 09 Oct 2018 16:20:12
# 28.4536,  5.54846,   1.065, 0.1329, 1.4519,  34.1498, 09 Oct 2018 16:24:12
# 28.4210,  5.54498,   0.943, 0.1280, 1.2094,  34.1491, 09 Oct 2018 16:28:12
# 28.3774,  5.54275,   1.060, 0.1255, 1.4459,  34.1651, 09 Oct 2018 16:32:12
# 28.3289,  5.53830,   1.116, 0.1350, 1.1566,  34.1691, 09 Oct 2018 16:36:12
# 28.2428,  5.53756,   1.017, 0.1216, 0.9984,  34.2263, 09 Oct 2018 16:40:12
# 28.1458,  5.53763,   0.997, 0.1241, 0.8387,  34.2971, 09 Oct 2018 16:44:12
# 28.1048,  5.54002,   1.085, 0.1265, 0.9106,  34.3436, 09 Oct 2018 16:48:12
# 28.0889,  5.54195,   0.974, 0.1189, 1.0244,  34.3686, 09 Oct 2018 16:52:12
# 28.0507,  5.54336,   0.983, 0.1192, 1.0269,  34.4064, 09 Oct 2018 16:56:12
