# 28.6095,  5.639231,  0.885, 0.1212, 0.9656,  34.6654, 25 Oct 2018 17:03:06
# 28.3193,  5.608288,  0.874, 0.1212, 0.7901,  34.6628, 25 Oct 2018 17:07:06
# 28.1272,  5.585207,  0.972, 0.1167, 0.7755,  34.6427, 25 Oct 2018 17:11:06
# 28.1120,  5.585230,  0.956, 0.1144, 0.6606,  34.6541, 25 Oct 2018 17:15:06
# 28.1071,  5.584488,  0.951, 0.1180, 0.7959,  34.6525, 25 Oct 2018 17:19:06
# 28.1094,  5.584464,  0.930, 0.1115, 0.5995,  34.6506, 25 Oct 2018 17:23:06
# 28.0113,  5.574126,  0.868, 0.1143, 0.6156,  34.6505, 25 Oct 2018 17:27:06
# 27.9833,  5.570571,  0.918, 0.1144, 0.6407,  34.6462, 25 Oct 2018 17:31:06
# 27.9908,  5.571568,  1.011, 0.1192, 0.8034,  34.6475, 25 Oct 2018 17:35:06
# 27.9936,  5.572124,  0.921, 0.1165, 0.6823,  34.6494, 25 Oct 2018 17:39:06
# 28.0148,  5.575007,  0.921, 0.1195, 0.8249,  34.6540, 25 Oct 2018 17:43:06
# 28.0985,  5.585269,  0.898, 0.1118, 0.6786,  34.6643, 25 Oct 2018 17:47:06
# 28.1056,  5.587250,  0.931, 0.1167, 0.6455,  34.6728, 25 Oct 2018 17:51:06
# 27.8522,  5.558260,  0.808, 0.1108, 0.6368,  34.6564, 25 Oct 2018 17:55:06
# 27.7615,  5.547348,  0.852, 0.1136, 0.5840,  34.6466, 25 Oct 2018 17:59:06
