# 27.7063,  5.435235,  0.843, 0.1104, 0.7724,  33.8994, 26 Oct 2018 18:03:06
# 27.6361,  5.440927,  0.880, 0.1094, 0.7247,  33.9902, 26 Oct 2018 18:07:06
# 27.6086,  5.443422,  0.911, 0.1082, 0.6809,  34.0276, 26 Oct 2018 18:11:06
# 27.5594,  5.458239,  0.862, 0.1095, 0.8107,  34.1677, 26 Oct 2018 18:15:06
# 27.5685,  5.454080,  0.877, 0.1095, 0.7195,  34.1318, 26 Oct 2018 18:19:06
# 27.5476,  5.456094,  0.837, 0.1093, 0.7790,  34.1612, 26 Oct 2018 18:23:06
# 27.5462,  5.446293,  0.812, 0.1068, 0.7430,  34.0933, 26 Oct 2018 18:27:06
# 27.5399,  5.427470,  0.871, 0.1154, 1.1679,  33.9652, 26 Oct 2018 18:31:06
# 27.5272,  5.417714,  0.773, 0.1133, 0.8682,  33.9058, 26 Oct 2018 18:35:06
# 27.4817,  5.415523,  0.779, 0.1103, 0.7675,  33.9234, 26 Oct 2018 18:39:06
# 27.4223,  5.435385,  0.810, 0.1063, 0.6689,  34.1066, 26 Oct 2018 18:43:06
# 27.3857,  5.446617,  0.807, 0.1104, 0.7503,  34.2127, 26 Oct 2018 18:47:06
# 27.3523,  5.467839,  0.779, 0.1034, 0.6175,  34.3873, 26 Oct 2018 18:51:06
# 27.3190,  5.471996,  0.884, 0.1048, 0.5235,  34.4413, 26 Oct 2018 18:55:06
# 27.2977,  5.478847,  0.742, 0.1035, 0.4968,  34.5056, 26 Oct 2018 18:59:06
