# 26.4739,  5.409174,  1.107, 0.1231, 1.2708,  34.6216, 25 Oct 2018 02:03:06
# 26.5172,  5.415250,  1.036, 0.1279, 1.5700,  34.6328, 25 Oct 2018 02:07:06
# 26.4946,  5.412738,  1.185, 0.1253, 1.3313,  34.6316, 25 Oct 2018 02:11:06
# 26.4664,  5.409228,  1.233, 0.1241, 1.2065,  34.6275, 25 Oct 2018 02:15:06
# 26.4734,  5.408999,  1.164, 0.1302, 1.6809,  34.6207, 25 Oct 2018 02:19:06
# 26.4090,  5.397458,  1.255, 0.1252, 1.3829,  34.5858, 25 Oct 2018 02:23:06
# 26.3703,  5.390110,  1.127, 0.1277, 1.3896,  34.5619, 25 Oct 2018 02:27:06
# 26.3447,  5.384519,  1.159, 0.1289, 1.2683,  34.5407, 25 Oct 2018 02:31:06
# 26.3439,  5.384183,  1.214, 0.1326, 1.3481,  34.5389, 25 Oct 2018 02:35:06
# 26.3276,  5.378967,  1.096, 0.1302, 1.5811,  34.5135, 25 Oct 2018 02:39:06
# 26.2835,  5.369036,  1.195, 0.1266, 1.5315,  34.4748, 25 Oct 2018 02:43:06
# 26.3234,  5.381579,  1.194, 0.1447, 2.2277,  34.5354, 25 Oct 2018 02:47:06
# 26.3821,  5.395575,  1.158, 0.1338, 1.6989,  34.5924, 25 Oct 2018 02:51:06
# 26.3933,  5.398389,  1.178, 0.1352, 1.7170,  34.6043, 25 Oct 2018 02:55:06
# 26.4553,  5.406916,  1.192, 0.1303, 1.8031,  34.6192, 25 Oct 2018 02:59:06
