# 26.2401,  5.38912,   0.853, 0.0874, 0.6604,  34.6527, 19 Sep 2018 00:00:12
# 26.2291,  5.38810,   0.863, 0.0854, 0.6213,  34.6536, 19 Sep 2018 00:04:12
# 26.2574,  5.39067,   0.886, 0.0901, 0.8228,  34.6509, 19 Sep 2018 00:08:12
# 26.2738,  5.39209,   0.793, 0.0840, 0.6034,  34.6489, 19 Sep 2018 00:12:12
# 26.3017,  5.39461,   0.931, 0.0874, 0.7173,  34.6460, 19 Sep 2018 00:16:12
# 26.2982,  5.39418,   0.818, 0.0877, 0.6811,  34.6456, 19 Sep 2018 00:20:12
# 26.3100,  5.39530,   0.816, 0.0866, 0.5925,  34.6447, 19 Sep 2018 00:24:12
# 26.3127,  5.39546,   0.829, 0.0901, 0.7076,  34.6439, 19 Sep 2018 00:28:12
# 26.3145,  5.39554,   0.882, 0.0852, 0.5634,  34.6431, 19 Sep 2018 00:32:12
# 26.3166,  5.39553,   0.797, 0.0827, 0.5078,  34.6415, 19 Sep 2018 00:36:12
# 26.3152,  5.39529,   0.863, 0.0804, 0.5261,  34.6408, 19 Sep 2018 00:40:12
# 26.3170,  5.39539,   0.910, 0.0838, 0.5696,  34.6401, 19 Sep 2018 00:44:12
# 26.3208,  5.39575,   0.845, 0.0852, 0.6713,  34.6399, 19 Sep 2018 00:48:12
# 26.3344,  5.39690,   0.858, 0.0951, 0.9707,  34.6380, 19 Sep 2018 00:52:12
# 26.3635,  5.39980,   0.828, 0.0874, 0.7015,  34.6370, 19 Sep 2018 00:56:12
