# 23.8479,  5.020221,  0.850, 0.1215, 0.6107,  33.7370, 13 Nov 2018 03:03:06
# 23.8731,  5.025287,  0.833, 0.1203, 0.6738,  33.7561, 13 Nov 2018 03:07:06
# 23.8737,  5.024658,  0.836, 0.1364, 0.6480,  33.7510, 13 Nov 2018 03:11:06
# 23.8082,  5.008004,  0.839, 0.1292, 0.5360,  33.6749, 13 Nov 2018 03:15:06
# 23.9093,  5.030384,  0.808, 0.1243, 0.5781,  33.7671, 13 Nov 2018 03:19:06
# 23.9403,  5.036076,  0.822, 0.1302, 0.5853,  33.7864, 13 Nov 2018 03:23:06
# 23.9689,  5.043468,  0.856, 0.1205, 0.6481,  33.8204, 13 Nov 2018 03:27:06
# 23.8951,  5.028771,  0.841, 0.1147, 0.5382,  33.7657, 13 Nov 2018 03:31:06
# 23.8930,  5.029733,  0.836, 0.1291, 0.6132,  33.7745, 13 Nov 2018 03:35:06
# 23.8710,  5.027336,  0.914, 0.1313, 0.5535,  33.7732, 13 Nov 2018 03:39:06
# 23.8902,  5.031065,  0.849, 0.1256, 0.5149,  33.7867, 13 Nov 2018 03:43:06
# 23.9000,  5.033730,  0.927, 0.1181, 0.4992,  33.7993, 13 Nov 2018 03:47:06
# 23.9259,  5.039039,  0.921, 0.1253, 0.5091,  33.8197, 13 Nov 2018 03:51:06
# 23.9406,  5.042231,  0.873, 0.1315, 0.5438,  33.8326, 13 Nov 2018 03:55:06
# 24.1310,  5.079623,  0.927, 0.1303, 0.6276,  33.9690, 13 Nov 2018 03:59:06
