# 27.9725,  5.58322,   0.738, 0.1057, 0.3403,  34.7427, 10 Oct 2018 12:00:12
# 28.0145,  5.58745,   0.710, 0.0999, 0.3293,  34.7414, 10 Oct 2018 12:04:12
# 28.0271,  5.58920,   0.752, 0.1020, 0.3063,  34.7444, 10 Oct 2018 12:08:12
# 28.0405,  5.59053,   0.702, 0.0998, 0.3194,  34.7438, 10 Oct 2018 12:12:12
# 28.0545,  5.59216,   0.717, 0.1061, 0.3539,  34.7449, 10 Oct 2018 12:16:12
# 28.0747,  5.59435,   0.711, 0.0997, 0.3797,  34.7453, 10 Oct 2018 12:20:12
# 28.0886,  5.59558,   0.711, 0.0974, 0.3891,  34.7437, 10 Oct 2018 12:24:12
# 28.1252,  5.59956,   0.695, 0.1202, 0.4048,  34.7446, 10 Oct 2018 12:28:12
# 28.1396,  5.60141,   0.723, 0.1059, 0.3355,  34.7469, 10 Oct 2018 12:32:12
# 28.1666,  5.60439,   0.726, 0.1189, 0.8473,  34.7479, 10 Oct 2018 12:36:12
# 28.1561,  5.60269,   0.754, 0.1157, 0.6083,  34.7436, 10 Oct 2018 12:40:12
# 28.1310,  5.59964,   0.698, 0.1047, 0.3638,  34.7408, 10 Oct 2018 12:44:12
# 28.1203,  5.59798,   0.706, 0.1033, 0.3879,  34.7371, 10 Oct 2018 12:48:12
# 28.1546,  5.60119,   0.754, 0.0961, 0.3677,  34.7343, 10 Oct 2018 12:52:12
# 28.1630,  5.60212,   0.749, 0.1034, 0.3834,  34.7346, 10 Oct 2018 12:56:12
