# 28.5566,  5.59989,   1.155, 0.1191, 0.8540,  34.4314, 07 Oct 2018 13:00:12
# 28.5823,  5.60082,   1.197, 0.1084, 0.9250,  34.4192, 07 Oct 2018 13:04:12
# 28.6000,  5.59787,   1.183, 0.1084, 0.9691,  34.3860, 07 Oct 2018 13:08:12
# 28.6156,  5.59825,   1.138, 0.1130, 1.1838,  34.3774, 07 Oct 2018 13:12:12
# 28.6435,  5.60359,   1.189, 0.1339, 0.9691,  34.3941, 07 Oct 2018 13:16:12
# 28.6578,  5.60776,   1.164, 0.1410, 1.3387,  34.4126, 07 Oct 2018 13:20:12
# 28.6750,  5.60766,   1.190, 0.1133, 0.9879,  34.3994, 07 Oct 2018 13:24:12
# 28.6915,  5.60914,   1.087, 0.1115, 0.8988,  34.3977, 07 Oct 2018 13:28:12
# 28.7074,  5.61148,   1.132, 0.1291, 1.0329,  34.4023, 07 Oct 2018 13:32:12
# 28.7281,  5.61362,   1.262, 0.1167, 1.1502,  34.4021, 07 Oct 2018 13:36:12
# 28.7541,  5.61659,   1.219, 0.1106, 1.0438,  34.4039, 07 Oct 2018 13:40:12
# 28.7814,  5.61947,   1.210, 0.1157, 1.1839,  34.4040, 07 Oct 2018 13:44:12
# 28.8053,  5.62217,   1.182, 0.1109, 0.9922,  34.4053, 07 Oct 2018 13:48:12
# 28.8257,  5.62424,   1.196, 0.2016, 1.2228,  34.4049, 07 Oct 2018 13:52:12
# 28.8500,  5.62683,   1.138, 0.1215, 1.0881,  34.4052, 07 Oct 2018 13:56:12
