# 25.2946,  5.18013,   0.940, 0.0986, 1.2552,  33.8388, 15 Sep 2018 05:00:12
# 25.2084,  5.15228,   0.925, 0.0996, 1.1865,  33.6984, 15 Sep 2018 05:04:12
# 25.2032,  5.15166,   0.912, 0.1058, 1.3712,  33.6977, 15 Sep 2018 05:08:12
# 25.1885,  5.14919,   0.975, 0.1022, 1.3881,  33.6905, 15 Sep 2018 05:12:12
# 25.2237,  5.16477,   0.916, 0.0974, 1.2188,  33.7788, 15 Sep 2018 05:16:12
# 25.4112,  5.22942,   0.935, 0.0910, 0.9708,  34.1131, 15 Sep 2018 05:20:12
# 25.5791,  5.28014,   0.917, 0.0913, 1.1067,  34.3582, 15 Sep 2018 05:24:12
# 25.6255,  5.28668,   0.941, 0.0901, 1.0127,  34.3711, 15 Sep 2018 05:28:12
# 25.5984,  5.28225,   1.017, 0.0911, 0.9646,  34.3591, 15 Sep 2018 05:32:12
# 25.5564,  5.27536,   0.955, 0.0964, 1.2189,  34.3404, 15 Sep 2018 05:36:12
# 25.4928,  5.26053,   0.986, 0.0948, 1.1949,  34.2797, 15 Sep 2018 05:40:12
# 25.5092,  5.26510,   0.995, 0.0940, 1.0922,  34.3008, 15 Sep 2018 05:44:12
# 25.5605,  5.27813,   0.945, 0.0960, 1.1610,  34.3576, 15 Sep 2018 05:48:12
# 25.3353,  5.21834,   0.990, 0.1072, 1.7939,  34.0888, 15 Sep 2018 05:52:12
# 25.3208,  5.21413,   1.007, 0.1106, 2.2838,  34.0687, 15 Sep 2018 05:56:12
