# 27.2578,  5.51080,   0.797, 0.0936, 0.3796,  34.7620, 30 Sep 2018 21:00:12
# 27.2454,  5.50929,   0.781, 0.0961, 0.3676,  34.7605, 30 Sep 2018 21:04:12
# 27.2267,  5.50743,   0.793, 0.1061, 0.3929,  34.7612, 30 Sep 2018 21:08:12
# 27.2133,  5.50579,   0.793, 0.0889, 0.4167,  34.7595, 30 Sep 2018 21:12:12
# 27.2002,  5.50414,   0.801, 0.0972, 0.3878,  34.7576, 30 Sep 2018 21:16:12
# 27.1864,  5.50262,   0.795, 0.0924, 0.3599,  34.7571, 30 Sep 2018 21:20:12
# 27.1827,  5.50200,   0.793, 0.0936, 0.3798,  34.7554, 30 Sep 2018 21:24:12
# 27.1750,  5.50112,   0.755, 0.0936, 0.3976,  34.7550, 30 Sep 2018 21:28:12
# 27.1689,  5.50048,   0.761, 0.0936, 0.3867,  34.7550, 30 Sep 2018 21:32:12
# 27.1611,  5.49962,   0.841, 0.0963, 0.3725,  34.7546, 30 Sep 2018 21:36:12
# 27.1543,  5.49894,   0.761, 0.0924, 0.3738,  34.7549, 30 Sep 2018 21:40:12
# 27.1418,  5.49778,   0.806, 0.0924, 0.3748,  34.7559, 30 Sep 2018 21:44:12
# 27.1300,  5.49649,   0.761, 0.0914, 0.3465,  34.7556, 30 Sep 2018 21:48:12
# 27.1260,  5.49602,   0.811, 0.0949, 0.3552,  34.7552, 30 Sep 2018 21:52:12
# 27.1131,  5.49474,   0.745, 0.0986, 0.3761,  34.7558, 30 Sep 2018 21:56:12
