# 25.7204,  5.31483,   0.695, 0.0852, 0.4135,  34.5052, 16 Sep 2018 01:00:12
# 25.7158,  5.31568,   0.719, 0.0813, 0.4038,  34.5149, 16 Sep 2018 01:04:12
# 25.7084,  5.31544,   0.715, 0.0813, 0.3159,  34.5187, 16 Sep 2018 01:08:12
# 25.6948,  5.31336,   0.745, 0.0865, 0.3603,  34.5138, 16 Sep 2018 01:12:12
# 25.6833,  5.30971,   0.745, 0.0826, 0.3835,  34.4958, 16 Sep 2018 01:16:12
# 25.6629,  5.30699,   0.695, 0.0840, 0.3699,  34.4914, 16 Sep 2018 01:20:12
# 25.6627,  5.30901,   0.662, 0.0840, 0.3811,  34.5064, 16 Sep 2018 01:24:12
# 25.6601,  5.30817,   0.702, 0.0854, 0.3245,  34.5021, 16 Sep 2018 01:28:12
# 25.6467,  5.30702,   0.704, 0.0826, 0.3479,  34.5039, 16 Sep 2018 01:32:12
# 25.6493,  5.30948,   0.693, 0.0825, 0.3344,  34.5199, 16 Sep 2018 01:36:12
# 25.6515,  5.30938,   0.712, 0.0840, 0.4622,  34.5175, 16 Sep 2018 01:40:12
# 25.6339,  5.30767,   0.715, 0.0839, 0.3919,  34.5183, 16 Sep 2018 01:44:12
# 25.6328,  5.30728,   0.727, 0.0866, 0.3487,  34.5162, 16 Sep 2018 01:48:12
# 25.6199,  5.30562,   0.702, 0.0841, 0.3136,  34.5139, 16 Sep 2018 01:52:12
# 25.6013,  5.30394,   0.692, 0.0842, 0.3381,  34.5157, 16 Sep 2018 01:56:12
