# 29.1183,  5.60909,   0.988, 0.1340, 0.9800,  34.0911, 07 Oct 2018 16:00:12
# 29.0058,  5.60956,   1.148, 0.1315, 0.8564,  34.1746, 07 Oct 2018 16:04:12
# 28.9463,  5.60557,   1.033, 0.1363, 1.1370,  34.1898, 07 Oct 2018 16:08:12
# 28.8722,  5.60208,   0.986, 0.1397, 0.9113,  34.2190, 07 Oct 2018 16:12:12
# 28.8614,  5.59775,   1.013, 0.1277, 0.8672,  34.1969, 07 Oct 2018 16:16:12
# 28.8393,  5.59123,   1.065, 0.1301, 0.8975,  34.1679, 07 Oct 2018 16:20:12
# 28.8498,  5.58622,   0.986, 0.1398, 0.9895,  34.1259, 07 Oct 2018 16:24:12
# 28.7827,  5.59054,   0.968, 0.1240, 0.9093,  34.2037, 07 Oct 2018 16:28:12
# 28.7828,  5.59109,   0.995, 0.1312, 0.8083,  34.2075, 07 Oct 2018 16:32:12
# 28.7914,  5.58826,   1.009, 0.1241, 0.8107,  34.1819, 07 Oct 2018 16:36:12
# 28.8076,  5.58359,   1.010, 0.1301, 0.8888,  34.1381, 07 Oct 2018 16:40:12
# 28.8776,  5.57831,   0.926, 0.1292, 0.8660,  34.0517, 07 Oct 2018 16:44:12
# 28.8858,  5.57113,   0.942, 0.1312, 0.8647,  33.9965, 07 Oct 2018 16:48:12
# 28.9015,  5.56031,   0.990, 0.1289, 0.8386,  33.9110, 07 Oct 2018 16:52:12
# 28.9361,  5.54559,   0.910, 0.1264, 0.8768,  33.7856, 07 Oct 2018 16:56:12
