# 28.8321,  5.463642,  0.720, 0.1302, 1.0717,  33.2971, 26 Oct 2018 13:03:06
# 28.8720,  5.449370,  0.760, 0.1409, 1.5054,  33.1715, 26 Oct 2018 13:07:06
# 28.9113,  5.428065,  0.705, 0.1329, 1.1442,  32.9986, 26 Oct 2018 13:11:06
# 28.9310,  5.416131,  0.740, 0.1411, 1.2264,  32.9035, 26 Oct 2018 13:15:06
# 28.9475,  5.423930,  0.791, 0.1341, 1.1704,  32.9454, 26 Oct 2018 13:19:06
# 28.9579,  5.442518,  0.757, 0.1362, 1.1126,  33.0651, 26 Oct 2018 13:23:06
# 28.9908,  5.453595,  0.721, 0.1373, 1.0477,  33.1180, 26 Oct 2018 13:27:06
# 29.0017,  5.471222,  0.743, 0.1301, 0.9983,  33.2308, 26 Oct 2018 13:31:06
# 29.0147,  5.507971,  0.780, 0.1411, 0.9094,  33.4728, 26 Oct 2018 13:35:06
# 29.0268,  5.526859,  0.815, 0.1385, 0.9142,  33.5934, 26 Oct 2018 13:39:06
# 29.0369,  5.519936,  0.820, 0.1315, 0.8672,  33.5390, 26 Oct 2018 13:43:06
# 29.0189,  5.534294,  0.752, 0.1231, 0.8413,  33.6498, 26 Oct 2018 13:47:06
# 29.0451,  5.498468,  0.760, 0.1290, 1.0028,  33.3866, 26 Oct 2018 13:51:06
# 29.0349,  5.495118,  0.753, 0.1485, 1.1087,  33.3708, 26 Oct 2018 13:55:06
# 29.0346,  5.493996,  0.826, 0.1485, 1.1247,  33.3634, 26 Oct 2018 13:59:06
