# 26.0418,  5.383244,  0.852, 0.1130, 0.5053,  34.7601, 16 Oct 2018 05:03:06
# 26.0321,  5.382247,  0.844, 0.1144, 0.5076,  34.7602, 16 Oct 2018 05:07:06
# 26.0298,  5.381912,  0.896, 0.1106, 0.5523,  34.7595, 16 Oct 2018 05:11:06
# 26.0287,  5.381660,  0.862, 0.1122, 0.5425,  34.7585, 16 Oct 2018 05:15:06
# 26.0163,  5.380815,  0.859, 0.1106, 0.4329,  34.7618, 16 Oct 2018 05:19:06
# 26.0190,  5.380716,  0.836, 0.1093, 0.5451,  34.7590, 16 Oct 2018 05:23:06
# 26.0046,  5.379315,  0.886, 0.1095, 0.4835,  34.7598, 16 Oct 2018 05:27:06
# 25.9993,  5.378851,  0.869, 0.1106, 0.5321,  34.7604, 16 Oct 2018 05:31:06
# 25.9949,  5.378394,  0.910, 0.1241, 0.6156,  34.7604, 16 Oct 2018 05:35:06
# 25.9808,  5.377169,  0.894, 0.1195, 0.5873,  34.7622, 16 Oct 2018 05:39:06
# 25.9691,  5.376210,  0.891, 0.1180, 0.7382,  34.7640, 16 Oct 2018 05:43:06
# 25.9670,  5.375715,  0.916, 0.1170, 0.7985,  34.7621, 16 Oct 2018 05:47:06
# 25.9530,  5.374437,  0.977, 0.1144, 0.6001,  34.7634, 16 Oct 2018 05:51:06
# 25.9656,  5.375403,  1.001, 0.1143, 0.7050,  34.7609, 16 Oct 2018 05:55:06
# 25.9614,  5.374870,  0.943, 0.1155, 0.6371,  34.7602, 16 Oct 2018 05:59:06
