# 27.2731,  5.51240,   0.700, 0.0781, 0.3006,  34.7619, 26 Sep 2018 00:00:12
# 27.2687,  5.51188,   0.717, 0.0816, 0.3342,  34.7616, 26 Sep 2018 00:04:12
# 27.2651,  5.51147,   0.753, 0.0783, 0.3071,  34.7612, 26 Sep 2018 00:08:12
# 27.2602,  5.51097,   0.727, 0.0782, 0.3317,  34.7614, 26 Sep 2018 00:12:12
# 27.2590,  5.51080,   0.806, 0.0803, 0.3005,  34.7611, 26 Sep 2018 00:16:12
# 27.2567,  5.51048,   0.789, 0.0794, 0.3675,  34.7606, 26 Sep 2018 00:20:12
# 27.2533,  5.51013,   0.717, 0.0801, 0.3637,  34.7605, 26 Sep 2018 00:24:12
# 27.2480,  5.50957,   0.796, 0.0803, 0.4450,  34.7605, 26 Sep 2018 00:28:12
# 27.2473,  5.50943,   0.799, 0.0805, 0.3688,  34.7601, 26 Sep 2018 00:32:12
# 27.2419,  5.50884,   0.757, 0.0819, 0.3503,  34.7599, 26 Sep 2018 00:36:12
# 27.2377,  5.50838,   0.762, 0.0816, 0.3698,  34.7598, 26 Sep 2018 00:40:12
# 27.2337,  5.50804,   0.812, 0.0817, 0.4342,  34.7603, 26 Sep 2018 00:44:12
# 27.2337,  5.50792,   0.832, 0.0836, 0.4209,  34.7594, 26 Sep 2018 00:48:12
# 27.2260,  5.50711,   0.812, 0.0816, 0.4062,  34.7595, 26 Sep 2018 00:52:12
# 27.2211,  5.50659,   0.789, 0.0838, 0.4654,  34.7594, 26 Sep 2018 00:56:12
