# 27.4372,  5.493832,  1.023, 0.1180, 0.8410,  34.5085, 29 Oct 2018 11:03:06
# 27.4438,  5.493717,  1.016, 0.1289, 0.8289,  34.5028, 29 Oct 2018 11:07:06
# 27.4547,  5.496737,  0.982, 0.1193, 0.6166,  34.5162, 29 Oct 2018 11:11:06
# 27.4634,  5.499334,  0.944, 0.1190, 0.6590,  34.5281, 29 Oct 2018 11:15:06
# 27.4650,  5.500925,  0.988, 0.1253, 0.6011,  34.5382, 29 Oct 2018 11:19:06
# 27.4685,  5.502547,  0.984, 0.1302, 1.0018,  34.5471, 29 Oct 2018 11:23:06
# 27.4726,  5.503493,  0.991, 0.1182, 0.5766,  34.5507, 29 Oct 2018 11:27:06
# 27.4901,  5.505322,  0.952, 0.1218, 0.5718,  34.5507, 29 Oct 2018 11:31:06
# 27.5126,  5.507045,  0.979, 0.1252, 0.5743,  34.5463, 29 Oct 2018 11:35:06
# 27.5352,  5.509059,  0.905, 0.1219, 0.5985,  34.5438, 29 Oct 2018 11:39:06
# 27.5498,  5.511167,  0.945, 0.1215, 0.6082,  34.5479, 29 Oct 2018 11:43:06
# 27.5630,  5.513082,  0.908, 0.1204, 0.4931,  34.5517, 29 Oct 2018 11:47:06
# 27.5877,  5.516183,  1.065, 0.1300, 0.5004,  34.5553, 29 Oct 2018 11:51:06
# 27.6102,  5.518569,  0.883, 0.1168, 0.5412,  34.5556, 29 Oct 2018 11:55:06
# 27.6283,  5.520108,  0.903, 0.1216, 0.5162,  34.5531, 29 Oct 2018 11:59:06
