# 26.2796,  5.243092,  0.594, 0.1093, 0.3478,  33.5700, 06 Nov 2018 23:03:06
# 26.3097,  5.242098,  0.612, 0.1122, 0.3674,  33.5409, 06 Nov 2018 23:07:06
# 26.3779,  5.225066,  0.630, 0.1108, 0.3603,  33.3691, 06 Nov 2018 23:11:06
# 26.3585,  5.223201,  0.607, 0.1098, 0.3616,  33.3697, 06 Nov 2018 23:15:06
# 26.3726,  5.230715,  0.654, 0.1106, 0.3529,  33.4134, 06 Nov 2018 23:19:06
# 26.3848,  5.232822,  0.637, 0.1095, 0.3798,  33.4197, 06 Nov 2018 23:23:06
# 26.4188,  5.222704,  0.651, 0.1082, 0.3674,  33.3225, 06 Nov 2018 23:27:06
# 26.5210,  5.214261,  0.668, 0.1109, 0.3799,  33.1885, 06 Nov 2018 23:31:06
# 26.4925,  5.222297,  0.656, 0.1122, 0.3917,  33.2665, 06 Nov 2018 23:35:06
# 26.5335,  5.216275,  0.677, 0.1107, 0.4063,  33.1939, 06 Nov 2018 23:39:06
# 26.5718,  5.227763,  0.736, 0.1057, 0.3878,  33.2484, 06 Nov 2018 23:43:06
# 26.5845,  5.236032,  0.718, 0.1095, 0.3868,  33.2984, 06 Nov 2018 23:47:06
# 26.5347,  5.241559,  0.734, 0.1095, 0.3939,  33.3738, 06 Nov 2018 23:51:06
# 26.5181,  5.232045,  0.729, 0.1122, 0.4062,  33.3177, 06 Nov 2018 23:55:06
# 26.5330,  5.244557,  0.777, 0.1057, 0.4015,  33.3965, 06 Nov 2018 23:59:06
