# 28.5836,  5.61955,   1.109, 0.1107, 0.7271,  34.5479, 08 Oct 2018 14:00:12
# 28.6048,  5.62305,   1.043, 0.1081, 0.9068,  34.5568, 08 Oct 2018 14:04:12
# 28.6180,  5.62335,   1.122, 0.1070, 0.9524,  34.5492, 08 Oct 2018 14:08:12
# 28.6201,  5.62153,   1.105, 0.1213, 0.8554,  34.5352, 08 Oct 2018 14:12:12
# 28.6541,  5.62648,   1.175, 0.1096, 0.9787,  34.5446, 08 Oct 2018 14:16:12
# 28.6960,  5.63185,   1.139, 0.1180, 0.8996,  34.5513, 08 Oct 2018 14:20:12
# 28.7317,  5.63350,   1.108, 0.1096, 0.7221,  34.5368, 08 Oct 2018 14:24:12
# 28.7958,  5.63634,   1.064, 0.1400, 0.9304,  34.5099, 08 Oct 2018 14:28:12
# 28.9123,  5.63656,   1.238, 0.1165, 0.9189,  34.4272, 08 Oct 2018 14:32:12
# 28.9825,  5.63893,   1.082, 0.1242, 1.0597,  34.3929, 08 Oct 2018 14:36:12
# 29.0365,  5.63855,   1.107, 0.1266, 1.2238,  34.3514, 08 Oct 2018 14:40:12
# 29.0910,  5.63730,   1.123, 0.1277, 1.2125,  34.3037, 08 Oct 2018 14:44:12
# 29.0916,  5.63977,   1.105, 0.1302, 1.3339,  34.3202, 08 Oct 2018 14:48:12
# 29.1322,  5.63923,   1.129, 0.1398, 1.2237,  34.2874, 08 Oct 2018 14:52:12
# 29.0934,  5.64061,   1.191, 0.1302, 1.3507,  34.3247, 08 Oct 2018 14:56:12
