# 26.7789,  5.445304,  0.628, 0.1069, 0.3626,  34.6526, 22 Oct 2018 21:03:06
# 26.7549,  5.441975,  0.682, 0.1045, 0.3587,  34.6467, 22 Oct 2018 21:07:06
# 26.7561,  5.442679,  0.623, 0.1069, 0.3639,  34.6508, 22 Oct 2018 21:11:06
# 26.6778,  5.435069,  0.696, 0.1071, 0.3429,  34.6549, 22 Oct 2018 21:15:06
# 26.6454,  5.430933,  0.670, 0.1083, 0.3441,  34.6495, 22 Oct 2018 21:19:06
# 26.6217,  5.428487,  0.696, 0.1060, 0.3550,  34.6497, 22 Oct 2018 21:23:06
# 26.6195,  5.428312,  0.666, 0.1070, 0.3822,  34.6501, 22 Oct 2018 21:27:06
# 26.5901,  5.426080,  0.652, 0.1071, 0.3760,  34.6561, 22 Oct 2018 21:31:06
# 26.6081,  5.427181,  0.710, 0.1093, 0.3577,  34.6505, 22 Oct 2018 21:35:06
# 26.6126,  5.427593,  0.692, 0.1072, 0.3561,  34.6501, 22 Oct 2018 21:39:06
# 26.6211,  5.427081,  0.761, 0.1055, 0.3538,  34.6400, 22 Oct 2018 21:43:06
# 26.6307,  5.425002,  0.708, 0.1045, 0.3577,  34.6179, 22 Oct 2018 21:47:06
# 26.6505,  5.426622,  0.652, 0.1094, 0.3600,  34.6147, 22 Oct 2018 21:51:06
# 26.6806,  5.427149,  0.690, 0.1072, 0.3714,  34.5960, 22 Oct 2018 21:55:06
# 26.7446,  5.431497,  0.712, 0.1047, 0.3455,  34.5793, 22 Oct 2018 21:59:06
