# 28.5825,  5.619566,  1.121, 0.1339, 1.3471,  34.5489, 21 Oct 2018 14:03:06
# 28.6618,  5.618766,  1.224, 0.1557, 2.0269,  34.4857, 21 Oct 2018 14:07:06
# 28.7284,  5.616306,  1.039, 0.1555, 1.6665,  34.4205, 21 Oct 2018 14:11:06
# 28.7261,  5.617314,  1.073, 0.1386, 1.3543,  34.4291, 21 Oct 2018 14:15:06
# 28.6946,  5.623661,  1.037, 0.1820, 2.4359,  34.4958, 21 Oct 2018 14:19:06
# 28.6976,  5.632184,  1.140, 0.1360, 1.2980,  34.5525, 21 Oct 2018 14:23:06
# 28.7036,  5.635485,  1.094, 0.1349, 1.2042,  34.5710, 21 Oct 2018 14:27:06
# 28.7388,  5.639966,  1.004, 0.1411, 1.2627,  34.5764, 21 Oct 2018 14:31:06
# 28.7769,  5.644263,  1.124, 0.1772, 1.3648,  34.5783, 21 Oct 2018 14:35:06
# 28.8052,  5.648056,  1.086, 0.1535, 1.7620,  34.5840, 21 Oct 2018 14:39:06
# 28.7563,  5.649651,  0.983, 0.1376, 1.2403,  34.6305, 21 Oct 2018 14:43:06
# 28.7218,  5.644054,  1.086, 0.1487, 1.4754,  34.6169, 21 Oct 2018 14:47:06
# 28.6962,  5.636363,  1.146, 0.1494, 1.5006,  34.5824, 21 Oct 2018 14:51:06
# 28.6755,  5.634305,  1.237, 0.1569, 1.7343,  34.5832, 21 Oct 2018 14:55:06
# 28.7413,  5.636494,  1.007, 0.1289, 1.1113,  34.5505, 21 Oct 2018 14:59:06
