# 26.8840,  5.375760,  0.658, 0.1022, 0.6213,  34.0777, 20 Oct 2018 20:03:06
# 26.8577,  5.394865,  0.667, 0.1022, 0.5212,  34.2334, 20 Oct 2018 20:07:06
# 26.8654,  5.412419,  0.678, 0.1047, 0.5116,  34.3530, 20 Oct 2018 20:11:06
# 26.8519,  5.416771,  0.777, 0.0986, 0.4990,  34.3941, 20 Oct 2018 20:15:06
# 26.8356,  5.409496,  0.689, 0.1046, 0.4955,  34.3542, 20 Oct 2018 20:19:06
# 26.8426,  5.420399,  0.640, 0.0997, 0.5006,  34.4269, 20 Oct 2018 20:23:06
# 26.8435,  5.422248,  0.694, 0.1009, 0.5124,  34.4395, 20 Oct 2018 20:27:06
# 26.8137,  5.420079,  0.700, 0.1010, 0.4689,  34.4461, 20 Oct 2018 20:31:06
# 26.7950,  5.418910,  0.798, 0.1019, 0.4810,  34.4516, 20 Oct 2018 20:35:06
# 26.7823,  5.417482,  0.705, 0.1036, 0.4933,  34.4509, 20 Oct 2018 20:39:06
# 26.7457,  5.402478,  0.684, 0.1019, 0.4689,  34.3707, 20 Oct 2018 20:43:06
# 26.6819,  5.371806,  0.729, 0.1122, 0.5090,  34.1983, 20 Oct 2018 20:47:06
# 26.6568,  5.395280,  0.695, 0.1048, 0.4160,  34.3852, 20 Oct 2018 20:51:06
# 26.6304,  5.384452,  0.652, 0.1085, 0.4894,  34.3271, 20 Oct 2018 20:55:06
# 26.6011,  5.373672,  0.822, 0.1119, 0.5865,  34.2715, 20 Oct 2018 20:59:06
