# 27.3710,  5.52966,   0.739, 0.1009, 0.3028,  34.8114, 05 Oct 2018 22:00:12
# 27.3633,  5.52897,   0.836, 0.1086, 0.3133,  34.8122, 05 Oct 2018 22:04:12
# 27.3651,  5.52882,   0.764, 0.1086, 0.3217,  34.8098, 05 Oct 2018 22:08:12
# 27.3717,  5.52904,   0.782, 0.1021, 0.3147,  34.8064, 05 Oct 2018 22:12:12
# 27.3683,  5.52865,   0.781, 0.1061, 0.3404,  34.8062, 05 Oct 2018 22:16:12
# 27.3730,  5.52902,   0.784, 0.1061, 0.3576,  34.8054, 05 Oct 2018 22:20:12
# 27.3509,  5.52694,   0.766, 0.1047, 0.3796,  34.8071, 05 Oct 2018 22:24:12
# 27.3601,  5.52769,   0.824, 0.1012, 0.3822,  34.8056, 05 Oct 2018 22:28:12
# 27.3497,  5.52670,   0.816, 0.1012, 0.3600,  34.8062, 05 Oct 2018 22:32:12
# 27.3469,  5.52620,   0.823, 0.1035, 0.3738,  34.8048, 05 Oct 2018 22:36:12
# 27.3219,  5.52403,   0.784, 0.1048, 0.4244,  34.8081, 05 Oct 2018 22:40:12
# 27.3123,  5.52280,   0.812, 0.1059, 0.4256,  34.8065, 05 Oct 2018 22:44:12
# 27.3195,  5.52355,   0.819, 0.1022, 0.4413,  34.8064, 05 Oct 2018 22:48:12
# 27.3263,  5.52409,   0.836, 0.1059, 0.4182,  34.8052, 05 Oct 2018 22:52:12
# 27.3283,  5.52402,   0.809, 0.1047, 0.4244,  34.8032, 05 Oct 2018 22:56:12
