# 27.0259,  5.46855,   0.548, 0.1092, 0.4112,  34.6343, 10 Oct 2018 22:00:12
# 27.0250,  5.46852,   0.603, 0.1035, 0.3854,  34.6347, 10 Oct 2018 22:04:12
# 27.0274,  5.46939,   0.562, 0.1011, 0.4000,  34.6391, 10 Oct 2018 22:08:12
# 27.0259,  5.46964,   0.532, 0.1036, 0.3848,  34.6421, 10 Oct 2018 22:12:12
# 27.0139,  5.46860,   0.547, 0.1010, 0.3836,  34.6436, 10 Oct 2018 22:16:12
# 27.0039,  5.46743,   0.580, 0.1141, 0.3891,  34.6427, 10 Oct 2018 22:20:12
# 27.0013,  5.46716,   0.572, 0.0997, 0.4244,  34.6427, 10 Oct 2018 22:24:12
# 26.9944,  5.46644,   0.569, 0.1070, 0.3867,  34.6427, 10 Oct 2018 22:28:12
# 26.9932,  5.46566,   0.545, 0.1048, 0.3902,  34.6381, 10 Oct 2018 22:32:12
# 26.9937,  5.46622,   0.550, 0.1021, 0.3938,  34.6417, 10 Oct 2018 22:36:12
# 26.9883,  5.46646,   0.556, 0.1046, 0.3836,  34.6474, 10 Oct 2018 22:40:12
# 26.9848,  5.46667,   0.528, 0.0986, 0.3810,  34.6515, 10 Oct 2018 22:44:12
# 26.9780,  5.46647,   0.577, 0.1057, 0.5634,  34.6552, 10 Oct 2018 22:48:12
# 26.9773,  5.46757,   0.578, 0.1037, 0.3973,  34.6635, 10 Oct 2018 22:52:12
# 26.9656,  5.46654,   0.507, 0.1037, 0.3478,  34.6649, 10 Oct 2018 22:56:12
