# 29.1239,  5.69609,   0.778, 0.0951, 0.3623,  34.6833, 02 Oct 2018 16:00:12
# 29.1285,  5.69823,   0.744, 0.0938, 0.4942,  34.6945, 02 Oct 2018 16:04:12
# 29.1473,  5.69884,   0.778, 0.1024, 0.3773,  34.6851, 02 Oct 2018 16:08:12
# 29.1651,  5.70061,   0.741, 0.1022, 0.4122,  34.6843, 02 Oct 2018 16:12:12
# 29.1297,  5.70172,   0.754, 0.0961, 0.3551,  34.7176, 02 Oct 2018 16:16:12
# 29.1285,  5.70168,   0.739, 0.1106, 0.3999,  34.7182, 02 Oct 2018 16:20:12
# 29.1059,  5.70117,   0.768, 0.1033, 0.3953,  34.7311, 02 Oct 2018 16:24:12
# 29.1074,  5.70161,   0.756, 0.1024, 0.3686,  34.7331, 02 Oct 2018 16:28:12
# 29.1062,  5.70178,   0.751, 0.0961, 0.3613,  34.7351, 02 Oct 2018 16:32:12
# 29.0988,  5.70113,   0.754, 0.0928, 0.3452,  34.7361, 02 Oct 2018 16:36:12
# 29.0761,  5.70026,   0.734, 0.0962, 0.3366,  34.7465, 02 Oct 2018 16:40:12
# 29.0486,  5.69788,   0.732, 0.1044, 0.3477,  34.7502, 02 Oct 2018 16:44:12
# 29.0279,  5.69635,   0.781, 0.1009, 0.3232,  34.7547, 02 Oct 2018 16:48:12
# 29.0323,  5.69643,   0.715, 0.0933, 0.3465,  34.7521, 02 Oct 2018 16:52:12
# 29.0120,  5.69496,   0.748, 0.0997, 0.3501,  34.7568, 02 Oct 2018 16:56:12
