# 26.8321,  5.43974,   0.669, 0.0915, 0.3854,  34.5730, 01 Oct 2018 00:00:12
# 26.8159,  5.44223,   0.634, 0.0889, 0.3628,  34.6029, 01 Oct 2018 00:04:12
# 26.8098,  5.44462,   0.678, 0.1084, 0.4146,  34.6246, 01 Oct 2018 00:08:12
# 26.7953,  5.44616,   0.728, 0.0937, 0.3639,  34.6465, 01 Oct 2018 00:12:12
# 26.7979,  5.45051,   0.691, 0.0900, 0.3267,  34.6757, 01 Oct 2018 00:16:12
# 26.8120,  5.45778,   0.696, 0.1083, 0.3052,  34.7171, 01 Oct 2018 00:20:12
# 26.8208,  5.46133,   0.676, 0.0949, 0.3598,  34.7360, 01 Oct 2018 00:24:12
# 26.8150,  5.46165,   0.696, 0.0922, 0.3441,  34.7426, 01 Oct 2018 00:28:12
# 26.8079,  5.46158,   0.696, 0.0922, 0.2994,  34.7474, 01 Oct 2018 00:32:12
# 26.8037,  5.46111,   0.727, 0.0922, 0.3233,  34.7472, 01 Oct 2018 00:36:12
# 26.7926,  5.45996,   0.718, 0.0876, 0.2753,  34.7473, 01 Oct 2018 00:40:12
# 26.8005,  5.46125,   0.662, 0.0917, 0.3416,  34.7506, 01 Oct 2018 00:44:12
# 26.7936,  5.46109,   0.663, 0.1035, 0.2738,  34.7546, 01 Oct 2018 00:48:12
# 26.7828,  5.45946,   0.750, 0.1037, 0.2741,  34.7511, 01 Oct 2018 00:52:12
# 26.7682,  5.45757,   0.687, 0.0922, 0.2872,  34.7485, 01 Oct 2018 00:56:12
