# 26.7466,  5.44998,   0.873, 0.1205, 0.9790,  34.7102, 10 Oct 2018 08:00:12
# 26.7592,  5.45161,   1.013, 0.1180, 1.0330,  34.7124, 10 Oct 2018 08:04:12
# 26.7653,  5.45219,   0.936, 0.1192, 0.8423,  34.7120, 10 Oct 2018 08:08:12
# 26.7688,  5.45244,   0.887, 0.1316, 1.0101,  34.7112, 10 Oct 2018 08:12:12
# 26.7769,  5.45331,   1.011, 0.1192, 0.8623,  34.7113, 10 Oct 2018 08:16:12
# 26.7909,  5.45589,   0.830, 0.1289, 0.7428,  34.7194, 10 Oct 2018 08:20:12
# 26.8063,  5.45740,   0.833, 0.1204, 0.6701,  34.7187, 10 Oct 2018 08:24:12
# 26.8182,  5.45865,   0.904, 0.1238, 0.8671,  34.7186, 10 Oct 2018 08:28:12
# 26.8402,  5.46119,   0.856, 0.1289, 0.8542,  34.7203, 10 Oct 2018 08:32:12
# 26.8677,  5.46365,   0.828, 0.1253, 0.7114,  34.7174, 10 Oct 2018 08:36:12
# 26.8983,  5.46602,   0.840, 0.1253, 0.7284,  34.7115, 10 Oct 2018 08:40:12
# 26.9285,  5.46786,   0.856, 0.1205, 0.6908,  34.7020, 10 Oct 2018 08:44:12
# 26.9666,  5.47134,   0.770, 0.1242, 0.5669,  34.6984, 10 Oct 2018 08:48:12
# 27.0157,  5.47839,   0.781, 0.1218, 0.5889,  34.7120, 10 Oct 2018 08:52:12
# 27.0499,  5.48194,   0.792, 0.1059, 0.5606,  34.7118, 10 Oct 2018 08:56:12
