# 24.2074,  4.440878,  0.545, 0.1253, 1.5920,  29.1758, 10 Nov 2018 21:03:06
# 24.3311,  4.512990,  0.543, 0.1291, 1.8965,  29.6232, 10 Nov 2018 21:07:06
# 24.0819,  4.412169,  0.539, 0.1314, 1.9136,  29.0467, 10 Nov 2018 21:11:06
# 24.2133,  4.467072,  0.538, 0.1276, 1.8313,  29.3640, 10 Nov 2018 21:15:06
# 24.0699,  4.435028,  0.534, 0.1254, 1.6662,  29.2225, 10 Nov 2018 21:19:06
# 24.0312,  4.424365,  0.567, 0.1302, 1.9203,  29.1693, 10 Nov 2018 21:23:06
# 23.9230,  4.392558,  0.544, 0.1313, 1.9183,  29.0056, 10 Nov 2018 21:27:06
# 23.9383,  4.401013,  0.540, 0.1292, 1.8902,  29.0579, 10 Nov 2018 21:31:06
# 23.8959,  4.394028,  0.538, 0.1303, 1.8708,  29.0341, 10 Nov 2018 21:35:06
# 23.9148,  4.403625,  0.512, 0.1275, 1.7617,  29.0925, 10 Nov 2018 21:39:06
# 23.9118,  4.418853,  0.534, 0.1292, 1.7680,  29.2067, 10 Nov 2018 21:43:06
# 23.8628,  4.412600,  0.522, 0.1229, 1.6904,  29.1926, 10 Nov 2018 21:47:06
# 23.9820,  4.471768,  0.519, 0.1255, 1.6419,  29.5507, 10 Nov 2018 21:51:06
# 23.9534,  4.470887,  0.545, 0.1278, 1.6275,  29.5631, 10 Nov 2018 21:55:06
# 23.8593,  4.460465,  0.550, 0.1254, 1.5969,  29.5485, 10 Nov 2018 21:59:06
