# 26.0659,  5.178076,  0.714, 0.1123, 0.9522,  33.2570, 10 Nov 2018 18:03:06
# 26.0554,  5.185382,  0.756, 0.1093, 0.8781,  33.3173, 10 Nov 2018 18:07:06
# 26.0243,  5.184161,  0.715, 0.1094, 0.8552,  33.3311, 10 Nov 2018 18:11:06
# 26.0782,  5.241416,  0.744, 0.1170, 0.7318,  33.7052, 10 Nov 2018 18:15:06
# 26.0754,  5.249514,  0.717, 0.1059, 0.7221,  33.7658, 10 Nov 2018 18:19:06
# 26.0111,  5.212459,  0.703, 0.1082, 0.8289,  33.5451, 10 Nov 2018 18:23:06
# 25.9751,  5.188225,  0.708, 0.1120, 0.8936,  33.3962, 10 Nov 2018 18:27:06
# 25.9011,  5.135771,  0.689, 0.1143, 1.2318,  33.0708, 10 Nov 2018 18:31:06
# 25.8470,  5.117673,  0.719, 0.1143, 1.0425,  32.9789, 10 Nov 2018 18:35:06
# 25.7595,  5.104993,  0.689, 0.1082, 1.0401,  32.9502, 10 Nov 2018 18:39:06
# 25.7555,  5.157354,  0.684, 0.1072, 0.9364,  33.3327, 10 Nov 2018 18:43:06
# 25.7605,  5.180246,  0.675, 0.1037, 0.7938,  33.4953, 10 Nov 2018 18:47:06
# 25.7328,  5.177055,  0.690, 0.1072, 0.7790,  33.4923, 10 Nov 2018 18:51:06
# 25.6763,  5.127416,  0.685, 0.1082, 0.8290,  33.1730, 10 Nov 2018 18:55:06
# 25.6096,  5.060241,  0.660, 0.1131, 1.0401,  32.7335, 10 Nov 2018 18:59:06
