# 27.2156,  5.407787,  0.682, 0.1094, 0.5680,  34.0624, 20 Oct 2018 19:03:06
# 27.1526,  5.404553,  0.730, 0.1104, 0.6237,  34.0856, 20 Oct 2018 19:07:06
# 27.1417,  5.450549,  0.672, 0.1094, 0.4846,  34.4202, 20 Oct 2018 19:11:06
# 27.1164,  5.451147,  0.686, 0.1069, 0.4475,  34.4431, 20 Oct 2018 19:15:06
# 27.1130,  5.456408,  0.700, 0.1086, 0.4546,  34.4830, 20 Oct 2018 19:19:06
# 27.1004,  5.457550,  0.667, 0.1106, 0.4943,  34.5005, 20 Oct 2018 19:23:06
# 27.0854,  5.448177,  0.662, 0.1085, 0.4366,  34.4450, 20 Oct 2018 19:27:06
# 27.0786,  5.443194,  0.754, 0.1106, 0.4881,  34.4145, 20 Oct 2018 19:31:06
# 27.0652,  5.432784,  0.684, 0.1094, 0.5164,  34.3504, 20 Oct 2018 19:35:06
# 27.0555,  5.436485,  0.686, 0.1094, 0.5006,  34.3838, 20 Oct 2018 19:39:06
# 27.0448,  5.436669,  0.656, 0.1085, 0.4620,  34.3931, 20 Oct 2018 19:43:06
# 27.0136,  5.429910,  0.681, 0.1035, 0.5402,  34.3680, 20 Oct 2018 19:47:06
# 26.9781,  5.428214,  0.698, 0.0964, 0.4726,  34.3822, 20 Oct 2018 19:51:06
# 26.9506,  5.398127,  0.660, 0.1013, 0.5633,  34.1881, 20 Oct 2018 19:55:06
# 26.9127,  5.369709,  0.666, 0.1048, 0.6110,  34.0135, 20 Oct 2018 19:59:06
