# 26.5545,  5.396281,  1.227, 0.1350, 1.4684,  34.4684, 24 Oct 2018 02:03:06
# 26.5977,  5.402625,  1.165, 0.1302, 1.3481,  34.4818, 24 Oct 2018 02:07:06
# 26.6117,  5.405776,  1.162, 0.1434, 1.9965,  34.4939, 24 Oct 2018 02:11:06
# 26.6280,  5.407317,  1.085, 0.1288, 1.2081,  34.4929, 24 Oct 2018 02:15:06
# 26.5861,  5.399133,  1.264, 0.1339, 1.3993,  34.4653, 24 Oct 2018 02:19:06
# 26.6144,  5.405410,  1.187, 0.1434, 1.7868,  34.4893, 24 Oct 2018 02:23:06
# 26.6448,  5.411240,  1.174, 0.1437, 2.0629,  34.5085, 24 Oct 2018 02:27:06
# 26.5964,  5.403144,  1.211, 0.1240, 1.2659,  34.4864, 24 Oct 2018 02:31:06
# 26.6318,  5.407805,  1.185, 0.1278, 1.4418,  34.4935, 24 Oct 2018 02:35:06
# 26.6214,  5.403830,  1.257, 0.1316, 1.4264,  34.4727, 24 Oct 2018 02:39:06
# 26.5888,  5.392370,  1.217, 0.1495, 2.0954,  34.4147, 24 Oct 2018 02:43:06
# 26.5813,  5.388842,  1.278, 0.1508, 1.8762,  34.3950, 24 Oct 2018 02:47:06
# 26.5078,  5.374001,  1.226, 0.1363, 1.7770,  34.3430, 24 Oct 2018 02:51:06
# 26.5177,  5.376360,  1.105, 0.1301, 1.6020,  34.3527, 24 Oct 2018 02:55:06
# 26.6426,  5.403807,  1.177, 0.1401, 1.8521,  34.4567, 24 Oct 2018 02:59:06
