# 27.5352,  5.46727,   0.675, 0.1167, 0.8143,  34.2491, 07 Oct 2018 19:00:12
# 27.5349,  5.45902,   0.653, 0.1131, 0.9045,  34.1912, 07 Oct 2018 19:04:12
# 27.5151,  5.46013,   0.656, 0.1117, 0.8434,  34.2135, 07 Oct 2018 19:08:12
# 27.4939,  5.46233,   0.676, 0.1084, 0.8156,  34.2445, 07 Oct 2018 19:12:12
# 27.4865,  5.44204,   0.658, 0.1133, 0.8985,  34.1068, 07 Oct 2018 19:16:12
# 27.4745,  5.43855,   0.634, 0.1192, 0.9271,  34.0909, 07 Oct 2018 19:20:12
# 27.4509,  5.44258,   0.630, 0.1167, 0.8553,  34.1365, 07 Oct 2018 19:24:12
# 27.4417,  5.44290,   0.649, 0.1118, 0.8745,  34.1456, 07 Oct 2018 19:28:12
# 27.4327,  5.43543,   0.637, 0.1106, 0.8732,  34.0994, 07 Oct 2018 19:32:12
# 27.4193,  5.42400,   0.622, 0.1144, 0.9199,  34.0285, 07 Oct 2018 19:36:12
# 27.4019,  5.42273,   0.637, 0.1116, 0.9142,  34.0322, 07 Oct 2018 19:40:12
# 27.4010,  5.41097,   0.587, 0.1205, 0.9251,  33.9499, 07 Oct 2018 19:44:12
# 27.4021,  5.39902,   0.605, 0.1142, 1.1063,  33.8648, 07 Oct 2018 19:48:12
# 27.3713,  5.39681,   0.598, 0.1191, 1.0807,  33.8715, 07 Oct 2018 19:52:12
# 27.3290,  5.39703,   0.658, 0.1135, 0.9429,  33.9037, 07 Oct 2018 19:56:12
