# 26.6459,  5.43581,   1.095, 0.1168, 1.7620,  34.6840, 09 Oct 2018 05:00:12
# 26.6556,  5.43731,   1.022, 0.1194, 1.7280,  34.6875, 09 Oct 2018 05:04:12
# 26.6691,  5.43864,   0.999, 0.1230, 1.8057,  34.6870, 09 Oct 2018 05:08:12
# 26.6804,  5.43980,   1.133, 0.1288, 2.2455,  34.6868, 09 Oct 2018 05:12:12
# 26.6831,  5.44009,   1.027, 0.1205, 1.6892,  34.6868, 09 Oct 2018 05:16:12
# 26.6883,  5.44043,   1.043, 0.1180, 1.5517,  34.6853, 09 Oct 2018 05:20:12
# 26.6902,  5.44115,   1.082, 0.1241, 1.5885,  34.6891, 09 Oct 2018 05:24:12
# 26.6968,  5.44193,   1.132, 0.1132, 1.4612,  34.6898, 09 Oct 2018 05:28:12
# 26.6978,  5.44142,   0.979, 0.1180, 1.4089,  34.6854, 09 Oct 2018 05:32:12
# 26.6992,  5.44257,   1.064, 0.1180, 1.5959,  34.6926, 09 Oct 2018 05:36:12
# 26.6804,  5.43983,   1.023, 0.1167, 1.4715,  34.6870, 09 Oct 2018 05:40:12
# 26.6604,  5.43814,   1.114, 0.1155, 1.3908,  34.6899, 09 Oct 2018 05:44:12
# 26.6272,  5.43464,   1.075, 0.1203, 1.5150,  34.6896, 09 Oct 2018 05:48:12
# 26.5916,  5.42996,   1.001, 0.1154, 1.4286,  34.6828, 09 Oct 2018 05:52:12
# 26.5550,  5.42475,   1.006, 0.1170, 1.3879,  34.6728, 09 Oct 2018 05:56:12
