# 29.1833,  5.71331,   0.988, 0.1327, 0.9838,  34.7581, 05 Oct 2018 16:00:12
# 29.0775,  5.70506,   0.956, 0.1228, 0.8589,  34.7784, 05 Oct 2018 16:04:12
# 28.9703,  5.69593,   0.909, 0.1180, 0.7888,  34.7937, 05 Oct 2018 16:08:12
# 28.9293,  5.69246,   0.943, 0.1205, 0.8071,  34.7998, 05 Oct 2018 16:12:12
# 28.8934,  5.68926,   0.988, 0.1205, 0.7404,  34.8038, 05 Oct 2018 16:16:12
# 28.8680,  5.68682,   0.997, 0.1256, 0.6712,  34.8055, 05 Oct 2018 16:20:12
# 28.8584,  5.68574,   0.867, 0.1266, 0.7001,  34.8052, 05 Oct 2018 16:24:12
# 28.8341,  5.68335,   0.914, 0.1327, 0.8768,  34.8064, 05 Oct 2018 16:28:12
# 28.8211,  5.68167,   0.895, 0.1253, 0.6287,  34.8043, 05 Oct 2018 16:32:12
# 28.8218,  5.68080,   0.843, 0.1265, 0.6332,  34.7978, 05 Oct 2018 16:36:12
# 28.8136,  5.67919,   0.844, 0.1289, 0.6468,  34.7927, 05 Oct 2018 16:40:12
# 28.8117,  5.67524,   0.842, 0.1204, 0.6212,  34.7668, 05 Oct 2018 16:44:12
# 28.8248,  5.67329,   0.865, 0.1203, 0.7051,  34.7438, 05 Oct 2018 16:48:12
# 28.8329,  5.67162,   0.792, 0.1228, 0.6774,  34.7264, 05 Oct 2018 16:52:12
# 28.8204,  5.67023,   0.918, 0.1214, 0.5754,  34.7259, 05 Oct 2018 16:56:12
