# 27.0895,  5.47478,   0.872, 0.0851, 0.4908,  34.6311, 20 Sep 2018 02:00:12
# 27.0822,  5.47394,   0.859, 0.0850, 0.5937,  34.6306, 20 Sep 2018 02:04:12
# 27.0804,  5.47375,   0.837, 0.0852, 0.5586,  34.6307, 20 Sep 2018 02:08:12
# 27.0781,  5.47340,   0.880, 0.0864, 0.5222,  34.6299, 20 Sep 2018 02:12:12
# 27.0688,  5.47265,   0.807, 0.0826, 0.5272,  34.6315, 20 Sep 2018 02:16:12
# 27.0636,  5.47211,   0.819, 0.0838, 0.5595,  34.6315, 20 Sep 2018 02:20:12
# 27.0560,  5.47148,   0.840, 0.0839, 0.5536,  34.6326, 20 Sep 2018 02:24:12
# 27.0426,  5.47021,   0.798, 0.0852, 0.5259,  34.6335, 20 Sep 2018 02:28:12
# 27.0338,  5.46944,   0.848, 0.0828, 0.5413,  34.6346, 20 Sep 2018 02:32:12
# 27.0244,  5.46851,   0.808, 0.0875, 0.5816,  34.6350, 20 Sep 2018 02:36:12
# 27.0171,  5.46778,   0.830, 0.0864, 0.5487,  34.6353, 20 Sep 2018 02:40:12
# 27.0153,  5.46739,   0.806, 0.0851, 0.6069,  34.6338, 20 Sep 2018 02:44:12
# 26.9987,  5.46584,   0.821, 0.0900, 0.4487,  34.6351, 20 Sep 2018 02:48:12
# 26.9592,  5.46152,   0.784, 0.0826, 0.5584,  34.6338, 20 Sep 2018 02:52:12
# 26.8804,  5.45218,   0.779, 0.0852, 0.5396,  34.6259, 20 Sep 2018 02:56:12
