# 25.6964,  5.336678,  0.723, 0.1058, 0.3868,  34.6830, 18 Oct 2018 05:03:06
# 25.6846,  5.335882,  0.773, 0.1058, 0.3890,  34.6862, 18 Oct 2018 05:07:06
# 25.6691,  5.334956,  0.824, 0.1107, 0.3721,  34.6911, 18 Oct 2018 05:11:06
# 25.6563,  5.333993,  0.723, 0.1071, 0.4063,  34.6938, 18 Oct 2018 05:15:06
# 25.6409,  5.333235,  0.789, 0.1072, 0.3648,  34.7000, 18 Oct 2018 05:19:06
# 25.6360,  5.333523,  0.732, 0.1059, 0.3964,  34.7059, 18 Oct 2018 05:23:06
# 25.6277,  5.333864,  0.739, 0.1108, 0.3626,  34.7147, 18 Oct 2018 05:27:06
# 25.6349,  5.334843,  0.749, 0.1071, 0.4038,  34.7164, 18 Oct 2018 05:31:06
# 25.6498,  5.336679,  0.741, 0.1057, 0.3926,  34.7184, 18 Oct 2018 05:35:06
# 25.6700,  5.339031,  0.803, 0.1048, 0.3878,  34.7203, 18 Oct 2018 05:39:06
# 25.6834,  5.340299,  0.727, 0.1096, 0.3638,  34.7194, 18 Oct 2018 05:43:06
# 25.6574,  5.338090,  0.775, 0.1121, 0.3649,  34.7230, 18 Oct 2018 05:47:06
# 25.6502,  5.336884,  0.827, 0.1131, 0.5705,  34.7196, 18 Oct 2018 05:51:06
# 25.6454,  5.336307,  0.794, 0.1095, 0.3953,  34.7191, 18 Oct 2018 05:55:06
# 25.6441,  5.336641,  0.756, 0.1144, 0.4015,  34.7225, 18 Oct 2018 05:59:06
