# 26.9821,  5.46656,    0.745, 0.1158, 0.2444,  34.6527, 07 Nov 2017 14:01:27
# 26.9816,  5.46752,    0.717, 0.1107, 0.2494,  34.6599, 07 Nov 2017 14:05:27
# 26.9771,  5.46813,    0.723, 0.1167, 0.2469,  34.6676, 07 Nov 2017 14:09:27
# 26.9764,  5.46699,    0.784, 0.1218, 0.2576,  34.6600, 07 Nov 2017 14:13:27
# 26.9780,  5.46880,    0.697, 0.1220, 0.2551,  34.6718, 07 Nov 2017 14:17:27
# 26.9895,  5.46973,    0.699, 0.1205, 0.2722,  34.6698, 07 Nov 2017 14:21:27
# 26.9907,  5.46926,    0.726, 0.1182, 0.2901,  34.6656, 07 Nov 2017 14:25:27
# 26.9955,  5.46995,    0.726, 0.1169, 0.2336,  34.6668, 07 Nov 2017 14:29:27
# 26.9871,  5.46989,    0.791, 0.1191, 0.2782,  34.6727, 07 Nov 2017 14:33:27
# 26.9789,  5.46937,    0.757, 0.1170, 0.2672,  34.6751, 07 Nov 2017 14:37:27
# 26.9781,  5.46977,    0.743, 0.1171, 0.2530,  34.6786, 07 Nov 2017 14:41:27
# 26.9834,  5.46938,    0.755, 0.1144, 0.2409,  34.6718, 07 Nov 2017 14:45:27
# 26.9808,  5.47065,    0.692, 0.1180, 0.2888,  34.6828, 07 Nov 2017 14:49:27
# 26.9723,  5.47100,    0.741, 0.1156, 0.2756,  34.6917, 07 Nov 2017 14:53:27
# 26.9707,  5.47238,    0.746, 0.1182, 0.2628,  34.7028, 07 Nov 2017 14:57:27
# 26.9865,  5.47204,    0.736, 0.1241, 0.2746,  34.6885, 07 Nov 2017 15:01:27
# 26.9903,  5.47483,    0.703, 0.1131, 0.3006,  34.7056, 07 Nov 2017 15:05:27
# 26.9983,  5.47416,    0.687, 0.1181, 0.2660,  34.6948, 07 Nov 2017 15:09:27
# 27.0006,  5.47346,    0.858, 0.1204, 0.2650,  34.6880, 07 Nov 2017 15:13:27
# 26.9985,  5.47486,    0.801, 0.1241, 0.2766,  34.6996, 07 Nov 2017 15:17:27
# 26.9897,  5.47522,    0.782, 0.1143, 0.2662,  34.7088, 07 Nov 2017 15:21:27
# 27.0023,  5.47580,    0.837, 0.1180, 0.2782,  34.7035, 07 Nov 2017 15:25:27
# 27.0102,  5.47674,    0.701, 0.1168, 0.2709,  34.7043, 07 Nov 2017 15:29:27
# 27.0154,  5.47616,    0.843, 0.1160, 0.2551,  34.6963, 07 Nov 2017 15:33:27
# 27.0244,  5.47561,    0.838, 0.1058, 0.2517,  34.6856, 07 Nov 2017 15:37:27
# 27.0174,  5.47706,    0.754, 0.1156, 0.2721,  34.7012, 07 Nov 2017 15:41:27
# 27.0140,  5.47795,    0.775, 0.1107, 0.2696,  34.7101, 07 Nov 2017 15:45:27
# 27.0136,  5.47844,    0.775, 0.1157, 0.2805,  34.7139, 07 Nov 2017 15:49:27
# 27.0130,  5.47846,    0.799, 0.1143, 0.2912,  34.7145, 07 Nov 2017 15:53:27
# 27.0066,  5.47798,    0.785, 0.1157, 0.2747,  34.7159, 07 Nov 2017 15:57:27
# 27.0121,  5.47822,    0.860, 0.1070, 0.2591,  34.7135, 07 Nov 2017 16:01:27
# 27.0070,  5.47717,    0.847, 0.1131, 0.2780,  34.7098, 07 Nov 2017 16:05:27
# 26.9917,  5.47687,    0.771, 0.1132, 0.2889,  34.7191, 07 Nov 2017 16:09:27
# 26.9904,  5.47728,    0.824, 0.1106, 0.2902,  34.7230, 07 Nov 2017 16:13:27
# 26.9907,  5.47781,    0.865, 0.1157, 0.3042,  34.7265, 07 Nov 2017 16:17:27
# 26.9904,  5.47823,    0.849, 0.1118, 0.2922,  34.7297, 07 Nov 2017 16:21:27
# 26.9899,  5.47835,    0.841, 0.1069, 0.2792,  34.7309, 07 Nov 2017 16:25:27
# 26.9854,  5.47693,    0.917, 0.1131, 0.2771,  34.7241, 07 Nov 2017 16:29:27
# 26.9777,  5.47601,    0.852, 0.1118, 0.2923,  34.7234, 07 Nov 2017 16:33:27
# 26.9713,  5.47471,    0.876, 0.1169, 0.2769,  34.7189, 07 Nov 2017 16:37:27
# 26.9668,  5.47391,    0.893, 0.1146, 0.2710,  34.7165, 07 Nov 2017 16:41:27
# 26.9554,  5.47247,    0.876, 0.1204, 0.2615,  34.7148, 07 Nov 2017 16:45:27
# 26.9458,  5.47141,    0.957, 0.1167, 0.2673,  34.7143, 07 Nov 2017 16:49:27
# 26.9373,  5.47129,    0.959, 0.1120, 0.2853,  34.7198, 07 Nov 2017 16:53:27
# 26.9394,  5.46939,    0.914, 0.1231, 0.2805,  34.7047, 07 Nov 2017 16:57:27
# 26.9272,  5.47008,    0.885, 0.1167, 0.2493,  34.7188, 07 Nov 2017 17:01:27
# 26.9163,  5.46995,    0.980, 0.1119, 0.2408,  34.7260, 07 Nov 2017 17:05:27
# 26.9206,  5.46938,    0.868, 0.1157, 0.2625,  34.7187, 07 Nov 2017 17:09:27
# 26.9185,  5.46744,    0.917, 0.1218, 0.2454,  34.7064, 07 Nov 2017 17:13:27
# 26.9156,  5.46669,    0.896, 0.1281, 0.2916,  34.7032, 07 Nov 2017 17:17:27
# 26.9078,  5.46609,    0.912, 0.1218, 0.2935,  34.7048, 07 Nov 2017 17:21:27
# 26.8999,  5.46574,    0.949, 0.1170, 0.2805,  34.7082, 07 Nov 2017 17:25:27
# 26.8866,  5.46498,    0.955, 0.1194, 0.2515,  34.7126, 07 Nov 2017 17:29:27
# 26.8808,  5.46435,    0.970, 0.1192, 0.2756,  34.7125, 07 Nov 2017 17:33:27
# 26.8627,  5.46256,    0.980, 0.1167, 0.2576,  34.7133, 07 Nov 2017 17:37:27
# 26.8540,  5.46203,    0.974, 0.1241, 0.2528,  34.7160, 07 Nov 2017 17:41:27
# 26.8436,  5.46026,    0.922, 0.1241, 0.2384,  34.7112, 07 Nov 2017 17:45:27
# 26.8430,  5.45936,    0.914, 0.1231, 0.2399,  34.7052, 07 Nov 2017 17:49:27
# 26.8253,  5.45752,    0.944, 0.1315, 0.2325,  34.7053, 07 Nov 2017 17:53:27
# 26.8127,  5.45525,    0.986, 0.1304, 0.2336,  34.6984, 07 Nov 2017 17:57:27
# 26.8097,  5.45462,    0.956, 0.1292, 0.2323,  34.6962, 07 Nov 2017 18:01:27
# 26.7983,  5.45406,    0.970, 0.1290, 0.2255,  34.7006, 07 Nov 2017 18:05:27
# 26.7944,  5.45358,    0.999, 0.1232, 0.2233,  34.7001, 07 Nov 2017 18:09:27
# 26.7935,  5.45269,    0.974, 0.1316, 0.2467,  34.6945, 07 Nov 2017 18:13:27
# 26.7883,  5.44960,    0.941, 0.1547, 0.2589,  34.6762, 07 Nov 2017 18:17:27
# 26.7783,  5.45078,    1.000, 0.1328, 0.2294,  34.6921, 07 Nov 2017 18:21:27
# 26.7801,  5.45185,    0.897, 0.1291, 0.2613,  34.6986, 07 Nov 2017 18:25:27
# 26.7669,  5.45089,    0.938, 0.1244, 0.2566,  34.7015, 07 Nov 2017 18:29:27
# 26.7609,  5.45038,    1.019, 0.1218, 0.2168,  34.7023, 07 Nov 2017 18:33:27
# 26.7483,  5.44884,    0.992, 0.1194, 0.2110,  34.7007, 07 Nov 2017 18:37:27
# 26.7364,  5.44530,    0.976, 0.1295, 0.1975,  34.6843, 07 Nov 2017 18:41:27
# 26.7346,  5.44045,    0.957, 0.1319, 0.2012,  34.6509, 07 Nov 2017 18:45:27
# 26.7316,  5.43719,    0.979, 0.1317, 0.1962,  34.6297, 07 Nov 2017 18:49:27
# 26.7228,  5.43249,    0.981, 0.1485, 0.1936,  34.6026, 07 Nov 2017 18:53:27
# 26.7142,  5.42777,    1.002, 0.1563, 0.1899,  34.5752, 07 Nov 2017 18:57:27
# 26.7096,  5.42829,    0.982, 0.1462, 0.1975,  34.5824, 07 Nov 2017 19:01:27
# 26.7057,  5.42462,    0.988, 0.1594, 0.2073,  34.5590, 07 Nov 2017 19:05:27
# 26.7059,  5.42402,    1.018, 0.1573, 0.2110,  34.5545, 07 Nov 2017 19:09:27
# 26.6982,  5.42293,    0.983, 0.1511, 0.1989,  34.5525, 07 Nov 2017 19:13:27
# 26.6867,  5.42029,    0.947, 0.1592, 0.1977,  34.5421, 07 Nov 2017 19:17:27
# 26.6819,  5.41911,    1.011, 0.1550, 0.1938,  34.5372, 07 Nov 2017 19:21:27
# 26.6779,  5.41600,    1.021, 0.1711, 0.1843,  34.5179, 07 Nov 2017 19:25:27
# 26.6757,  5.41587,    1.002, 0.1550, 0.1863,  34.5186, 07 Nov 2017 19:29:27
# 26.6749,  5.41502,    0.982, 0.1437, 0.2084,  34.5132, 07 Nov 2017 19:33:27
# 26.6702,  5.41523,    0.984, 0.1500, 0.1840,  34.5181, 07 Nov 2017 19:37:27
# 26.6615,  5.41417,    0.984, 0.1438, 0.1817,  34.5170, 07 Nov 2017 19:41:27
# 26.6521,  5.41268,    1.016, 0.1342, 0.1865,  34.5134, 07 Nov 2017 19:45:27
# 26.6504,  5.41249,    1.034, 0.1499, 0.1805,  34.5133, 07 Nov 2017 19:49:27
# 26.6427,  5.41082,    0.972, 0.1489, 0.1962,  34.5070, 07 Nov 2017 19:53:27
# 26.6422,  5.40979,    0.968, 0.1547, 0.1962,  34.5000, 07 Nov 2017 19:57:27
# 26.6471,  5.41050,    0.983, 0.1501, 0.1854,  34.5015, 07 Nov 2017 20:01:27
# 26.6318,  5.40943,    0.995, 0.1525, 0.1881,  34.5052, 07 Nov 2017 20:05:27
# 26.6219,  5.40713,    0.960, 0.1425, 0.1889,  34.4961, 07 Nov 2017 20:09:27
# 26.6096,  5.40554,    0.968, 0.1465, 0.1816,  34.4939, 07 Nov 2017 20:13:27
# 26.6225,  5.40834,    0.927, 0.1489, 0.2024,  34.5044, 07 Nov 2017 20:17:27
# 26.6202,  5.40628,    0.948, 0.1501, 0.1963,  34.4913, 07 Nov 2017 20:21:27
# 26.6265,  5.40579,    0.984, 0.1942, 0.4703,  34.4830, 07 Nov 2017 20:25:27
# 26.6230,  5.40603,    1.006, 0.2161, 1.1551,  34.4874, 07 Nov 2017 20:29:27
# 26.6120,  5.40412,    1.010, 0.1511, 0.1828,  34.4819, 07 Nov 2017 20:33:27
# 26.6155,  5.40439,    0.999, 0.1536, 0.1881,  34.4812, 07 Nov 2017 20:37:27
# 26.6144,  5.40382,    0.944, 0.1575, 0.1997,  34.4779, 07 Nov 2017 20:41:27
# 26.6198,  5.40599,    0.939, 0.1511, 0.1962,  34.4895, 07 Nov 2017 20:45:27
# 26.6154,  5.40590,    0.957, 0.1472, 0.1879,  34.4922, 07 Nov 2017 20:49:27
# 26.6100,  5.40561,    0.927, 0.1473, 0.2780,  34.4941, 07 Nov 2017 20:53:27
# 26.6030,  5.40583,    0.968, 0.1366, 0.1878,  34.5009, 07 Nov 2017 20:57:27
# 26.5995,  5.40550,    1.007, 0.1379, 0.1952,  34.5011, 07 Nov 2017 21:01:27
# 26.6081,  5.40846,    0.857, 0.1391, 0.2222,  34.5160, 07 Nov 2017 21:05:27
# 26.6132,  5.40979,    0.926, 0.1466, 0.1986,  34.5217, 07 Nov 2017 21:09:27
# 26.6019,  5.40721,    0.880, 0.1562, 0.2084,  34.5116, 07 Nov 2017 21:13:27
# 26.5987,  5.40685,    0.925, 0.1592, 0.1864,  34.5114, 07 Nov 2017 21:17:27
# 26.5902,  5.40620,    0.969, 0.1341, 0.1927,  34.5131, 07 Nov 2017 21:21:27
# 26.5910,  5.40354,    0.930, 0.1512, 0.1913,  34.4934, 07 Nov 2017 21:25:27
# 26.6042,  5.40677,    0.880, 0.1606, 0.2085,  34.5067, 07 Nov 2017 21:29:27
# 26.6106,  5.41534,    0.939, 0.1463, 0.2170,  34.5635, 07 Nov 2017 21:33:27
# 26.6109,  5.41617,    0.882, 0.1404, 0.2208,  34.5692, 07 Nov 2017 21:37:27
# 26.6028,  5.41703,    0.881, 0.1426, 0.2471,  34.5815, 07 Nov 2017 21:41:27
# 26.6005,  5.41847,    0.868, 0.1277, 0.2494,  34.5935, 07 Nov 2017 21:45:27
# 26.5901,  5.41885,    0.826, 0.1426, 0.2257,  34.6041, 07 Nov 2017 21:49:27
# 26.5858,  5.41861,    0.830, 0.1389, 0.2085,  34.6056, 07 Nov 2017 21:53:27
# 26.5819,  5.41921,    0.857, 0.1427, 0.2035,  34.6129, 07 Nov 2017 21:57:27
# 26.5896,  5.42271,    0.834, 0.1438, 0.2084,  34.6322, 07 Nov 2017 22:01:27
# 26.5847,  5.42280,    0.775, 0.1473, 0.2134,  34.6366, 07 Nov 2017 22:05:27
# 26.5781,  5.42195,    0.858, 0.1475, 0.2220,  34.6353, 07 Nov 2017 22:09:27
# 26.5742,  5.42119,    0.797, 0.1512, 0.2061,  34.6328, 07 Nov 2017 22:13:27
# 26.5637,  5.41970,    0.874, 0.1487, 0.2023,  34.6300, 07 Nov 2017 22:17:27
# 26.5648,  5.41473,    0.872, 0.1627, 0.2123,  34.5935, 07 Nov 2017 22:21:27
# 26.5679,  5.41899,    0.850, 0.1616, 0.2293,  34.6217, 07 Nov 2017 22:25:27
# 26.5548,  5.41520,    0.782, 0.1452, 0.2049,  34.6043, 07 Nov 2017 22:29:27
# 26.5631,  5.41169,    0.832, 0.1630, 0.2244,  34.5729, 07 Nov 2017 22:33:27
# 26.5733,  5.41695,    0.850, 0.1800, 0.2198,  34.6030, 07 Nov 2017 22:37:27
# 26.5576,  5.41906,    0.838, 0.1525, 0.2206,  34.6299, 07 Nov 2017 22:41:27
# 26.5399,  5.42060,    0.853, 0.1382, 0.2258,  34.6544, 07 Nov 2017 22:45:27
# 26.5461,  5.41949,    0.806, 0.1305, 0.2097,  34.6417, 07 Nov 2017 22:49:27
# 26.5393,  5.41848,    0.811, 0.1318, 0.2374,  34.6395, 07 Nov 2017 22:53:27
# 26.5312,  5.41641,    0.800, 0.1307, 0.2111,  34.6307, 07 Nov 2017 22:57:27
# 26.5236,  5.41564,    0.822, 0.1453, 0.2223,  34.6308, 07 Nov 2017 23:01:27
# 26.5119,  5.41000,    0.801, 0.1401, 0.2913,  34.5991, 07 Nov 2017 23:05:27
# 26.5174,  5.40798,    0.844, 0.1512, 0.2207,  34.5804, 07 Nov 2017 23:09:27
# 26.5188,  5.41041,    0.767, 0.1343, 0.2348,  34.5969, 07 Nov 2017 23:13:27
# 26.5223,  5.41514,    0.712, 0.1294, 0.2233,  34.6283, 07 Nov 2017 23:17:27
# 26.5161,  5.41513,    0.766, 0.1317, 0.2097,  34.6329, 07 Nov 2017 23:21:27
# 26.5125,  5.41425,    0.761, 0.1414, 0.2208,  34.6292, 07 Nov 2017 23:25:27
# 26.5167,  5.41485,    0.756, 0.1390, 0.2171,  34.6304, 07 Nov 2017 23:29:27
# 26.5158,  5.41443,    0.691, 0.1379, 0.2338,  34.6281, 07 Nov 2017 23:33:27
# 26.5151,  5.41486,    0.723, 0.1451, 0.2108,  34.6317, 07 Nov 2017 23:37:27
# 26.5052,  5.41455,    0.717, 0.1326, 0.2261,  34.6368, 07 Nov 2017 23:41:27
# 26.4959,  5.41376,    0.733, 0.1328, 0.2061,  34.6382, 07 Nov 2017 23:45:27
# 26.4876,  5.41348,    0.701, 0.1341, 0.2071,  34.6423, 07 Nov 2017 23:49:27
# 26.4792,  5.41289,    0.780, 0.1326, 0.2325,  34.6444, 07 Nov 2017 23:53:27
# 26.4813,  5.41302,    0.754, 0.1328, 0.2398,  34.6438, 07 Nov 2017 23:57:27
# 26.4803,  5.41244,    0.754, 0.1379, 0.2184,  34.6404, 08 Nov 2017 00:01:27
# 26.4683,  5.41244,    0.743, 0.1305, 0.2435,  34.6494, 08 Nov 2017 00:05:27
# 26.4591,  5.41152,    0.770, 0.1377, 0.2313,  34.6496, 08 Nov 2017 00:09:27
# 26.4589,  5.41098,    0.659, 0.1378, 0.2563,  34.6460, 08 Nov 2017 00:13:27
# 26.4649,  5.41159,    0.692, 0.1365, 0.2255,  34.6459, 08 Nov 2017 00:17:27
# 26.4611,  5.41098,    0.723, 0.1293, 0.2260,  34.6443, 08 Nov 2017 00:21:27
# 26.4605,  5.41025,    0.664, 0.1389, 0.2294,  34.6395, 08 Nov 2017 00:25:27
# 26.4781,  5.41009,    0.680, 0.1522, 0.2386,  34.6251, 08 Nov 2017 00:29:27
# 26.4735,  5.40958,    0.695, 0.1380, 0.2939,  34.6249, 08 Nov 2017 00:33:27
# 26.4866,  5.40910,    0.673, 0.1379, 0.2281,  34.6116, 08 Nov 2017 00:37:27
# 26.4792,  5.40950,    0.765, 0.1295, 0.2313,  34.6200, 08 Nov 2017 00:41:27
# 26.4724,  5.40985,    0.758, 0.1247, 0.2220,  34.6277, 08 Nov 2017 00:45:27
# 26.4799,  5.40973,    0.673, 0.1402, 0.2818,  34.6211, 08 Nov 2017 00:49:27
# 26.4758,  5.41020,    0.701, 0.1380, 0.2097,  34.6276, 08 Nov 2017 00:53:27
# 26.4680,  5.41007,    0.692, 0.1232, 0.2712,  34.6326, 08 Nov 2017 00:57:27
# 26.4594,  5.40873,    0.690, 0.1243, 0.2457,  34.6294, 08 Nov 2017 01:01:27
# 26.4612,  5.40821,    0.782, 0.1364, 0.2469,  34.6242, 08 Nov 2017 01:05:27
# 26.4649,  5.40849,    0.729, 0.1379, 0.2245,  34.6235, 08 Nov 2017 01:09:27
# 26.4691,  5.40994,    0.759, 0.1417, 0.2232,  34.6308, 08 Nov 2017 01:13:27
# 26.4578,  5.41161,    0.773, 0.1415, 0.2553,  34.6513, 08 Nov 2017 01:17:27
# 26.4520,  5.41115,    0.715, 0.1257, 0.2540,  34.6523, 08 Nov 2017 01:21:27
# 26.4467,  5.41056,    0.759, 0.1255, 0.2435,  34.6521, 08 Nov 2017 01:25:27
# 26.4419,  5.40948,    0.772, 0.1182, 0.2459,  34.6479, 08 Nov 2017 01:29:27
# 26.4442,  5.41079,    0.744, 0.1342, 0.2711,  34.6556, 08 Nov 2017 01:33:27
# 26.4475,  5.41120,    0.741, 0.1280, 0.2361,  34.6560, 08 Nov 2017 01:37:27
# 26.4357,  5.40947,    0.736, 0.1181, 0.2336,  34.6525, 08 Nov 2017 01:41:27
# 26.4352,  5.40937,    0.748, 0.1269, 0.2891,  34.6521, 08 Nov 2017 01:45:27
# 26.4297,  5.40823,    0.778, 0.1220, 0.2712,  34.6481, 08 Nov 2017 01:49:27
# 26.4279,  5.40861,    0.771, 0.1255, 0.2420,  34.6522, 08 Nov 2017 01:53:27
# 26.4228,  5.40828,    0.757, 0.1209, 0.2543,  34.6536, 08 Nov 2017 01:57:27
# 26.4206,  5.40854,    0.750, 0.1219, 0.2493,  34.6572, 08 Nov 2017 02:01:27
# 26.4153,  5.40864,    0.806, 0.1269, 0.2337,  34.6618, 08 Nov 2017 02:05:27
# 26.4094,  5.40800,    0.791, 0.1194, 0.2347,  34.6616, 08 Nov 2017 02:09:27
# 26.3958,  5.40770,    0.800, 0.1205, 0.2518,  34.6697, 08 Nov 2017 02:13:27
# 26.3894,  5.40762,    0.811, 0.1208, 0.2566,  34.6740, 08 Nov 2017 02:17:27
# 26.3881,  5.40735,    0.789, 0.1342, 0.2447,  34.6730, 08 Nov 2017 02:21:27
# 26.3865,  5.40663,    0.832, 0.1220, 0.2339,  34.6690, 08 Nov 2017 02:25:27
# 26.3828,  5.40483,    0.770, 0.1279, 0.2676,  34.6588, 08 Nov 2017 02:29:27
# 26.3754,  5.40422,    0.806, 0.1231, 0.2554,  34.6599, 08 Nov 2017 02:33:27
# 26.3680,  5.40425,    0.842, 0.1157, 0.2653,  34.6657, 08 Nov 2017 02:37:27
# 26.3614,  5.40335,    0.854, 0.1146, 0.2023,  34.6642, 08 Nov 2017 02:41:27
# 26.3501,  5.40180,    0.819, 0.1182, 0.2685,  34.6615, 08 Nov 2017 02:45:27
# 26.3443,  5.40159,    0.818, 0.1229, 0.2420,  34.6644, 08 Nov 2017 02:49:27
# 26.3398,  5.40047,    0.904, 0.1231, 0.2519,  34.6597, 08 Nov 2017 02:53:27
# 26.3328,  5.39939,    0.860, 0.1131, 0.2455,  34.6572, 08 Nov 2017 02:57:27
# 26.3255,  5.39929,    0.893, 0.1106, 0.2280,  34.6619, 08 Nov 2017 03:01:27
# 26.3168,  5.39829,    0.885, 0.1144, 0.2268,  34.6612, 08 Nov 2017 03:05:27
# 26.3123,  5.39758,    0.949, 0.1147, 0.2136,  34.6595, 08 Nov 2017 03:09:27
# 26.3169,  5.39706,    0.899, 0.1191, 0.2384,  34.6523, 08 Nov 2017 03:13:27
# 26.3294,  5.39786,    0.856, 0.1157, 0.2384,  34.6486, 08 Nov 2017 03:17:27
# 26.3193,  5.39700,    0.892, 0.1168, 0.2173,  34.6500, 08 Nov 2017 03:21:27
# 26.3213,  5.39724,    0.906, 0.1132, 0.2312,  34.6502, 08 Nov 2017 03:25:27
# 26.3208,  5.39714,    0.957, 0.1157, 0.2539,  34.6498, 08 Nov 2017 03:29:27
# 26.3197,  5.39660,    0.948, 0.1279, 0.2876,  34.6469, 08 Nov 2017 03:33:27
# 26.3118,  5.39616,    0.986, 0.1180, 0.2541,  34.6496, 08 Nov 2017 03:37:27
# 26.3155,  5.39649,    0.952, 0.1170, 0.2637,  34.6492, 08 Nov 2017 03:41:27
# 26.3200,  5.39634,    0.972, 0.1267, 0.2361,  34.6446, 08 Nov 2017 03:45:27
# 26.3280,  5.39478,    0.980, 0.1266, 0.2480,  34.6274, 08 Nov 2017 03:49:27
# 26.3276,  5.39549,    1.073, 0.1170, 0.2627,  34.6328, 08 Nov 2017 03:53:27
# 26.3236,  5.39638,    0.984, 0.1209, 0.2434,  34.6423, 08 Nov 2017 03:57:27
# 26.3143,  5.39837,    1.012, 0.1196, 0.2419,  34.6636, 08 Nov 2017 04:01:27
# 26.3008,  5.39824,    1.033, 0.1180, 0.2676,  34.6729, 08 Nov 2017 04:05:27
# 26.3079,  5.39739,    1.045, 0.1168, 0.2855,  34.6614, 08 Nov 2017 04:09:27
# 26.3177,  5.39742,    1.036, 0.1232, 0.2322,  34.6542, 08 Nov 2017 04:13:27
# 26.3228,  5.39889,    1.087, 0.1183, 0.2364,  34.6610, 08 Nov 2017 04:17:27
# 26.3144,  5.39888,    1.067, 0.1257, 0.2865,  34.6672, 08 Nov 2017 04:21:27
# 26.3143,  5.39841,    1.073, 0.1221, 0.2578,  34.6639, 08 Nov 2017 04:25:27
# 26.3220,  5.39859,    1.115, 0.1194, 0.2171,  34.6594, 08 Nov 2017 04:29:27
# 26.3366,  5.39690,    1.150, 0.1366, 0.2830,  34.6362, 08 Nov 2017 04:33:27
# 26.3339,  5.39875,    1.075, 0.1229, 0.2455,  34.6516, 08 Nov 2017 04:37:27
# 26.3314,  5.40029,    1.110, 0.1246, 0.2795,  34.6646, 08 Nov 2017 04:41:27
# 26.3294,  5.40059,    1.049, 0.1196, 0.2553,  34.6683, 08 Nov 2017 04:45:27
# 26.3288,  5.39959,    1.109, 0.1293, 0.2373,  34.6615, 08 Nov 2017 04:49:27
# 26.3291,  5.39982,    1.138, 0.1282, 0.2293,  34.6629, 08 Nov 2017 04:53:27
# 26.3291,  5.40049,    1.156, 0.1208, 0.2732,  34.6678, 08 Nov 2017 04:57:27
# 26.3241,  5.40029,    1.146, 0.1106, 0.2383,  34.6702, 08 Nov 2017 05:01:27
# 26.3171,  5.39997,    1.160, 0.1131, 0.2122,  34.6730, 08 Nov 2017 05:05:27
# 26.3162,  5.39800,    1.159, 0.1205, 0.2293,  34.6595, 08 Nov 2017 05:09:27
# 26.3036,  5.39633,    1.179, 0.1180, 0.2591,  34.6570, 08 Nov 2017 05:13:27
# 26.3042,  5.39624,    1.181, 0.1269, 0.2455,  34.6558, 08 Nov 2017 05:17:27
# 26.2935,  5.39438,    1.247, 0.1108, 0.2159,  34.6505, 08 Nov 2017 05:21:27
# 26.3156,  5.39402,    1.215, 0.1280, 0.2470,  34.6312, 08 Nov 2017 05:25:27
# 26.3265,  5.39416,    1.198, 0.1258, 0.2412,  34.6240, 08 Nov 2017 05:29:27
# 26.3247,  5.39387,    1.223, 0.1267, 0.2258,  34.6232, 08 Nov 2017 05:33:27
# 26.3075,  5.39253,    1.224, 0.1328, 0.2311,  34.6265, 08 Nov 2017 05:37:27
# 26.3075,  5.39347,    1.246, 0.1181, 0.2073,  34.6333, 08 Nov 2017 05:41:27
# 26.3015,  5.39345,    1.203, 0.1170, 0.2518,  34.6377, 08 Nov 2017 05:45:27
# 26.3258,  5.39285,    1.249, 0.1342, 0.2628,  34.6150, 08 Nov 2017 05:49:27
# 26.3356,  5.39315,    1.213, 0.1292, 0.2195,  34.6098, 08 Nov 2017 05:53:27
# 26.3400,  5.39231,    1.263, 0.1389, 0.2110,  34.6005, 08 Nov 2017 05:57:27
# 26.3406,  5.39217,    1.266, 0.1329, 0.2145,  34.5990, 08 Nov 2017 06:01:27
# 26.3318,  5.39362,    1.258, 0.1268, 0.2349,  34.6162, 08 Nov 2017 06:05:27
# 26.3154,  5.39508,    1.304, 0.1231, 0.2192,  34.6390, 08 Nov 2017 06:09:27
# 26.3097,  5.39464,    1.407, 0.1169, 0.2306,  34.6401, 08 Nov 2017 06:13:27
# 26.2792,  5.39070,    1.338, 0.1147, 0.2098,  34.6345, 08 Nov 2017 06:17:27
# 26.2846,  5.39011,    1.384, 0.1156, 0.2256,  34.6262, 08 Nov 2017 06:21:27
# 26.2842,  5.38888,    1.312, 0.1170, 0.1988,  34.6177, 08 Nov 2017 06:25:27
# 26.2943,  5.38821,    1.383, 0.1303, 0.2123,  34.6052, 08 Nov 2017 06:29:27
# 26.3277,  5.38885,    1.361, 0.1254, 0.2171,  34.5848, 08 Nov 2017 06:33:27
# 26.3325,  5.38974,    1.448, 0.1353, 0.2171,  34.5874, 08 Nov 2017 06:37:27
# 26.3329,  5.38977,    1.373, 0.1244, 0.1914,  34.5874, 08 Nov 2017 06:41:27
# 26.3336,  5.39002,    1.357, 0.1268, 0.2793,  34.5887, 08 Nov 2017 06:45:27
# 26.3477,  5.39166,    1.358, 0.1331, 0.2072,  34.5899, 08 Nov 2017 06:49:27
# 26.3460,  5.39218,    1.284, 0.1344, 0.2120,  34.5950, 08 Nov 2017 06:53:27
# 26.3576,  5.39262,    1.406, 0.1389, 0.2444,  34.5894, 08 Nov 2017 06:57:27
# 26.3557,  5.39221,    1.321, 0.1364, 0.2348,  34.5880, 08 Nov 2017 07:01:27
# 26.3503,  5.39001,    1.425, 0.1367, 0.2122,  34.5761, 08 Nov 2017 07:05:27
# 26.3502,  5.38942,    1.472, 0.1295, 0.2185,  34.5719, 08 Nov 2017 07:09:27
# 26.3437,  5.38961,    1.401, 0.1268, 0.2063,  34.5782, 08 Nov 2017 07:13:27
# 26.3345,  5.38905,    1.411, 0.1205, 0.2074,  34.5810, 08 Nov 2017 07:17:27
# 26.3318,  5.38859,    1.420, 0.1231, 0.2061,  34.5797, 08 Nov 2017 07:21:27
# 26.3313,  5.38856,    1.377, 0.1218, 0.2035,  34.5799, 08 Nov 2017 07:25:27
# 26.3362,  5.38858,    1.432, 0.1192, 0.1975,  34.5764, 08 Nov 2017 07:29:27
# 26.3437,  5.38965,    1.409, 0.1244, 0.1977,  34.5784, 08 Nov 2017 07:33:27
# 26.3542,  5.39008,    1.435, 0.1257, 0.1854,  34.5736, 08 Nov 2017 07:37:27
# 26.3419,  5.38910,    1.477, 0.1232, 0.2085,  34.5758, 08 Nov 2017 07:41:27
# 26.3301,  5.38715,    1.447, 0.1220, 0.1939,  34.5706, 08 Nov 2017 07:45:27
# 26.3239,  5.38550,    1.428, 0.1168, 0.1853,  34.5633, 08 Nov 2017 07:49:27
# 26.3162,  5.38405,    1.450, 0.1150, 0.1913,  34.5587, 08 Nov 2017 07:53:27
# 26.3206,  5.38470,    1.416, 0.1144, 0.1729,  34.5600, 08 Nov 2017 07:57:27
# 26.3288,  5.38462,    1.432, 0.1169, 0.2244,  34.5533, 08 Nov 2017 08:01:27
# 26.3364,  5.38637,    1.417, 0.1131, 0.1855,  34.5603, 08 Nov 2017 08:05:27
# 26.3421,  5.38636,    1.389, 0.1160, 0.1829,  34.5559, 08 Nov 2017 08:09:27
# 26.3414,  5.38613,    1.417, 0.1144, 0.1781,  34.5548, 08 Nov 2017 08:13:27
# 26.3453,  5.38643,    1.343, 0.1182, 0.1828,  34.5540, 08 Nov 2017 08:17:27
# 26.3487,  5.38744,    1.364, 0.1131, 0.2036,  34.5587, 08 Nov 2017 08:21:27
# 26.3546,  5.38785,    1.404, 0.1130, 0.1902,  34.5572, 08 Nov 2017 08:25:27
# 26.3593,  5.38818,    1.488, 0.1082, 0.1865,  34.5561, 08 Nov 2017 08:29:27
# 26.3741,  5.38862,    1.364, 0.1109, 0.1965,  34.5482, 08 Nov 2017 08:33:27
# 26.4079,  5.39236,    1.331, 0.1169, 0.1975,  34.5499, 08 Nov 2017 08:37:27
# 26.4068,  5.39366,    1.362, 0.1156, 0.2050,  34.5600, 08 Nov 2017 08:41:27
# 26.4258,  5.39626,    1.396, 0.1156, 0.1828,  34.5645, 08 Nov 2017 08:45:27
# 26.4192,  5.39535,    1.272, 0.1150, 0.1852,  34.5629, 08 Nov 2017 08:49:27
# 26.4083,  5.39355,    1.475, 0.1109, 0.2245,  34.5580, 08 Nov 2017 08:53:27
# 26.4221,  5.39438,    1.385, 0.1194, 0.2023,  34.5538, 08 Nov 2017 08:57:27
# 26.4251,  5.39471,    1.378, 0.1082, 0.2084,  34.5538, 08 Nov 2017 09:01:27
# 26.4129,  5.39353,    1.347, 0.1022, 0.1879,  34.5545, 08 Nov 2017 09:05:27
# 26.4812,  5.40067,    1.315, 0.1147, 0.1929,  34.5547, 08 Nov 2017 09:09:27
# 26.4914,  5.40290,    1.366, 0.1093, 0.1949,  34.5632, 08 Nov 2017 09:13:27
# 26.5014,  5.40428,    1.347, 0.1060, 0.2073,  34.5656, 08 Nov 2017 09:17:27
# 26.5326,  5.40701,    1.355, 0.1131, 0.2245,  34.5619, 08 Nov 2017 09:21:27
# 26.5596,  5.40977,    1.325, 0.1083, 0.2122,  34.5615, 08 Nov 2017 09:25:27
# 26.5720,  5.41101,    1.262, 0.1083, 0.2184,  34.5612, 08 Nov 2017 09:29:27
# 26.5828,  5.41261,    1.246, 0.1034, 0.1962,  34.5646, 08 Nov 2017 09:33:27
# 26.5850,  5.41282,    1.269, 0.1023, 0.1938,  34.5645, 08 Nov 2017 09:37:27
# 26.5908,  5.41378,    1.338, 0.1044, 0.1986,  34.5670, 08 Nov 2017 09:41:27
# 26.5939,  5.41506,    1.307, 0.1008, 0.2268,  34.5739, 08 Nov 2017 09:45:27
# 26.6135,  5.41674,    1.251, 0.1021, 0.2232,  34.5713, 08 Nov 2017 09:49:27
# 26.6113,  5.41701,    1.272, 0.1022, 0.2034,  34.5749, 08 Nov 2017 09:53:27
# 26.6351,  5.41868,    1.254, 0.0960, 0.1937,  34.5691, 08 Nov 2017 09:57:27
# 26.6573,  5.42030,    1.285, 0.1022, 0.2061,  34.5641, 08 Nov 2017 10:01:27
# 26.6764,  5.42236,    1.287, 0.1006, 0.1793,  34.5646, 08 Nov 2017 10:05:27
# 26.6869,  5.42323,    1.292, 0.1010, 0.1987,  34.5629, 08 Nov 2017 10:09:27
# 26.6708,  5.42297,    1.228, 0.0969, 0.1852,  34.5732, 08 Nov 2017 10:13:27
# 26.7050,  5.42585,    1.293, 0.0984, 0.1805,  34.5682, 08 Nov 2017 10:17:27
# 26.7145,  5.42715,    1.292, 0.0945, 0.1841,  34.5705, 08 Nov 2017 10:21:27
# 26.6995,  5.42650,    1.268, 0.0936, 0.1951,  34.5770, 08 Nov 2017 10:25:27
# 26.7369,  5.43002,    1.232, 0.0946, 0.2074,  34.5743, 08 Nov 2017 10:29:27
# 26.7669,  5.43275,    1.248, 0.0886, 0.2455,  34.5715, 08 Nov 2017 10:33:27
# 26.7690,  5.43333,    1.226, 0.0923, 0.1901,  34.5741, 08 Nov 2017 10:37:27
# 26.7662,  5.43393,    1.272, 0.0945, 0.1888,  34.5804, 08 Nov 2017 10:41:27
# 26.7667,  5.43412,    1.214, 0.0907, 0.2085,  34.5814, 08 Nov 2017 10:45:27
# 26.7990,  5.43710,    1.144, 0.0886, 0.1734,  34.5787, 08 Nov 2017 10:49:27
# 26.8188,  5.43882,    1.124, 0.0897, 0.1878,  34.5762, 08 Nov 2017 10:53:27
# 26.8278,  5.43974,    1.109, 0.0944, 0.1842,  34.5761, 08 Nov 2017 10:57:27
# 26.8268,  5.44032,    1.125, 0.0934, 0.1830,  34.5810, 08 Nov 2017 11:01:27
# 26.8086,  5.43981,    1.112, 0.0933, 0.1862,  34.5909, 08 Nov 2017 11:05:27
# 26.8400,  5.44204,    1.034, 0.0935, 0.2205,  34.5834, 08 Nov 2017 11:09:27
# 26.8558,  5.44370,    1.130, 0.0885, 0.2088,  34.5835, 08 Nov 2017 11:13:27
# 26.8676,  5.44509,    1.022, 0.0922, 0.2493,  34.5847, 08 Nov 2017 11:17:27
# 26.8778,  5.44569,    1.121, 0.0885, 0.2010,  34.5813, 08 Nov 2017 11:21:27
# 26.8864,  5.44667,    1.055, 0.0873, 0.2370,  34.5819, 08 Nov 2017 11:25:27
# 26.9018,  5.44781,    1.057, 0.0895, 0.2045,  34.5786, 08 Nov 2017 11:29:27
# 26.9158,  5.44925,    1.041, 0.0886, 0.2099,  34.5785, 08 Nov 2017 11:33:27
# 26.9409,  5.45136,    1.068, 0.0870, 0.2135,  34.5748, 08 Nov 2017 11:37:27
# 26.9506,  5.45230,    0.998, 0.0934, 0.1987,  34.5743, 08 Nov 2017 11:41:27
# 26.9607,  5.45323,    1.004, 0.0921, 0.2493,  34.5734, 08 Nov 2017 11:45:27
# 26.9626,  5.45406,    0.922, 0.0885, 0.2307,  34.5780, 08 Nov 2017 11:49:27
# 26.9530,  5.45351,    0.978, 0.0945, 0.2146,  34.5812, 08 Nov 2017 11:53:27
# 27.0041,  5.45769,    0.947, 0.0933, 0.1998,  34.5730, 08 Nov 2017 11:57:27
# 27.0119,  5.45952,    0.988, 0.0934, 0.2146,  34.5802, 08 Nov 2017 12:01:27
# 26.9898,  5.45845,    0.914, 0.0982, 0.2123,  34.5890, 08 Nov 2017 12:05:27
# 26.9057,  5.45331,    0.880, 0.0960, 0.2502,  34.6150, 08 Nov 2017 12:09:27
# 26.8772,  5.45201,    0.922, 0.0993, 0.2256,  34.6270, 08 Nov 2017 12:13:27
# 26.8691,  5.45218,    0.823, 0.1106, 0.2734,  34.6343, 08 Nov 2017 12:17:27
# 26.8096,  5.44904,    0.866, 0.1083, 0.2745,  34.6563, 08 Nov 2017 12:21:27
# 26.8085,  5.44923,    0.924, 0.1106, 0.2458,  34.6585, 08 Nov 2017 12:25:27
# 26.8218,  5.45061,    0.930, 0.1132, 0.2689,  34.6584, 08 Nov 2017 12:29:27
# 26.8215,  5.45118,    0.910, 0.1170, 0.2686,  34.6627, 08 Nov 2017 12:33:27
# 26.8263,  5.45107,    0.897, 0.1157, 0.2712,  34.6583, 08 Nov 2017 12:37:27
# 26.8407,  5.45287,    0.815, 0.1206, 0.2745,  34.6604, 08 Nov 2017 12:41:27
# 26.8397,  5.45290,    0.862, 0.1093, 0.2816,  34.6614, 08 Nov 2017 12:45:27
# 26.8411,  5.45377,    0.849, 0.1169, 0.2946,  34.6666, 08 Nov 2017 12:49:27
# 26.8615,  5.45586,    0.874, 0.1122, 0.2468,  34.6663, 08 Nov 2017 12:53:27
# 26.8946,  5.45818,    0.849, 0.1195, 0.3019,  34.6581, 08 Nov 2017 12:57:27
# 26.8839,  5.45829,    0.894, 0.1133, 0.2651,  34.6669, 08 Nov 2017 13:01:27
# 26.8801,  5.45788,    0.870, 0.1130, 0.2422,  34.6668, 08 Nov 2017 13:05:27
# 26.8967,  5.45982,    0.837, 0.1067, 0.2419,  34.6683, 08 Nov 2017 13:09:27
# 26.9339,  5.46294,    0.804, 0.1056, 0.2443,  34.6628, 08 Nov 2017 13:13:27
# 26.9392,  5.46345,    0.786, 0.1070, 0.2733,  34.6624, 08 Nov 2017 13:17:27
# 26.9278,  5.46357,    0.844, 0.1129, 0.2734,  34.6719, 08 Nov 2017 13:21:27
# 26.9366,  5.46505,    0.810, 0.1082, 0.2444,  34.6758, 08 Nov 2017 13:25:27
# 26.9712,  5.46891,    0.801, 0.1108, 0.2794,  34.6776, 08 Nov 2017 13:29:27
# 26.9960,  5.47327,    0.738, 0.1083, 0.3089,  34.6901, 08 Nov 2017 13:33:27
# 27.0244,  5.47617,    0.793, 0.1070, 0.2862,  34.6896, 08 Nov 2017 13:37:27
# 27.0461,  5.47741,    0.814, 0.1057, 0.2889,  34.6823, 08 Nov 2017 13:41:27
# 27.0237,  5.47543,    0.755, 0.1107, 0.2687,  34.6849, 08 Nov 2017 13:45:27
# 27.0238,  5.47516,    0.732, 0.1058, 0.2542,  34.6829, 08 Nov 2017 13:49:27
# 27.0442,  5.47820,    0.749, 0.0980, 0.3072,  34.6894, 08 Nov 2017 13:53:27
# 27.0612,  5.48046,    0.769, 0.1129, 0.2757,  34.6928, 08 Nov 2017 13:57:27
