# 27.7206,  5.513299,  1.280,  0.0909,  0.3696,  34.4372,  31 Aug 2017 14:00:05
# 27.7122,  5.513355,  1.292,  0.0920,  0.4400,  34.4437,  31 Aug 2017 14:04:05
# 27.7280,  5.516844,  1.302,  0.0885,  0.4179,  34.4566,  31 Aug 2017 14:08:05
# 27.7418,  5.517587,  1.300,  0.0921,  0.3949,  34.4517,  31 Aug 2017 14:12:05
# 27.7522,  5.518363,  1.356,  0.0922,  0.4437,  34.4495,  31 Aug 2017 14:16:05
# 27.7176,  5.515253,  1.270,  0.0922,  0.4147,  34.4530,  31 Aug 2017 14:20:05
# 27.7175,  5.516717,  1.340,  0.1008,  0.4196,  34.4634,  31 Aug 2017 14:24:05
# 27.7306,  5.519083,  1.297,  0.0919,  0.4412,  34.4705,  31 Aug 2017 14:28:05
# 27.6746,  5.513767,  1.358,  0.0909,  0.4548,  34.4742,  31 Aug 2017 14:32:05
# 27.6979,  5.514629,  1.299,  0.0934,  0.3748,  34.4631,  31 Aug 2017 14:36:05
# 27.7057,  5.513956,  1.328,  0.0968,  0.4256,  34.4527,  31 Aug 2017 14:40:05
# 27.7108,  5.514826,  1.402,  0.0994,  0.4107,  34.4550,  31 Aug 2017 14:44:05
# 27.7135,  5.515982,  1.286,  0.0898,  0.3784,  34.4612,  31 Aug 2017 14:48:05
# 27.7122,  5.516591,  1.413,  0.0970,  0.4556,  34.4664,  31 Aug 2017 14:52:05
# 27.7418,  5.518608,  0.950,  0.0969,  0.5666,  34.4590,  31 Aug 2017 14:56:05
# 27.7517,  5.520064,  1.105,  0.0933,  0.4207,  34.4619,  31 Aug 2017 15:00:05
# 27.7656,  5.521632,  1.292,  0.1019,  0.5789,  34.4627,  31 Aug 2017 15:04:05
# 27.7769,  5.524545,  1.165,  0.0982,  0.4894,  34.4749,  31 Aug 2017 15:08:05
# 27.7556,  5.523817,  1.176,  0.0968,  0.5581,  34.4854,  31 Aug 2017 15:12:05
# 27.7613,  5.524600,  1.203,  0.1007,  0.4096,  34.4867,  31 Aug 2017 15:16:05
# 27.7734,  5.525226,  1.228,  0.0995,  0.4382,  34.4822,  31 Aug 2017 15:20:05
# 27.7516,  5.522289,  1.264,  0.1032,  0.5494,  34.4776,  31 Aug 2017 15:24:05
# 27.6861,  5.517106,  1.171,  0.1008,  0.5845,  34.4893,  31 Aug 2017 15:28:05
# 27.7073,  5.518514,  1.242,  0.0996,  0.5473,  34.4836,  31 Aug 2017 15:32:05
# 27.7429,  5.521109,  1.186,  0.1020,  0.6288,  34.4757,  31 Aug 2017 15:36:05
# 27.7446,  5.519843,  1.241,  0.1007,  0.4340,  34.4655,  31 Aug 2017 15:40:05
# 27.7610,  5.520508,  1.190,  0.1021,  0.6151,  34.4582,  31 Aug 2017 15:44:05
# 27.7131,  5.518498,  1.260,  0.1057,  0.6857,  34.4792,  31 Aug 2017 15:48:05
# 27.7164,  5.518514,  1.214,  0.1132,  0.5544,  34.4769,  31 Aug 2017 15:52:05
# 27.7144,  5.518878,  1.154,  0.1045,  0.5137,  34.4810,  31 Aug 2017 15:56:05
# 27.7367,  5.521505,  1.169,  0.1044,  0.4438,  34.4831,  31 Aug 2017 16:00:05
# 27.7323,  5.521909,  1.172,  0.1019,  0.5161,  34.4891,  31 Aug 2017 16:04:05
# 27.7396,  5.522954,  1.170,  0.1006,  0.5024,  34.4911,  31 Aug 2017 16:08:05
# 27.7441,  5.522677,  1.190,  0.1057,  0.5788,  34.4858,  31 Aug 2017 16:12:05
# 27.7366,  5.521577,  1.110,  0.1021,  0.4881,  34.4837,  31 Aug 2017 16:16:05
# 27.6882,  5.518364,  1.031,  0.1070,  0.4760,  34.4967,  31 Aug 2017 16:20:05
# 27.6633,  5.515753,  1.201,  0.1086,  0.5437,  34.4965,  31 Aug 2017 16:24:05
# 27.7155,  5.518799,  1.143,  0.1070,  0.4264,  34.4796,  31 Aug 2017 16:28:05
# 27.7269,  5.519155,  1.213,  0.1141,  0.4423,  34.4737,  31 Aug 2017 16:32:05
# 27.7095,  5.518276,  1.216,  0.1093,  0.5400,  34.4803,  31 Aug 2017 16:36:05
# 27.7040,  5.517905,  1.109,  0.1119,  0.5581,  34.4818,  31 Aug 2017 16:40:05
# 27.7222,  5.519914,  0.937,  0.1220,  0.5570,  34.4826,  31 Aug 2017 16:44:05
# 27.7011,  5.519369,  1.132,  0.1106,  0.4965,  34.4942,  31 Aug 2017 16:48:05
# 27.6917,  5.518166,  1.112,  0.1095,  0.4594,  34.4927,  31 Aug 2017 16:52:05
# 27.7092,  5.519859,  1.040,  0.1068,  0.4475,  34.4917,  31 Aug 2017 16:56:05
# 27.7341,  5.522606,  1.117,  0.1058,  0.4063,  34.4927,  31 Aug 2017 17:00:05
# 27.7186,  5.520255,  1.022,  0.1118,  0.6807,  34.4876,  31 Aug 2017 17:04:05
# 27.7294,  5.520160,  1.048,  0.1057,  0.4511,  34.4790,  31 Aug 2017 17:08:05
# 27.7156,  5.518696,  1.000,  0.1069,  0.5921,  34.4789,  31 Aug 2017 17:12:05
# 27.6325,  5.512866,  1.084,  0.1083,  0.5679,  34.4989,  31 Aug 2017 17:16:05
# 27.6445,  5.512707,  1.032,  0.1070,  0.4674,  34.4890,  31 Aug 2017 17:20:05
# 27.6424,  5.511631,  1.136,  0.1070,  0.4759,  34.4829,  31 Aug 2017 17:24:05
# 27.6296,  5.511734,  1.031,  0.1044,  0.4429,  34.4931,  31 Aug 2017 17:28:05
# 27.6231,  5.512510,  1.121,  0.1118,  0.8109,  34.5033,  31 Aug 2017 17:32:05
# 27.6401,  5.512248,  0.984,  0.1071,  0.5618,  34.4890,  31 Aug 2017 17:36:05
# 27.6344,  5.512842,  0.996,  0.1230,  0.8438,  34.4974,  31 Aug 2017 17:40:05
# 27.6580,  5.513759,  1.189,  0.1033,  0.4796,  34.4864,  31 Aug 2017 17:44:05
# 27.6900,  5.519591,  1.039,  0.0998,  0.4498,  34.5040,  31 Aug 2017 17:48:05
# 27.7140,  5.518957,  1.081,  0.1046,  0.4676,  34.4818,  31 Aug 2017 17:52:05
# 27.7114,  5.516646,  1.060,  0.1095,  0.4989,  34.4675,  31 Aug 2017 17:56:05
# 27.6527,  5.513395,  1.044,  0.1069,  0.4990,  34.4877,  31 Aug 2017 18:00:05
# 27.6383,  5.510516,  0.962,  0.1083,  0.4461,  34.4781,  31 Aug 2017 18:04:05
# 27.6346,  5.510769,  1.187,  0.1093,  0.6577,  34.4825,  31 Aug 2017 18:08:05
# 27.6193,  5.509109,  1.048,  0.1057,  0.6604,  34.4822,  31 Aug 2017 18:12:05
# 27.5957,  5.504413,  1.007,  0.1093,  0.5061,  34.4664,  31 Aug 2017 18:16:05
# 27.5627,  5.500105,  1.012,  0.1057,  0.4327,  34.4603,  31 Aug 2017 18:20:05
# 27.5487,  5.500264,  1.020,  0.1142,  0.9013,  34.4718,  31 Aug 2017 18:24:05
# 27.5190,  5.497909,  0.983,  0.1057,  0.6289,  34.4771,  31 Aug 2017 18:28:05
# 27.4942,  5.496140,  0.894,  0.1019,  0.5653,  34.4829,  31 Aug 2017 18:32:05
# 27.5139,  5.497427,  1.011,  0.1105,  0.4605,  34.4774,  31 Aug 2017 18:36:05
# 27.5411,  5.500627,  1.103,  0.1067,  0.5212,  34.4799,  31 Aug 2017 18:40:05
# 27.5285,  5.497806,  0.946,  0.1084,  0.4869,  34.4693,  31 Aug 2017 18:44:05
# 27.5078,  5.495184,  0.855,  0.1154,  0.8303,  34.4661,  31 Aug 2017 18:48:05
# 27.4445,  5.492002,  1.010,  0.1060,  0.6303,  34.4902,  31 Aug 2017 18:52:05
# 27.4619,  5.490912,  0.973,  0.1082,  0.8000,  34.4697,  31 Aug 2017 18:56:05
# 27.4343,  5.488259,  0.904,  0.1083,  0.5966,  34.4713,  31 Aug 2017 19:00:05
# 27.4451,  5.486490,  0.943,  0.1102,  0.4843,  34.4509,  31 Aug 2017 19:04:05
# 27.4318,  5.487580,  0.950,  0.1132,  0.7374,  34.4683,  31 Aug 2017 19:08:05
# 27.4119,  5.485994,  0.847,  0.1093,  0.6963,  34.4718,  31 Aug 2017 19:12:05
# 27.4180,  5.484431,  1.051,  0.1155,  0.7582,  34.4562,  31 Aug 2017 19:16:05
# 27.4148,  5.482324,  1.016,  0.1130,  0.5823,  34.4437,  31 Aug 2017 19:20:05
# 27.4218,  5.480698,  1.032,  0.1155,  0.4714,  34.4270,  31 Aug 2017 19:24:05
# 27.4284,  5.480485,  0.927,  0.1170,  0.4594,  34.4207,  31 Aug 2017 19:28:05
# 27.3726,  5.480162,  0.944,  0.1095,  0.5306,  34.4595,  31 Aug 2017 19:32:05
# 27.3290,  5.477686,  0.968,  0.1083,  0.6459,  34.4742,  31 Aug 2017 19:36:05
# 27.2848,  5.475604,  0.895,  0.1020,  0.5137,  34.4921,  31 Aug 2017 19:40:05
# 27.3065,  5.474058,  0.980,  0.1046,  0.5126,  34.4651,  31 Aug 2017 19:44:05
# 27.3258,  5.476013,  1.008,  0.1092,  0.4749,  34.4647,  31 Aug 2017 19:48:05
# 27.3094,  5.474531,  1.014,  0.1093,  0.5307,  34.4663,  31 Aug 2017 19:52:05
# 27.2859,  5.471669,  0.862,  0.1069,  0.6361,  34.4634,  31 Aug 2017 19:56:05
# 27.2706,  5.472347,  0.917,  0.1044,  0.4931,  34.4795,  31 Aug 2017 20:00:05
# 27.2579,  5.470873,  0.999,  0.1095,  0.4738,  34.4784,  31 Aug 2017 20:04:05
# 27.2547,  5.469462,  0.853,  0.1082,  0.5232,  34.4709,  31 Aug 2017 20:08:05
# 27.2048,  5.468312,  1.055,  0.1020,  0.5581,  34.4995,  31 Aug 2017 20:12:05
# 27.2385,  5.464252,  1.042,  0.1070,  0.4379,  34.4458,  31 Aug 2017 20:16:05
# 27.2483,  5.464520,  0.847,  0.1069,  0.4714,  34.4405,  31 Aug 2017 20:20:05
# 27.2180,  5.464292,  0.895,  0.1057,  0.4182,  34.4613,  31 Aug 2017 20:24:05
# 27.2283,  5.462298,  0.972,  0.1109,  0.5092,  34.4395,  31 Aug 2017 20:28:05
# 27.2076,  5.462669,  0.928,  0.1120,  0.5548,  34.4575,  31 Aug 2017 20:32:05
# 27.2316,  5.461337,  1.088,  0.1122,  0.4270,  34.4302,  31 Aug 2017 20:36:05
# 27.2287,  5.461124,  1.059,  0.1082,  0.4121,  34.4309,  31 Aug 2017 20:40:05
# 27.2362,  5.461888,  1.025,  0.1058,  0.3833,  34.4307,  31 Aug 2017 20:44:05
# 27.2199,  5.464331,  0.935,  0.1070,  0.4907,  34.4601,  31 Aug 2017 20:48:05
# 27.2065,  5.461897,  1.007,  0.1096,  0.5381,  34.4528,  31 Aug 2017 20:52:05
# 27.1865,  5.459313,  0.978,  0.1131,  0.7769,  34.4492,  31 Aug 2017 20:56:05
# 27.1713,  5.457935,  0.876,  0.1205,  1.1101,  34.4507,  31 Aug 2017 21:00:05
# 27.1313,  5.458156,  1.036,  0.1142,  1.2829,  34.4818,  31 Aug 2017 21:04:05
# 27.1500,  5.457258,  1.059,  0.1107,  0.7292,  34.4616,  31 Aug 2017 21:08:05
# 27.1223,  5.457062,  0.999,  0.1032,  0.5485,  34.4807,  31 Aug 2017 21:12:05
# 27.1005,  5.457668,  1.105,  0.0970,  0.4664,  34.5012,  31 Aug 2017 21:16:05
# 27.1058,  5.457188,  1.056,  0.0971,  0.4905,  34.4938,  31 Aug 2017 21:20:05
# 27.1224,  5.455762,  1.108,  0.1009,  0.4437,  34.4713,  31 Aug 2017 21:24:05
# 27.1181,  5.455085,  1.014,  0.1106,  0.5475,  34.4697,  31 Aug 2017 21:28:05
# 27.1087,  5.454597,  1.076,  0.1019,  0.4773,  34.4732,  31 Aug 2017 21:32:05
# 27.0753,  5.456212,  1.151,  0.1010,  0.5666,  34.5095,  31 Aug 2017 21:36:05
# 27.1070,  5.454558,  1.064,  0.1033,  0.5333,  34.4742,  31 Aug 2017 21:40:05
# 27.1117,  5.455274,  1.034,  0.1095,  0.4534,  34.4759,  31 Aug 2017 21:44:05
# 27.0970,  5.456393,  1.039,  0.0996,  0.4881,  34.4947,  31 Aug 2017 21:48:05
# 27.1050,  5.456148,  1.113,  0.1045,  0.4833,  34.4870,  31 Aug 2017 21:52:05
# 27.1058,  5.454943,  0.987,  0.1034,  0.6542,  34.4778,  31 Aug 2017 21:56:05
# 27.0927,  5.456015,  1.045,  0.0998,  0.5174,  34.4952,  31 Aug 2017 22:00:05
# 27.1103,  5.457007,  0.934,  0.1009,  0.4990,  34.4893,  31 Aug 2017 22:04:05
# 27.1011,  5.457046,  1.049,  0.1008,  0.5579,  34.4963,  31 Aug 2017 22:08:05
# 27.1143,  5.456660,  1.066,  0.1020,  0.5426,  34.4838,  31 Aug 2017 22:12:05
# 27.1432,  5.456534,  1.157,  0.1095,  0.6973,  34.4614,  31 Aug 2017 22:16:05
# 27.1172,  5.457140,  1.018,  0.1019,  0.5957,  34.4851,  31 Aug 2017 22:20:05
# 27.1184,  5.455904,  1.130,  0.1032,  0.5365,  34.4754,  31 Aug 2017 22:24:05
# 27.1144,  5.455361,  1.188,  0.0996,  0.5234,  34.4744,  31 Aug 2017 22:28:05
# 27.1007,  5.455156,  1.116,  0.0972,  0.4955,  34.4831,  31 Aug 2017 22:32:05
# 27.0931,  5.454660,  1.267,  0.1009,  0.5172,  34.4852,  31 Aug 2017 22:36:05
# 27.0967,  5.454526,  0.948,  0.1034,  0.5357,  34.4817,  31 Aug 2017 22:40:05
# 27.0919,  5.453463,  1.092,  0.1007,  0.5521,  34.4776,  31 Aug 2017 22:44:05
# 27.0823,  5.453235,  1.099,  0.1019,  0.4585,  34.4831,  31 Aug 2017 22:48:05
# 27.0747,  5.452464,  1.150,  0.1006,  0.5029,  34.4832,  31 Aug 2017 22:52:05
# 27.0504,  5.452236,  1.152,  0.1046,  0.4702,  34.4996,  31 Aug 2017 22:56:05
# 27.0864,  5.449890,  1.192,  0.1046,  0.5164,  34.4562,  31 Aug 2017 23:00:05
# 27.1112,  5.449385,  1.146,  0.1094,  0.5412,  34.4343,  31 Aug 2017 23:04:05
# 27.0950,  5.449763,  1.120,  0.1080,  0.4724,  34.4490,  31 Aug 2017 23:08:05
# 27.0847,  5.449535,  1.126,  0.1069,  0.5295,  34.4550,  31 Aug 2017 23:12:05
# 27.0501,  5.451055,  1.081,  0.0998,  0.5257,  34.4915,  31 Aug 2017 23:16:05
# 27.0456,  5.450851,  1.208,  0.0981,  0.4666,  34.4933,  31 Aug 2017 23:20:05
# 27.0635,  5.449717,  1.123,  0.1033,  0.4570,  34.4720,  31 Aug 2017 23:24:05
# 27.0975,  5.448960,  0.934,  0.1045,  0.4675,  34.4415,  31 Aug 2017 23:28:05
# 27.0900,  5.447269,  1.030,  0.1058,  0.4871,  34.4350,  31 Aug 2017 23:32:05
# 27.0634,  5.448395,  1.161,  0.1071,  0.6920,  34.4626,  31 Aug 2017 23:36:05
# 27.0583,  5.448340,  1.149,  0.1059,  0.6326,  34.4661,  31 Aug 2017 23:40:05
# 27.1259,  5.446992,  0.833,  0.1133,  0.5692,  34.4065,  31 Aug 2017 23:44:05
# 27.0473,  5.448835,  1.066,  0.0996,  0.5174,  34.4777,  31 Aug 2017 23:48:05
# 27.0639,  5.449237,  1.078,  0.1035,  0.5643,  34.4683,  31 Aug 2017 23:52:05
# 27.0226,  5.449072,  1.160,  0.0983,  0.5366,  34.4978,  31 Aug 2017 23:56:05
# 27.0621,  5.448812,  1.004,  0.1121,  0.5284,  34.4666,  01 Sep 2017 00:00:05
# 27.1268,  5.448283,  1.062,  0.1144,  0.4559,  34.4149,  01 Sep 2017 00:04:05
# 27.0916,  5.447221,  1.108,  0.1131,  0.4620,  34.4334,  01 Sep 2017 00:08:05
# 27.0341,  5.447458,  0.966,  0.1034,  0.4929,  34.4778,  01 Sep 2017 00:12:05
# 27.0133,  5.446192,  1.140,  0.1020,  0.4675,  34.4841,  01 Sep 2017 00:16:05
# 27.0074,  5.445861,  1.052,  0.1044,  0.6726,  34.4861,  01 Sep 2017 00:20:05
# 27.0159,  5.445468,  0.992,  0.1047,  0.6507,  34.4771,  01 Sep 2017 00:24:05
# 27.0165,  5.445019,  1.163,  0.1046,  0.5470,  34.4734,  01 Sep 2017 00:28:05
# 27.0099,  5.445043,  0.990,  0.1058,  0.5272,  34.4785,  01 Sep 2017 00:32:05
# 26.9698,  5.444375,  1.284,  0.1020,  0.6362,  34.5034,  01 Sep 2017 00:36:05
# 26.9773,  5.443761,  0.897,  0.0980,  0.5521,  34.4936,  01 Sep 2017 00:40:05
# 26.9618,  5.443825,  1.189,  0.0958,  0.5368,  34.5054,  01 Sep 2017 00:44:05
# 27.0329,  5.443847,  1.117,  0.1106,  0.5899,  34.4529,  01 Sep 2017 00:48:05
# 26.9799,  5.443730,  1.134,  0.1019,  0.5663,  34.4914,  01 Sep 2017 00:52:05
# 26.9964,  5.442526,  0.976,  0.1083,  0.6471,  34.4706,  01 Sep 2017 00:56:05
# 26.9737,  5.442699,  1.017,  0.1058,  0.8038,  34.4887,  01 Sep 2017 01:00:05
# 26.9909,  5.442085,  1.078,  0.1059,  0.7242,  34.4715,  01 Sep 2017 01:04:05
# 26.9785,  5.442078,  0.927,  0.1021,  0.7401,  34.4807,  01 Sep 2017 01:08:05
# 26.9598,  5.442849,  1.103,  0.1023,  0.6638,  34.5000,  01 Sep 2017 01:12:05
# 26.9782,  5.442361,  0.994,  0.0996,  0.5605,  34.4829,  01 Sep 2017 01:16:05
# 27.0099,  5.442360,  1.075,  0.1057,  0.6204,  34.4593,  01 Sep 2017 01:20:05
# 27.0346,  5.442832,  1.042,  0.1069,  0.4906,  34.4444,  01 Sep 2017 01:24:05
# 26.9807,  5.442825,  1.000,  0.1020,  0.6908,  34.4844,  01 Sep 2017 01:28:05
# 26.9643,  5.441661,  1.054,  0.1071,  0.7733,  34.4882,  01 Sep 2017 01:32:05
# 26.9692,  5.441032,  0.964,  0.1056,  0.6529,  34.4801,  01 Sep 2017 01:36:05
# 26.9565,  5.441008,  0.983,  0.0999,  0.6181,  34.4894,  01 Sep 2017 01:40:05
# 26.9781,  5.441275,  1.053,  0.1036,  0.5040,  34.4752,  01 Sep 2017 01:44:05
# 26.9763,  5.441669,  1.118,  0.1007,  0.5223,  34.4793,  01 Sep 2017 01:48:05
# 26.9995,  5.442093,  1.071,  0.1170,  0.8963,  34.4652,  01 Sep 2017 01:52:05
# 26.9836,  5.442109,  1.146,  0.1022,  0.6614,  34.4771,  01 Sep 2017 01:56:05
# 26.9698,  5.441252,  1.006,  0.1019,  0.4537,  34.4812,  01 Sep 2017 02:00:05
# 27.0054,  5.441472,  0.994,  0.1109,  0.6715,  34.4564,  01 Sep 2017 02:04:05
# 26.9706,  5.440882,  1.084,  0.1144,  1.1050,  34.4780,  01 Sep 2017 02:08:05
# 26.9724,  5.441236,  1.041,  0.1056,  0.5608,  34.4792,  01 Sep 2017 02:12:05
# 26.9694,  5.441865,  1.034,  0.1045,  0.6964,  34.4859,  01 Sep 2017 02:16:05
# 26.9611,  5.441048,  0.951,  0.1044,  0.6002,  34.4862,  01 Sep 2017 02:20:05
# 26.9598,  5.440646,  1.054,  0.1009,  0.5740,  34.4843,  01 Sep 2017 02:24:05
# 26.9338,  5.439554,  0.976,  0.0971,  0.7412,  34.4958,  01 Sep 2017 02:28:05
# 27.0096,  5.441495,  1.020,  0.1093,  0.4916,  34.4534,  01 Sep 2017 02:32:05
# 26.9905,  5.440481,  1.109,  0.1070,  0.4674,  34.4604,  01 Sep 2017 02:36:05
# 26.9483,  5.439844,  1.099,  0.0986,  0.5344,  34.4871,  01 Sep 2017 02:40:05
# 26.9603,  5.439545,  0.978,  0.1009,  0.5967,  34.4761,  01 Sep 2017 02:44:05
# 26.9254,  5.438351,  0.998,  0.0996,  0.5283,  34.4935,  01 Sep 2017 02:48:05
# 26.9570,  5.438908,  1.059,  0.1058,  0.4848,  34.4740,  01 Sep 2017 02:52:05
# 26.9453,  5.438696,  1.119,  0.1047,  0.4800,  34.4811,  01 Sep 2017 02:56:05
# 26.9204,  5.438248,  0.870,  0.1008,  0.6076,  34.4965,  01 Sep 2017 03:00:05
# 26.9742,  5.440096,  1.085,  0.1131,  0.5766,  34.4697,  01 Sep 2017 03:04:05
# 26.9755,  5.439600,  1.119,  0.1108,  0.5284,  34.4652,  01 Sep 2017 03:08:05
# 26.9080,  5.437336,  0.984,  0.1010,  0.5356,  34.4992,  01 Sep 2017 03:12:05
# 26.9368,  5.438114,  0.909,  0.1070,  0.7732,  34.4834,  01 Sep 2017 03:16:05
# 26.9047,  5.436865,  0.928,  0.1096,  0.7532,  34.4983,  01 Sep 2017 03:20:05
# 26.9375,  5.437422,  0.977,  0.1059,  0.4881,  34.4779,  01 Sep 2017 03:24:05
# 26.9966,  5.439435,  0.963,  0.1144,  0.4883,  34.4484,  01 Sep 2017 03:28:05
# 26.9208,  5.437611,  0.699,  0.0998,  0.4749,  34.4918,  01 Sep 2017 03:32:05
# 26.9194,  5.437785,  1.108,  0.1009,  0.5847,  34.4939,  01 Sep 2017 03:36:05
# 26.9491,  5.438665,  0.958,  0.1094,  0.5367,  34.4781,  01 Sep 2017 03:40:05
# 26.9338,  5.437084,  0.941,  0.1045,  0.6361,  34.4782,  01 Sep 2017 03:44:05
# 26.9460,  5.437933,  0.975,  0.1058,  0.4978,  34.4752,  01 Sep 2017 03:48:05
# 26.9595,  5.438515,  0.912,  0.1060,  0.4403,  34.4694,  01 Sep 2017 03:52:05
# 26.9335,  5.437580,  0.920,  0.1057,  0.6137,  34.4820,  01 Sep 2017 03:56:05
# 26.9016,  5.435591,  0.839,  0.1046,  0.5643,  34.4916,  01 Sep 2017 04:00:05
# 26.9370,  5.437218,  0.939,  0.1047,  0.4332,  34.4768,  01 Sep 2017 04:04:05
# 26.9269,  5.436801,  0.661,  0.1096,  0.9252,  34.4814,  01 Sep 2017 04:08:05
# 26.9047,  5.435670,  0.878,  0.1180,  1.5529,  34.4898,  01 Sep 2017 04:12:05
# 26.9082,  5.436770,  0.882,  0.1034,  0.6714,  34.4950,  01 Sep 2017 04:16:05
# 26.9379,  5.437784,  0.931,  0.1082,  0.7034,  34.4802,  01 Sep 2017 04:20:05
# 26.8677,  5.434664,  1.025,  0.0997,  0.6665,  34.5101,  01 Sep 2017 04:24:05
# 26.9162,  5.436691,  0.800,  0.1084,  0.5715,  34.4886,  01 Sep 2017 04:28:05
# 26.9140,  5.436479,  0.831,  0.1059,  0.7325,  34.4887,  01 Sep 2017 04:32:05
# 26.9514,  5.437941,  0.769,  0.1106,  0.7518,  34.4714,  01 Sep 2017 04:36:05
# 26.9368,  5.438342,  0.940,  0.1057,  0.6304,  34.4850,  01 Sep 2017 04:40:05
# 26.9268,  5.437289,  1.049,  0.1096,  0.8241,  34.4849,  01 Sep 2017 04:44:05
# 26.9157,  5.437171,  0.847,  0.0984,  0.5836,  34.4924,  01 Sep 2017 04:48:05
# 26.9348,  5.437847,  0.846,  0.1045,  0.7012,  34.4830,  01 Sep 2017 04:52:05
# 26.9280,  5.437210,  0.927,  0.1020,  0.4573,  34.4835,  01 Sep 2017 04:56:05
# 26.8571,  5.433666,  0.836,  0.0996,  0.7793,  34.5109,  01 Sep 2017 05:00:05
# 26.8918,  5.434663,  0.827,  0.1106,  1.1733,  34.4923,  01 Sep 2017 05:04:05
# 26.9045,  5.434993,  0.806,  0.1047,  0.7362,  34.4851,  01 Sep 2017 05:08:05
# 26.8720,  5.433587,  0.784,  0.0984,  0.5862,  34.4993,  01 Sep 2017 05:12:05
# 26.8829,  5.433862,  0.777,  0.1035,  0.8157,  34.4931,  01 Sep 2017 05:16:05
# 26.8643,  5.432754,  0.889,  0.0959,  0.7230,  34.4990,  01 Sep 2017 05:20:05
# 26.9149,  5.434231,  0.765,  0.1194,  1.3062,  34.4720,  01 Sep 2017 05:24:05
# 26.9041,  5.433060,  0.883,  0.1118,  0.9625,  34.4716,  01 Sep 2017 05:28:05
# 26.8909,  5.432470,  0.821,  0.1069,  0.6276,  34.4772,  01 Sep 2017 05:32:05
# 26.8881,  5.432030,  0.765,  0.1084,  0.9099,  34.4762,  01 Sep 2017 05:36:05
# 26.8803,  5.431763,  1.004,  0.1107,  1.0977,  34.4800,  01 Sep 2017 05:40:05
# 26.8788,  5.431417,  0.935,  0.1083,  0.9146,  34.4786,  01 Sep 2017 05:44:05
# 26.8927,  5.431244,  0.833,  0.1119,  1.0179,  34.4671,  01 Sep 2017 05:48:05
# 26.8457,  5.430490,  0.945,  0.1009,  0.7522,  34.4966,  01 Sep 2017 05:52:05
# 26.8583,  5.430427,  0.938,  0.1059,  0.9536,  34.4869,  01 Sep 2017 05:56:05
# 26.8798,  5.431551,  0.845,  0.1035,  0.6455,  34.4789,  01 Sep 2017 06:00:05
# 26.8510,  5.430168,  0.869,  0.1011,  0.7059,  34.4904,  01 Sep 2017 06:04:05
# 26.8980,  5.431016,  0.873,  0.1048,  0.5485,  34.4615,  01 Sep 2017 06:08:05
# 26.8942,  5.430796,  0.542,  0.1094,  0.8315,  34.4629,  01 Sep 2017 06:12:05
# 26.8529,  5.429901,  0.979,  0.1045,  0.7974,  34.4870,  01 Sep 2017 06:16:05
# 26.8559,  5.430168,  0.936,  0.1032,  0.8315,  34.4868,  01 Sep 2017 06:20:05
# 26.8772,  5.429822,  0.738,  0.1035,  0.5897,  34.4685,  01 Sep 2017 06:24:05
# 26.8358,  5.427363,  0.856,  0.1069,  0.8147,  34.4817,  01 Sep 2017 06:28:05
# 26.8545,  5.428251,  0.842,  0.1037,  0.5436,  34.4742,  01 Sep 2017 06:32:05
# 26.8575,  5.428015,  0.963,  0.1085,  0.7121,  34.4701,  01 Sep 2017 06:36:05
# 26.8554,  5.428282,  0.718,  0.1069,  0.7195,  34.4737,  01 Sep 2017 06:40:05
# 26.8557,  5.428031,  0.960,  0.1019,  0.6387,  34.4717,  01 Sep 2017 06:44:05
# 26.8656,  5.428808,  0.962,  0.1032,  0.5447,  34.4698,  01 Sep 2017 06:48:05
# 26.8196,  5.427560,  0.927,  0.1073,  0.8184,  34.4951,  01 Sep 2017 06:52:05
# 26.8363,  5.427324,  1.047,  0.1083,  0.9065,  34.4810,  01 Sep 2017 06:56:05
# 26.8408,  5.426837,  0.986,  0.1044,  0.7133,  34.4742,  01 Sep 2017 07:00:05
# 26.8740,  5.427315,  0.938,  0.1083,  0.7001,  34.4529,  01 Sep 2017 07:04:05
# 26.8396,  5.426750,  0.849,  0.0999,  0.5260,  34.4745,  01 Sep 2017 07:08:05
# 26.8306,  5.426232,  0.770,  0.1035,  0.6300,  34.4775,  01 Sep 2017 07:12:05
# 26.8399,  5.425894,  0.996,  0.1096,  1.0790,  34.4681,  01 Sep 2017 07:16:05
# 26.8497,  5.425485,  0.738,  0.1108,  0.8917,  34.4579,  01 Sep 2017 07:20:05
# 26.8618,  5.426161,  0.795,  0.1107,  0.7292,  34.4538,  01 Sep 2017 07:24:05
# 26.8542,  5.427803,  0.832,  0.1069,  0.7709,  34.4711,  01 Sep 2017 07:28:05
# 26.8658,  5.427150,  0.838,  0.1021,  0.6027,  34.4579,  01 Sep 2017 07:32:05
# 26.8632,  5.427245,  0.688,  0.1069,  0.7594,  34.4605,  01 Sep 2017 07:36:05
# 26.8587,  5.427543,  0.764,  0.1060,  0.6664,  34.4660,  01 Sep 2017 07:40:05
# 26.8762,  5.427795,  1.028,  0.1092,  0.6518,  34.4547,  01 Sep 2017 07:44:05
# 26.8884,  5.429641,  0.952,  0.0999,  0.5534,  34.4588,  01 Sep 2017 07:48:05
# 26.8923,  5.430851,  0.993,  0.0997,  0.5425,  34.4645,  01 Sep 2017 07:52:05
# 26.8645,  5.431370,  0.847,  0.0946,  0.5090,  34.4890,  01 Sep 2017 07:56:05
# 26.9068,  5.431307,  0.800,  0.1034,  0.6761,  34.4571,  01 Sep 2017 08:00:05
# 26.9029,  5.432454,  0.948,  0.0974,  0.6101,  34.4682,  01 Sep 2017 08:04:05
# 26.8887,  5.432462,  0.961,  0.0970,  0.5320,  34.4788,  01 Sep 2017 08:08:05
# 26.8904,  5.433083,  0.964,  0.0921,  0.5161,  34.4819,  01 Sep 2017 08:12:05
# 26.8812,  5.433257,  1.056,  0.1020,  0.8205,  34.4900,  01 Sep 2017 08:16:05
# 26.9555,  5.431416,  0.958,  0.0997,  0.5319,  34.4217,  01 Sep 2017 08:20:05
# 26.9158,  5.435056,  0.954,  0.0935,  0.6276,  34.4771,  01 Sep 2017 08:24:05
# 26.9356,  5.435991,  0.929,  0.0921,  0.5381,  34.4691,  01 Sep 2017 08:28:05
# 26.9368,  5.436856,  1.021,  0.0935,  0.5187,  34.4744,  01 Sep 2017 08:32:05
# 26.9430,  5.438169,  1.039,  0.0920,  0.5209,  34.4792,  01 Sep 2017 08:36:05
# 26.9511,  5.438673,  1.004,  0.0934,  0.5777,  34.4767,  01 Sep 2017 08:40:05
# 26.9788,  5.439867,  0.977,  0.0960,  0.6687,  34.4647,  01 Sep 2017 08:44:05
# 26.9488,  5.440757,  1.104,  0.0897,  0.5111,  34.4933,  01 Sep 2017 08:48:05
# 26.9874,  5.441016,  0.813,  0.0922,  0.5690,  34.4666,  01 Sep 2017 08:52:05
# 26.9694,  5.441755,  1.184,  0.0922,  0.6786,  34.4850,  01 Sep 2017 08:56:05
# 26.9987,  5.441912,  1.137,  0.0946,  0.5921,  34.4645,  01 Sep 2017 09:00:05
# 26.9703,  5.444312,  0.978,  0.0858,  0.5932,  34.5027,  01 Sep 2017 09:04:05
# 26.9937,  5.444988,  1.045,  0.0898,  0.5172,  34.4901,  01 Sep 2017 09:08:05
# 27.0028,  5.445484,  0.973,  0.0883,  0.5306,  34.4869,  01 Sep 2017 09:12:05
# 27.0010,  5.445437,  1.107,  0.0886,  0.5390,  34.4879,  01 Sep 2017 09:16:05
# 27.0289,  5.445507,  1.114,  0.0896,  0.5090,  34.4677,  01 Sep 2017 09:20:05
# 27.0210,  5.447624,  0.990,  0.0909,  0.5449,  34.4886,  01 Sep 2017 09:24:05
# 27.0408,  5.449607,  1.291,  0.0921,  0.6812,  34.4880,  01 Sep 2017 09:28:05
# 27.0796,  5.450905,  1.052,  0.0935,  0.5800,  34.4685,  01 Sep 2017 09:32:05
# 27.0599,  5.451622,  1.011,  0.0873,  0.6182,  34.4882,  01 Sep 2017 09:36:05
# 27.0574,  5.451968,  1.121,  0.0896,  0.6639,  34.4925,  01 Sep 2017 09:40:05
# 27.0883,  5.453133,  1.291,  0.1000,  1.0652,  34.4779,  01 Sep 2017 09:44:05
# 27.0865,  5.452968,  1.058,  0.0934,  0.6664,  34.4781,  01 Sep 2017 09:48:05
# 27.0758,  5.452354,  1.145,  0.0958,  0.9322,  34.4816,  01 Sep 2017 09:52:05
# 27.0864,  5.452983,  1.223,  0.0924,  0.6859,  34.4782,  01 Sep 2017 09:56:05
# 27.1353,  5.455045,  0.958,  0.0933,  0.6860,  34.4567,  01 Sep 2017 10:00:05
# 27.1247,  5.456298,  1.208,  0.0908,  0.5619,  34.4734,  01 Sep 2017 10:04:05
# 27.1448,  5.456825,  1.214,  0.0861,  0.5394,  34.4623,  01 Sep 2017 10:08:05
# 27.1756,  5.459896,  1.000,  0.0935,  0.7337,  34.4614,  01 Sep 2017 10:12:05
# 27.1798,  5.459928,  1.149,  0.0943,  0.7731,  34.4585,  01 Sep 2017 10:16:05
# 27.1714,  5.458959,  1.216,  0.0945,  0.6470,  34.4578,  01 Sep 2017 10:20:05
# 27.1354,  5.460543,  1.142,  0.0920,  0.5605,  34.4957,  01 Sep 2017 10:24:05
# 27.1558,  5.463600,  1.256,  0.0871,  0.5113,  34.5023,  01 Sep 2017 10:28:05
# 27.2137,  5.461621,  1.009,  0.0982,  0.9480,  34.4455,  01 Sep 2017 10:32:05
# 27.1916,  5.462134,  1.435,  0.0935,  0.6613,  34.4653,  01 Sep 2017 10:36:05
# 27.1983,  5.463229,  1.292,  0.0972,  0.7878,  34.4681,  01 Sep 2017 10:40:05
# 27.1707,  5.461622,  1.317,  0.0896,  0.5787,  34.4772,  01 Sep 2017 10:44:05
# 27.1259,  5.459937,  1.343,  0.0822,  0.5187,  34.4984,  01 Sep 2017 10:48:05
# 27.1826,  5.462039,  1.270,  0.0872,  0.5099,  34.4714,  01 Sep 2017 10:52:05
# 27.1808,  5.463158,  1.470,  0.0871,  0.5702,  34.4806,  01 Sep 2017 10:56:05
# 27.1889,  5.465349,  1.214,  0.0859,  0.5980,  34.4902,  01 Sep 2017 11:00:05
# 27.1987,  5.466381,  1.138,  0.0922,  0.8034,  34.4903,  01 Sep 2017 11:04:05
# 27.1963,  5.465017,  1.284,  0.0884,  0.5410,  34.4824,  01 Sep 2017 11:08:05
# 27.1596,  5.463489,  1.283,  0.0920,  0.6114,  34.4987,  01 Sep 2017 11:12:05
# 27.2122,  5.467547,  1.232,  0.0848,  0.5135,  34.4885,  01 Sep 2017 11:16:05
# 27.2263,  5.468414,  1.249,  0.0848,  0.5544,  34.4843,  01 Sep 2017 11:20:05
# 27.2287,  5.469510,  1.343,  0.0886,  0.4749,  34.4903,  01 Sep 2017 11:24:05
# 27.2368,  5.470905,  1.366,  0.0859,  0.6906,  34.4942,  01 Sep 2017 11:28:05
# 27.2669,  5.472316,  1.292,  0.0884,  0.6028,  34.4819,  01 Sep 2017 11:32:05
# 27.2511,  5.470676,  1.329,  0.0908,  0.6867,  34.4820,  01 Sep 2017 11:36:05
# 27.2358,  5.468611,  1.434,  0.0909,  0.6113,  34.4786,  01 Sep 2017 11:40:05
# 27.2354,  5.468729,  1.230,  0.0897,  0.5393,  34.4798,  01 Sep 2017 11:44:05
# 27.2417,  5.470692,  1.476,  0.0858,  0.6636,  34.4890,  01 Sep 2017 11:48:05
# 27.2352,  5.470448,  1.354,  0.0883,  0.4991,  34.4921,  01 Sep 2017 11:52:05
# 27.2399,  5.470195,  1.427,  0.0897,  0.5112,  34.4868,  01 Sep 2017 11:56:05
# 27.2030,  5.468430,  1.413,  0.0884,  0.5556,  34.5016,  01 Sep 2017 12:00:05
# 27.2786,  5.471094,  1.407,  0.0922,  0.5173,  34.4646,  01 Sep 2017 12:04:05
# 27.2685,  5.471551,  1.446,  0.0896,  0.4906,  34.4753,  01 Sep 2017 12:08:05
# 27.2434,  5.471946,  1.176,  0.0912,  0.5910,  34.4967,  01 Sep 2017 12:12:05
# 27.2478,  5.472261,  1.237,  0.0909,  0.5150,  34.4957,  01 Sep 2017 12:16:05
# 27.2210,  5.469668,  1.351,  0.0885,  0.5436,  34.4971,  01 Sep 2017 12:20:05
# 27.2445,  5.471891,  1.458,  0.0959,  0.6847,  34.4954,  01 Sep 2017 12:24:05
# 27.2882,  5.477513,  1.525,  0.0922,  0.8857,  34.5030,  01 Sep 2017 12:28:05
# 27.3104,  5.478712,  1.211,  0.0946,  0.7046,  34.4951,  01 Sep 2017 12:32:05
# 27.2871,  5.476606,  1.256,  0.0934,  0.8403,  34.4974,  01 Sep 2017 12:36:05
# 27.2435,  5.472687,  1.372,  0.0907,  0.6205,  34.5018,  01 Sep 2017 12:40:05
# 27.2486,  5.471323,  1.366,  0.0906,  0.5730,  34.4884,  01 Sep 2017 12:44:05
# 27.2595,  5.472758,  1.316,  0.0935,  0.6313,  34.4905,  01 Sep 2017 12:48:05
# 27.2570,  5.473743,  1.338,  0.0909,  0.5666,  34.4994,  01 Sep 2017 12:52:05
# 27.3097,  5.478175,  1.564,  0.0896,  0.5956,  34.4918,  01 Sep 2017 12:56:05
# 27.2974,  5.477181,  1.240,  0.0982,  0.9511,  34.4939,  01 Sep 2017 13:00:05
# 27.2702,  5.472876,  1.341,  0.0983,  0.7291,  34.4835,  01 Sep 2017 13:04:05
# 27.2835,  5.474595,  1.504,  0.0996,  1.0533,  34.4858,  01 Sep 2017 13:08:05
# 27.2187,  5.470085,  1.413,  0.1022,  1.2346,  34.5017,  01 Sep 2017 13:12:05
# 27.2462,  5.471701,  1.197,  0.0920,  0.6905,  34.4929,  01 Sep 2017 13:16:05
# 27.2709,  5.473656,  1.316,  0.0935,  0.6677,  34.4885,  01 Sep 2017 13:20:05
# 27.2132,  5.469368,  1.446,  0.0909,  0.5715,  34.5007,  01 Sep 2017 13:24:05
# 27.2253,  5.470219,  1.226,  0.0980,  0.8377,  34.4978,  01 Sep 2017 13:28:05
# 27.2386,  5.470495,  1.341,  0.0935,  0.7642,  34.4899,  01 Sep 2017 13:32:05
# 27.2457,  5.471867,  1.255,  0.0960,  0.7180,  34.4945,  01 Sep 2017 13:36:05
# 27.2179,  5.469707,  1.319,  0.0996,  0.8183,  34.4997,  01 Sep 2017 13:40:05
# 27.2512,  5.472190,  1.325,  0.0946,  0.6226,  34.4926,  01 Sep 2017 13:44:05
# 27.2452,  5.471662,  1.641,  0.0933,  0.6565,  34.4932,  01 Sep 2017 13:48:05
# 27.2758,  5.474027,  1.428,  0.0982,  0.7756,  34.4874,  01 Sep 2017 13:52:05
# 27.2706,  5.473546,  1.396,  0.0934,  0.5496,  34.4879,  01 Sep 2017 13:56:05
