# 25.3696,  5.249169,  0.667,  0.1048,  0.2327,  34.2894,  04 Dec 2017 14:02:57
# 25.3654,  5.249603,  0.669,  0.1096,  0.2360,  34.2958,  04 Dec 2017 14:06:57
# 25.3573,  5.247334,  0.673,  0.1184,  0.2613,  34.2852,  04 Dec 2017 14:10:57
# 25.3756,  5.247977,  0.674,  0.1033,  0.2603,  34.2761,  04 Dec 2017 14:14:57
# 25.3779,  5.248294,  0.676,  0.0996,  0.2374,  34.2767,  04 Dec 2017 14:18:57
# 25.3635,  5.246862,  0.682,  0.1183,  0.2792,  34.2771,  04 Dec 2017 14:22:57
# 25.3785,  5.248310,  0.683,  0.1108,  0.2492,  34.2764,  04 Dec 2017 14:26:57
# 25.3761,  5.248890,  0.677,  0.1098,  0.2590,  34.2824,  04 Dec 2017 14:30:57
# 25.3564,  5.248318,  0.678,  0.1244,  0.2650,  34.2931,  04 Dec 2017 14:34:57
# 25.3792,  5.249270,  0.682,  0.1134,  0.2576,  34.2829,  04 Dec 2017 14:38:57
# 25.3944,  5.250470,  0.685,  0.1060,  0.2397,  34.2802,  04 Dec 2017 14:42:57
# 25.4061,  5.250687,  0.690,  0.1024,  0.2280,  34.2730,  04 Dec 2017 14:46:57
# 25.3929,  5.249254,  0.693,  0.1122,  0.2530,  34.2725,  04 Dec 2017 14:50:57
# 25.3940,  5.249572,  0.696,  0.1058,  0.2313,  34.2739,  04 Dec 2017 14:54:57
# 25.3898,  5.248921,  0.698,  0.1060,  0.2255,  34.2723,  04 Dec 2017 14:58:57
# 25.3706,  5.248023,  0.700,  0.1082,  0.2468,  34.2802,  04 Dec 2017 15:02:57
# 25.3638,  5.248194,  0.703,  0.1085,  0.2469,  34.2866,  04 Dec 2017 15:06:57
# 25.3632,  5.249301,  0.704,  0.1121,  0.2470,  34.2952,  04 Dec 2017 15:10:57
# 25.3615,  5.249332,  0.707,  0.1135,  0.2841,  34.2967,  04 Dec 2017 15:14:57
# 25.3603,  5.248991,  0.710,  0.1171,  0.2458,  34.2951,  04 Dec 2017 15:18:57
# 25.3656,  5.249022,  0.711,  0.1197,  0.2564,  34.2913,  04 Dec 2017 15:22:57
# 25.3646,  5.247566,  0.713,  0.1331,  0.2699,  34.2814,  04 Dec 2017 15:26:57
# 25.3580,  5.246885,  0.716,  0.1305,  0.2721,  34.2814,  04 Dec 2017 15:30:57
# 25.3569,  5.248070,  0.717,  0.1259,  0.2470,  34.2909,  04 Dec 2017 15:34:57
# 25.3595,  5.249146,  0.720,  0.1232,  0.2432,  34.2968,  04 Dec 2017 15:38:57
# 25.3635,  5.249208,  0.723,  0.1244,  0.2579,  34.2943,  04 Dec 2017 15:42:57
# 25.3585,  5.248643,  0.724,  0.1196,  0.2338,  34.2939,  04 Dec 2017 15:46:57
# 25.3589,  5.249309,  0.727,  0.1209,  0.2506,  34.2985,  04 Dec 2017 15:50:57
# 25.3615,  5.250168,  0.727,  0.1318,  0.2490,  34.3028,  04 Dec 2017 15:54:57
# 25.3640,  5.250974,  0.728,  0.1209,  0.2314,  34.3069,  04 Dec 2017 15:58:57
# 25.3617,  5.250997,  0.730,  0.1246,  0.2294,  34.3088,  04 Dec 2017 16:02:57
# 25.3646,  5.251299,  0.733,  0.1305,  0.2420,  34.3088,  04 Dec 2017 16:06:57
# 25.3642,  5.251028,  0.732,  0.1283,  0.2541,  34.3071,  04 Dec 2017 16:10:57
# 25.3516,  5.249177,  0.737,  0.1282,  0.2373,  34.3031,  04 Dec 2017 16:14:57
# 25.3520,  5.247652,  0.738,  0.1342,  0.2627,  34.2915,  04 Dec 2017 16:18:57
# 25.3531,  5.248612,  0.740,  0.1234,  0.2480,  34.2977,  04 Dec 2017 16:22:57
# 25.3577,  5.248240,  0.742,  0.1368,  0.2483,  34.2915,  04 Dec 2017 16:26:57
# 25.3561,  5.248147,  0.743,  0.1308,  0.2628,  34.2921,  04 Dec 2017 16:30:57
# 25.3472,  5.246026,  0.745,  0.1404,  0.2362,  34.2832,  04 Dec 2017 16:34:57
# 25.3519,  5.245972,  0.746,  0.1407,  0.2831,  34.2793,  04 Dec 2017 16:38:57
# 25.3562,  5.247985,  0.749,  0.1270,  0.2181,  34.2908,  04 Dec 2017 16:42:57
# 25.3571,  5.248155,  0.749,  0.1379,  0.2508,  34.2914,  04 Dec 2017 16:46:57
# 25.3498,  5.247822,  0.751,  0.1306,  0.2375,  34.2945,  04 Dec 2017 16:50:57
# 25.3432,  5.247536,  0.753,  0.1281,  0.2386,  34.2973,  04 Dec 2017 16:54:57
# 25.3352,  5.246359,  0.753,  0.1233,  0.2459,  34.2947,  04 Dec 2017 16:58:57
# 25.3213,  5.244447,  0.754,  0.1296,  0.2348,  34.2912,  04 Dec 2017 17:02:57
# 25.3057,  5.242574,  0.756,  0.1270,  0.2313,  34.2891,  04 Dec 2017 17:06:57
# 25.2968,  5.240485,  0.756,  0.1220,  0.2107,  34.2805,  04 Dec 2017 17:10:57
# 25.2859,  5.237514,  0.755,  0.1257,  0.2232,  34.2669,  04 Dec 2017 17:14:57
# 25.2968,  5.238883,  0.756,  0.1144,  0.2161,  34.2688,  04 Dec 2017 17:18:57
# 25.3095,  5.242032,  0.756,  0.1209,  0.2269,  34.2823,  04 Dec 2017 17:22:57
# 25.3161,  5.243340,  0.758,  0.1135,  0.2158,  34.2869,  04 Dec 2017 17:26:57
# 25.3121,  5.242288,  0.757,  0.1109,  0.2145,  34.2822,  04 Dec 2017 17:30:57
# 25.2977,  5.240152,  0.757,  0.1158,  0.2229,  34.2774,  04 Dec 2017 17:34:57
# 25.2766,  5.235379,  0.759,  0.1171,  0.2304,  34.2582,  04 Dec 2017 17:38:57
# 25.2480,  5.225436,  0.758,  0.1498,  0.2246,  34.2067,  04 Dec 2017 17:42:57
# 25.2471,  5.223558,  0.758,  0.1514,  0.2197,  34.1935,  04 Dec 2017 17:46:57
# 25.2799,  5.234551,  0.758,  0.1477,  0.2684,  34.2497,  04 Dec 2017 17:50:57
# 25.2566,  5.229409,  0.759,  0.1537,  0.2304,  34.2294,  04 Dec 2017 17:54:57
# 25.2405,  5.228706,  0.760,  0.1430,  0.2505,  34.2364,  04 Dec 2017 17:58:57
# 25.2370,  5.228992,  0.756,  0.1393,  0.2481,  34.2412,  04 Dec 2017 18:02:57
# 25.2364,  5.229672,  0.755,  0.1466,  0.2613,  34.2466,  04 Dec 2017 18:06:57
# 25.2396,  5.231837,  0.754,  0.1575,  0.2661,  34.2601,  04 Dec 2017 18:10:57
# 25.2314,  5.230345,  0.753,  0.1605,  0.2530,  34.2554,  04 Dec 2017 18:14:57
# 25.2399,  5.230430,  0.755,  0.1526,  0.2663,  34.2496,  04 Dec 2017 18:18:57
# 25.2512,  5.233763,  0.753,  0.1389,  0.2531,  34.2656,  04 Dec 2017 18:22:57
# 25.2462,  5.233902,  0.745,  0.1499,  0.2866,  34.2703,  04 Dec 2017 18:26:57
# 25.2415,  5.234018,  0.739,  0.1476,  0.2660,  34.2747,  04 Dec 2017 18:30:57
# 25.2387,  5.234335,  0.733,  0.1488,  0.2294,  34.2792,  04 Dec 2017 18:34:57
# 25.2189,  5.231621,  0.734,  0.1330,  0.2482,  34.2742,  04 Dec 2017 18:38:57
# 25.2228,  5.231953,  0.725,  0.1366,  0.3212,  34.2737,  04 Dec 2017 18:42:57
# 25.2222,  5.229951,  0.725,  0.1527,  0.2384,  34.2594,  04 Dec 2017 18:46:57
# 25.2271,  5.231420,  0.721,  0.1539,  0.2409,  34.2665,  04 Dec 2017 18:50:57
# 25.2296,  5.232827,  0.691,  0.1499,  0.3172,  34.2750,  04 Dec 2017 18:54:57
# 25.2338,  5.234250,  0.695,  0.1539,  0.2842,  34.2823,  04 Dec 2017 18:58:57
# 25.2303,  5.234761,  0.694,  0.1416,  0.2456,  34.2887,  04 Dec 2017 19:02:57
# 25.2245,  5.234065,  0.691,  0.1390,  0.2384,  34.2880,  04 Dec 2017 19:06:57
# 25.2016,  5.231266,  0.687,  0.1381,  0.2255,  34.2847,  04 Dec 2017 19:10:57
# 25.2046,  5.228212,  0.685,  0.1619,  0.2268,  34.2599,  04 Dec 2017 19:14:57
# 25.2139,  5.232124,  0.685,  0.1478,  0.2566,  34.2817,  04 Dec 2017 19:18:57
# 25.2064,  5.231235,  0.679,  0.1318,  0.2710,  34.2808,  04 Dec 2017 19:22:57
# 25.2005,  5.231320,  0.670,  0.1319,  0.2434,  34.2859,  04 Dec 2017 19:26:57
# 25.1925,  5.230392,  0.669,  0.1378,  0.2481,  34.2851,  04 Dec 2017 19:30:57
# 25.1871,  5.229418,  0.661,  0.1234,  0.2494,  34.2821,  04 Dec 2017 19:34:57
# 25.1772,  5.225151,  0.649,  0.1490,  0.2963,  34.2581,  04 Dec 2017 19:38:57
# 25.1877,  5.228065,  0.652,  0.1480,  0.2336,  34.2716,  04 Dec 2017 19:42:57
# 25.1927,  5.229340,  0.654,  0.1417,  0.2361,  34.2773,  04 Dec 2017 19:46:57
# 25.1894,  5.229487,  0.654,  0.1550,  0.2482,  34.2808,  04 Dec 2017 19:50:57
# 25.1855,  5.228444,  0.650,  0.1453,  0.2282,  34.2761,  04 Dec 2017 19:54:57
# 25.1820,  5.228591,  0.653,  0.1468,  0.2444,  34.2798,  04 Dec 2017 19:58:57
# 25.1731,  5.227679,  0.622,  0.1427,  0.2615,  34.2798,  04 Dec 2017 20:02:57
# 25.1586,  5.225870,  0.622,  0.1561,  0.2470,  34.2775,  04 Dec 2017 20:06:57
# 25.1496,  5.224734,  0.624,  0.1501,  0.2554,  34.2759,  04 Dec 2017 20:10:57
# 25.1492,  5.224773,  0.615,  0.1379,  0.2374,  34.2765,  04 Dec 2017 20:14:57
# 25.1443,  5.224263,  0.611,  0.1466,  0.2744,  34.2765,  04 Dec 2017 20:18:57
# 25.1385,  5.223227,  0.617,  0.1442,  0.2420,  34.2732,  04 Dec 2017 20:22:57
# 25.1325,  5.220840,  0.617,  0.1524,  0.2348,  34.2601,  04 Dec 2017 20:26:57
# 25.1248,  5.220485,  0.612,  0.1427,  0.2385,  34.2633,  04 Dec 2017 20:30:57
# 25.1170,  5.220322,  0.605,  0.1390,  0.2506,  34.2680,  04 Dec 2017 20:34:57
# 25.1166,  5.220276,  0.606,  0.1480,  0.2493,  34.2680,  04 Dec 2017 20:38:57
# 25.1139,  5.220083,  0.608,  0.1406,  0.2589,  34.2686,  04 Dec 2017 20:42:57
# 25.1094,  5.219689,  0.606,  0.1417,  0.2337,  34.2692,  04 Dec 2017 20:46:57
# 25.0877,  5.217743,  0.606,  0.1286,  0.2270,  34.2712,  04 Dec 2017 20:50:57
# 25.0870,  5.217341,  0.595,  0.1157,  0.2350,  34.2688,  04 Dec 2017 20:54:57
# 25.0709,  5.216044,  0.592,  0.1157,  0.1939,  34.2714,  04 Dec 2017 20:58:57
# 25.0525,  5.213419,  0.589,  0.1221,  0.2313,  34.2660,  04 Dec 2017 21:02:57
# 25.0319,  5.206418,  0.586,  0.1257,  0.2360,  34.2299,  04 Dec 2017 21:06:57
# 25.0255,  5.203903,  0.582,  0.1407,  0.2181,  34.2161,  04 Dec 2017 21:10:57
# 25.0507,  5.209057,  0.582,  0.1366,  0.2245,  34.2351,  04 Dec 2017 21:14:57
# 25.0583,  5.210616,  0.581,  0.1357,  0.2270,  34.2409,  04 Dec 2017 21:18:57
# 25.0648,  5.212538,  0.578,  0.1426,  0.2336,  34.2501,  04 Dec 2017 21:22:57
# 25.0646,  5.214330,  0.576,  0.1283,  0.2245,  34.2635,  04 Dec 2017 21:26:57
# 25.0537,  5.213874,  0.582,  0.1273,  0.2174,  34.2684,  04 Dec 2017 21:30:57
# 25.0402,  5.211558,  0.578,  0.1184,  0.2206,  34.2615,  04 Dec 2017 21:34:57
# 25.0386,  5.210539,  0.579,  0.1285,  0.2220,  34.2552,  04 Dec 2017 21:38:57
# 25.0330,  5.209876,  0.577,  0.1332,  0.2182,  34.2546,  04 Dec 2017 21:42:57
# 25.0317,  5.209428,  0.578,  0.1208,  0.2073,  34.2522,  04 Dec 2017 21:46:57
# 25.0398,  5.210763,  0.580,  0.1368,  0.2435,  34.2559,  04 Dec 2017 21:50:57
# 25.0461,  5.212863,  0.564,  0.1390,  0.2193,  34.2667,  04 Dec 2017 21:54:57
# 25.0499,  5.213257,  0.567,  0.1342,  0.2196,  34.2667,  04 Dec 2017 21:58:57
# 25.0411,  5.212408,  0.570,  0.1244,  0.2386,  34.2671,  04 Dec 2017 22:02:57
# 25.0383,  5.212415,  0.570,  0.1259,  0.2325,  34.2693,  04 Dec 2017 22:06:57
# 25.0272,  5.211481,  0.570,  0.1232,  0.2123,  34.2708,  04 Dec 2017 22:10:57
# 25.0213,  5.209660,  0.571,  0.1417,  0.2182,  34.2618,  04 Dec 2017 22:14:57
# 25.0039,  5.207838,  0.572,  0.1244,  0.2144,  34.2615,  04 Dec 2017 22:18:57
# 25.0002,  5.206064,  0.617,  0.1395,  0.2207,  34.2512,  04 Dec 2017 22:22:57
# 25.0012,  5.204760,  0.609,  0.1416,  0.2398,  34.2408,  04 Dec 2017 22:26:57
# 25.0010,  5.204297,  0.610,  0.1329,  0.2375,  34.2375,  04 Dec 2017 22:30:57
# 24.9961,  5.204150,  0.607,  0.1393,  0.2196,  34.2402,  04 Dec 2017 22:34:57
# 24.9966,  5.204443,  0.604,  0.1307,  0.2050,  34.2420,  04 Dec 2017 22:38:57
# 24.9950,  5.205223,  0.600,  0.1331,  0.2087,  34.2490,  04 Dec 2017 22:42:57
# 24.9979,  5.206102,  0.604,  0.1358,  0.2350,  34.2532,  04 Dec 2017 22:46:57
# 24.9765,  5.203564,  0.602,  0.1341,  0.2281,  34.2507,  04 Dec 2017 22:50:57
# 24.9725,  5.202962,  0.603,  0.1367,  0.2245,  34.2493,  04 Dec 2017 22:54:57
# 24.9671,  5.201759,  0.655,  0.1367,  0.2158,  34.2445,  04 Dec 2017 22:58:57
# 24.9578,  5.199916,  0.652,  0.1430,  0.2159,  34.2379,  04 Dec 2017 23:02:57
# 24.9510,  5.199214,  0.638,  0.1402,  0.2246,  34.2378,  04 Dec 2017 23:06:57
# 24.9479,  5.198636,  0.624,  0.1366,  0.2325,  34.2359,  04 Dec 2017 23:10:57
# 24.9137,  5.192214,  0.622,  0.1306,  0.2196,  34.2143,  04 Dec 2017 23:14:57
# 24.8986,  5.187891,  0.624,  0.1377,  0.2385,  34.1938,  04 Dec 2017 23:18:57
# 24.9044,  5.189347,  0.627,  0.1283,  0.2196,  34.2001,  04 Dec 2017 23:22:57
# 24.9000,  5.189078,  0.629,  0.1283,  0.1951,  34.2015,  04 Dec 2017 23:26:57
# 24.9119,  5.191783,  0.631,  0.1284,  0.2002,  34.2125,  04 Dec 2017 23:30:57
# 24.9415,  5.197063,  0.632,  0.1320,  0.2037,  34.2291,  04 Dec 2017 23:34:57
# 24.9609,  5.200224,  0.634,  0.1441,  0.2422,  34.2378,  04 Dec 2017 23:38:57
# 24.9635,  5.200803,  0.637,  0.1292,  0.2219,  34.2401,  04 Dec 2017 23:42:57
# 24.9519,  5.199322,  0.670,  0.1283,  0.2123,  34.2379,  04 Dec 2017 23:46:57
# 24.9389,  5.197618,  0.674,  0.1182,  0.2035,  34.2352,  04 Dec 2017 23:50:57
# 24.9137,  5.193802,  0.677,  0.1274,  0.1987,  34.2261,  04 Dec 2017 23:54:57
# 24.8936,  5.190349,  0.674,  0.1247,  0.1880,  34.2157,  04 Dec 2017 23:58:57
# 24.8831,  5.187252,  0.680,  0.1196,  0.1879,  34.2007,  05 Dec 2017 00:02:57
# 24.8990,  5.189717,  0.682,  0.1199,  0.2085,  34.2069,  05 Dec 2017 00:06:57
# 24.9073,  5.191451,  0.683,  0.1184,  0.2047,  34.2135,  05 Dec 2017 00:10:57
# 24.9218,  5.193964,  0.687,  0.1148,  0.2135,  34.2211,  05 Dec 2017 00:14:57
# 24.9073,  5.192307,  0.689,  0.1183,  0.2038,  34.2198,  05 Dec 2017 00:18:57
# 24.9029,  5.190796,  0.693,  0.1283,  0.2211,  34.2120,  05 Dec 2017 00:22:57
# 24.8938,  5.190049,  0.694,  0.1246,  0.2282,  34.2133,  05 Dec 2017 00:26:57
# 24.8654,  5.186682,  0.697,  0.1199,  0.1940,  34.2100,  05 Dec 2017 00:30:57
# 24.8746,  5.187083,  0.700,  0.1246,  0.2097,  34.2059,  05 Dec 2017 00:34:57
# 24.8891,  5.188747,  0.704,  0.1210,  0.2013,  34.2073,  05 Dec 2017 00:38:57
# 24.9168,  5.192815,  0.705,  0.1196,  0.2058,  34.2164,  05 Dec 2017 00:42:57
# 24.9220,  5.194365,  0.712,  0.1269,  0.2122,  34.2239,  05 Dec 2017 00:46:57
# 24.9236,  5.195197,  0.717,  0.1172,  0.2036,  34.2288,  05 Dec 2017 00:50:57
# 24.9374,  5.196832,  0.721,  0.1273,  0.2087,  34.2305,  05 Dec 2017 00:54:57
# 24.9335,  5.195282,  0.727,  0.1367,  0.2011,  34.2220,  05 Dec 2017 00:58:57
# 24.9367,  5.195652,  0.732,  0.1404,  0.2135,  34.2223,  05 Dec 2017 01:02:57
# 24.9424,  5.196955,  0.739,  0.1355,  0.1987,  34.2276,  05 Dec 2017 01:06:57
# 24.9389,  5.196754,  0.744,  0.1332,  0.2052,  34.2288,  05 Dec 2017 01:10:57
# 24.9436,  5.197888,  0.750,  0.1269,  0.2158,  34.2336,  05 Dec 2017 01:14:57
# 24.9301,  5.195799,  0.757,  0.1285,  0.2304,  34.2283,  05 Dec 2017 01:18:57
# 24.9093,  5.192507,  0.762,  0.1295,  0.1904,  34.2198,  05 Dec 2017 01:22:57
# 24.8948,  5.188199,  0.769,  0.1305,  0.2145,  34.1988,  05 Dec 2017 01:26:57
# 24.8963,  5.188307,  0.774,  0.1357,  0.2061,  34.1985,  05 Dec 2017 01:30:57
# 24.9001,  5.188369,  0.782,  0.1574,  0.2172,  34.1961,  05 Dec 2017 01:34:57
# 24.9032,  5.189008,  0.788,  0.1344,  0.1940,  34.1985,  05 Dec 2017 01:38:57
# 24.9041,  5.189648,  0.794,  0.1244,  0.1964,  34.2025,  05 Dec 2017 01:42:57
# 24.9211,  5.193378,  0.802,  0.1210,  0.2000,  34.2173,  05 Dec 2017 01:46:57
# 24.9185,  5.193756,  0.810,  0.1205,  0.1952,  34.2220,  05 Dec 2017 01:50:57
# 24.9167,  5.193879,  0.817,  0.1147,  0.2064,  34.2243,  05 Dec 2017 01:54:57
# 24.9137,  5.193602,  0.823,  0.1221,  0.2123,  34.2245,  05 Dec 2017 01:58:57
# 24.9117,  5.193848,  0.840,  0.1145,  0.1986,  34.2279,  05 Dec 2017 02:02:57
# 24.9004,  5.192207,  0.848,  0.1171,  0.2174,  34.2242,  05 Dec 2017 02:06:57
# 24.8604,  5.184418,  0.855,  0.1257,  0.1768,  34.1969,  05 Dec 2017 02:10:57
# 24.8288,  5.175763,  0.860,  0.1293,  0.1780,  34.1567,  05 Dec 2017 02:14:57
# 24.8096,  5.171723,  0.867,  0.1293,  0.1855,  34.1412,  05 Dec 2017 02:18:57
# 24.8001,  5.168938,  0.874,  0.1270,  0.1770,  34.1278,  05 Dec 2017 02:22:57
# 24.7824,  5.165470,  0.880,  0.1304,  0.1843,  34.1155,  05 Dec 2017 02:26:57
# 24.7776,  5.164093,  0.885,  0.1307,  0.1984,  34.1088,  05 Dec 2017 02:30:57
# 24.7685,  5.162387,  0.892,  0.1256,  0.1962,  34.1031,  05 Dec 2017 02:34:57
# 24.7758,  5.162079,  0.898,  0.1381,  0.1890,  34.0953,  05 Dec 2017 02:38:57
# 24.7755,  5.161364,  0.904,  0.1502,  0.2047,  34.0902,  05 Dec 2017 02:42:57
# 24.7932,  5.164778,  0.910,  0.1453,  0.1791,  34.1021,  05 Dec 2017 02:46:57
# 24.8141,  5.170592,  0.917,  0.1332,  0.1841,  34.1294,  05 Dec 2017 02:50:57
# 24.8050,  5.169469,  0.924,  0.1270,  0.1855,  34.1280,  05 Dec 2017 02:54:57
# 24.7781,  5.165854,  0.932,  0.1232,  0.1781,  34.1216,  05 Dec 2017 02:58:57
# 24.7660,  5.163947,  0.938,  0.1308,  0.1756,  34.1166,  05 Dec 2017 03:02:57
# 24.7428,  5.160773,  0.943,  0.1297,  0.1856,  34.1105,  05 Dec 2017 03:06:57
# 24.7339,  5.158005,  0.950,  0.1357,  0.1868,  34.0967,  05 Dec 2017 03:10:57
# 24.7344,  5.158290,  0.958,  0.1354,  0.1818,  34.0985,  05 Dec 2017 03:14:57
# 24.7332,  5.156953,  0.964,  0.1296,  0.2195,  34.0895,  05 Dec 2017 03:18:57
# 24.7193,  5.156292,  0.969,  0.1309,  0.1912,  34.0950,  05 Dec 2017 03:22:57
# 24.7012,  5.154387,  0.975,  0.1331,  0.1804,  34.0946,  05 Dec 2017 03:26:57
# 24.7097,  5.156323,  0.982,  0.1305,  0.1830,  34.1026,  05 Dec 2017 03:30:57
# 24.6863,  5.152120,  0.987,  0.1259,  0.1806,  34.0890,  05 Dec 2017 03:34:57
# 24.6925,  5.152750,  0.993,  0.1258,  0.2036,  34.0891,  05 Dec 2017 03:38:57
# 24.7068,  5.154410,  0.999,  0.1235,  0.1769,  34.0905,  05 Dec 2017 03:42:57
# 24.7119,  5.155316,  1.006,  0.1281,  0.1791,  34.0934,  05 Dec 2017 03:46:57
# 24.7107,  5.156477,  1.014,  0.1200,  0.1752,  34.1030,  05 Dec 2017 03:50:57
# 24.6767,  5.152221,  1.020,  0.1185,  0.1719,  34.0971,  05 Dec 2017 03:54:57
# 24.6661,  5.150062,  1.026,  0.1195,  0.1633,  34.0891,  05 Dec 2017 03:58:57
# 24.6635,  5.149440,  1.032,  0.1282,  0.1730,  34.0864,  05 Dec 2017 04:02:57
# 24.6685,  5.149386,  1.037,  0.1304,  0.1752,  34.0822,  05 Dec 2017 04:06:57
# 24.7020,  5.152689,  1.044,  0.1342,  0.1867,  34.0814,  05 Dec 2017 04:10:57
# 24.7111,  5.154486,  1.049,  0.1270,  0.1942,  34.0878,  05 Dec 2017 04:14:57
# 24.7014,  5.154164,  1.056,  0.1306,  0.1730,  34.0928,  05 Dec 2017 04:18:57
# 24.7026,  5.153972,  1.061,  0.1292,  0.1891,  34.0905,  05 Dec 2017 04:22:57
# 24.7235,  5.156807,  1.067,  0.1233,  0.2133,  34.0957,  05 Dec 2017 04:26:57
# 24.7474,  5.161241,  1.074,  0.1258,  0.2351,  34.1105,  05 Dec 2017 04:30:57
# 24.7242,  5.157637,  1.080,  0.1245,  0.1818,  34.1013,  05 Dec 2017 04:34:57
# 24.7301,  5.159458,  1.309,  0.1244,  0.2027,  34.1103,  05 Dec 2017 04:38:57
# 24.7385,  5.161726,  1.310,  0.1198,  0.1914,  34.1207,  05 Dec 2017 04:42:57
# 24.7289,  5.160450,  1.311,  0.1185,  0.1743,  34.1186,  05 Dec 2017 04:46:57
# 24.7318,  5.161603,  1.312,  0.1220,  0.1879,  34.1249,  05 Dec 2017 04:50:57
# 24.7192,  5.159174,  1.314,  0.1196,  0.1854,  34.1164,  05 Dec 2017 04:54:57
# 24.7026,  5.156331,  1.318,  0.1160,  0.1695,  34.1079,  05 Dec 2017 04:58:57
# 24.7038,  5.156431,  1.319,  0.1085,  0.1743,  34.1078,  05 Dec 2017 05:02:57
# 24.6937,  5.153888,  1.322,  0.1183,  0.1753,  34.0965,  05 Dec 2017 05:06:57
# 24.6879,  5.154318,  1.323,  0.1219,  0.1948,  34.1041,  05 Dec 2017 05:10:57
# 24.6948,  5.154725,  1.325,  0.1172,  0.1820,  34.1019,  05 Dec 2017 05:14:57
# 24.6267,  5.146684,  1.347,  0.1184,  0.1718,  34.0937,  05 Dec 2017 05:18:57
# 24.6207,  5.145809,  1.347,  0.1219,  0.1754,  34.0917,  05 Dec 2017 05:22:57
# 24.6217,  5.145970,  1.348,  0.1172,  0.1549,  34.0922,  05 Dec 2017 05:26:57
# 24.6465,  5.148888,  1.350,  0.1270,  0.1817,  34.0951,  05 Dec 2017 05:30:57
# 24.7008,  5.155416,  1.352,  0.1234,  0.1769,  34.1024,  05 Dec 2017 05:34:57
# 24.6743,  5.152582,  1.354,  0.1236,  0.1744,  34.1015,  05 Dec 2017 05:38:57
# 24.6730,  5.152259,  1.358,  0.1183,  0.1743,  34.1001,  05 Dec 2017 05:42:57
# 24.6927,  5.153934,  1.360,  0.1220,  0.2109,  34.0976,  05 Dec 2017 05:46:57
# 24.6923,  5.154917,  1.361,  0.1247,  0.1720,  34.1052,  05 Dec 2017 05:50:57
# 24.6751,  5.152689,  1.362,  0.1221,  0.1684,  34.1017,  05 Dec 2017 05:54:57
# 24.6583,  5.150792,  1.365,  0.1198,  0.1694,  34.1003,  05 Dec 2017 05:58:57
# 24.6697,  5.152252,  1.366,  0.1247,  0.1624,  34.1025,  05 Dec 2017 06:02:57
# 24.6436,  5.149172,  1.368,  0.1158,  0.2136,  34.0993,  05 Dec 2017 06:06:57
# 24.6230,  5.148581,  1.368,  0.1160,  0.1610,  34.1106,  05 Dec 2017 06:10:57
# 24.6601,  5.151883,  1.368,  0.1197,  0.2387,  34.1071,  05 Dec 2017 06:14:57
# 24.6579,  5.152521,  1.369,  0.1170,  0.1634,  34.1135,  05 Dec 2017 06:18:57
# 24.6529,  5.151860,  1.369,  0.1173,  0.1598,  34.1123,  05 Dec 2017 06:22:57
# 24.6516,  5.152121,  1.369,  0.1199,  0.1732,  34.1152,  05 Dec 2017 06:26:57
# 24.6295,  5.149326,  1.367,  0.1146,  0.1622,  34.1112,  05 Dec 2017 06:30:57
# 24.6528,  5.152598,  1.368,  0.1197,  0.1827,  34.1178,  05 Dec 2017 06:34:57
# 24.6801,  5.155947,  1.378,  0.1172,  0.1743,  34.1221,  05 Dec 2017 06:38:57
# 24.7102,  5.159497,  1.375,  0.1197,  0.1695,  34.1256,  05 Dec 2017 06:42:57
# 24.7155,  5.161834,  1.376,  0.1209,  0.1684,  34.1390,  05 Dec 2017 06:46:57
# 24.7267,  5.163502,  1.377,  0.1244,  0.1756,  34.1429,  05 Dec 2017 06:50:57
# 24.7102,  5.162665,  1.381,  0.1184,  0.1633,  34.1492,  05 Dec 2017 06:54:57
# 24.6816,  5.158883,  1.380,  0.1109,  0.1648,  34.1427,  05 Dec 2017 06:58:57
# 24.6921,  5.160435,  1.370,  0.1199,  0.1816,  34.1463,  05 Dec 2017 07:02:57
# 24.6858,  5.159782,  1.362,  0.1147,  0.2001,  34.1463,  05 Dec 2017 07:06:57
# 24.6998,  5.162503,  1.355,  0.1111,  0.1830,  34.1559,  05 Dec 2017 07:10:57
# 24.6929,  5.161781,  1.358,  0.1124,  0.1769,  34.1557,  05 Dec 2017 07:14:57
# 24.6832,  5.160297,  1.351,  0.1170,  0.1744,  34.1521,  05 Dec 2017 07:18:57
# 24.6868,  5.161004,  1.334,  0.1147,  0.1709,  34.1546,  05 Dec 2017 07:22:57
# 24.7004,  5.162911,  1.325,  0.1186,  0.1621,  34.1585,  05 Dec 2017 07:26:57
# 24.6965,  5.162672,  1.338,  0.1121,  0.1624,  34.1596,  05 Dec 2017 07:30:57
# 24.7360,  5.168032,  1.308,  0.1199,  0.1670,  34.1695,  05 Dec 2017 07:34:57
# 24.7343,  5.169001,  1.297,  0.1185,  0.1767,  34.1780,  05 Dec 2017 07:38:57
# 24.7384,  5.169040,  1.297,  0.1183,  0.1659,  34.1752,  05 Dec 2017 07:42:57
# 24.7389,  5.169517,  1.261,  0.1218,  0.1765,  34.1784,  05 Dec 2017 07:46:57
# 24.7277,  5.169109,  1.237,  0.1135,  0.2039,  34.1839,  05 Dec 2017 07:50:57
# 24.7203,  5.167825,  1.249,  0.1147,  0.1632,  34.1799,  05 Dec 2017 07:54:57
# 24.7196,  5.167971,  1.222,  0.1121,  0.1645,  34.1816,  05 Dec 2017 07:58:57
# 24.7363,  5.170001,  1.225,  0.1147,  0.1599,  34.1839,  05 Dec 2017 08:02:57
# 24.7430,  5.171378,  1.213,  0.1159,  0.1609,  34.1891,  05 Dec 2017 08:06:57
# 24.7348,  5.170655,  1.199,  0.1158,  0.1754,  34.1899,  05 Dec 2017 08:10:57
# 24.7234,  5.169209,  1.185,  0.1209,  0.1804,  34.1879,  05 Dec 2017 08:14:57
# 24.7387,  5.171732,  1.164,  0.1182,  0.1782,  34.1950,  05 Dec 2017 08:18:57
# 24.7527,  5.173379,  1.168,  0.1221,  0.1841,  34.1966,  05 Dec 2017 08:22:57
# 24.7370,  5.171971,  1.155,  0.1134,  0.1709,  34.1981,  05 Dec 2017 08:26:57
# 24.7434,  5.172556,  1.153,  0.1097,  0.1610,  34.1976,  05 Dec 2017 08:30:57
# 24.7460,  5.173110,  1.131,  0.1220,  0.2256,  34.1997,  05 Dec 2017 08:34:57
# 24.7438,  5.173510,  1.127,  0.1183,  0.1719,  34.2043,  05 Dec 2017 08:38:57
# 24.7581,  5.175388,  1.129,  0.1199,  0.2651,  34.2074,  05 Dec 2017 08:42:57
# 24.7721,  5.177296,  1.107,  0.1284,  0.1829,  34.2109,  05 Dec 2017 08:46:57
# 24.7853,  5.179352,  1.104,  0.1209,  0.1974,  34.2162,  05 Dec 2017 08:50:57
# 24.7771,  5.178428,  1.110,  0.1209,  0.1902,  34.2156,  05 Dec 2017 08:54:57
# 24.7675,  5.177435,  1.088,  0.1198,  0.1708,  34.2155,  05 Dec 2017 08:58:57
# 24.7611,  5.176935,  1.076,  0.1184,  0.1867,  34.2166,  05 Dec 2017 09:02:57
# 24.7817,  5.179398,  1.104,  0.1209,  0.1878,  34.2193,  05 Dec 2017 09:06:57
# 24.7602,  5.176873,  1.069,  0.1122,  0.1865,  34.2169,  05 Dec 2017 09:10:57
# 24.7624,  5.177358,  1.065,  0.1087,  0.1698,  34.2188,  05 Dec 2017 09:14:57
# 24.7710,  5.178697,  1.051,  0.1110,  0.1769,  34.2222,  05 Dec 2017 09:18:57
# 24.7457,  5.175788,  1.020,  0.1060,  0.1634,  34.2199,  05 Dec 2017 09:22:57
# 24.7528,  5.176103,  1.016,  0.1099,  0.1731,  34.2168,  05 Dec 2017 09:26:57
# 24.7513,  5.176134,  1.022,  0.1038,  0.1708,  34.2182,  05 Dec 2017 09:30:57
# 24.7523,  5.175272,  1.010,  0.1013,  0.1537,  34.2110,  05 Dec 2017 09:34:57
# 24.7721,  5.178243,  0.984,  0.1072,  0.1765,  34.2180,  05 Dec 2017 09:38:57
# 24.7990,  5.180722,  0.979,  0.1083,  0.1817,  34.2160,  05 Dec 2017 09:42:57
# 24.8129,  5.183147,  0.970,  0.1024,  0.1791,  34.2234,  05 Dec 2017 09:46:57
# 24.8291,  5.184549,  0.958,  0.1023,  0.1820,  34.2216,  05 Dec 2017 09:50:57
# 24.8514,  5.186898,  0.934,  0.1060,  0.1988,  34.2221,  05 Dec 2017 09:54:57
# 24.8644,  5.188924,  0.934,  0.0998,  0.1745,  34.2273,  05 Dec 2017 09:58:57
# 24.8851,  5.191043,  0.930,  0.1023,  0.1804,  34.2272,  05 Dec 2017 10:02:57
# 24.9053,  5.193016,  0.917,  0.1000,  0.1706,  34.2265,  05 Dec 2017 10:06:57
# 24.9143,  5.194080,  0.912,  0.0958,  0.1670,  34.2275,  05 Dec 2017 10:10:57
# 24.9212,  5.194365,  0.898,  0.0986,  0.1743,  34.2245,  05 Dec 2017 10:14:57
# 24.9330,  5.195652,  0.877,  0.0947,  0.1744,  34.2250,  05 Dec 2017 10:18:57
# 24.9528,  5.197225,  0.878,  0.0959,  0.1830,  34.2217,  05 Dec 2017 10:22:57
# 24.9683,  5.198219,  0.876,  0.0960,  0.1707,  34.2173,  05 Dec 2017 10:26:57
# 24.9770,  5.198427,  0.869,  0.0924,  0.1924,  34.2122,  05 Dec 2017 10:30:57
# 25.0029,  5.200455,  0.859,  0.0923,  0.1781,  34.2076,  05 Dec 2017 10:34:57
# 25.0126,  5.200663,  0.852,  0.0922,  0.1891,  34.2018,  05 Dec 2017 10:38:57
# 25.0349,  5.201473,  0.837,  0.0887,  0.1672,  34.1910,  05 Dec 2017 10:42:57
# 25.0555,  5.203887,  0.820,  0.0900,  0.1793,  34.1932,  05 Dec 2017 10:46:57
# 25.0616,  5.204720,  0.816,  0.0914,  0.1949,  34.1947,  05 Dec 2017 10:50:57
# 25.0711,  5.205746,  0.825,  0.0925,  0.1923,  34.1951,  05 Dec 2017 10:54:57
# 25.0786,  5.206772,  0.826,  0.0936,  0.1974,  34.1971,  05 Dec 2017 10:58:57
# 25.1127,  5.210554,  0.819,  0.0914,  0.1693,  34.1992,  05 Dec 2017 11:02:57
# 25.1244,  5.212885,  0.807,  0.0935,  0.1730,  34.2075,  05 Dec 2017 11:06:57
# 25.1347,  5.214475,  0.783,  0.0901,  0.1875,  34.2115,  05 Dec 2017 11:10:57
# 25.1437,  5.215997,  0.776,  0.0924,  0.1841,  34.2159,  05 Dec 2017 11:14:57
# 25.1302,  5.215055,  0.778,  0.0960,  0.1925,  34.2192,  05 Dec 2017 11:18:57
# 25.1577,  5.216830,  0.779,  0.0937,  0.2110,  34.2115,  05 Dec 2017 11:22:57
# 25.1524,  5.217209,  0.779,  0.0973,  0.1999,  34.2182,  05 Dec 2017 11:26:57
# 25.1797,  5.218792,  0.775,  0.0898,  0.1938,  34.2093,  05 Dec 2017 11:30:57
# 25.1817,  5.220461,  0.746,  0.0936,  0.1840,  34.2201,  05 Dec 2017 11:34:57
# 25.1838,  5.220592,  0.752,  0.0924,  0.1840,  34.2194,  05 Dec 2017 11:38:57
# 25.2107,  5.222793,  0.749,  0.0925,  0.1888,  34.2154,  05 Dec 2017 11:42:57
# 25.2041,  5.223350,  0.749,  0.0960,  0.1888,  34.2244,  05 Dec 2017 11:46:57
# 25.2162,  5.223813,  0.750,  0.0897,  0.1697,  34.2187,  05 Dec 2017 11:50:57
# 25.2260,  5.224980,  0.753,  0.0897,  0.1814,  34.2199,  05 Dec 2017 11:54:57
# 25.2422,  5.226595,  0.755,  0.0923,  0.1781,  34.2196,  05 Dec 2017 11:58:57
# 25.2405,  5.227113,  0.787,  0.0963,  0.2042,  34.2246,  05 Dec 2017 12:02:57
# 25.2576,  5.228010,  0.754,  0.0896,  0.1888,  34.2183,  05 Dec 2017 12:06:57
# 25.2907,  5.230854,  0.748,  0.0915,  0.1682,  34.2143,  05 Dec 2017 12:10:57
# 25.2693,  5.229316,  0.750,  0.0951,  0.1939,  34.2192,  05 Dec 2017 12:14:57
# 25.2657,  5.229161,  0.741,  0.0950,  0.1838,  34.2208,  05 Dec 2017 12:18:57
# 25.2771,  5.230344,  0.742,  0.0938,  0.1780,  34.2208,  05 Dec 2017 12:22:57
# 25.2969,  5.231720,  0.745,  0.0896,  0.1965,  34.2160,  05 Dec 2017 12:26:57
# 25.2966,  5.231163,  0.744,  0.0900,  0.1778,  34.2122,  05 Dec 2017 12:30:57
# 25.2747,  5.228922,  0.742,  0.0922,  0.1913,  34.2122,  05 Dec 2017 12:34:57
# 25.3073,  5.230552,  0.736,  0.0899,  0.1877,  34.1996,  05 Dec 2017 12:38:57
# 25.2793,  5.230228,  0.736,  0.0935,  0.2099,  34.2183,  05 Dec 2017 12:42:57
# 25.3072,  5.232014,  0.736,  0.0949,  0.1743,  34.2104,  05 Dec 2017 12:46:57
# 25.2860,  5.230483,  0.718,  0.0936,  0.1793,  34.2151,  05 Dec 2017 12:50:57
# 25.2813,  5.231156,  0.719,  0.0987,  0.1975,  34.2236,  05 Dec 2017 12:54:57
# 25.3008,  5.231380,  0.718,  0.0922,  0.1940,  34.2106,  05 Dec 2017 12:58:57
# 25.3039,  5.231681,  0.716,  0.0934,  0.1744,  34.2104,  05 Dec 2017 13:02:57
# 25.3097,  5.232578,  0.714,  0.0950,  0.1840,  34.2127,  05 Dec 2017 13:06:57
# 25.3006,  5.230970,  0.705,  0.0950,  0.1754,  34.2077,  05 Dec 2017 13:10:57
# 25.3308,  5.233475,  0.702,  0.0934,  0.1815,  34.2034,  05 Dec 2017 13:14:57
# 25.3242,  5.233483,  0.701,  0.0951,  0.2172,  34.2084,  05 Dec 2017 13:18:57
# 25.3062,  5.231968,  0.702,  0.0885,  0.1937,  34.2109,  05 Dec 2017 13:22:57
# 25.2668,  5.229115,  0.704,  0.0935,  0.1889,  34.2196,  05 Dec 2017 13:26:57
# 25.2791,  5.230429,  0.702,  0.0961,  0.1866,  34.2200,  05 Dec 2017 13:30:57
# 25.3137,  5.232370,  0.701,  0.0901,  0.1778,  34.2082,  05 Dec 2017 13:34:57
# 25.3098,  5.232246,  0.701,  0.0959,  0.1815,  34.2102,  05 Dec 2017 13:38:57
# 25.3179,  5.232687,  0.701,  0.1023,  0.1914,  34.2073,  05 Dec 2017 13:42:57
# 25.2816,  5.229710,  0.701,  0.1023,  0.2419,  34.2128,  05 Dec 2017 13:46:57
# 25.2781,  5.229037,  0.705,  0.0999,  0.1927,  34.2105,  05 Dec 2017 13:50:57
# 25.2985,  5.229779,  0.701,  0.0923,  0.1778,  34.2006,  05 Dec 2017 13:54:57
# 25.3128,  5.231070,  0.703,  0.0972,  0.2002,  34.1993,  05 Dec 2017 13:58:57
