# 27.3138,  5.52530,    1.033, 0.0968, 0.3416,  34.8230, 06 Oct 2017 14:01:27
# 27.3014,  5.52447,    1.038, 0.1020, 0.3440,  34.8264, 06 Oct 2017 14:05:27
# 27.3490,  5.53092,    0.983, 0.0996, 0.3368,  34.8367, 06 Oct 2017 14:09:27
# 27.3838,  5.53422,    1.060, 0.1045, 0.3342,  34.8341, 06 Oct 2017 14:13:27
# 27.3928,  5.53554,    1.007, 0.0944, 0.3538,  34.8367, 06 Oct 2017 14:17:27
# 27.4264,  5.53889,    0.979, 0.0958, 0.4300,  34.8355, 06 Oct 2017 14:21:27
# 27.4368,  5.53927,    1.118, 0.1019, 0.3464,  34.8303, 06 Oct 2017 14:25:27
# 27.3981,  5.53540,    1.059, 0.0983, 0.3208,  34.8317, 06 Oct 2017 14:29:27
# 27.3598,  5.53051,    1.109, 0.1056, 0.3529,  34.8256, 06 Oct 2017 14:33:27
# 27.3575,  5.53013,    1.045, 0.1121, 0.3416,  34.8247, 06 Oct 2017 14:37:27
# 27.3660,  5.53171,    1.140, 0.1069, 0.3661,  34.8296, 06 Oct 2017 14:41:27
# 27.3876,  5.53440,    0.994, 0.1093, 0.3684,  34.8325, 06 Oct 2017 14:45:27
# 27.4070,  5.53683,    1.146, 0.1084, 0.2747,  34.8352, 06 Oct 2017 14:49:27
# 27.4309,  5.53973,    1.049, 0.1011, 0.3538,  34.8380, 06 Oct 2017 14:53:27
# 27.4448,  5.54175,    1.120, 0.1029, 0.3647,  34.8419, 06 Oct 2017 14:57:27
# 27.4455,  5.54140,    1.154, 0.1057, 0.3887,  34.8389, 06 Oct 2017 15:01:27
# 27.4550,  5.54223,    1.126, 0.1007, 0.3722,  34.8377, 06 Oct 2017 15:05:27
# 27.4442,  5.54140,    1.152, 0.1021, 0.3685,  34.8399, 06 Oct 2017 15:09:27
# 27.4407,  5.54098,    1.190, 0.1046, 0.3748,  34.8394, 06 Oct 2017 15:13:27
# 27.4400,  5.54087,    1.100, 0.1057, 0.3317,  34.8393, 06 Oct 2017 15:17:27
# 27.4225,  5.53879,    1.160, 0.1094, 0.3949,  34.8376, 06 Oct 2017 15:21:27
# 27.4138,  5.53760,    1.119, 0.1132, 0.3899,  34.8356, 06 Oct 2017 15:25:27
# 27.3990,  5.53601,    1.218, 0.1178, 0.4208,  34.8354, 06 Oct 2017 15:29:27
# 27.4016,  5.53582,    1.229, 0.1144, 0.3536,  34.8321, 06 Oct 2017 15:33:27
# 27.4160,  5.53800,    1.144, 0.1094, 0.3465,  34.8369, 06 Oct 2017 15:37:27
# 27.4124,  5.53813,    1.211, 0.1083, 0.3783,  34.8404, 06 Oct 2017 15:41:27
# 27.3773,  5.53478,    1.189, 0.1144, 0.4105,  34.8429, 06 Oct 2017 15:45:27
# 27.3785,  5.53460,    1.180, 0.1120, 0.4170,  34.8407, 06 Oct 2017 15:49:27
# 27.3974,  5.53670,    1.269, 0.1134, 0.3831,  34.8414, 06 Oct 2017 15:53:27
# 27.4048,  5.53743,    1.184, 0.1107, 0.4072,  34.8411, 06 Oct 2017 15:57:27
# 27.4105,  5.53736,    1.106, 0.1194, 0.4533,  34.8364, 06 Oct 2017 16:01:27
# 27.3916,  5.53569,    1.246, 0.1143, 0.3561,  34.8386, 06 Oct 2017 16:05:27
# 27.4032,  5.53666,    1.228, 0.1133, 0.3685,  34.8369, 06 Oct 2017 16:09:27
# 27.3940,  5.53591,    1.173, 0.1144, 0.3890,  34.8384, 06 Oct 2017 16:13:27
# 27.3810,  5.53544,    1.297, 0.1118, 0.4501,  34.8448, 06 Oct 2017 16:17:27
# 27.3879,  5.53624,    1.271, 0.1169, 0.3961,  34.8453, 06 Oct 2017 16:21:27
# 27.3918,  5.53656,    1.190, 0.1142, 0.3820,  34.8446, 06 Oct 2017 16:25:27
# 27.3922,  5.53618,    1.236, 0.1180, 0.3572,  34.8416, 06 Oct 2017 16:29:27
# 27.3822,  5.53438,    1.198, 0.1218, 0.3793,  34.8364, 06 Oct 2017 16:33:27
# 27.3728,  5.53376,    1.156, 0.1232, 0.3901,  34.8390, 06 Oct 2017 16:37:27
# 27.3685,  5.53318,    1.135, 0.1240, 0.3587,  34.8381, 06 Oct 2017 16:41:27
# 27.3665,  5.53212,    1.211, 0.1292, 0.3794,  34.8320, 06 Oct 2017 16:45:27
# 27.3553,  5.53155,    1.158, 0.1277, 0.3794,  34.8363, 06 Oct 2017 16:49:27
# 27.3487,  5.53092,    1.221, 0.1204, 0.3610,  34.8368, 06 Oct 2017 16:53:27
# 27.3549,  5.53091,    1.176, 0.1239, 0.3391,  34.8322, 06 Oct 2017 16:57:27
# 27.3481,  5.53053,    1.183, 0.1254, 0.3852,  34.8345, 06 Oct 2017 17:01:27
# 27.3527,  5.53093,    1.159, 0.1279, 0.3414,  34.8339, 06 Oct 2017 17:05:27
# 27.3574,  5.53126,    1.236, 0.1318, 0.3575,  34.8327, 06 Oct 2017 17:09:27
# 27.3578,  5.53138,    1.184, 0.1317, 0.3574,  34.8333, 06 Oct 2017 17:13:27
# 27.3597,  5.53124,    1.195, 0.1269, 0.3199,  34.8309, 06 Oct 2017 17:17:27
# 27.3574,  5.53101,    1.150, 0.1241, 0.3417,  34.8310, 06 Oct 2017 17:21:27
# 27.3484,  5.53024,    1.167, 0.1317, 0.3574,  34.8323, 06 Oct 2017 17:25:27
# 27.3393,  5.52974,    1.169, 0.1178, 0.3234,  34.8355, 06 Oct 2017 17:29:27
# 27.3286,  5.52860,    1.164, 0.1254, 0.3210,  34.8353, 06 Oct 2017 17:33:27
# 27.3289,  5.52840,    1.211, 0.1232, 0.3103,  34.8338, 06 Oct 2017 17:37:27
# 27.3315,  5.52736,    1.142, 0.1350, 0.3008,  34.8244, 06 Oct 2017 17:41:27
# 27.3344,  5.52745,    1.168, 0.1365, 0.3378,  34.8229, 06 Oct 2017 17:45:27
# 27.3295,  5.52758,    1.184, 0.1306, 0.3368,  34.8275, 06 Oct 2017 17:49:27
# 27.3191,  5.52704,    1.175, 0.1352, 0.3492,  34.8314, 06 Oct 2017 17:53:27
# 27.3199,  5.52657,    1.076, 0.1378, 0.3101,  34.8275, 06 Oct 2017 17:57:27
# 27.3151,  5.52636,    1.200, 0.1318, 0.2995,  34.8296, 06 Oct 2017 18:01:27
# 27.3071,  5.52489,    1.107, 0.1306, 0.3213,  34.8251, 06 Oct 2017 18:05:27
# 27.3022,  5.52405,    1.105, 0.1315, 0.3008,  34.8229, 06 Oct 2017 18:09:27
# 27.3046,  5.52385,    1.118, 0.1361, 0.3113,  34.8196, 06 Oct 2017 18:13:27
# 27.3019,  5.52369,    1.127, 0.1413, 0.3404,  34.8205, 06 Oct 2017 18:17:27
# 27.2940,  5.52314,    1.112, 0.1268, 0.3709,  34.8225, 06 Oct 2017 18:21:27
# 27.2864,  5.52251,    1.048, 0.1318, 0.3149,  34.8237, 06 Oct 2017 18:25:27
# 27.2828,  5.52237,    1.006, 0.1307, 0.3427,  34.8254, 06 Oct 2017 18:29:27
# 27.2748,  5.52132,    1.034, 0.1316, 0.3210,  34.8240, 06 Oct 2017 18:33:27
# 27.2705,  5.52070,    1.090, 0.1450, 0.3101,  34.8227, 06 Oct 2017 18:37:27
# 27.2658,  5.51990,    1.085, 0.1366, 0.3021,  34.8205, 06 Oct 2017 18:41:27
# 27.2608,  5.51919,    1.003, 0.1523, 0.3528,  34.8193, 06 Oct 2017 18:45:27
# 27.2628,  5.51868,    0.974, 0.1474, 0.3149,  34.8141, 06 Oct 2017 18:49:27
# 27.2636,  5.51839,    0.967, 0.1713, 0.4291,  34.8115, 06 Oct 2017 18:53:27
# 27.2547,  5.51807,    1.028, 0.1584, 0.3198,  34.8159, 06 Oct 2017 18:57:27
# 27.2524,  5.51767,    1.104, 0.1413, 0.2985,  34.8147, 06 Oct 2017 19:01:27
# 27.2514,  5.51744,    0.981, 0.1451, 0.2948,  34.8138, 06 Oct 2017 19:05:27
# 27.2464,  5.51719,    1.001, 0.1413, 0.2914,  34.8158, 06 Oct 2017 19:09:27
# 27.2436,  5.51814,    0.971, 0.1414, 0.3148,  34.8247, 06 Oct 2017 19:13:27
# 27.2371,  5.51672,    0.981, 0.1511, 0.3069,  34.8194, 06 Oct 2017 19:17:27
# 27.2365,  5.51599,    1.014, 0.1464, 0.2876,  34.8146, 06 Oct 2017 19:21:27
# 27.2283,  5.51464,    1.008, 0.1574, 0.2996,  34.8113, 06 Oct 2017 19:25:27
# 27.2329,  5.51426,    0.956, 0.1580, 0.3008,  34.8050, 06 Oct 2017 19:29:27
# 27.2277,  5.51397,    0.937, 0.1465, 0.3368,  34.8069, 06 Oct 2017 19:33:27
# 27.2252,  5.51489,    0.926, 0.1438, 0.2958,  34.8154, 06 Oct 2017 19:37:27
# 27.2183,  5.51407,    0.896, 0.1429, 0.3770,  34.8146, 06 Oct 2017 19:41:27
# 27.2202,  5.51398,    0.951, 0.1559, 0.3148,  34.8125, 06 Oct 2017 19:45:27
# 27.2037,  5.51236,    0.885, 0.1365, 0.2757,  34.8134, 06 Oct 2017 19:49:27
# 27.2066,  5.51294,    0.895, 0.1403, 0.3086,  34.8153, 06 Oct 2017 19:53:27
# 27.2014,  5.51103,    0.911, 0.1511, 0.2997,  34.8056, 06 Oct 2017 19:57:27
# 27.2096,  5.51094,    0.874, 0.1548, 0.2950,  34.7989, 06 Oct 2017 20:01:27
# 27.2021,  5.51146,    0.870, 0.1427, 0.3024,  34.8082, 06 Oct 2017 20:05:27
# 27.2002,  5.51172,    0.896, 0.1398, 0.3008,  34.8114, 06 Oct 2017 20:09:27
# 27.1956,  5.51043,    0.925, 0.1547, 0.2711,  34.8057, 06 Oct 2017 20:13:27
# 27.1878,  5.50947,    0.870, 0.1501, 0.2877,  34.8047, 06 Oct 2017 20:17:27
# 27.1896,  5.51026,    0.744, 0.1390, 0.3664,  34.8090, 06 Oct 2017 20:21:27
# 27.1780,  5.50930,    0.813, 0.1376, 0.3174,  34.8109, 06 Oct 2017 20:25:27
# 27.1817,  5.50969,    0.887, 0.1392, 0.3123,  34.8109, 06 Oct 2017 20:29:27
# 27.1837,  5.50928,    0.779, 0.1464, 0.3149,  34.8065, 06 Oct 2017 20:33:27
# 27.1786,  5.50856,    0.785, 0.1537, 0.3008,  34.8052, 06 Oct 2017 20:37:27
# 27.1762,  5.50859,    0.903, 0.1401, 0.2913,  34.8072, 06 Oct 2017 20:41:27
# 27.1649,  5.50794,    0.834, 0.1427, 0.3149,  34.8109, 06 Oct 2017 20:45:27
# 27.1634,  5.50801,    0.856, 0.1414, 0.2784,  34.8126, 06 Oct 2017 20:49:27
# 27.1584,  5.50751,    0.702, 0.1341, 0.3140,  34.8128, 06 Oct 2017 20:53:27
# 27.1513,  5.50675,    0.826, 0.1280, 0.2830,  34.8127, 06 Oct 2017 20:57:27
# 27.1568,  5.50743,    0.841, 0.1429, 0.3407,  34.8134, 06 Oct 2017 21:01:27
# 27.1511,  5.50682,    0.757, 0.1277, 0.3043,  34.8134, 06 Oct 2017 21:05:27
# 27.1414,  5.50565,    0.796, 0.1241, 0.2937,  34.8123, 06 Oct 2017 21:09:27
# 27.1335,  5.50489,    0.788, 0.1379, 0.3331,  34.8128, 06 Oct 2017 21:13:27
# 27.1393,  5.50508,    0.717, 0.1522, 0.3111,  34.8098, 06 Oct 2017 21:17:27
# 27.1311,  5.50429,    0.733, 0.1379, 0.3114,  34.8103, 06 Oct 2017 21:21:27
# 27.1249,  5.50475,    0.753, 0.1341, 0.3586,  34.8182, 06 Oct 2017 21:25:27
# 27.1237,  5.50267,    0.722, 0.1501, 0.3864,  34.8043, 06 Oct 2017 21:29:27
# 27.1067,  5.50277,    0.687, 0.1390, 0.3553,  34.8178, 06 Oct 2017 21:33:27
# 27.0953,  5.50177,    0.788, 0.1379, 0.4470,  34.8191, 06 Oct 2017 21:37:27
# 27.1037,  5.50222,    0.695, 0.1305, 0.3796,  34.8161, 06 Oct 2017 21:41:27
# 27.1022,  5.50236,    0.742, 0.1390, 0.8745,  34.8182, 06 Oct 2017 21:45:27
# 27.0882,  5.49967,    0.628, 0.1366, 0.7996,  34.8096, 06 Oct 2017 21:49:27
# 27.0846,  5.49910,    0.763, 0.1366, 0.5171,  34.8081, 06 Oct 2017 21:53:27
# 27.0904,  5.49926,    0.656, 0.1341, 0.7107,  34.8049, 06 Oct 2017 21:57:27
# 27.0839,  5.49923,    0.774, 0.1304, 0.4584,  34.8096, 06 Oct 2017 22:01:27
# 27.0749,  5.49887,    0.693, 0.1317, 0.4856,  34.8138, 06 Oct 2017 22:05:27
# 27.0703,  5.49776,    0.693, 0.1218, 0.4605,  34.8093, 06 Oct 2017 22:09:27
# 27.0695,  5.49872,    0.748, 0.1181, 0.3598,  34.8167, 06 Oct 2017 22:13:27
# 27.0720,  5.49962,    0.697, 0.1221, 0.4357,  34.8213, 06 Oct 2017 22:17:27
# 27.0713,  5.49883,    0.692, 0.1305, 0.4098,  34.8162, 06 Oct 2017 22:21:27
# 27.0697,  5.49877,    0.665, 0.1257, 0.4096,  34.8170, 06 Oct 2017 22:25:27
# 27.0600,  5.49829,    0.675, 0.1305, 0.3246,  34.8208, 06 Oct 2017 22:29:27
# 27.0494,  5.49804,    0.725, 0.1294, 0.5316,  34.8269, 06 Oct 2017 22:33:27
# 27.0394,  5.49718,    0.722, 0.1230, 0.6169,  34.8282, 06 Oct 2017 22:37:27
# 27.0344,  5.49672,    0.762, 0.1338, 1.0469,  34.8287, 06 Oct 2017 22:41:27
# 27.0278,  5.49504,    0.739, 0.1303, 1.0090,  34.8218, 06 Oct 2017 22:45:27
# 27.0304,  5.49616,    0.732, 0.1290, 0.7851,  34.8278, 06 Oct 2017 22:49:27
# 27.0417,  5.49794,    0.770, 0.1195, 0.5969,  34.8320, 06 Oct 2017 22:53:27
# 27.0387,  5.49800,    0.646, 0.1244, 0.7109,  34.8347, 06 Oct 2017 22:57:27
# 27.0344,  5.49680,    0.712, 0.1257, 0.5713,  34.8293, 06 Oct 2017 23:01:27
# 27.0272,  5.49637,    0.682, 0.1192, 0.4437,  34.8317, 06 Oct 2017 23:05:27
# 27.0238,  5.49601,    0.710, 0.1231, 0.5483,  34.8316, 06 Oct 2017 23:09:27
# 27.0229,  5.49591,    0.683, 0.1205, 0.4451,  34.8316, 06 Oct 2017 23:13:27
# 27.0123,  5.49423,    0.604, 0.1256, 0.4930,  34.8276, 06 Oct 2017 23:17:27
# 27.0141,  5.49458,    0.739, 0.1230, 0.5061,  34.8287, 06 Oct 2017 23:21:27
# 27.0087,  5.49446,    0.683, 0.1267, 0.4894,  34.8319, 06 Oct 2017 23:25:27
# 27.0059,  5.49396,    0.767, 0.1193, 0.4784,  34.8304, 06 Oct 2017 23:29:27
# 27.0005,  5.49374,    0.730, 0.1218, 0.4144,  34.8329, 06 Oct 2017 23:33:27
# 26.9987,  5.49378,    0.793, 0.1170, 0.5223,  34.8345, 06 Oct 2017 23:37:27
# 26.9977,  5.49304,    0.602, 0.1317, 0.5955,  34.8301, 06 Oct 2017 23:41:27
# 26.9919,  5.49239,    0.623, 0.1229, 0.5014,  34.8298, 06 Oct 2017 23:45:27
# 26.9695,  5.48947,    0.656, 0.1206, 0.5367,  34.8256, 06 Oct 2017 23:49:27
# 26.9734,  5.48919,    0.760, 0.1178, 0.4195,  34.8207, 06 Oct 2017 23:53:27
# 26.9560,  5.48738,    0.811, 0.1182, 0.4904,  34.8209, 06 Oct 2017 23:57:27
# 26.9673,  5.48912,    0.766, 0.1242, 0.4475,  34.8248, 07 Oct 2017 00:01:27
# 26.9594,  5.48801,    0.722, 0.1244, 0.4843,  34.8228, 07 Oct 2017 00:05:27
# 26.9632,  5.48852,    0.828, 0.1218, 0.5041,  34.8236, 07 Oct 2017 00:09:27
# 26.9540,  5.48689,    0.736, 0.1170, 0.4701,  34.8189, 07 Oct 2017 00:13:27
# 26.9528,  5.48723,    0.779, 0.1220, 0.4098,  34.8222, 07 Oct 2017 00:17:27
# 26.9464,  5.48648,    0.824, 0.1305, 0.4585,  34.8216, 07 Oct 2017 00:21:27
# 26.9387,  5.48494,    0.822, 0.1168, 0.4401,  34.8164, 07 Oct 2017 00:25:27
# 26.9461,  5.48494,    0.799, 0.1453, 0.4206,  34.8108, 07 Oct 2017 00:29:27
# 26.9424,  5.48490,    0.784, 0.1231, 0.4182,  34.8133, 07 Oct 2017 00:33:27
# 26.9275,  5.48328,    0.866, 0.1168, 0.4652,  34.8129, 07 Oct 2017 00:37:27
# 26.9199,  5.48244,    0.787, 0.1170, 0.4620,  34.8126, 07 Oct 2017 00:41:27
# 26.9261,  5.48431,    0.782, 0.1218, 0.4952,  34.8213, 07 Oct 2017 00:45:27
# 26.9286,  5.48468,    0.766, 0.1193, 0.4365,  34.8221, 07 Oct 2017 00:49:27
# 26.9246,  5.48345,    0.842, 0.1218, 0.5678,  34.8164, 07 Oct 2017 00:53:27
# 26.9108,  5.48191,    0.827, 0.1183, 0.5798,  34.8156, 07 Oct 2017 00:57:27
# 26.9236,  5.48243,    0.794, 0.1220, 0.4640,  34.8098, 07 Oct 2017 01:01:27
# 26.9321,  5.48327,    0.860, 0.1218, 0.4572,  34.8094, 07 Oct 2017 01:05:27
# 26.9354,  5.48524,    0.912, 0.1240, 0.4941,  34.8210, 07 Oct 2017 01:09:27
# 26.9230,  5.48181,    0.863, 0.1254, 0.4070,  34.8058, 07 Oct 2017 01:13:27
# 26.9281,  5.48395,    0.953, 0.1230, 0.5039,  34.8172, 07 Oct 2017 01:17:27
# 26.9205,  5.48238,    0.855, 0.1184, 0.4688,  34.8117, 07 Oct 2017 01:21:27
# 26.9094,  5.48176,    0.837, 0.1196, 0.5493,  34.8157, 07 Oct 2017 01:25:27
# 26.8952,  5.48060,    0.868, 0.1205, 0.4797,  34.8180, 07 Oct 2017 01:29:27
# 26.8940,  5.47933,    0.919, 0.1182, 0.4689,  34.8098, 07 Oct 2017 01:33:27
# 26.9012,  5.48020,    0.980, 0.1168, 0.4220,  34.8106, 07 Oct 2017 01:37:27
# 26.8956,  5.47972,    0.912, 0.1209, 0.4915,  34.8114, 07 Oct 2017 01:41:27
# 26.8953,  5.47914,    0.938, 0.1194, 0.4254,  34.8074, 07 Oct 2017 01:45:27
# 26.9059,  5.48138,    1.038, 0.1167, 0.5628,  34.8154, 07 Oct 2017 01:49:27
# 26.8882,  5.47943,    1.007, 0.1171, 0.5764,  34.8148, 07 Oct 2017 01:53:27
# 26.8885,  5.48027,    0.913, 0.1131, 0.4661,  34.8207, 07 Oct 2017 01:57:27
# 26.8923,  5.47970,    1.026, 0.1133, 0.4437,  34.8136, 07 Oct 2017 02:01:27
# 26.8934,  5.47978,    0.996, 0.1159, 0.4833,  34.8134, 07 Oct 2017 02:05:27
# 26.8950,  5.47997,    1.023, 0.1131, 0.4627,  34.8136, 07 Oct 2017 02:09:27
# 26.8981,  5.48134,    0.969, 0.1131, 0.5557,  34.8210, 07 Oct 2017 02:13:27
# 26.8909,  5.48075,    1.093, 0.1196, 0.4892,  34.8223, 07 Oct 2017 02:17:27
# 26.8774,  5.47904,    1.088, 0.1118, 0.5041,  34.8202, 07 Oct 2017 02:21:27
# 26.8784,  5.47810,    1.086, 0.1146, 0.4607,  34.8127, 07 Oct 2017 02:25:27
# 26.8723,  5.47736,    1.003, 0.1157, 0.4475,  34.8120, 07 Oct 2017 02:29:27
# 26.8646,  5.47755,    1.142, 0.1156, 0.5063,  34.8191, 07 Oct 2017 02:33:27
# 26.8457,  5.47585,    1.203, 0.1156, 0.4797,  34.8211, 07 Oct 2017 02:37:27
# 26.8464,  5.47531,    0.969, 0.1266, 1.1172,  34.8168, 07 Oct 2017 02:41:27
# 26.8372,  5.47445,    1.082, 0.1218, 0.8708,  34.8175, 07 Oct 2017 02:45:27
# 26.8365,  5.47400,    1.076, 0.1183, 0.6076,  34.8148, 07 Oct 2017 02:49:27
# 26.8599,  5.47660,    1.114, 0.1132, 0.5422,  34.8158, 07 Oct 2017 02:53:27
# 26.8598,  5.47654,    1.140, 0.1144, 0.5087,  34.8155, 07 Oct 2017 02:57:27
# 26.8449,  5.47510,    1.174, 0.1171, 0.5595,  34.8163, 07 Oct 2017 03:01:27
# 26.8449,  5.47474,    1.091, 0.1205, 0.5133,  34.8138, 07 Oct 2017 03:05:27
# 26.8537,  5.47545,    1.252, 0.1353, 1.3240,  34.8121, 07 Oct 2017 03:09:27
# 26.8472,  5.47452,    1.167, 0.1170, 0.8207,  34.8104, 07 Oct 2017 03:13:27
# 26.8587,  5.47650,    1.207, 0.1131, 0.5234,  34.8159, 07 Oct 2017 03:17:27
# 26.8582,  5.47663,    1.245, 0.1144, 0.5447,  34.8172, 07 Oct 2017 03:21:27
# 26.8561,  5.47576,    1.224, 0.1195, 0.5257,  34.8126, 07 Oct 2017 03:25:27
# 26.8471,  5.47588,    1.256, 0.1145, 0.4991,  34.8202, 07 Oct 2017 03:29:27
# 26.8502,  5.47497,    1.238, 0.1170, 0.5409,  34.8114, 07 Oct 2017 03:33:27
# 26.8452,  5.47577,    1.281, 0.1142, 0.5152,  34.8208, 07 Oct 2017 03:37:27
# 26.8431,  5.47538,    1.267, 0.1108, 0.5664,  34.8197, 07 Oct 2017 03:41:27
# 26.8275,  5.47360,    1.273, 0.1170, 0.4451,  34.8186, 07 Oct 2017 03:45:27
# 26.8137,  5.47319,    1.245, 0.1107, 0.4978,  34.8261, 07 Oct 2017 03:49:27
# 26.8053,  5.47179,    1.305, 0.1130, 0.4217,  34.8224, 07 Oct 2017 03:53:27
# 26.8067,  5.47122,    1.298, 0.1070, 0.4328,  34.8172, 07 Oct 2017 03:57:27
# 26.8078,  5.47057,    1.397, 0.1145, 0.4738,  34.8117, 07 Oct 2017 04:01:27
# 26.8066,  5.47050,    1.292, 0.1144, 0.4306,  34.8121, 07 Oct 2017 04:05:27
# 26.7963,  5.47060,    1.304, 0.1145, 0.4759,  34.8205, 07 Oct 2017 04:09:27
# 26.7874,  5.47023,    1.385, 0.1093, 0.4884,  34.8246, 07 Oct 2017 04:13:27
# 26.7831,  5.46903,    1.433, 0.1133, 0.4820,  34.8192, 07 Oct 2017 04:17:27
# 26.7682,  5.46827,    1.300, 0.1083, 0.4819,  34.8250, 07 Oct 2017 04:21:27
# 26.7668,  5.46785,    1.477, 0.1170, 0.5245,  34.8229, 07 Oct 2017 04:25:27
# 26.7743,  5.46896,    1.385, 0.1145, 0.6159,  34.8253, 07 Oct 2017 04:29:27
# 26.8034,  5.47016,    1.355, 0.1195, 0.4726,  34.8121, 07 Oct 2017 04:33:27
# 26.8081,  5.46952,    1.342, 0.1158, 0.4106,  34.8039, 07 Oct 2017 04:37:27
# 26.7902,  5.46895,    1.453, 0.1109, 0.5460,  34.8133, 07 Oct 2017 04:41:27
# 26.7865,  5.46907,    1.387, 0.1093, 0.4244,  34.8169, 07 Oct 2017 04:45:27
# 26.7916,  5.46924,    1.317, 0.1085, 0.4641,  34.8144, 07 Oct 2017 04:49:27
# 26.8033,  5.47036,    1.462, 0.1093, 0.4221,  34.8135, 07 Oct 2017 04:53:27
# 26.8094,  5.47169,    1.332, 0.1096, 0.4894,  34.8185, 07 Oct 2017 04:57:27
# 26.8097,  5.47194,    1.455, 0.1096, 0.3785,  34.8201, 07 Oct 2017 05:01:27
# 26.8091,  5.47168,    1.360, 0.1134, 0.4105,  34.8187, 07 Oct 2017 05:05:27
# 26.8099,  5.47155,    1.443, 0.1119, 0.4881,  34.8171, 07 Oct 2017 05:09:27
# 26.8084,  5.47129,    1.363, 0.1094, 0.4292,  34.8164, 07 Oct 2017 05:13:27
# 26.7987,  5.46997,    1.398, 0.1168, 0.3700,  34.8143, 07 Oct 2017 05:17:27
# 26.7993,  5.46888,    1.361, 0.1218, 0.3537,  34.8060, 07 Oct 2017 05:21:27
# 26.8033,  5.46776,    1.326, 0.1230, 0.3355,  34.7950, 07 Oct 2017 05:25:27
# 26.8015,  5.46744,    1.310, 0.1193, 0.3197,  34.7940, 07 Oct 2017 05:29:27
# 26.8032,  5.46747,    1.453, 0.1167, 0.3211,  34.7929, 07 Oct 2017 05:33:27
# 26.7845,  5.46706,    1.342, 0.1096, 0.2938,  34.8040, 07 Oct 2017 05:37:27
# 26.7820,  5.46544,    1.400, 0.1183, 0.3281,  34.7943, 07 Oct 2017 05:41:27
# 26.7876,  5.46430,    1.376, 0.1168, 0.3032,  34.7819, 07 Oct 2017 05:45:27
# 26.8007,  5.46372,    1.346, 0.1267, 0.2446,  34.7679, 07 Oct 2017 05:49:27
# 26.8079,  5.46365,    1.369, 0.1319, 0.2940,  34.7621, 07 Oct 2017 05:53:27
# 26.8236,  5.46361,    1.324, 0.1267, 0.2747,  34.7500, 07 Oct 2017 05:57:27
# 26.8453,  5.46431,    1.263, 0.1377, 0.2809,  34.7387, 07 Oct 2017 06:01:27
# 26.8550,  5.46406,    1.351, 0.1389, 0.3162,  34.7296, 07 Oct 2017 06:05:27
# 26.8646,  5.46427,    1.265, 0.1488, 0.2699,  34.7240, 07 Oct 2017 06:09:27
# 26.8866,  5.46508,    1.311, 0.1592, 0.2640,  34.7133, 07 Oct 2017 06:13:27
# 26.8747,  5.46537,    1.351, 0.1463, 0.2769,  34.7243, 07 Oct 2017 06:17:27
# 26.8742,  5.46507,    1.298, 0.1402, 0.2454,  34.7225, 07 Oct 2017 06:21:27
# 26.8625,  5.46460,    1.242, 0.1307, 0.2676,  34.7279, 07 Oct 2017 06:25:27
# 26.8215,  5.46198,    1.314, 0.1291, 0.2591,  34.7399, 07 Oct 2017 06:29:27
# 26.8238,  5.46142,    1.316, 0.1342, 0.2350,  34.7342, 07 Oct 2017 06:33:27
# 26.8064,  5.46047,    1.305, 0.1306, 0.2375,  34.7404, 07 Oct 2017 06:37:27
# 26.8461,  5.46244,    1.280, 0.1474, 0.2349,  34.7248, 07 Oct 2017 06:41:27
# 26.8524,  5.46289,    1.284, 0.1415, 0.2409,  34.7232, 07 Oct 2017 06:45:27
# 26.8629,  5.46334,    1.285, 0.1378, 0.2373,  34.7187, 07 Oct 2017 06:49:27
# 26.8664,  5.46374,    1.229, 0.1341, 0.2206,  34.7189, 07 Oct 2017 06:53:27
# 26.8653,  5.46375,    1.247, 0.1290, 0.2292,  34.7197, 07 Oct 2017 06:57:27
# 26.8703,  5.46401,    1.275, 0.1315, 0.2233,  34.7179, 07 Oct 2017 07:01:27
# 26.8657,  5.46344,    1.210, 0.1341, 0.2161,  34.7173, 07 Oct 2017 07:05:27
# 26.8676,  5.46370,    1.211, 0.1293, 0.1975,  34.7177, 07 Oct 2017 07:09:27
# 26.8788,  5.46457,    1.156, 0.1316, 0.2234,  34.7155, 07 Oct 2017 07:13:27
# 26.8742,  5.46423,    1.229, 0.1316, 0.2170,  34.7166, 07 Oct 2017 07:17:27
# 26.8884,  5.46495,    1.179, 0.1343, 0.2308,  34.7111, 07 Oct 2017 07:21:27
# 26.8975,  5.46613,    1.167, 0.1341, 0.2186,  34.7127, 07 Oct 2017 07:25:27
# 26.9020,  5.46683,    1.191, 0.1415, 0.2220,  34.7143, 07 Oct 2017 07:29:27
# 26.9014,  5.46658,    1.162, 0.1380, 0.2270,  34.7130, 07 Oct 2017 07:33:27
# 26.8936,  5.46771,    1.166, 0.1402, 0.2421,  34.7269, 07 Oct 2017 07:37:27
# 26.8733,  5.46845,    1.184, 0.1231, 0.2790,  34.7475, 07 Oct 2017 07:41:27
# 26.8441,  5.46860,    1.157, 0.1231, 0.3260,  34.7704, 07 Oct 2017 07:45:27
# 26.8618,  5.46945,    1.176, 0.1255, 0.2854,  34.7632, 07 Oct 2017 07:49:27
# 26.8635,  5.46899,    1.134, 0.1216, 0.2482,  34.7586, 07 Oct 2017 07:53:27
# 26.8789,  5.47096,    1.112, 0.1293, 0.3113,  34.7612, 07 Oct 2017 07:57:27
# 26.8737,  5.47073,    1.172, 0.1328, 0.4464,  34.7634, 07 Oct 2017 08:01:27
# 26.8773,  5.47047,    1.136, 0.1145, 0.3009,  34.7589, 07 Oct 2017 08:05:27
# 26.8897,  5.47224,    1.148, 0.1218, 0.3078,  34.7623, 07 Oct 2017 08:09:27
# 26.8950,  5.47367,    1.133, 0.1217, 0.2712,  34.7685, 07 Oct 2017 08:13:27
# 26.8999,  5.47435,    1.107, 0.1219, 0.2747,  34.7697, 07 Oct 2017 08:17:27
# 26.9032,  5.47482,    1.131, 0.1167, 0.2676,  34.7706, 07 Oct 2017 08:21:27
# 26.9030,  5.47476,    1.142, 0.1231, 0.2985,  34.7703, 07 Oct 2017 08:25:27
# 26.8890,  5.47501,    1.100, 0.1181, 0.2855,  34.7826, 07 Oct 2017 08:29:27
# 26.8993,  5.47520,    1.110, 0.1158, 0.2829,  34.7762, 07 Oct 2017 08:33:27
# 26.9017,  5.47565,    1.062, 0.1168, 0.3046,  34.7777, 07 Oct 2017 08:37:27
# 26.9217,  5.47642,    1.068, 0.1195, 0.2676,  34.7682, 07 Oct 2017 08:41:27
# 26.9192,  5.47631,    1.044, 0.1195, 0.2948,  34.7693, 07 Oct 2017 08:45:27
# 26.9241,  5.47702,    1.051, 0.1157, 0.2876,  34.7707, 07 Oct 2017 08:49:27
# 26.9375,  5.47788,    1.002, 0.1143, 0.2674,  34.7668, 07 Oct 2017 08:53:27
# 26.9453,  5.47859,    1.008, 0.1141, 0.3736,  34.7660, 07 Oct 2017 08:57:27
# 26.9478,  5.47929,    1.058, 0.1104, 0.2517,  34.7691, 07 Oct 2017 09:01:27
# 26.9395,  5.47906,    1.000, 0.1094, 0.2747,  34.7737, 07 Oct 2017 09:05:27
# 26.9424,  5.47946,    0.923, 0.1132, 0.3023,  34.7744, 07 Oct 2017 09:09:27
# 26.9483,  5.48019,    1.014, 0.1120, 0.2805,  34.7752, 07 Oct 2017 09:13:27
# 26.9526,  5.48071,    0.925, 0.1119, 0.2903,  34.7756, 07 Oct 2017 09:17:27
# 26.9603,  5.48132,    0.950, 0.1084, 0.2924,  34.7743, 07 Oct 2017 09:21:27
# 26.9767,  5.48310,    0.978, 0.1083, 0.2641,  34.7748, 07 Oct 2017 09:25:27
# 27.0238,  5.48751,    0.927, 0.1006, 0.3709,  34.7709, 07 Oct 2017 09:29:27
# 27.0024,  5.48525,    0.915, 0.1070, 0.2591,  34.7708, 07 Oct 2017 09:33:27
# 26.9983,  5.48520,    0.881, 0.1128, 0.2876,  34.7736, 07 Oct 2017 09:37:27
# 27.0060,  5.48581,    0.814, 0.1109, 0.3747,  34.7722, 07 Oct 2017 09:41:27
# 27.0409,  5.48915,    0.948, 0.1035, 0.3101,  34.7699, 07 Oct 2017 09:45:27
# 27.0410,  5.48969,    0.919, 0.1057, 0.2876,  34.7737, 07 Oct 2017 09:49:27
# 27.0379,  5.48929,    0.873, 0.1068, 0.2821,  34.7731, 07 Oct 2017 09:53:27
# 27.0548,  5.49075,    0.849, 0.1046, 0.2653,  34.7709, 07 Oct 2017 09:57:27
# 27.0487,  5.49084,    0.944, 0.1045, 0.2602,  34.7761, 07 Oct 2017 10:01:27
# 27.0558,  5.49168,    0.856, 0.1071, 0.2914,  34.7767, 07 Oct 2017 10:05:27
# 27.0840,  5.49454,    0.826, 0.1085, 0.2733,  34.7761, 07 Oct 2017 10:09:27
# 27.0808,  5.49422,    0.914, 0.1045, 0.2602,  34.7761, 07 Oct 2017 10:13:27
# 27.0965,  5.49558,    0.898, 0.1007, 0.3070,  34.7741, 07 Oct 2017 10:17:27
# 27.0959,  5.49620,    0.923, 0.1019, 0.2889,  34.7790, 07 Oct 2017 10:21:27
# 27.1340,  5.49946,    0.873, 0.1009, 0.3635,  34.7737, 07 Oct 2017 10:25:27
# 27.1365,  5.49967,    0.843, 0.1019, 0.3222,  34.7733, 07 Oct 2017 10:29:27
# 27.1578,  5.50141,    0.851, 0.0996, 0.3440,  34.7698, 07 Oct 2017 10:33:27
# 27.1849,  5.50403,    0.879, 0.1046, 0.4928,  34.7682, 07 Oct 2017 10:37:27
# 27.1704,  5.50338,    0.794, 0.1010, 0.3785,  34.7744, 07 Oct 2017 10:41:27
# 27.2079,  5.50700,    0.883, 0.1009, 0.3887,  34.7721, 07 Oct 2017 10:45:27
# 27.1770,  5.50425,    0.826, 0.1032, 0.3008,  34.7756, 07 Oct 2017 10:49:27
# 27.2148,  5.50800,    0.679, 0.0960, 0.3320,  34.7742, 07 Oct 2017 10:53:27
# 27.2355,  5.51099,    0.751, 0.0996, 0.3553,  34.7800, 07 Oct 2017 10:57:27
# 27.2747,  5.51430,    0.914, 0.0982, 0.4414,  34.7742, 07 Oct 2017 11:01:27
# 27.2652,  5.51328,    0.804, 0.1021, 0.3394,  34.7741, 07 Oct 2017 11:05:27
# 27.2790,  5.51490,    0.782, 0.0969, 0.3887,  34.7752, 07 Oct 2017 11:09:27
# 27.3049,  5.51773,    0.802, 0.0996, 0.5543,  34.7760, 07 Oct 2017 11:13:27
# 27.3596,  5.52298,    0.776, 0.1056, 0.5206,  34.7726, 07 Oct 2017 11:17:27
# 27.3693,  5.52448,    0.710, 0.0983, 0.3902,  34.7759, 07 Oct 2017 11:21:27
# 27.3392,  5.52241,    0.751, 0.1021, 0.3987,  34.7837, 07 Oct 2017 11:25:27
# 27.3215,  5.51955,    0.743, 0.0998, 0.3185,  34.7766, 07 Oct 2017 11:29:27
# 27.3640,  5.52393,    0.775, 0.1033, 0.3367,  34.7759, 07 Oct 2017 11:33:27
# 27.4325,  5.53080,    0.830, 0.0996, 0.4254,  34.7736, 07 Oct 2017 11:37:27
# 27.4324,  5.53105,    0.772, 0.1070, 0.7815,  34.7755, 07 Oct 2017 11:41:27
# 27.4169,  5.53128,    0.792, 0.1020, 0.4739,  34.7887, 07 Oct 2017 11:45:27
# 27.4338,  5.53285,    0.746, 0.1058, 0.5776,  34.7872, 07 Oct 2017 11:49:27
# 27.4697,  5.53647,    0.862, 0.1033, 0.5834,  34.7861, 07 Oct 2017 11:53:27
# 27.4922,  5.53868,    0.749, 0.1009, 0.4795,  34.7850, 07 Oct 2017 11:57:27
# 27.4627,  5.53589,    0.819, 0.1032, 0.4255,  34.7872, 07 Oct 2017 12:01:27
# 27.4326,  5.53402,    0.708, 0.1057, 0.3951,  34.7964, 07 Oct 2017 12:05:27
# 27.4423,  5.53550,    0.852, 0.1044, 0.3466,  34.7996, 07 Oct 2017 12:09:27
# 27.4598,  5.53745,    0.721, 0.1044, 0.4245,  34.8005, 07 Oct 2017 12:13:27
# 27.4788,  5.53980,    0.724, 0.1032, 0.3672,  34.8029, 07 Oct 2017 12:17:27
# 27.4898,  5.54108,    0.800, 0.1070, 0.4375,  34.8037, 07 Oct 2017 12:21:27
# 27.4686,  5.53854,    0.806, 0.1057, 0.3864,  34.8015, 07 Oct 2017 12:25:27
# 27.4565,  5.53724,    0.699, 0.1093, 0.4218,  34.8014, 07 Oct 2017 12:29:27
# 27.4271,  5.53358,    0.857, 0.1156, 0.3973,  34.7974, 07 Oct 2017 12:33:27
# 27.4214,  5.53285,    0.789, 0.1118, 0.3767,  34.7964, 07 Oct 2017 12:37:27
# 27.4476,  5.53556,    0.692, 0.1055, 0.3806,  34.7961, 07 Oct 2017 12:41:27
# 27.4419,  5.53547,    0.809, 0.1118, 0.4387,  34.7997, 07 Oct 2017 12:45:27
# 27.4571,  5.53683,    0.874, 0.1083, 0.4329,  34.7980, 07 Oct 2017 12:49:27
# 27.5165,  5.54421,    0.817, 0.1070, 0.3830,  34.8060, 07 Oct 2017 12:53:27
# 27.5285,  5.54560,    0.846, 0.1057, 0.4076,  34.8069, 07 Oct 2017 12:57:27
# 27.5848,  5.55262,    0.832, 0.1020, 0.3938,  34.8146, 07 Oct 2017 13:01:27
# 27.5743,  5.55095,    0.795, 0.1057, 0.3710,  34.8106, 07 Oct 2017 13:05:27
# 27.5991,  5.55389,    0.826, 0.1083, 0.3819,  34.8130, 07 Oct 2017 13:09:27
# 27.6118,  5.55504,    0.845, 0.1094, 0.4865,  34.8116, 07 Oct 2017 13:13:27
# 27.6314,  5.55757,    0.862, 0.1108, 0.4807,  34.8149, 07 Oct 2017 13:17:27
# 27.6052,  5.55411,    0.871, 0.1082, 0.3876,  34.8100, 07 Oct 2017 13:21:27
# 27.5802,  5.55170,    0.791, 0.1130, 0.3197,  34.8116, 07 Oct 2017 13:25:27
# 27.5933,  5.55340,    0.880, 0.1144, 0.3490,  34.8138, 07 Oct 2017 13:29:27
# 27.6369,  5.55881,    0.877, 0.1046, 0.3600,  34.8196, 07 Oct 2017 13:33:27
# 27.6604,  5.56167,    0.926, 0.1069, 0.4280,  34.8223, 07 Oct 2017 13:37:27
# 27.6705,  5.56286,    0.856, 0.1045, 0.3851,  34.8232, 07 Oct 2017 13:41:27
# 27.6562,  5.56140,    0.788, 0.1169, 0.5293,  34.8235, 07 Oct 2017 13:45:27
# 27.6059,  5.55570,    0.864, 0.1194, 0.4593,  34.8207, 07 Oct 2017 13:49:27
# 27.5633,  5.55044,    0.909, 0.1170, 0.3733,  34.8152, 07 Oct 2017 13:53:27
# 27.5750,  5.55183,    0.911, 0.1118, 0.3853,  34.8164, 07 Oct 2017 13:57:27
