# 26.4796,  5.379377,  0.999,  0.1057,  0.2010,  34.4028,  16 Nov 2017 14:02:57
# 26.4734,  5.381608,  0.975,  0.1157,  0.2280,  34.4235,  16 Nov 2017 14:06:57
# 26.4719,  5.386376,  1.025,  0.1231,  0.2335,  34.4589,  16 Nov 2017 14:10:57
# 26.4802,  5.386705,  0.986,  0.1093,  0.2122,  34.4551,  16 Nov 2017 14:14:57
# 26.4935,  5.386900,  0.984,  0.1009,  0.2184,  34.4466,  16 Nov 2017 14:18:57
# 26.5078,  5.388310,  1.019,  0.0982,  0.1997,  34.4460,  16 Nov 2017 14:22:57
# 26.5126,  5.388678,  1.009,  0.1020,  0.2023,  34.4451,  16 Nov 2017 14:26:57
# 26.5235,  5.389994,  1.024,  0.0983,  0.2085,  34.4464,  16 Nov 2017 14:30:57
# 26.5436,  5.391474,  1.034,  0.0910,  0.1876,  34.4420,  16 Nov 2017 14:34:57
# 26.5524,  5.392116,  0.991,  0.0911,  0.2219,  34.4401,  16 Nov 2017 14:38:57
# 26.5613,  5.393299,  1.073,  0.0888,  0.1951,  34.4420,  16 Nov 2017 14:42:57
# 26.5630,  5.393378,  1.007,  0.0910,  0.2049,  34.4412,  16 Nov 2017 14:46:57
# 26.5593,  5.393268,  1.014,  0.0862,  0.2231,  34.4432,  16 Nov 2017 14:50:57
# 26.5611,  5.393346,  0.985,  0.0889,  0.2084,  34.4425,  16 Nov 2017 14:54:57
# 26.5603,  5.393354,  1.034,  0.0874,  0.1842,  34.4431,  16 Nov 2017 14:58:57
# 26.5602,  5.393950,  1.030,  0.0942,  0.1901,  34.4474,  16 Nov 2017 15:02:57
# 26.5694,  5.395047,  1.083,  0.0997,  0.2937,  34.4485,  16 Nov 2017 15:06:57
# 26.5767,  5.395673,  1.039,  0.0912,  0.2348,  34.4475,  16 Nov 2017 15:10:57
# 26.5815,  5.395893,  1.002,  0.0886,  0.2122,  34.4455,  16 Nov 2017 15:14:57
# 26.5872,  5.396143,  0.997,  0.0936,  0.1999,  34.4431,  16 Nov 2017 15:18:57
# 26.6015,  5.397037,  1.070,  0.0935,  0.1903,  34.4389,  16 Nov 2017 15:22:57
# 26.5986,  5.396708,  1.001,  0.0964,  0.2047,  34.4386,  16 Nov 2017 15:26:57
# 26.6088,  5.397060,  1.023,  0.0910,  0.1849,  34.4335,  16 Nov 2017 15:30:57
# 26.6017,  5.395524,  0.986,  0.0983,  0.2324,  34.4278,  16 Nov 2017 15:34:57
# 26.5957,  5.394560,  0.979,  0.0985,  0.1852,  34.4254,  16 Nov 2017 15:38:57
# 26.5921,  5.394090,  0.972,  0.0970,  0.1938,  34.4247,  16 Nov 2017 15:42:57
# 26.5920,  5.393894,  0.965,  0.0946,  0.1949,  34.4234,  16 Nov 2017 15:46:57
# 26.5881,  5.393463,  0.956,  0.1034,  0.1975,  34.4232,  16 Nov 2017 15:50:57
# 26.5803,  5.392547,  0.962,  0.0984,  0.1989,  34.4225,  16 Nov 2017 15:54:57
# 26.5733,  5.391019,  0.970,  0.1070,  0.1904,  34.4166,  16 Nov 2017 15:58:57
# 26.5629,  5.390087,  0.957,  0.1108,  0.2184,  34.4177,  16 Nov 2017 16:02:57
# 26.5503,  5.388333,  0.955,  0.1096,  0.2010,  34.4145,  16 Nov 2017 16:06:57
# 26.5436,  5.387683,  0.952,  0.1121,  0.2059,  34.4148,  16 Nov 2017 16:10:57
# 26.5377,  5.387471,  0.910,  0.1182,  0.2305,  34.4178,  16 Nov 2017 16:14:57
# 26.5290,  5.387417,  0.908,  0.1094,  0.2196,  34.4238,  16 Nov 2017 16:18:57
# 26.5207,  5.386430,  0.893,  0.1093,  0.1936,  34.4229,  16 Nov 2017 16:22:57
# 26.5056,  5.385624,  0.932,  0.1109,  0.2096,  34.4283,  16 Nov 2017 16:26:57
# 26.4848,  5.383432,  0.895,  0.1130,  0.2515,  34.4281,  16 Nov 2017 16:30:57
# 26.4591,  5.380739,  0.881,  0.1119,  0.2280,  34.4280,  16 Nov 2017 16:34:57
# 26.4437,  5.379237,  0.932,  0.1120,  0.2085,  34.4286,  16 Nov 2017 16:38:57
# 26.4356,  5.378861,  0.888,  0.1157,  0.2193,  34.4320,  16 Nov 2017 16:42:57
# 26.4589,  5.383518,  0.958,  0.1477,  0.2146,  34.4480,  16 Nov 2017 16:46:57
# 26.4795,  5.388577,  0.827,  0.1628,  0.2482,  34.4692,  16 Nov 2017 16:50:57
# 26.4796,  5.389360,  0.894,  0.1489,  0.2747,  34.4747,  16 Nov 2017 16:54:57
# 26.4712,  5.387997,  0.874,  0.1488,  0.2397,  34.4712,  16 Nov 2017 16:58:57
# 26.4745,  5.388240,  0.859,  0.1581,  0.2246,  34.4705,  16 Nov 2017 17:02:57
# 26.4746,  5.390864,  0.887,  0.1595,  0.2531,  34.4893,  16 Nov 2017 17:06:57
# 26.4582,  5.387269,  0.848,  0.1452,  0.2322,  34.4756,  16 Nov 2017 17:10:57
# 26.4413,  5.385688,  0.866,  0.1441,  0.2159,  34.4769,  16 Nov 2017 17:14:57
# 26.4430,  5.386510,  0.856,  0.1465,  0.2110,  34.4816,  16 Nov 2017 17:18:57
# 26.4368,  5.386087,  0.850,  0.1367,  0.2172,  34.4831,  16 Nov 2017 17:22:57
# 26.4258,  5.384991,  0.824,  0.1463,  0.3098,  34.4834,  16 Nov 2017 17:26:57
# 26.4389,  5.385922,  0.879,  0.1491,  0.2457,  34.4804,  16 Nov 2017 17:30:57
# 26.4087,  5.383558,  0.825,  0.1428,  0.2515,  34.4859,  16 Nov 2017 17:34:57
# 26.4179,  5.384263,  0.861,  0.1560,  0.2372,  34.4841,  16 Nov 2017 17:38:57
# 26.4264,  5.385829,  0.837,  0.1389,  0.2194,  34.4890,  16 Nov 2017 17:42:57
# 26.4327,  5.386760,  0.827,  0.1450,  0.2374,  34.4910,  16 Nov 2017 17:46:57
# 26.4422,  5.387034,  0.846,  0.1572,  0.2383,  34.4859,  16 Nov 2017 17:50:57
# 26.4382,  5.386283,  0.845,  0.1606,  0.2347,  34.4835,  16 Nov 2017 17:54:57
# 26.4378,  5.385633,  0.797,  0.1593,  0.2530,  34.4791,  16 Nov 2017 17:58:57
# 26.4295,  5.384685,  0.794,  0.1678,  0.2577,  34.4785,  16 Nov 2017 18:02:57
# 26.4272,  5.385077,  0.830,  0.1535,  0.2456,  34.4830,  16 Nov 2017 18:06:57
# 26.4282,  5.385296,  0.799,  0.1711,  0.2865,  34.4839,  16 Nov 2017 18:10:57
# 26.4191,  5.385046,  0.770,  0.1651,  0.2649,  34.4889,  16 Nov 2017 18:14:57
# 26.4009,  5.383143,  0.788,  0.1511,  0.2889,  34.4888,  16 Nov 2017 18:18:57
# 26.4138,  5.385672,  0.763,  0.1643,  0.2840,  34.4973,  16 Nov 2017 18:22:57
# 26.4148,  5.385641,  0.779,  0.1563,  0.2360,  34.4964,  16 Nov 2017 18:26:57
# 26.4109,  5.385978,  0.797,  0.1559,  0.2567,  34.5017,  16 Nov 2017 18:30:57
# 26.4078,  5.385829,  0.732,  0.1439,  0.2361,  34.5030,  16 Nov 2017 18:34:57
# 26.3907,  5.384670,  0.768,  0.1489,  0.2121,  34.5075,  16 Nov 2017 18:38:57
# 26.3707,  5.380537,  0.748,  0.1666,  0.2937,  34.4926,  16 Nov 2017 18:42:57
# 26.3707,  5.380858,  0.759,  0.1498,  0.2976,  34.4950,  16 Nov 2017 18:46:57
# 26.3615,  5.380482,  0.753,  0.1476,  0.3221,  34.4991,  16 Nov 2017 18:50:57
# 26.3670,  5.379011,  0.725,  0.1859,  0.2470,  34.4844,  16 Nov 2017 18:54:57
# 26.3627,  5.380357,  0.709,  0.1550,  0.2710,  34.4974,  16 Nov 2017 18:58:57
# 26.3383,  5.377783,  0.758,  0.1305,  0.2456,  34.4971,  16 Nov 2017 19:02:57
# 26.3275,  5.375349,  0.734,  0.1427,  0.2173,  34.4876,  16 Nov 2017 19:06:57
# 26.3478,  5.378088,  0.717,  0.1560,  0.2243,  34.4921,  16 Nov 2017 19:10:57
# 26.3549,  5.377900,  0.734,  0.1630,  0.2576,  34.4855,  16 Nov 2017 19:14:57
# 26.3729,  5.382964,  0.737,  0.1501,  0.2397,  34.5085,  16 Nov 2017 19:18:57
# 26.3642,  5.384373,  0.722,  0.1464,  0.2540,  34.5252,  16 Nov 2017 19:22:57
# 26.3498,  5.381680,  0.727,  0.1341,  0.2503,  34.5166,  16 Nov 2017 19:26:57
# 26.3455,  5.381375,  0.677,  0.1416,  0.3624,  34.5176,  16 Nov 2017 19:30:57
# 26.3366,  5.380373,  0.693,  0.1342,  0.2902,  34.5170,  16 Nov 2017 19:34:57
# 26.3199,  5.378370,  0.713,  0.1597,  0.2196,  34.5151,  16 Nov 2017 19:38:57
# 26.3227,  5.377861,  0.686,  0.1428,  0.2663,  34.5093,  16 Nov 2017 19:42:57
# 26.3146,  5.377697,  0.648,  0.1378,  0.2998,  34.5142,  16 Nov 2017 19:46:57
# 26.2949,  5.375373,  0.643,  0.1318,  0.2960,  34.5122,  16 Nov 2017 19:50:57
# 26.2866,  5.374779,  0.631,  0.1355,  0.3468,  34.5141,  16 Nov 2017 19:54:57
# 26.2886,  5.375186,  0.648,  0.1353,  0.2807,  34.5156,  16 Nov 2017 19:58:57
# 26.3005,  5.376563,  0.709,  0.1414,  0.2493,  34.5165,  16 Nov 2017 20:02:57
# 26.2973,  5.375545,  0.695,  0.1513,  0.2748,  34.5116,  16 Nov 2017 20:06:57
# 26.2935,  5.376179,  0.653,  0.1402,  0.3019,  34.5191,  16 Nov 2017 20:10:57
# 26.2956,  5.375898,  0.670,  0.1441,  0.2458,  34.5155,  16 Nov 2017 20:14:57
# 26.2924,  5.375749,  0.691,  0.1403,  0.2397,  34.5168,  16 Nov 2017 20:18:57
# 26.2786,  5.373801,  0.662,  0.1295,  0.2384,  34.5130,  16 Nov 2017 20:22:57
# 26.2638,  5.371674,  0.711,  0.1243,  0.2686,  34.5088,  16 Nov 2017 20:26:57
# 26.2508,  5.369241,  0.669,  0.1417,  0.2322,  34.5009,  16 Nov 2017 20:30:57
# 26.2379,  5.365973,  0.682,  0.1476,  0.3233,  34.4870,  16 Nov 2017 20:34:57
# 26.2285,  5.365973,  0.631,  0.1344,  0.2768,  34.4941,  16 Nov 2017 20:38:57
# 26.2146,  5.364785,  0.649,  0.1392,  0.2683,  34.4959,  16 Nov 2017 20:42:57
# 26.2045,  5.363269,  0.666,  0.1331,  0.2683,  34.4926,  16 Nov 2017 20:46:57
# 26.1916,  5.361167,  0.667,  0.1318,  0.2517,  34.4870,  16 Nov 2017 20:50:57
# 26.1835,  5.359784,  0.657,  0.1342,  0.2592,  34.4831,  16 Nov 2017 20:54:57
# 26.1831,  5.360581,  0.663,  0.1280,  0.2603,  34.4892,  16 Nov 2017 20:58:57
# 26.1825,  5.359198,  0.650,  0.1402,  0.2446,  34.4796,  16 Nov 2017 21:02:57
# 26.1777,  5.358744,  0.717,  0.1328,  0.2674,  34.4799,  16 Nov 2017 21:06:57
# 26.1780,  5.359268,  0.707,  0.1315,  0.2444,  34.4835,  16 Nov 2017 21:10:57
# 26.1726,  5.357807,  0.710,  0.1366,  0.2494,  34.4770,  16 Nov 2017 21:14:57
# 26.1599,  5.356026,  0.720,  0.1305,  0.2307,  34.4736,  16 Nov 2017 21:18:57
# 26.1263,  5.351114,  0.729,  0.1231,  0.2347,  34.4632,  16 Nov 2017 21:22:57
# 26.0995,  5.344213,  0.731,  0.1341,  0.2222,  34.4334,  16 Nov 2017 21:26:57
# 26.1160,  5.346913,  0.739,  0.1294,  0.2325,  34.4406,  16 Nov 2017 21:30:57
# 26.1346,  5.350653,  0.749,  0.1331,  0.2435,  34.4536,  16 Nov 2017 21:34:57
# 26.1243,  5.349950,  0.731,  0.1305,  0.2256,  34.4563,  16 Nov 2017 21:38:57
# 26.1160,  5.349287,  0.701,  0.1194,  0.2348,  34.4578,  16 Nov 2017 21:42:57
# 26.1125,  5.348608,  0.722,  0.1255,  0.2374,  34.4554,  16 Nov 2017 21:46:57
# 26.1165,  5.349365,  0.737,  0.1281,  0.2444,  34.4579,  16 Nov 2017 21:50:57
# 26.1203,  5.350060,  0.748,  0.1221,  0.2713,  34.4601,  16 Nov 2017 21:54:57
# 26.0915,  5.342925,  0.713,  0.1366,  0.2432,  34.4300,  16 Nov 2017 21:58:57
# 26.0877,  5.342707,  0.764,  0.1279,  0.2348,  34.4312,  16 Nov 2017 22:02:57
# 26.0937,  5.344978,  0.761,  0.1245,  0.2399,  34.4432,  16 Nov 2017 22:06:57
# 26.0789,  5.344050,  0.788,  0.1157,  0.2185,  34.4476,  16 Nov 2017 22:10:57
# 26.0690,  5.343222,  0.764,  0.1183,  0.2480,  34.4491,  16 Nov 2017 22:14:57
# 26.0731,  5.345611,  0.751,  0.1207,  0.2445,  34.4633,  16 Nov 2017 22:18:57
# 26.0822,  5.348147,  0.768,  0.1232,  0.2184,  34.4748,  16 Nov 2017 22:22:57
# 26.0946,  5.348491,  0.762,  0.1329,  0.2338,  34.4680,  16 Nov 2017 22:26:57
# 26.0780,  5.347016,  0.817,  0.1207,  0.2245,  34.4698,  16 Nov 2017 22:30:57
# 26.0640,  5.344362,  0.852,  0.1247,  0.2052,  34.4610,  16 Nov 2017 22:34:57
# 26.0731,  5.345166,  0.804,  0.1192,  0.2136,  34.4600,  16 Nov 2017 22:38:57
# 26.0726,  5.343215,  0.815,  0.1244,  0.2541,  34.4463,  16 Nov 2017 22:42:57
# 26.0859,  5.344518,  0.819,  0.1328,  0.2574,  34.4457,  16 Nov 2017 22:46:57
# 26.0850,  5.345361,  0.844,  0.1244,  0.2457,  34.4525,  16 Nov 2017 22:50:57
# 26.0792,  5.345821,  0.825,  0.1196,  0.2443,  34.4602,  16 Nov 2017 22:54:57
# 26.0711,  5.346524,  0.877,  0.1279,  0.2587,  34.4714,  16 Nov 2017 22:58:57
# 26.0540,  5.345166,  0.871,  0.1157,  0.2134,  34.4744,  16 Nov 2017 23:02:57
# 26.0685,  5.346758,  0.853,  0.1182,  0.2541,  34.4750,  16 Nov 2017 23:06:57
# 26.0691,  5.346360,  0.853,  0.1180,  0.2531,  34.4717,  16 Nov 2017 23:10:57
# 26.0798,  5.346219,  0.843,  0.1293,  0.2313,  34.4626,  16 Nov 2017 23:14:57
# 26.0528,  5.336388,  0.852,  0.1452,  0.2322,  34.4116,  16 Nov 2017 23:18:57
# 26.0189,  5.328491,  0.934,  0.1402,  0.3542,  34.3798,  16 Nov 2017 23:22:57
# 26.0283,  5.330018,  0.850,  0.1391,  0.2325,  34.3838,  16 Nov 2017 23:26:57
# 26.0236,  5.330603,  0.883,  0.1328,  0.2348,  34.3916,  16 Nov 2017 23:30:57
# 26.0214,  5.330603,  0.910,  0.1341,  0.2307,  34.3932,  16 Nov 2017 23:34:57
# 26.0482,  5.336381,  0.968,  0.1245,  0.2651,  34.4150,  16 Nov 2017 23:38:57
# 26.0907,  5.346321,  0.919,  0.1295,  0.2502,  34.4551,  16 Nov 2017 23:42:57
# 26.0785,  5.342957,  0.981,  0.1306,  0.2195,  34.4399,  16 Nov 2017 23:46:57
# 26.0566,  5.338924,  0.939,  0.1272,  0.2261,  34.4272,  16 Nov 2017 23:50:57
# 26.0419,  5.337348,  0.938,  0.1220,  0.2842,  34.4268,  16 Nov 2017 23:54:57
# 26.0254,  5.334385,  0.959,  0.1318,  0.2483,  34.4176,  16 Nov 2017 23:58:57
# 26.0475,  5.338612,  0.958,  0.1231,  0.2493,  34.4317,  17 Nov 2017 00:02:57
# 26.0676,  5.343269,  0.984,  0.1183,  0.2409,  34.4504,  17 Nov 2017 00:06:57
# 26.0676,  5.342739,  0.958,  0.1208,  0.2675,  34.4465,  17 Nov 2017 00:10:57
# 26.0546,  5.339454,  1.024,  0.1231,  0.2255,  34.4324,  17 Nov 2017 00:14:57
# 26.0508,  5.337348,  0.992,  0.1341,  0.2576,  34.4200,  17 Nov 2017 00:18:57
# 26.0255,  5.331515,  0.975,  0.1318,  0.2436,  34.3967,  17 Nov 2017 00:22:57
# 26.0258,  5.330860,  1.028,  0.1305,  0.2506,  34.3918,  17 Nov 2017 00:26:57
# 26.0342,  5.332529,  1.041,  0.1254,  0.2495,  34.3976,  17 Nov 2017 00:30:57
# 26.0443,  5.335055,  1.024,  0.1269,  0.2306,  34.4083,  17 Nov 2017 00:38:57
# 26.0433,  5.335000,  1.047,  0.1341,  0.2386,  34.4086,  17 Nov 2017 00:42:57
# 26.0569,  5.338619,  1.038,  0.1304,  0.2935,  34.4247,  17 Nov 2017 00:46:57
# 26.0515,  5.338409,  1.042,  0.1244,  0.2372,  34.4272,  17 Nov 2017 00:50:57
# 26.0556,  5.339415,  1.051,  0.1292,  0.2589,  34.4314,  17 Nov 2017 00:54:57
# 26.0683,  5.341451,  1.084,  0.1244,  0.2305,  34.4366,  17 Nov 2017 00:58:57
# 26.0795,  5.345119,  1.128,  0.1207,  0.2113,  34.4548,  17 Nov 2017 01:02:57
# 26.0720,  5.344768,  1.177,  0.1280,  0.2269,  34.4579,  17 Nov 2017 01:06:57
# 26.0659,  5.343909,  1.131,  0.1254,  0.2750,  34.4563,  17 Nov 2017 01:10:57
# 26.0747,  5.345541,  1.168,  0.1220,  0.2246,  34.4614,  17 Nov 2017 01:14:57
# 26.0730,  5.343465,  1.160,  0.1205,  0.2457,  34.4477,  17 Nov 2017 01:18:57
# 26.0891,  5.348358,  1.133,  0.1267,  0.2650,  34.4711,  17 Nov 2017 01:22:57
# 26.0929,  5.350240,  1.154,  0.1194,  0.2266,  34.4818,  17 Nov 2017 01:26:57
# 26.1012,  5.351997,  1.209,  0.1206,  0.2219,  34.4883,  17 Nov 2017 01:30:57
# 26.0930,  5.350466,  1.201,  0.1184,  0.2746,  34.4834,  17 Nov 2017 01:34:57
# 26.0763,  5.347999,  1.164,  0.1207,  0.2492,  34.4781,  17 Nov 2017 01:38:57
# 26.0786,  5.348413,  1.189,  0.1257,  0.2637,  34.4793,  17 Nov 2017 01:42:57
# 26.0755,  5.346992,  1.230,  0.1157,  0.2577,  34.4713,  17 Nov 2017 01:46:57
# 26.0723,  5.347281,  1.166,  0.1218,  0.2840,  34.4759,  17 Nov 2017 01:50:57
# 26.0821,  5.349452,  1.255,  0.1196,  0.3019,  34.4842,  17 Nov 2017 01:54:57
# 26.0784,  5.349327,  1.191,  0.1158,  0.3186,  34.4861,  17 Nov 2017 01:58:57
# 26.0513,  5.340539,  1.224,  0.1294,  0.2432,  34.4428,  17 Nov 2017 02:02:57
# 26.0450,  5.339790,  1.221,  0.1403,  0.2494,  34.4421,  17 Nov 2017 02:06:57
# 26.0209,  5.340360,  1.249,  0.1192,  0.2435,  34.4643,  17 Nov 2017 02:10:57
# 26.0110,  5.340742,  1.227,  0.1071,  0.2432,  34.4745,  17 Nov 2017 02:14:57
# 26.0367,  5.343910,  1.231,  0.1134,  0.2686,  34.4782,  17 Nov 2017 02:18:57
# 26.0413,  5.344636,  1.252,  0.1169,  0.2529,  34.4800,  17 Nov 2017 02:22:57
# 26.0338,  5.343091,  1.253,  0.1194,  0.2316,  34.4744,  17 Nov 2017 02:26:57
# 26.0172,  5.339634,  1.300,  0.1257,  0.2143,  34.4618,  17 Nov 2017 02:30:57
# 25.9876,  5.333278,  1.281,  0.1194,  0.2409,  34.4379,  17 Nov 2017 02:34:57
# 25.9831,  5.329474,  1.233,  0.1302,  0.2210,  34.4137,  17 Nov 2017 02:38:57
# 25.9733,  5.321899,  1.274,  0.1573,  0.2294,  34.3660,  17 Nov 2017 02:42:57
# 25.9738,  5.321323,  1.257,  0.1440,  0.2589,  34.3614,  17 Nov 2017 02:46:57
# 25.9793,  5.321027,  1.283,  0.1513,  0.2686,  34.3552,  17 Nov 2017 02:50:57
# 25.9731,  5.320645,  1.219,  0.1490,  0.2516,  34.3570,  17 Nov 2017 02:54:57
# 25.9620,  5.320186,  1.275,  0.1405,  0.2306,  34.3620,  17 Nov 2017 02:58:57
# 25.9641,  5.318869,  1.285,  0.1488,  0.2540,  34.3509,  17 Nov 2017 03:02:57
# 25.9523,  5.317320,  1.295,  0.1450,  0.2267,  34.3485,  17 Nov 2017 03:06:57
# 25.9354,  5.317741,  1.284,  0.1416,  0.2589,  34.3642,  17 Nov 2017 03:10:57
# 25.9384,  5.317047,  1.283,  0.1392,  0.2443,  34.3569,  17 Nov 2017 03:14:57
# 25.9453,  5.316424,  1.223,  0.1501,  0.2445,  34.3473,  17 Nov 2017 03:18:57
# 25.9351,  5.315950,  1.291,  0.1475,  0.2480,  34.3514,  17 Nov 2017 03:22:57
# 25.9193,  5.314237,  1.280,  0.1405,  0.2554,  34.3509,  17 Nov 2017 03:26:57
# 25.9114,  5.312750,  1.304,  0.1439,  0.2205,  34.3460,  17 Nov 2017 03:30:57
# 25.9085,  5.312306,  1.334,  0.1512,  0.2232,  34.3449,  17 Nov 2017 03:34:57
# 25.9000,  5.311847,  1.288,  0.1442,  0.2982,  34.3480,  17 Nov 2017 03:38:57
# 25.9092,  5.311660,  1.310,  0.1498,  0.2138,  34.3397,  17 Nov 2017 03:42:57
# 25.9310,  5.313147,  1.329,  0.1563,  0.2485,  34.3342,  17 Nov 2017 03:46:57
# 25.9353,  5.313123,  1.257,  0.1617,  0.2435,  34.3308,  17 Nov 2017 03:50:57
# 25.9316,  5.312610,  1.385,  0.1548,  0.2362,  34.3297,  17 Nov 2017 03:54:57
# 25.9265,  5.312104,  1.288,  0.1499,  0.2110,  34.3299,  17 Nov 2017 03:58:57
# 25.9231,  5.311224,  1.316,  0.1610,  0.2246,  34.3261,  17 Nov 2017 04:02:57
# 25.9173,  5.310944,  1.317,  0.1490,  0.2423,  34.3284,  17 Nov 2017 04:06:57
# 25.9173,  5.311139,  1.311,  0.1501,  0.2159,  34.3298,  17 Nov 2017 04:10:57
# 25.9149,  5.311038,  1.305,  0.1453,  0.2159,  34.3309,  17 Nov 2017 04:14:57
# 25.9134,  5.310874,  1.308,  0.1440,  0.2110,  34.3308,  17 Nov 2017 04:18:57
# 25.9122,  5.311123,  1.271,  0.1437,  0.2515,  34.3335,  17 Nov 2017 04:22:57
# 25.9123,  5.311318,  1.300,  0.1575,  0.2267,  34.3349,  17 Nov 2017 04:26:57
# 25.9300,  5.313567,  1.245,  0.1579,  0.2628,  34.3379,  17 Nov 2017 04:30:57
# 25.9187,  5.312976,  1.274,  0.1492,  0.2073,  34.3421,  17 Nov 2017 04:34:57
# 25.9059,  5.312159,  1.227,  0.1489,  0.2136,  34.3458,  17 Nov 2017 04:38:57
# 25.9076,  5.312696,  1.271,  0.1476,  0.2295,  34.3484,  17 Nov 2017 04:42:57
# 25.9101,  5.313723,  1.264,  0.1354,  0.2341,  34.3540,  17 Nov 2017 04:46:57
# 25.9126,  5.313902,  1.275,  0.1403,  0.2013,  34.3534,  17 Nov 2017 04:50:57
# 25.9189,  5.314836,  1.272,  0.1416,  0.2122,  34.3555,  17 Nov 2017 04:54:57
# 25.9303,  5.316417,  1.205,  0.1537,  0.2792,  34.3585,  17 Nov 2017 04:58:57
# 25.9440,  5.318200,  1.222,  0.1538,  0.2248,  34.3611,  17 Nov 2017 05:02:57
# 25.9405,  5.317686,  1.151,  0.1547,  0.2410,  34.3601,  17 Nov 2017 05:06:57
# 25.9440,  5.318153,  1.221,  0.1476,  0.2160,  34.3608,  17 Nov 2017 05:10:57
# 25.9614,  5.320170,  1.186,  0.1630,  0.2049,  34.3624,  17 Nov 2017 05:14:57
# 25.9636,  5.320567,  1.230,  0.1474,  0.2280,  34.3636,  17 Nov 2017 05:18:57
# 25.9734,  5.321743,  1.207,  0.1570,  0.3503,  34.3648,  17 Nov 2017 05:22:57
# 25.9768,  5.322211,  1.207,  0.1593,  0.2282,  34.3657,  17 Nov 2017 05:26:57
# 25.9798,  5.323037,  1.209,  0.1607,  0.2468,  34.3694,  17 Nov 2017 05:30:57
# 25.9871,  5.323862,  1.172,  0.1760,  0.2323,  34.3699,  17 Nov 2017 05:34:57
# 26.0105,  5.326137,  1.145,  0.1751,  0.2972,  34.3689,  17 Nov 2017 05:38:57
# 26.0141,  5.326036,  1.140,  0.1800,  0.2409,  34.3655,  17 Nov 2017 05:42:57
# 26.0142,  5.326192,  1.197,  0.1715,  0.2312,  34.3665,  17 Nov 2017 05:46:57
# 26.0193,  5.326690,  1.114,  0.1703,  0.2280,  34.3663,  17 Nov 2017 05:50:57
# 26.0052,  5.325514,  1.063,  0.1677,  0.2206,  34.3684,  17 Nov 2017 05:54:57
# 26.0083,  5.326854,  1.115,  0.1618,  0.2567,  34.3757,  17 Nov 2017 05:58:57
# 26.0125,  5.327291,  1.117,  0.1643,  0.2435,  34.3758,  17 Nov 2017 06:02:57
# 26.0174,  5.328296,  1.076,  0.1595,  0.2615,  34.3794,  17 Nov 2017 06:06:57
# 26.0153,  5.328499,  1.122,  0.1572,  0.2374,  34.3824,  17 Nov 2017 06:10:57
# 25.9917,  5.326083,  1.109,  0.1595,  0.2280,  34.3826,  17 Nov 2017 06:14:57
# 25.9722,  5.323785,  1.115,  0.1511,  0.2293,  34.3806,  17 Nov 2017 06:18:57
# 25.9822,  5.324766,  1.065,  0.1537,  0.2197,  34.3802,  17 Nov 2017 06:22:57
# 25.9784,  5.324275,  1.079,  0.1476,  0.2232,  34.3795,  17 Nov 2017 06:26:57
# 25.9882,  5.325132,  1.075,  0.1641,  0.2146,  34.3783,  17 Nov 2017 06:30:57
# 25.9851,  5.324766,  1.063,  0.1540,  0.2194,  34.3780,  17 Nov 2017 06:34:57
# 25.9772,  5.323932,  1.027,  0.1582,  0.2818,  34.3779,  17 Nov 2017 06:38:57
# 25.9908,  5.325787,  1.064,  0.1727,  0.2362,  34.3812,  17 Nov 2017 06:42:57
# 25.9975,  5.326737,  1.040,  0.1580,  0.2636,  34.3830,  17 Nov 2017 06:46:57
# 25.9801,  5.325148,  1.013,  0.1490,  0.2434,  34.3846,  17 Nov 2017 06:50:57
# 25.9881,  5.325771,  1.028,  0.1596,  0.2420,  34.3831,  17 Nov 2017 06:54:57
# 25.9850,  5.325312,  1.058,  0.1561,  0.2461,  34.3820,  17 Nov 2017 06:58:57
# 25.9927,  5.326169,  1.034,  0.1594,  0.2433,  34.3825,  17 Nov 2017 07:02:57
# 25.9745,  5.324899,  1.018,  0.1514,  0.2864,  34.3870,  17 Nov 2017 07:06:57
# 25.9488,  5.324938,  0.982,  0.1366,  0.2567,  34.4065,  17 Nov 2017 07:10:57
# 25.9740,  5.329403,  0.964,  0.1390,  0.2685,  34.4201,  17 Nov 2017 07:14:57
# 25.9928,  5.332241,  0.988,  0.1404,  0.2313,  34.4265,  17 Nov 2017 07:18:57
# 26.0084,  5.335469,  0.980,  0.1439,  0.2482,  34.4382,  17 Nov 2017 07:22:57
# 26.0212,  5.337465,  0.970,  0.1524,  0.2503,  34.4432,  17 Nov 2017 07:26:57
# 26.0268,  5.340024,  1.025,  0.1464,  0.2877,  34.4575,  17 Nov 2017 07:30:57
# 26.0239,  5.341015,  0.970,  0.1342,  0.2434,  34.4668,  17 Nov 2017 07:34:57
# 26.0278,  5.341194,  0.944,  0.1465,  0.2683,  34.4652,  17 Nov 2017 07:38:57
# 26.0271,  5.341148,  0.959,  0.1415,  0.2483,  34.4654,  17 Nov 2017 07:42:57
# 26.0172,  5.340212,  0.939,  0.1427,  0.2554,  34.4661,  17 Nov 2017 07:46:57
# 26.0143,  5.341039,  0.943,  0.1381,  0.2470,  34.4743,  17 Nov 2017 07:50:57
# 26.0100,  5.340742,  0.948,  0.1352,  0.2591,  34.4753,  17 Nov 2017 07:54:57
# 26.0146,  5.339876,  0.912,  0.1387,  0.2770,  34.4656,  17 Nov 2017 07:58:57
# 26.0144,  5.340586,  0.913,  0.1295,  0.2734,  34.4709,  17 Nov 2017 08:02:57
# 26.0092,  5.339541,  0.926,  0.1417,  0.2530,  34.4672,  17 Nov 2017 08:06:57
# 26.0105,  5.338776,  0.911,  0.1403,  0.2503,  34.4607,  17 Nov 2017 08:10:57
# 26.0149,  5.339299,  0.903,  0.1389,  0.2409,  34.4612,  17 Nov 2017 08:14:57
# 26.0172,  5.339424,  0.897,  0.1330,  0.2435,  34.4604,  17 Nov 2017 08:18:57
# 26.0168,  5.339923,  0.896,  0.1318,  0.2337,  34.4643,  17 Nov 2017 08:22:57
# 26.0219,  5.340656,  0.901,  0.1379,  0.2577,  34.4658,  17 Nov 2017 08:26:57
# 26.0268,  5.340531,  0.893,  0.1366,  0.2420,  34.4612,  17 Nov 2017 08:30:57
# 26.0313,  5.341171,  0.854,  0.1270,  0.2396,  34.4625,  17 Nov 2017 08:34:57
# 26.0339,  5.340672,  0.872,  0.1280,  0.3021,  34.4569,  17 Nov 2017 08:38:57
# 26.0328,  5.340742,  0.899,  0.1230,  0.2531,  34.4582,  17 Nov 2017 08:42:57
# 26.0232,  5.342638,  0.886,  0.1231,  0.2412,  34.4792,  17 Nov 2017 08:46:57
# 26.0242,  5.342786,  0.823,  0.1231,  0.2914,  34.4796,  17 Nov 2017 08:50:57
# 26.0317,  5.344893,  0.828,  0.1227,  0.2577,  34.4892,  17 Nov 2017 08:54:57
# 26.0419,  5.345720,  0.836,  0.1171,  0.2469,  34.4876,  17 Nov 2017 08:58:57
# 26.0530,  5.346329,  0.818,  0.1206,  0.2481,  34.4836,  17 Nov 2017 09:02:57
# 26.0605,  5.347086,  0.850,  0.1156,  0.2397,  34.4835,  17 Nov 2017 09:06:57
# 26.0735,  5.347945,  0.859,  0.1072,  0.2628,  34.4799,  17 Nov 2017 09:10:57
# 26.0706,  5.348452,  0.797,  0.1181,  0.2637,  34.4858,  17 Nov 2017 09:14:57
# 26.0775,  5.348546,  0.884,  0.1193,  0.2747,  34.4812,  17 Nov 2017 09:18:57
# 26.0965,  5.349990,  0.828,  0.1170,  0.2554,  34.4774,  17 Nov 2017 09:22:57
# 26.1007,  5.349880,  0.838,  0.1270,  0.2589,  34.4735,  17 Nov 2017 09:26:57
# 26.0910,  5.349358,  0.864,  0.1306,  0.3112,  34.4770,  17 Nov 2017 09:30:57
# 26.1020,  5.350661,  0.847,  0.1211,  0.2589,  34.4782,  17 Nov 2017 09:34:57
# 26.0988,  5.351302,  0.817,  0.1172,  0.2734,  34.4852,  17 Nov 2017 09:38:57
# 26.1074,  5.352590,  0.721,  0.1146,  0.2409,  34.4881,  17 Nov 2017 09:42:57
# 26.1186,  5.353777,  0.817,  0.1184,  0.2517,  34.4883,  17 Nov 2017 09:46:57
# 26.1202,  5.354613,  0.816,  0.1157,  0.2471,  34.4931,  17 Nov 2017 09:50:57
# 26.1334,  5.356565,  0.807,  0.1119,  0.2459,  34.4974,  17 Nov 2017 09:54:57
# 26.1603,  5.358362,  0.805,  0.1062,  0.2494,  34.4901,  17 Nov 2017 09:58:57
# 26.1809,  5.360495,  0.797,  0.1047,  0.2602,  34.4901,  17 Nov 2017 10:02:57
# 26.1616,  5.359573,  0.791,  0.1118,  0.2468,  34.4980,  17 Nov 2017 10:06:57
# 26.1681,  5.360776,  0.830,  0.1121,  0.2710,  34.5018,  17 Nov 2017 10:10:57
# 26.1849,  5.362292,  0.821,  0.1060,  0.2377,  34.5001,  17 Nov 2017 10:14:57
# 26.1990,  5.364872,  0.866,  0.1009,  0.2186,  34.5082,  17 Nov 2017 10:18:57
# 26.1964,  5.364559,  0.781,  0.1059,  0.2374,  34.5079,  17 Nov 2017 10:22:57
# 26.2105,  5.365411,  0.826,  0.1122,  0.2554,  34.5035,  17 Nov 2017 10:26:57
# 26.2049,  5.365372,  0.827,  0.1182,  0.2601,  34.5074,  17 Nov 2017 10:30:57
# 26.2113,  5.365098,  0.830,  0.1147,  0.2384,  34.5006,  17 Nov 2017 10:34:57
# 26.2204,  5.366982,  0.798,  0.1118,  0.2449,  34.5074,  17 Nov 2017 10:38:57
# 26.2187,  5.367506,  0.812,  0.1196,  0.2517,  34.5125,  17 Nov 2017 10:42:57
# 26.2173,  5.366232,  0.827,  0.1081,  0.2322,  34.5043,  17 Nov 2017 10:46:57
# 26.2342,  5.367654,  0.789,  0.1120,  0.2731,  34.5019,  17 Nov 2017 10:50:57
# 26.2416,  5.368530,  0.819,  0.1130,  0.2206,  34.5027,  17 Nov 2017 10:54:57
# 26.2351,  5.367795,  0.799,  0.1109,  0.2181,  34.5023,  17 Nov 2017 10:58:57
# 26.2341,  5.367607,  0.845,  0.1120,  0.2169,  34.5017,  17 Nov 2017 11:02:57
# 26.2355,  5.367975,  0.797,  0.1157,  0.2616,  34.5033,  17 Nov 2017 11:06:57
# 26.2300,  5.367115,  0.824,  0.1157,  0.2565,  34.5012,  17 Nov 2017 11:10:57
# 26.2324,  5.366872,  0.812,  0.1209,  0.2626,  34.4976,  17 Nov 2017 11:14:57
# 26.2380,  5.368765,  0.801,  0.1159,  0.2532,  34.5071,  17 Nov 2017 11:18:57
# 26.2296,  5.369414,  0.826,  0.1157,  0.2541,  34.5181,  17 Nov 2017 11:22:57
# 26.2331,  5.368288,  0.877,  0.1156,  0.2711,  34.5073,  17 Nov 2017 11:26:57
# 26.2350,  5.368147,  0.888,  0.1084,  0.2528,  34.5049,  17 Nov 2017 11:30:57
# 26.2394,  5.369218,  0.824,  0.1230,  0.2569,  34.5093,  17 Nov 2017 11:34:57
# 26.2429,  5.369320,  0.795,  0.1122,  0.2747,  34.5075,  17 Nov 2017 11:38:57
# 26.2517,  5.371181,  0.857,  0.1131,  0.3428,  34.5143,  17 Nov 2017 11:42:57
# 26.2573,  5.371126,  0.853,  0.1208,  0.2722,  34.5097,  17 Nov 2017 11:46:57
# 26.2635,  5.371799,  0.829,  0.1256,  0.2603,  34.5099,  17 Nov 2017 11:50:57
# 26.2698,  5.372792,  0.866,  0.1169,  0.2877,  34.5123,  17 Nov 2017 11:54:57
# 26.2795,  5.374317,  0.842,  0.1120,  0.2781,  34.5161,  17 Nov 2017 11:58:57
# 26.2746,  5.373301,  0.813,  0.1168,  0.2749,  34.5124,  17 Nov 2017 12:02:57
# 26.2638,  5.372260,  0.861,  0.1146,  0.2566,  34.5130,  17 Nov 2017 12:06:57
# 26.2664,  5.372683,  0.859,  0.1156,  0.2780,  34.5141,  17 Nov 2017 12:10:57
# 26.2595,  5.371439,  0.866,  0.1083,  0.2433,  34.5103,  17 Nov 2017 12:14:57
# 26.2534,  5.370352,  0.851,  0.1182,  0.2604,  34.5070,  17 Nov 2017 12:18:57
# 26.2510,  5.370047,  0.795,  0.1205,  0.2518,  34.5066,  17 Nov 2017 12:22:57
# 26.2507,  5.369093,  0.918,  0.1244,  0.2711,  34.4999,  17 Nov 2017 12:26:57
# 26.2517,  5.369054,  0.878,  0.1231,  0.2721,  34.4989,  17 Nov 2017 12:30:57
# 26.2496,  5.369030,  0.856,  0.1210,  0.2612,  34.5003,  17 Nov 2017 12:34:57
# 26.2517,  5.369406,  0.869,  0.1182,  0.2697,  34.5015,  17 Nov 2017 12:38:57
# 26.2469,  5.368593,  0.859,  0.1269,  0.2481,  34.4992,  17 Nov 2017 12:42:57
# 26.2545,  5.369437,  0.872,  0.1210,  0.3055,  34.4995,  17 Nov 2017 12:46:57
# 26.2589,  5.369922,  0.820,  0.1231,  0.2792,  34.4997,  17 Nov 2017 12:50:57
# 26.2694,  5.370829,  0.882,  0.1170,  0.2660,  34.4985,  17 Nov 2017 12:54:57
# 26.2839,  5.372018,  0.914,  0.1167,  0.2493,  34.4962,  17 Nov 2017 12:58:57
# 26.2759,  5.370704,  0.884,  0.1295,  0.2842,  34.4927,  17 Nov 2017 13:02:57
# 26.2755,  5.370829,  0.893,  0.1109,  0.2371,  34.4938,  17 Nov 2017 13:06:57
# 26.3024,  5.373261,  0.891,  0.1122,  0.2515,  34.4913,  17 Nov 2017 13:10:57
# 26.3162,  5.373863,  0.895,  0.1147,  0.2445,  34.4853,  17 Nov 2017 13:14:57
# 26.3247,  5.373894,  0.877,  0.1170,  0.2593,  34.4791,  17 Nov 2017 13:18:57
# 26.3139,  5.372682,  0.852,  0.1170,  0.2483,  34.4785,  17 Nov 2017 13:22:57
# 26.3304,  5.374277,  0.905,  0.1192,  0.2443,  34.4776,  17 Nov 2017 13:26:57
# 26.3489,  5.376844,  0.906,  0.1182,  0.2783,  34.4822,  17 Nov 2017 13:30:57
# 26.3605,  5.376961,  0.910,  0.1254,  0.2675,  34.4745,  17 Nov 2017 13:34:57
# 26.3706,  5.377720,  0.892,  0.1257,  0.2396,  34.4724,  17 Nov 2017 13:38:57
# 26.3813,  5.379864,  0.900,  0.1193,  0.2770,  34.4798,  17 Nov 2017 13:42:57
# 26.3846,  5.380341,  0.944,  0.1231,  0.2730,  34.4807,  17 Nov 2017 13:46:57
# 26.3989,  5.381664,  0.858,  0.1080,  0.2348,  34.4796,  17 Nov 2017 13:50:57
# 26.4080,  5.381515,  0.912,  0.1170,  0.2360,  34.4717,  17 Nov 2017 13:54:57
# 26.4161,  5.381836,  0.922,  0.1120,  0.2696,  34.4680,  17 Nov 2017 13:58:57
