# 28.1729,  5.565874,  1.109,  0.0945,  0.2660,  34.4743,  07 Sep 2017 14:00:05
# 28.2252,  5.571546,  1.164,  0.1008,  0.3515,  34.4756,  07 Sep 2017 14:04:05
# 28.2439,  5.574884,  1.085,  0.0894,  0.3043,  34.4853,  07 Sep 2017 14:08:05
# 28.2856,  5.577920,  1.142,  0.0945,  0.3210,  34.4760,  07 Sep 2017 14:12:05
# 28.3272,  5.581037,  1.206,  0.0945,  0.3185,  34.4673,  07 Sep 2017 14:16:05
# 28.3510,  5.588992,  1.164,  0.0984,  0.2985,  34.5053,  07 Sep 2017 14:20:05
# 28.3539,  5.588364,  1.105,  0.0909,  0.3088,  34.4989,  07 Sep 2017 14:24:05
# 28.3452,  5.585905,  1.176,  0.0946,  0.2866,  34.4881,  07 Sep 2017 14:28:05
# 28.3856,  5.590289,  1.190,  0.1019,  0.3043,  34.4891,  07 Sep 2017 14:32:05
# 28.3945,  5.590512,  1.226,  0.0947,  0.2613,  34.4842,  07 Sep 2017 14:36:05
# 28.3957,  5.590281,  1.248,  0.0982,  0.2889,  34.4817,  07 Sep 2017 14:40:05
# 28.2877,  5.579256,  1.138,  0.0955,  0.3112,  34.4837,  07 Sep 2017 14:44:05
# 28.2856,  5.578445,  1.224,  0.1007,  0.2853,  34.4796,  07 Sep 2017 14:48:05
# 28.2140,  5.572365,  1.248,  0.1046,  0.2735,  34.4895,  07 Sep 2017 14:52:05
# 28.2748,  5.577110,  1.164,  0.1054,  0.3099,  34.4782,  07 Sep 2017 14:56:05
# 28.2973,  5.581101,  1.254,  0.1020,  0.3833,  34.4895,  07 Sep 2017 15:00:05
# 28.3031,  5.581451,  1.233,  0.0941,  0.2779,  34.4878,  07 Sep 2017 15:04:05
# 28.3272,  5.583956,  1.281,  0.0982,  0.2889,  34.4876,  07 Sep 2017 15:08:05
# 28.3112,  5.583312,  1.179,  0.1046,  0.3368,  34.4949,  07 Sep 2017 15:12:05
# 28.2818,  5.580107,  1.297,  0.1046,  0.3070,  34.4940,  07 Sep 2017 15:16:05
# 28.2897,  5.582096,  1.271,  0.1019,  0.2734,  34.5020,  07 Sep 2017 15:20:05
# 28.3083,  5.583193,  1.320,  0.0993,  0.2889,  34.4961,  07 Sep 2017 15:24:05
# 28.3441,  5.586486,  1.239,  0.1032,  0.2924,  34.4929,  07 Sep 2017 15:28:05
# 28.3666,  5.590361,  1.398,  0.1055,  0.2987,  34.5034,  07 Sep 2017 15:32:05
# 28.3581,  5.588650,  1.332,  0.1030,  0.2890,  34.4977,  07 Sep 2017 15:36:05
# 28.3406,  5.587489,  1.322,  0.1054,  0.2832,  34.5024,  07 Sep 2017 15:40:05
# 28.3519,  5.587099,  1.323,  0.1053,  0.2889,  34.4915,  07 Sep 2017 15:44:05
# 28.3011,  5.581491,  1.254,  0.1105,  0.3115,  34.4895,  07 Sep 2017 15:48:05
# 28.3032,  5.581769,  1.278,  0.1082,  0.2878,  34.4899,  07 Sep 2017 15:52:05
# 28.2877,  5.579718,  1.292,  0.1105,  0.2757,  34.4869,  07 Sep 2017 15:56:05
# 28.2926,  5.578557,  1.263,  0.1154,  0.2576,  34.4753,  07 Sep 2017 16:00:05
# 28.2973,  5.579224,  1.373,  0.1156,  0.2926,  34.4765,  07 Sep 2017 16:04:05
# 28.3519,  5.586494,  1.345,  0.1118,  0.2961,  34.4872,  07 Sep 2017 16:08:05
# 28.3510,  5.588229,  1.358,  0.1155,  0.3085,  34.4999,  07 Sep 2017 16:12:05
# 28.3195,  5.585301,  1.370,  0.1106,  0.2797,  34.5026,  07 Sep 2017 16:16:05
# 28.2751,  5.582136,  1.365,  0.1180,  0.2842,  34.5130,  07 Sep 2017 16:20:05
# 28.2405,  5.577269,  1.302,  0.1146,  0.2661,  34.5043,  07 Sep 2017 16:24:05
# 28.2316,  5.576371,  1.322,  0.1143,  0.2661,  34.5046,  07 Sep 2017 16:28:05
# 28.2298,  5.575950,  1.368,  0.1129,  0.3647,  34.5029,  07 Sep 2017 16:32:05
# 28.2595,  5.577269,  1.259,  0.1104,  0.2579,  34.4904,  07 Sep 2017 16:36:05
# 28.2889,  5.578771,  1.468,  0.1205,  0.2640,  34.4794,  07 Sep 2017 16:40:05
# 28.3288,  5.581172,  1.336,  0.1231,  0.2565,  34.4671,  07 Sep 2017 16:44:05
# 28.3580,  5.579995,  1.337,  0.1364,  0.2243,  34.4376,  07 Sep 2017 16:48:05
# 28.3747,  5.579557,  1.315,  0.1411,  0.2306,  34.4224,  07 Sep 2017 16:52:05
# 28.3129,  5.576068,  1.372,  0.1326,  0.2506,  34.4432,  07 Sep 2017 16:56:05
# 28.3042,  5.574319,  1.345,  0.1424,  0.2337,  34.4373,  07 Sep 2017 17:00:05
# 28.3093,  5.573405,  1.313,  0.1279,  0.2373,  34.4273,  07 Sep 2017 17:04:05
# 28.3103,  5.571934,  1.359,  0.1498,  0.2782,  34.4163,  07 Sep 2017 17:08:05
# 28.2933,  5.571688,  1.380,  0.1312,  0.2396,  34.4269,  07 Sep 2017 17:12:05
# 28.2899,  5.571855,  1.367,  0.1291,  0.2698,  34.4306,  07 Sep 2017 17:16:05
# 28.2722,  5.570520,  1.301,  0.1325,  0.2397,  34.4342,  07 Sep 2017 17:20:05
# 28.2472,  5.569948,  1.316,  0.1204,  0.2383,  34.4484,  07 Sep 2017 17:24:05
# 28.2292,  5.568344,  1.279,  0.1204,  0.2350,  34.4504,  07 Sep 2017 17:28:05
# 28.2462,  5.566580,  1.341,  0.1254,  0.2036,  34.4257,  07 Sep 2017 17:32:05
# 28.2722,  5.565229,  1.340,  0.1463,  0.2492,  34.3974,  07 Sep 2017 17:36:05
# 28.2448,  5.565054,  1.350,  0.1327,  0.2457,  34.4161,  07 Sep 2017 17:40:05
# 28.2434,  5.563903,  1.369,  0.1327,  0.2245,  34.4091,  07 Sep 2017 17:44:05
# 28.2352,  5.562561,  1.287,  0.1328,  0.2009,  34.4058,  07 Sep 2017 17:48:05
# 28.2113,  5.562196,  1.370,  0.1303,  0.2541,  34.4206,  07 Sep 2017 17:52:05
# 28.2185,  5.559567,  1.218,  0.1559,  0.2158,  34.3971,  07 Sep 2017 17:56:05
# 28.2101,  5.562807,  1.338,  0.1389,  0.2480,  34.4257,  07 Sep 2017 18:00:05
# 28.1829,  5.562585,  1.279,  0.1426,  0.2408,  34.4440,  07 Sep 2017 18:04:05
# 28.1787,  5.561839,  1.268,  0.1351,  0.2698,  34.4419,  07 Sep 2017 18:08:05
# 28.1829,  5.559592,  1.195,  0.1374,  0.2831,  34.4232,  07 Sep 2017 18:12:05
# 28.1786,  5.557488,  1.322,  0.1315,  0.2541,  34.4116,  07 Sep 2017 18:16:05
# 28.1923,  5.556313,  1.254,  0.1401,  0.2374,  34.3934,  07 Sep 2017 18:20:05
# 28.1892,  5.557670,  1.272,  0.1498,  0.2235,  34.4051,  07 Sep 2017 18:24:05
# 28.1819,  5.558464,  1.295,  0.1498,  0.2422,  34.4160,  07 Sep 2017 18:28:05
# 28.1599,  5.557250,  1.273,  0.1463,  0.2639,  34.4236,  07 Sep 2017 18:32:05
# 28.1466,  5.555559,  1.090,  0.1376,  0.2712,  34.4215,  07 Sep 2017 18:36:05
# 28.1284,  5.554631,  1.265,  0.1402,  0.2673,  34.4283,  07 Sep 2017 18:40:05
# 28.1376,  5.552750,  1.125,  0.1411,  0.2522,  34.4085,  07 Sep 2017 18:44:05
# 28.1583,  5.552043,  1.143,  0.1484,  0.2650,  34.3885,  07 Sep 2017 18:48:05
# 28.1179,  5.551568,  1.173,  0.1486,  0.2647,  34.4146,  07 Sep 2017 18:52:05
# 28.0744,  5.550204,  1.218,  0.1485,  0.3294,  34.4368,  07 Sep 2017 18:56:05
# 28.0583,  5.550165,  1.102,  0.1377,  0.2688,  34.4483,  07 Sep 2017 19:00:05
# 28.0879,  5.550299,  1.118,  0.1474,  0.2409,  34.4277,  07 Sep 2017 19:04:05
# 28.0683,  5.549649,  1.088,  0.1510,  0.2529,  34.4374,  07 Sep 2017 19:08:05
# 28.0702,  5.548776,  1.130,  0.1499,  0.2887,  34.4299,  07 Sep 2017 19:12:05
# 28.0808,  5.548808,  1.151,  0.1602,  0.2901,  34.4224,  07 Sep 2017 19:16:05
# 28.0696,  5.547546,  1.058,  0.1340,  0.2293,  34.4218,  07 Sep 2017 19:20:05
# 28.0508,  5.547364,  1.051,  0.1425,  0.2796,  34.4342,  07 Sep 2017 19:24:05
# 28.0549,  5.548229,  1.128,  0.1523,  0.2459,  34.4373,  07 Sep 2017 19:28:05
# 28.0316,  5.545644,  1.111,  0.1411,  0.2793,  34.4363,  07 Sep 2017 19:32:05
# 28.0754,  5.550053,  1.185,  0.1498,  0.2580,  34.4350,  07 Sep 2017 19:36:05
# 28.0556,  5.549070,  1.116,  0.1327,  0.2544,  34.4426,  07 Sep 2017 19:40:05
# 28.0424,  5.548800,  1.086,  0.1521,  0.2605,  34.4504,  07 Sep 2017 19:44:05
# 28.0205,  5.546318,  1.043,  0.1363,  0.2866,  34.4491,  07 Sep 2017 19:48:05
# 27.9880,  5.543923,  1.066,  0.1241,  0.2471,  34.4561,  07 Sep 2017 19:52:05
# 27.9549,  5.540974,  1.128,  0.1230,  0.2758,  34.4597,  07 Sep 2017 19:56:05
# 27.9417,  5.538271,  1.088,  0.1337,  0.2372,  34.4504,  07 Sep 2017 20:00:05
# 27.9443,  5.537582,  0.973,  0.1413,  0.2697,  34.4437,  07 Sep 2017 20:04:05
# 27.9627,  5.536099,  1.040,  0.1426,  0.2387,  34.4198,  07 Sep 2017 20:08:05
# 27.9593,  5.537264,  1.038,  0.1291,  0.2313,  34.4305,  07 Sep 2017 20:12:05
# 27.9632,  5.536923,  1.022,  0.1375,  0.2517,  34.4252,  07 Sep 2017 20:16:05
# 27.9024,  5.535934,  0.960,  0.1254,  0.2554,  34.4628,  07 Sep 2017 20:20:05
# 27.8927,  5.535498,  0.970,  0.1218,  0.2567,  34.4669,  07 Sep 2017 20:24:05
# 27.9123,  5.536996,  1.025,  0.1266,  0.2818,  34.4630,  07 Sep 2017 20:28:05
# 27.9281,  5.537304,  0.993,  0.1292,  0.2294,  34.4536,  07 Sep 2017 20:32:05
# 27.9067,  5.535141,  1.082,  0.1239,  0.2470,  34.4541,  07 Sep 2017 20:36:05
# 27.9285,  5.534998,  0.977,  0.1437,  0.3022,  34.4371,  07 Sep 2017 20:40:05
# 27.8937,  5.532931,  0.919,  0.1304,  0.2747,  34.4482,  07 Sep 2017 20:44:05
# 27.8837,  5.532305,  0.970,  0.1278,  0.3185,  34.4511,  07 Sep 2017 20:48:05
# 27.8970,  5.531512,  0.920,  0.1363,  0.2807,  34.4358,  07 Sep 2017 20:52:05
# 27.8486,  5.531355,  0.913,  0.1229,  0.3491,  34.4702,  07 Sep 2017 20:56:05
# 27.8732,  5.532170,  0.925,  0.1289,  0.2506,  34.4579,  07 Sep 2017 21:00:05
# 27.8515,  5.531402,  0.930,  0.1216,  0.2517,  34.4684,  07 Sep 2017 21:04:05
# 27.8501,  5.530539,  0.891,  0.1328,  0.3173,  34.4633,  07 Sep 2017 21:08:05
# 27.8652,  5.531014,  0.981,  0.1351,  0.3045,  34.4556,  07 Sep 2017 21:12:05
# 27.8526,  5.529255,  0.905,  0.1268,  0.2712,  34.4525,  07 Sep 2017 21:16:05
# 27.8526,  5.528780,  0.962,  0.1204,  0.2865,  34.4492,  07 Sep 2017 21:20:05
# 27.8430,  5.527458,  0.985,  0.1241,  0.3072,  34.4469,  07 Sep 2017 21:24:05
# 27.8416,  5.527838,  0.953,  0.1231,  0.2662,  34.4506,  07 Sep 2017 21:28:05
# 27.8214,  5.527331,  0.916,  0.1254,  0.3075,  34.4619,  07 Sep 2017 21:32:05
# 27.9029,  5.525500,  0.871,  0.1522,  0.2495,  34.3894,  07 Sep 2017 21:36:05
# 27.8386,  5.524235,  0.816,  0.1228,  0.2735,  34.4275,  07 Sep 2017 21:40:05
# 27.8091,  5.525486,  0.872,  0.1119,  0.2938,  34.4579,  07 Sep 2017 21:44:05
# 27.7938,  5.523784,  0.909,  0.1217,  0.3479,  34.4572,  07 Sep 2017 21:48:05
# 27.7852,  5.523183,  0.831,  0.1228,  0.3173,  34.4593,  07 Sep 2017 21:52:05
# 27.7607,  5.521758,  0.798,  0.1228,  0.3455,  34.4673,  07 Sep 2017 21:56:05
# 27.7535,  5.518774,  0.707,  0.1203,  0.3785,  34.4516,  07 Sep 2017 22:00:05
# 27.7395,  5.518418,  0.903,  0.1169,  0.3452,  34.4594,  07 Sep 2017 22:04:05
# 27.7264,  5.517287,  0.766,  0.1143,  0.3333,  34.4610,  07 Sep 2017 22:08:05
# 27.6972,  5.517564,  0.788,  0.1168,  0.3091,  34.4845,  07 Sep 2017 22:12:05
# 27.7008,  5.515459,  0.817,  0.1141,  0.3760,  34.4670,  07 Sep 2017 22:16:05
# 27.7062,  5.516757,  0.804,  0.1229,  0.3391,  34.4722,  07 Sep 2017 22:20:05
# 27.6951,  5.515056,  0.944,  0.1202,  0.3734,  34.4683,  07 Sep 2017 22:24:05
# 27.6890,  5.514684,  0.900,  0.1180,  0.2699,  34.4702,  07 Sep 2017 22:28:05
# 27.6766,  5.512082,  0.778,  0.1180,  0.2650,  34.4610,  07 Sep 2017 22:32:05
# 27.6699,  5.512264,  0.739,  0.1118,  0.3115,  34.4673,  07 Sep 2017 22:36:05
# 27.6561,  5.510452,  0.712,  0.1106,  0.3539,  34.4646,  07 Sep 2017 22:40:05
# 27.6369,  5.509551,  0.792,  0.1093,  0.3420,  34.4724,  07 Sep 2017 22:44:05
# 27.6311,  5.509923,  0.795,  0.1115,  0.3111,  34.4793,  07 Sep 2017 22:48:05
# 27.6203,  5.509670,  0.787,  0.1155,  0.3101,  34.4855,  07 Sep 2017 22:52:05
# 27.6144,  5.507741,  0.747,  0.1132,  0.3269,  34.4762,  07 Sep 2017 22:56:05
# 27.6180,  5.507385,  0.783,  0.1141,  0.3149,  34.4711,  07 Sep 2017 23:00:05
# 27.5985,  5.505677,  0.755,  0.1109,  0.3113,  34.4733,  07 Sep 2017 23:04:05
# 27.6034,  5.506926,  0.863,  0.1194,  0.3057,  34.4785,  07 Sep 2017 23:08:05
# 27.5822,  5.504863,  0.772,  0.1131,  0.3735,  34.4796,  07 Sep 2017 23:12:05
# 27.5673,  5.503346,  0.662,  0.1143,  0.3304,  34.4799,  07 Sep 2017 23:16:05
# 27.5579,  5.501520,  0.767,  0.1131,  0.2844,  34.4739,  07 Sep 2017 23:20:05
# 27.5478,  5.501568,  0.865,  0.1157,  0.3044,  34.4817,  07 Sep 2017 23:24:05
# 27.5312,  5.499323,  0.848,  0.1082,  0.3379,  34.4781,  07 Sep 2017 23:28:05
# 27.5550,  5.499497,  0.771,  0.1218,  0.2793,  34.4618,  07 Sep 2017 23:32:05
# 27.5339,  5.497688,  0.759,  0.1131,  0.3442,  34.4646,  07 Sep 2017 23:36:05
# 27.5107,  5.496874,  0.717,  0.1132,  0.3197,  34.4759,  07 Sep 2017 23:40:05
# 27.5055,  5.495121,  0.619,  0.1131,  0.5029,  34.4674,  07 Sep 2017 23:44:05
# 27.5035,  5.494741,  0.800,  0.1132,  0.3722,  34.4662,  07 Sep 2017 23:48:05
# 27.4951,  5.495026,  0.753,  0.1096,  0.3101,  34.4743,  07 Sep 2017 23:52:05
# 27.4810,  5.493446,  0.796,  0.1105,  0.3148,  34.4736,  07 Sep 2017 23:56:05
# 27.4857,  5.492435,  0.718,  0.1106,  0.2986,  34.4630,  08 Sep 2017 00:00:05
# 27.4758,  5.492475,  0.816,  0.1070,  0.2987,  34.4706,  08 Sep 2017 00:04:05
# 27.4686,  5.492681,  0.805,  0.1083,  0.3089,  34.4773,  08 Sep 2017 00:08:05
# 27.4942,  5.489324,  0.799,  0.1191,  0.2698,  34.4348,  08 Sep 2017 00:12:05
# 27.4512,  5.488740,  0.875,  0.1082,  0.2937,  34.4622,  08 Sep 2017 00:16:05
# 27.4374,  5.488251,  0.901,  0.1068,  0.3345,  34.4690,  08 Sep 2017 00:20:05
# 27.4387,  5.488748,  0.878,  0.1058,  0.2749,  34.4716,  08 Sep 2017 00:24:05
# 27.4290,  5.487533,  0.899,  0.1022,  0.3307,  34.4701,  08 Sep 2017 00:28:05
# 27.4636,  5.488582,  0.833,  0.1131,  0.2963,  34.4520,  08 Sep 2017 00:32:05
# 27.4326,  5.487288,  0.832,  0.1047,  0.3285,  34.4657,  08 Sep 2017 00:36:05
# 27.4150,  5.486357,  0.869,  0.1045,  0.3258,  34.4721,  08 Sep 2017 00:40:05
# 27.4033,  5.485023,  0.917,  0.1071,  0.3748,  34.4713,  08 Sep 2017 00:44:05
# 27.3959,  5.482205,  0.910,  0.1069,  0.3648,  34.4569,  08 Sep 2017 00:48:05
# 27.3951,  5.480856,  0.914,  0.1093,  0.3249,  34.4478,  08 Sep 2017 00:52:05
# 27.3962,  5.482284,  0.808,  0.1045,  0.3077,  34.4572,  08 Sep 2017 00:56:05
# 27.3959,  5.484099,  0.747,  0.1034,  0.3566,  34.4703,  08 Sep 2017 01:00:05
# 27.3814,  5.483082,  0.959,  0.1043,  0.2948,  34.4737,  08 Sep 2017 01:04:05
# 27.3739,  5.481085,  0.964,  0.1032,  0.2961,  34.4651,  08 Sep 2017 01:08:05
# 27.4026,  5.479672,  0.846,  0.1093,  0.2653,  34.4340,  08 Sep 2017 01:12:05
# 27.3738,  5.478797,  0.959,  0.1070,  0.3010,  34.4490,  08 Sep 2017 01:16:05
# 27.3743,  5.479886,  0.989,  0.1048,  0.2974,  34.4563,  08 Sep 2017 01:20:05
# 27.3533,  5.478932,  0.856,  0.1083,  0.3088,  34.4651,  08 Sep 2017 01:24:05
# 27.3403,  5.477993,  0.856,  0.1058,  0.2697,  34.4680,  08 Sep 2017 01:28:05
# 27.3445,  5.477496,  0.841,  0.1069,  0.2735,  34.4614,  08 Sep 2017 01:32:05
# 27.3408,  5.477299,  0.919,  0.1056,  0.3221,  34.4627,  08 Sep 2017 01:36:05
# 27.3405,  5.478182,  0.928,  0.1032,  0.3344,  34.4693,  08 Sep 2017 01:40:05
# 27.3361,  5.478348,  1.019,  0.1048,  0.2734,  34.4736,  08 Sep 2017 01:44:05
# 27.3400,  5.477070,  0.830,  0.1057,  0.3023,  34.4618,  08 Sep 2017 01:48:05
# 27.3318,  5.475303,  0.884,  0.1058,  0.2963,  34.4553,  08 Sep 2017 01:52:05
# 27.3210,  5.476873,  1.002,  0.1093,  0.2866,  34.4744,  08 Sep 2017 01:56:05
# 27.3157,  5.476503,  0.945,  0.1020,  0.3021,  34.4757,  08 Sep 2017 02:00:05
# 27.3414,  5.476628,  1.080,  0.1096,  0.3320,  34.4575,  08 Sep 2017 02:04:05
# 27.3272,  5.475572,  1.013,  0.1083,  0.3246,  34.4605,  08 Sep 2017 02:08:05
# 27.3312,  5.475540,  1.087,  0.1107,  0.2675,  34.4573,  08 Sep 2017 02:12:05
# 27.3009,  5.474760,  1.003,  0.1044,  0.3272,  34.4742,  08 Sep 2017 02:16:05
# 27.2783,  5.472749,  1.116,  0.1022,  0.3140,  34.4766,  08 Sep 2017 02:20:05
# 27.3431,  5.472377,  1.012,  0.1118,  0.3010,  34.4262,  08 Sep 2017 02:24:05
# 27.3451,  5.473671,  1.066,  0.1070,  0.3056,  34.4338,  08 Sep 2017 02:28:05
# 27.3328,  5.472985,  1.083,  0.1044,  0.2940,  34.4381,  08 Sep 2017 02:32:05
# 27.3340,  5.473403,  1.042,  0.1070,  0.2866,  34.4402,  08 Sep 2017 02:36:05
# 27.3136,  5.473553,  1.029,  0.1056,  0.2831,  34.4562,  08 Sep 2017 02:40:05
# 27.2933,  5.471456,  1.062,  0.1006,  0.3223,  34.4564,  08 Sep 2017 02:44:05
# 27.2982,  5.472370,  1.061,  0.1057,  0.3259,  34.4592,  08 Sep 2017 02:48:05
# 27.3061,  5.474862,  1.095,  0.1019,  0.2602,  34.4711,  08 Sep 2017 02:52:05
# 27.3086,  5.475809,  1.206,  0.1069,  0.4415,  34.4759,  08 Sep 2017 02:56:05
# 27.3086,  5.475564,  1.026,  0.1069,  0.3124,  34.4742,  08 Sep 2017 03:00:05
# 27.2924,  5.473553,  1.126,  0.1058,  0.2820,  34.4719,  08 Sep 2017 03:04:05
# 27.3029,  5.474594,  1.161,  0.1045,  0.3076,  34.4715,  08 Sep 2017 03:08:05
# 27.3016,  5.474145,  1.084,  0.1045,  0.2664,  34.4693,  08 Sep 2017 03:12:05
# 27.3047,  5.473963,  1.168,  0.1058,  0.2650,  34.4657,  08 Sep 2017 03:16:05
# 27.3318,  5.473955,  1.027,  0.1105,  0.2772,  34.4457,  08 Sep 2017 03:20:05
# 27.3188,  5.474586,  1.075,  0.1045,  0.2579,  34.4597,  08 Sep 2017 03:24:05
# 27.3056,  5.474712,  1.210,  0.1032,  0.2690,  34.4704,  08 Sep 2017 03:28:05
# 27.3038,  5.474358,  1.203,  0.1034,  0.2471,  34.4692,  08 Sep 2017 03:32:05
# 27.2858,  5.473207,  1.185,  0.1045,  0.2653,  34.4743,  08 Sep 2017 03:36:05
# 27.2758,  5.472749,  1.150,  0.1034,  0.3011,  34.4785,  08 Sep 2017 03:40:05
# 27.2699,  5.472355,  1.068,  0.1070,  0.2996,  34.4800,  08 Sep 2017 03:44:05
# 27.2567,  5.471157,  1.152,  0.1056,  0.2892,  34.4813,  08 Sep 2017 03:48:05
# 27.2616,  5.471157,  1.176,  0.1043,  0.2532,  34.4776,  08 Sep 2017 03:52:05
# 27.2744,  5.469635,  1.142,  0.1105,  0.2712,  34.4575,  08 Sep 2017 03:56:05
# 27.2853,  5.468799,  1.205,  0.1044,  0.2471,  34.4434,  08 Sep 2017 04:00:05
# 27.2919,  5.471235,  1.233,  0.1057,  0.2470,  34.4558,  08 Sep 2017 04:04:05
# 27.2904,  5.472560,  1.180,  0.1055,  0.2541,  34.4663,  08 Sep 2017 04:08:05
# 27.2813,  5.471606,  1.260,  0.1057,  0.2663,  34.4662,  08 Sep 2017 04:12:05
# 27.2927,  5.470328,  1.245,  0.1107,  0.2844,  34.4488,  08 Sep 2017 04:16:05
# 27.2969,  5.469169,  1.226,  0.1093,  0.2604,  34.4375,  08 Sep 2017 04:20:05
# 27.2736,  5.470747,  1.265,  0.1094,  0.2773,  34.4658,  08 Sep 2017 04:24:05
# 27.2550,  5.467988,  1.152,  0.1096,  0.3046,  34.4600,  08 Sep 2017 04:28:05
# 27.3043,  5.466481,  1.298,  0.1179,  0.2544,  34.4130,  08 Sep 2017 04:32:05
# 27.2946,  5.467159,  1.276,  0.1118,  0.2469,  34.4249,  08 Sep 2017 04:36:05
# 27.2998,  5.468649,  1.151,  0.1106,  0.2628,  34.4317,  08 Sep 2017 04:40:05
# 27.2996,  5.469414,  1.213,  0.1131,  0.2663,  34.4372,  08 Sep 2017 04:44:05
# 27.3305,  5.471597,  1.216,  0.1120,  0.2515,  34.4299,  08 Sep 2017 04:48:05
# 27.3336,  5.473080,  1.238,  0.1157,  0.2338,  34.4381,  08 Sep 2017 04:52:05
# 27.3314,  5.472709,  1.212,  0.1133,  0.2715,  34.4371,  08 Sep 2017 04:56:05
# 27.3378,  5.473647,  1.312,  0.1179,  0.2688,  34.4390,  08 Sep 2017 05:00:05
# 27.3313,  5.473513,  1.173,  0.1117,  0.2469,  34.4429,  08 Sep 2017 05:04:05
# 27.3380,  5.473253,  1.243,  0.1142,  0.2577,  34.4360,  08 Sep 2017 05:08:05
# 27.3376,  5.473143,  1.325,  0.1154,  0.3088,  34.4356,  08 Sep 2017 05:12:05
# 27.3364,  5.471960,  1.304,  0.1144,  0.2661,  34.4281,  08 Sep 2017 05:16:05
# 27.3305,  5.472496,  1.337,  0.1134,  0.2566,  34.4362,  08 Sep 2017 05:20:05
# 27.3201,  5.474129,  1.299,  0.1095,  0.2482,  34.4554,  08 Sep 2017 05:24:05
# 27.3127,  5.473829,  1.294,  0.1133,  0.2808,  34.4588,  08 Sep 2017 05:28:05
# 27.3020,  5.472047,  1.224,  0.1144,  0.2603,  34.4541,  08 Sep 2017 05:32:05
# 27.2932,  5.471022,  1.119,  0.1168,  0.2950,  34.4534,  08 Sep 2017 05:36:05
# 27.2964,  5.470786,  1.330,  0.1157,  0.2792,  34.4492,  08 Sep 2017 05:40:05
# 27.3171,  5.469626,  1.243,  0.1157,  0.2458,  34.4258,  08 Sep 2017 05:44:05
# 27.4375,  5.472131,  1.290,  0.1326,  0.2316,  34.3549,  08 Sep 2017 05:48:05
# 27.4037,  5.473859,  1.287,  0.1270,  0.2604,  34.3919,  08 Sep 2017 05:52:05
# 27.3715,  5.475965,  1.240,  0.1218,  0.2677,  34.4306,  08 Sep 2017 05:56:05
# 27.3494,  5.475256,  1.183,  0.1233,  0.2782,  34.4419,  08 Sep 2017 06:00:05
# 27.3330,  5.474428,  1.263,  0.1204,  0.3008,  34.4481,  08 Sep 2017 06:04:05
# 27.3182,  5.472906,  1.195,  0.1157,  0.3295,  34.4482,  08 Sep 2017 06:08:05
# 27.3307,  5.474941,  1.221,  0.1229,  0.3069,  34.4534,  08 Sep 2017 06:12:05
# 27.3746,  5.475658,  1.218,  0.1306,  0.2881,  34.4261,  08 Sep 2017 06:16:05
# 27.3657,  5.474767,  1.246,  0.1305,  0.3010,  34.4263,  08 Sep 2017 06:20:05
# 27.3549,  5.471660,  1.214,  0.1244,  0.2818,  34.4123,  08 Sep 2017 06:24:05
# 27.3395,  5.472811,  1.174,  0.1218,  0.2709,  34.4319,  08 Sep 2017 06:28:05
# 27.3937,  5.474703,  1.164,  0.1265,  0.2842,  34.4053,  08 Sep 2017 06:32:05
# 27.3674,  5.474246,  1.217,  0.1269,  0.2937,  34.4214,  08 Sep 2017 06:36:05
# 27.3117,  5.472370,  1.076,  0.1221,  0.2986,  34.4493,  08 Sep 2017 06:40:05
# 27.3019,  5.471235,  1.190,  0.1231,  0.2998,  34.4485,  08 Sep 2017 06:44:05
# 27.3132,  5.471337,  1.214,  0.1203,  0.2879,  34.4408,  08 Sep 2017 06:48:05
# 27.4109,  5.474198,  1.143,  0.1343,  0.2987,  34.3891,  08 Sep 2017 06:52:05
# 27.4107,  5.475539,  1.229,  0.1341,  0.2640,  34.3987,  08 Sep 2017 06:56:05
# 27.3973,  5.475216,  1.179,  0.1327,  0.2734,  34.4063,  08 Sep 2017 07:00:05
# 27.3789,  5.473497,  1.130,  0.1270,  0.2890,  34.4077,  08 Sep 2017 07:04:05
# 27.3848,  5.474940,  1.163,  0.1268,  0.2831,  34.4136,  08 Sep 2017 07:08:05
# 27.3797,  5.474388,  1.097,  0.1231,  0.2615,  34.4134,  08 Sep 2017 07:12:05
# 27.3667,  5.473852,  1.194,  0.1217,  0.2950,  34.4192,  08 Sep 2017 07:16:05
# 27.3420,  5.473158,  1.086,  0.1257,  0.3021,  34.4325,  08 Sep 2017 07:20:05
# 27.3314,  5.472859,  1.121,  0.1218,  0.3088,  34.4382,  08 Sep 2017 07:24:05
# 27.3408,  5.473750,  1.094,  0.1170,  0.2794,  34.4376,  08 Sep 2017 07:28:05
# 27.3424,  5.473789,  1.103,  0.1215,  0.2784,  34.4367,  08 Sep 2017 07:32:05
# 27.3362,  5.473513,  1.133,  0.1239,  0.3234,  34.4392,  08 Sep 2017 07:36:05
# 27.3421,  5.472551,  1.138,  0.1215,  0.3513,  34.4281,  08 Sep 2017 07:40:05
# 27.3498,  5.473040,  1.111,  0.1956,  0.3020,  34.4259,  08 Sep 2017 07:44:05
# 27.3436,  5.473253,  1.067,  0.1179,  0.3046,  34.4320,  08 Sep 2017 07:48:05
# 27.3457,  5.473300,  1.101,  0.1134,  0.2961,  34.4307,  08 Sep 2017 07:52:05
# 27.3388,  5.473829,  1.083,  0.1178,  0.3069,  34.4396,  08 Sep 2017 07:56:05
# 27.3414,  5.473119,  1.159,  0.1205,  0.3271,  34.4326,  08 Sep 2017 08:00:05
# 27.3423,  5.473292,  1.197,  0.1180,  0.3201,  34.4332,  08 Sep 2017 08:04:05
# 27.2931,  5.469682,  1.146,  0.1142,  0.4650,  34.4440,  08 Sep 2017 08:08:05
# 27.2916,  5.469926,  1.158,  0.1141,  0.3699,  34.4467,  08 Sep 2017 08:12:05
# 27.3253,  5.470698,  1.127,  0.1170,  0.3248,  34.4274,  08 Sep 2017 08:16:05
# 27.3426,  5.470966,  1.192,  0.1132,  0.3075,  34.4165,  08 Sep 2017 08:20:05
# 27.3043,  5.471117,  1.065,  0.1103,  0.3809,  34.4459,  08 Sep 2017 08:24:05
# 27.3346,  5.471337,  0.969,  0.1158,  0.4134,  34.4251,  08 Sep 2017 08:28:05
# 27.3553,  5.473655,  1.070,  0.1160,  0.3638,  34.4262,  08 Sep 2017 08:32:05
# 27.3618,  5.474901,  1.039,  0.1105,  0.3466,  34.4303,  08 Sep 2017 08:36:05
# 27.3996,  5.475626,  1.122,  0.1143,  0.3526,  34.4075,  08 Sep 2017 08:40:05
# 27.3738,  5.474995,  1.127,  0.1034,  0.3115,  34.4220,  08 Sep 2017 08:44:05
# 27.3401,  5.474625,  1.082,  0.1032,  0.3150,  34.4443,  08 Sep 2017 08:48:05
# 27.3342,  5.474775,  0.805,  0.1068,  0.3553,  34.4498,  08 Sep 2017 08:52:05
# 27.3478,  5.475232,  0.962,  0.1094,  0.3649,  34.4429,  08 Sep 2017 08:56:05
# 27.3689,  5.477298,  1.055,  0.1032,  0.3127,  34.4420,  08 Sep 2017 09:00:05
# 27.3684,  5.478008,  1.048,  0.1032,  0.3466,  34.4474,  08 Sep 2017 09:04:05
# 27.4465,  5.481542,  1.028,  0.1069,  0.3187,  34.4148,  08 Sep 2017 09:08:05
# 27.4540,  5.481928,  0.979,  0.1059,  0.4747,  34.4120,  08 Sep 2017 09:12:05
# 27.4101,  5.480453,  0.942,  0.1057,  0.3651,  34.4340,  08 Sep 2017 09:16:05
# 27.3801,  5.479034,  1.018,  0.1057,  0.3673,  34.4460,  08 Sep 2017 09:20:05
# 27.3811,  5.479633,  0.965,  0.1118,  0.4181,  34.4495,  08 Sep 2017 09:24:05
# 27.4674,  5.486237,  0.914,  0.0994,  0.4339,  34.4326,  08 Sep 2017 09:28:05
# 27.4428,  5.483965,  0.928,  0.1083,  0.4010,  34.4347,  08 Sep 2017 09:32:05
# 27.4464,  5.484359,  0.902,  0.1093,  0.4606,  34.4348,  08 Sep 2017 09:36:05
# 27.4648,  5.486640,  0.871,  0.0996,  0.4387,  34.4374,  08 Sep 2017 09:40:05
# 27.4493,  5.486222,  0.993,  0.1033,  0.3875,  34.4458,  08 Sep 2017 09:44:05
# 27.4410,  5.486277,  0.741,  0.1009,  0.4108,  34.4524,  08 Sep 2017 09:48:05
# 27.4624,  5.488685,  0.942,  0.1012,  0.4392,  34.4536,  08 Sep 2017 09:52:05
# 27.4626,  5.488401,  0.874,  0.1068,  0.3590,  34.4515,  08 Sep 2017 09:56:05
# 27.5065,  5.493122,  0.909,  0.0981,  0.3913,  34.4525,  08 Sep 2017 10:00:05
# 27.4830,  5.490406,  0.945,  0.1033,  0.4171,  34.4506,  08 Sep 2017 10:04:05
# 27.4616,  5.490082,  0.843,  0.0973,  0.3787,  34.4641,  08 Sep 2017 10:08:05
# 27.4870,  5.492554,  0.750,  0.1009,  0.4858,  34.4628,  08 Sep 2017 10:12:05
# 27.5107,  5.496100,  0.817,  0.0982,  0.4675,  34.4704,  08 Sep 2017 10:16:05
# 27.5248,  5.497111,  0.786,  0.0971,  0.3925,  34.4672,  08 Sep 2017 10:20:05
# 27.5409,  5.498628,  0.816,  0.0980,  0.4035,  34.4660,  08 Sep 2017 10:24:05
# 27.5978,  5.503258,  0.740,  0.0972,  0.4547,  34.4568,  08 Sep 2017 10:28:05
# 27.5850,  5.501820,  0.864,  0.0971,  0.4098,  34.4560,  08 Sep 2017 10:32:05
# 27.5266,  5.498984,  0.885,  0.0958,  0.3528,  34.4790,  08 Sep 2017 10:36:05
# 27.5706,  5.503030,  0.877,  0.0981,  0.4536,  34.4752,  08 Sep 2017 10:40:05
# 27.5510,  5.502587,  0.824,  0.0981,  0.5232,  34.4865,  08 Sep 2017 10:44:05
# 27.5684,  5.504334,  0.701,  0.1054,  0.5849,  34.4860,  08 Sep 2017 10:48:05
# 27.6105,  5.507836,  0.900,  0.1007,  0.5222,  34.4797,  08 Sep 2017 10:52:05
# 27.6184,  5.507495,  0.746,  0.0970,  0.4487,  34.4715,  08 Sep 2017 10:56:05
# 27.6530,  5.510571,  0.879,  0.0945,  0.4071,  34.4677,  08 Sep 2017 11:00:05
# 27.6344,  5.509804,  0.731,  0.0970,  0.3710,  34.4761,  08 Sep 2017 11:04:05
# 27.6125,  5.509417,  0.879,  0.0983,  0.3307,  34.4894,  08 Sep 2017 11:08:05
# 27.6483,  5.512731,  0.923,  0.0958,  0.4073,  34.4863,  08 Sep 2017 11:12:05
# 27.7089,  5.519155,  0.807,  0.0970,  0.4206,  34.4871,  08 Sep 2017 11:16:05
# 27.6855,  5.519646,  0.951,  0.0871,  0.3477,  34.5077,  08 Sep 2017 11:20:05
# 27.7008,  5.521656,  0.791,  0.0919,  0.3514,  34.5106,  08 Sep 2017 11:24:05
# 27.7205,  5.522970,  0.708,  0.0906,  0.3539,  34.5054,  08 Sep 2017 11:28:05
# 27.7428,  5.524735,  0.763,  0.0919,  0.3307,  34.5014,  08 Sep 2017 11:32:05
# 27.7813,  5.528187,  0.988,  0.0883,  0.2951,  34.4973,  08 Sep 2017 11:36:05
# 27.7190,  5.524094,  0.885,  0.0908,  0.3529,  34.5144,  08 Sep 2017 11:40:05
# 27.7778,  5.529035,  0.873,  0.0896,  0.3162,  34.5058,  08 Sep 2017 11:44:05
# 27.7881,  5.529898,  0.806,  0.0871,  0.3368,  34.5044,  08 Sep 2017 11:48:05
# 27.7616,  5.526240,  0.972,  0.0935,  0.3185,  34.4981,  08 Sep 2017 11:52:05
# 27.7689,  5.527760,  0.766,  0.0934,  0.3513,  34.5035,  08 Sep 2017 11:56:05
# 27.7963,  5.530611,  0.691,  0.0909,  0.3647,  34.5034,  08 Sep 2017 12:00:05
# 27.8275,  5.534001,  0.807,  0.0884,  0.2971,  34.5043,  08 Sep 2017 12:04:05
# 27.8473,  5.534841,  0.877,  0.0919,  0.3676,  34.4956,  08 Sep 2017 12:08:05
# 27.8926,  5.539192,  0.902,  0.0858,  0.3366,  34.4929,  08 Sep 2017 12:12:05
# 27.7804,  5.531736,  0.740,  0.0883,  0.3503,  34.5230,  08 Sep 2017 12:16:05
# 27.8392,  5.536569,  0.932,  0.0871,  0.3308,  34.5136,  08 Sep 2017 12:20:05
# 27.8920,  5.540111,  0.967,  0.0870,  0.3393,  34.4998,  08 Sep 2017 12:24:05
# 27.8832,  5.540000,  0.839,  0.0883,  0.2993,  34.5054,  08 Sep 2017 12:28:05
# 27.8571,  5.538820,  0.889,  0.0932,  0.3538,  34.5163,  08 Sep 2017 12:32:05
# 27.9252,  5.545066,  0.885,  0.0897,  0.3053,  34.5101,  08 Sep 2017 12:36:05
# 27.9578,  5.548445,  0.977,  0.0909,  0.3674,  34.5099,  08 Sep 2017 12:40:05
# 27.9984,  5.553062,  0.784,  0.0858,  0.4978,  34.5125,  08 Sep 2017 12:44:05
# 28.0079,  5.554181,  0.754,  0.0880,  0.3600,  34.5134,  08 Sep 2017 12:48:05
# 27.9530,  5.547913,  0.823,  0.0900,  0.3285,  34.5097,  08 Sep 2017 12:52:05
# 28.0274,  5.555808,  0.972,  0.0884,  0.3333,  34.5104,  08 Sep 2017 12:56:05
# 28.0059,  5.551935,  0.899,  0.0868,  0.3490,  34.4991,  08 Sep 2017 13:00:05
# 27.9114,  5.545305,  0.907,  0.0884,  0.2986,  34.5220,  08 Sep 2017 13:04:05
# 28.0253,  5.552657,  0.867,  0.0945,  0.2831,  34.4900,  08 Sep 2017 13:08:05
# 28.0384,  5.555704,  0.847,  0.0922,  0.3151,  34.5017,  08 Sep 2017 13:12:05
# 28.0186,  5.555244,  0.883,  0.0858,  0.3233,  34.5129,  08 Sep 2017 13:16:05
# 28.0741,  5.559752,  0.846,  0.0946,  0.3233,  34.5038,  08 Sep 2017 13:20:05
# 28.0734,  5.559713,  1.005,  0.0945,  0.3185,  34.5040,  08 Sep 2017 13:24:05
# 28.1107,  5.563857,  0.946,  0.0921,  0.3136,  34.5057,  08 Sep 2017 13:28:05
# 28.0908,  5.562936,  0.979,  0.0945,  0.3611,  34.5138,  08 Sep 2017 13:32:05
# 28.1117,  5.565430,  0.952,  0.0896,  0.2925,  34.5160,  08 Sep 2017 13:36:05
# 28.1592,  5.569410,  1.064,  0.0945,  0.2888,  34.5089,  08 Sep 2017 13:40:05
# 28.2292,  5.578025,  0.993,  0.0935,  0.3597,  34.5179,  08 Sep 2017 13:44:05
# 28.2330,  5.578001,  0.882,  0.0956,  0.3761,  34.5150,  08 Sep 2017 13:48:05
# 28.2117,  5.574503,  1.071,  0.0882,  0.2973,  34.5061,  08 Sep 2017 13:52:05
# 28.1613,  5.568218,  0.986,  0.0954,  0.3112,  34.4991,  08 Sep 2017 13:56:05
