# 25.5192,  5.252978,  0.876,  0.0897,  0.2110,  34.2046,  03 Dec 2017 14:02:57
# 25.5499,  5.253713,  0.876,  0.0934,  0.2145,  34.1869,  03 Dec 2017 14:06:57
# 25.5118,  5.256875,  0.875,  0.0935,  0.2663,  34.2387,  03 Dec 2017 14:10:57
# 25.4833,  5.258999,  0.882,  0.0961,  0.2602,  34.2757,  03 Dec 2017 14:14:57
# 25.4843,  5.259557,  0.888,  0.0949,  0.2710,  34.2790,  03 Dec 2017 14:18:57
# 25.4904,  5.259719,  0.893,  0.0935,  0.2326,  34.2756,  03 Dec 2017 14:22:57
# 25.5016,  5.256333,  0.891,  0.1026,  0.2254,  34.2424,  03 Dec 2017 14:26:57
# 25.4915,  5.254032,  0.894,  0.0996,  0.2375,  34.2331,  03 Dec 2017 14:30:57
# 25.5008,  5.252916,  0.903,  0.0986,  0.2070,  34.2180,  03 Dec 2017 14:34:57
# 25.5055,  5.254233,  0.902,  0.0984,  0.2313,  34.2241,  03 Dec 2017 14:38:57
# 25.5137,  5.255395,  0.905,  0.0950,  0.2615,  34.2264,  03 Dec 2017 14:42:57
# 25.5278,  5.257208,  0.897,  0.0948,  0.2436,  34.2290,  03 Dec 2017 14:46:57
# 25.5315,  5.256727,  0.908,  0.1009,  0.2481,  34.2228,  03 Dec 2017 14:50:57
# 25.5308,  5.256704,  0.912,  0.1012,  0.2599,  34.2231,  03 Dec 2017 14:54:57
# 25.5242,  5.253047,  0.910,  0.1024,  0.2325,  34.2013,  03 Dec 2017 14:58:57
# 25.5299,  5.254333,  0.916,  0.0985,  0.2423,  34.2065,  03 Dec 2017 15:02:57
# 25.5357,  5.248222,  0.922,  0.1048,  0.2072,  34.1573,  03 Dec 2017 15:06:57
# 25.5336,  5.248958,  0.923,  0.1083,  0.2283,  34.1643,  03 Dec 2017 15:10:57
# 25.5284,  5.253566,  0.923,  0.0985,  0.2306,  34.2020,  03 Dec 2017 15:14:57
# 25.5298,  5.256650,  0.926,  0.0983,  0.2383,  34.2235,  03 Dec 2017 15:18:57
# 25.5317,  5.257308,  0.930,  0.1010,  0.2338,  34.2269,  03 Dec 2017 15:22:57
# 25.5331,  5.258355,  0.933,  0.1035,  0.2409,  34.2334,  03 Dec 2017 15:26:57
# 25.5318,  5.256960,  0.939,  0.0988,  0.2345,  34.2242,  03 Dec 2017 15:30:57
# 25.5460,  5.266138,  0.938,  0.1036,  0.2591,  34.2807,  03 Dec 2017 15:34:57
# 25.5527,  5.267960,  0.940,  0.1021,  0.2566,  34.2890,  03 Dec 2017 15:38:57
# 25.5605,  5.269108,  0.940,  0.0995,  0.2552,  34.2916,  03 Dec 2017 15:42:57
# 25.5641,  5.268534,  0.944,  0.0949,  0.2061,  34.2846,  03 Dec 2017 15:46:57
# 25.5564,  5.263075,  0.945,  0.1073,  0.2635,  34.2505,  03 Dec 2017 15:50:57
# 25.5538,  5.262672,  0.946,  0.1046,  0.2555,  34.2495,  03 Dec 2017 15:54:57
# 25.5573,  5.264160,  0.944,  0.1109,  0.2589,  34.2577,  03 Dec 2017 15:58:57
# 25.5678,  5.267743,  0.944,  0.1096,  0.2651,  34.2760,  03 Dec 2017 16:02:57
# 25.5680,  5.271831,  0.950,  0.1070,  0.2817,  34.3058,  03 Dec 2017 16:06:57
# 25.5597,  5.266797,  0.950,  0.1109,  0.2457,  34.2752,  03 Dec 2017 16:10:57
# 25.5560,  5.263680,  0.949,  0.1099,  0.2460,  34.2552,  03 Dec 2017 16:14:57
# 25.5562,  5.266634,  0.946,  0.1083,  0.2625,  34.2767,  03 Dec 2017 16:18:57
# 25.5540,  5.270481,  0.947,  0.1083,  0.2696,  34.3065,  03 Dec 2017 16:22:57
# 25.5535,  5.272149,  0.950,  0.1072,  0.2528,  34.3191,  03 Dec 2017 16:26:57
# 25.5504,  5.271761,  0.945,  0.1024,  0.2467,  34.3186,  03 Dec 2017 16:30:57
# 25.5216,  5.264541,  0.944,  0.1049,  0.2325,  34.2874,  03 Dec 2017 16:34:57
# 25.5171,  5.260316,  0.955,  0.1085,  0.2283,  34.2598,  03 Dec 2017 16:38:57
# 25.5247,  5.262447,  0.945,  0.1134,  0.2505,  34.2698,  03 Dec 2017 16:42:57
# 25.5109,  5.259107,  0.945,  0.1061,  0.2121,  34.2557,  03 Dec 2017 16:46:57
# 25.4998,  5.252227,  0.944,  0.1048,  0.2305,  34.2137,  03 Dec 2017 16:50:57
# 25.5035,  5.253381,  0.940,  0.1034,  0.2033,  34.2193,  03 Dec 2017 16:54:57
# 25.4883,  5.249593,  0.930,  0.1083,  0.2122,  34.2030,  03 Dec 2017 16:58:57
# 25.4774,  5.245273,  0.926,  0.1096,  0.2086,  34.1795,  03 Dec 2017 17:02:57
# 25.4592,  5.239159,  0.926,  0.1083,  0.2022,  34.1484,  03 Dec 2017 17:06:57
# 25.4539,  5.239267,  0.912,  0.1081,  0.2048,  34.1532,  03 Dec 2017 17:10:57
# 25.4280,  5.233760,  0.881,  0.1134,  0.2121,  34.1323,  03 Dec 2017 17:14:57
# 25.3990,  5.226052,  0.891,  0.1119,  0.1923,  34.0975,  03 Dec 2017 17:18:57
# 25.3874,  5.226863,  0.851,  0.1085,  0.2036,  34.1123,  03 Dec 2017 17:22:57
# 25.3743,  5.217924,  0.887,  0.1184,  0.2000,  34.0564,  03 Dec 2017 17:26:57
# 25.4003,  5.221376,  0.878,  0.1173,  0.1851,  34.0623,  03 Dec 2017 17:30:57
# 25.3839,  5.217607,  0.838,  0.1220,  0.2033,  34.0470,  03 Dec 2017 17:34:57
# 25.4402,  5.230303,  0.864,  0.1221,  0.2302,  34.0978,  03 Dec 2017 17:38:57
# 25.4286,  5.232955,  0.836,  0.1182,  0.2469,  34.1260,  03 Dec 2017 17:42:57
# 25.4316,  5.239244,  0.852,  0.1147,  0.2193,  34.1698,  03 Dec 2017 17:46:57
# 25.4197,  5.240135,  0.851,  0.1221,  0.2087,  34.1853,  03 Dec 2017 17:50:57
# 25.3587,  5.223633,  0.829,  0.1208,  0.1948,  34.1101,  03 Dec 2017 17:54:57
# 25.3981,  5.234394,  0.836,  0.1147,  0.2507,  34.1594,  03 Dec 2017 17:58:57
# 25.4527,  5.256054,  0.820,  0.1207,  0.2984,  34.2772,  03 Dec 2017 18:02:57
# 25.4573,  5.261976,  0.800,  0.1268,  0.2914,  34.3171,  03 Dec 2017 18:06:57
# 25.4325,  5.255605,  0.802,  0.1405,  0.3079,  34.2891,  03 Dec 2017 18:10:57
# 25.4360,  5.257868,  0.804,  0.1283,  0.2718,  34.3031,  03 Dec 2017 18:14:57
# 25.3816,  5.240398,  0.786,  0.1331,  0.2434,  34.2159,  03 Dec 2017 18:18:57
# 25.3379,  5.228140,  0.777,  0.1340,  0.2399,  34.1588,  03 Dec 2017 18:22:57
# 25.3661,  5.234070,  0.779,  0.1246,  0.2292,  34.1811,  03 Dec 2017 18:26:57
# 25.4147,  5.251539,  0.774,  0.1157,  0.3043,  34.2728,  03 Dec 2017 18:30:57
# 25.3926,  5.248735,  0.779,  0.1157,  0.2408,  34.2688,  03 Dec 2017 18:34:57
# 25.3103,  5.230034,  0.743,  0.1158,  0.2506,  34.1935,  03 Dec 2017 18:38:57
# 25.2703,  5.216991,  0.758,  0.1305,  0.2181,  34.1278,  03 Dec 2017 18:42:57
# 25.3253,  5.230529,  0.741,  0.1185,  0.2432,  34.1858,  03 Dec 2017 18:46:57
# 25.3524,  5.240995,  0.719,  0.1232,  0.2432,  34.2424,  03 Dec 2017 18:50:57
# 25.3007,  5.229787,  0.705,  0.1305,  0.2665,  34.1990,  03 Dec 2017 18:54:57
# 25.3118,  5.232694,  0.715,  0.1267,  0.2515,  34.2120,  03 Dec 2017 18:58:57
# 25.3289,  5.241041,  0.683,  0.1218,  0.2710,  34.2604,  03 Dec 2017 19:02:57
# 25.2848,  5.229656,  0.671,  0.1197,  0.2296,  34.2100,  03 Dec 2017 19:06:57
# 25.2489,  5.223674,  0.686,  0.1197,  0.2157,  34.1930,  03 Dec 2017 19:10:57
# 25.2315,  5.214674,  0.670,  0.1119,  0.2258,  34.1400,  03 Dec 2017 19:14:57
# 25.1947,  5.215100,  0.675,  0.1013,  0.2168,  34.1708,  03 Dec 2017 19:18:57
# 25.2950,  5.238481,  0.644,  0.1170,  0.2733,  34.2672,  03 Dec 2017 19:22:57
# 25.3095,  5.242961,  0.632,  0.1146,  0.2781,  34.2892,  03 Dec 2017 19:26:57
# 25.2966,  5.242265,  0.640,  0.1196,  0.2614,  34.2938,  03 Dec 2017 19:30:57
# 25.3042,  5.244595,  0.648,  0.1170,  0.2349,  34.3052,  03 Dec 2017 19:34:57
# 25.2941,  5.244122,  0.632,  0.1133,  0.2876,  34.3094,  03 Dec 2017 19:38:57
# 25.2403,  5.234614,  0.620,  0.1134,  0.2268,  34.2801,  03 Dec 2017 19:42:57
# 25.2018,  5.219270,  0.614,  0.1220,  0.2540,  34.1962,  03 Dec 2017 19:46:57
# 25.2159,  5.223883,  0.615,  0.1156,  0.2457,  34.2195,  03 Dec 2017 19:50:57
# 25.2307,  5.229023,  0.608,  0.1146,  0.2816,  34.2462,  03 Dec 2017 19:54:57
# 25.2300,  5.229951,  0.615,  0.1112,  0.2700,  34.2535,  03 Dec 2017 19:58:57
# 25.2478,  5.235279,  0.616,  0.1135,  0.2469,  34.2793,  03 Dec 2017 20:02:57
# 25.2094,  5.232642,  0.615,  0.1208,  0.2467,  34.2889,  03 Dec 2017 20:06:57
# 25.1553,  5.215772,  0.672,  0.1331,  0.2325,  34.2055,  03 Dec 2017 20:10:57
# 25.1465,  5.214614,  0.608,  0.1232,  0.2529,  34.2036,  03 Dec 2017 20:14:57
# 25.1702,  5.221851,  0.620,  0.1268,  0.3686,  34.2390,  03 Dec 2017 20:18:57
# 25.1714,  5.223737,  0.606,  0.1294,  0.2734,  34.2521,  03 Dec 2017 20:22:57
# 25.1611,  5.224185,  0.618,  0.1219,  0.2673,  34.2632,  03 Dec 2017 20:26:57
# 25.1529,  5.224046,  0.579,  0.1221,  0.2881,  34.2684,  03 Dec 2017 20:30:57
# 25.1361,  5.222447,  0.588,  0.1159,  0.2672,  34.2693,  03 Dec 2017 20:34:57
# 25.1227,  5.220577,  0.588,  0.1157,  0.2709,  34.2656,  03 Dec 2017 20:38:57
# 25.1131,  5.218484,  0.593,  0.1196,  0.2625,  34.2574,  03 Dec 2017 20:42:57
# 25.1029,  5.217588,  0.565,  0.1170,  0.2515,  34.2586,  03 Dec 2017 20:46:57
# 25.0998,  5.216499,  0.564,  0.1283,  0.3020,  34.2529,  03 Dec 2017 20:50:57
# 25.0848,  5.214878,  0.550,  0.1184,  0.3040,  34.2523,  03 Dec 2017 20:54:57
# 25.0879,  5.215341,  0.555,  0.1183,  0.2947,  34.2533,  03 Dec 2017 20:58:57
# 25.1125,  5.215163,  0.555,  0.1414,  0.2840,  34.2334,  03 Dec 2017 21:02:57
# 25.1073,  5.214630,  0.551,  0.1233,  0.2722,  34.2334,  03 Dec 2017 21:06:57
# 25.0968,  5.214167,  0.554,  0.1146,  0.2411,  34.2379,  03 Dec 2017 21:10:57
# 25.0900,  5.213874,  0.546,  0.1112,  0.2470,  34.2409,  03 Dec 2017 21:14:57
# 25.0930,  5.216831,  0.549,  0.1134,  0.3695,  34.2605,  03 Dec 2017 21:18:57
# 25.0824,  5.216314,  0.536,  0.1097,  0.2974,  34.2647,  03 Dec 2017 21:22:57
# 25.0874,  5.217882,  0.527,  0.1197,  0.3672,  34.2725,  03 Dec 2017 21:26:57
# 25.0841,  5.217187,  0.534,  0.1135,  0.2517,  34.2698,  03 Dec 2017 21:30:57
# 25.0701,  5.215442,  0.528,  0.1059,  0.3125,  34.2675,  03 Dec 2017 21:34:57
# 25.0611,  5.214399,  0.555,  0.1049,  0.2841,  34.2666,  03 Dec 2017 21:38:57
# 25.0598,  5.214469,  0.537,  0.1061,  0.2746,  34.2682,  03 Dec 2017 21:42:57
# 25.0538,  5.215921,  0.538,  0.1122,  0.2841,  34.2834,  03 Dec 2017 21:46:57
# 25.0394,  5.214122,  0.533,  0.1037,  0.2841,  34.2811,  03 Dec 2017 21:50:57
# 25.0266,  5.212794,  0.530,  0.1063,  0.2515,  34.2809,  03 Dec 2017 21:54:57
# 25.0235,  5.212423,  0.531,  0.1073,  0.2577,  34.2806,  03 Dec 2017 21:58:57
# 25.0143,  5.212269,  0.524,  0.1137,  0.2805,  34.2864,  03 Dec 2017 22:02:57
# 24.9878,  5.207954,  0.512,  0.1170,  0.2817,  34.2747,  03 Dec 2017 22:06:57
# 24.9662,  5.200162,  0.516,  0.1199,  0.2410,  34.2334,  03 Dec 2017 22:10:57
# 24.9603,  5.196700,  0.520,  0.1158,  0.2590,  34.2122,  03 Dec 2017 22:14:57
# 24.9529,  5.193115,  0.521,  0.1160,  0.2708,  34.1913,  03 Dec 2017 22:18:57
# 24.9647,  5.196052,  0.522,  0.1209,  0.3453,  34.2041,  03 Dec 2017 22:22:57
# 24.9727,  5.198427,  0.523,  0.1073,  0.3198,  34.2156,  03 Dec 2017 22:26:57
# 24.9847,  5.202152,  0.528,  0.1122,  0.2901,  34.2341,  03 Dec 2017 22:30:57
# 24.8858,  5.173299,  0.531,  0.1170,  0.2950,  34.0954,  03 Dec 2017 22:34:57
# 24.9171,  5.182807,  0.532,  0.1099,  0.3069,  34.1421,  03 Dec 2017 22:38:57
# 24.9364,  5.189686,  0.535,  0.1110,  0.3067,  34.1784,  03 Dec 2017 22:42:57
# 24.9242,  5.188985,  0.540,  0.1074,  0.2961,  34.1825,  03 Dec 2017 22:46:57
# 24.9527,  5.192568,  0.545,  0.1099,  0.3382,  34.1874,  03 Dec 2017 22:50:57
# 24.9654,  5.190448,  0.548,  0.1147,  0.2793,  34.1621,  03 Dec 2017 22:54:57
# 24.9722,  5.192930,  0.552,  0.1108,  0.2710,  34.1753,  03 Dec 2017 22:58:57
# 25.0023,  5.199915,  0.556,  0.1083,  0.2770,  34.2042,  03 Dec 2017 23:02:57
# 25.0013,  5.201180,  0.562,  0.1059,  0.3069,  34.2143,  03 Dec 2017 23:06:57
# 24.9839,  5.196908,  0.563,  0.1098,  0.2603,  34.1959,  03 Dec 2017 23:10:57
# 24.9519,  5.187382,  0.570,  0.1132,  0.2520,  34.1496,  03 Dec 2017 23:14:57
# 24.9355,  5.186781,  0.574,  0.1070,  0.2756,  34.1575,  03 Dec 2017 23:18:57
# 24.9378,  5.186558,  0.578,  0.1135,  0.2815,  34.1542,  03 Dec 2017 23:22:57
# 24.9636,  5.192529,  0.583,  0.1072,  0.2447,  34.1788,  03 Dec 2017 23:26:57
# 25.0033,  5.201982,  0.590,  0.1074,  0.2785,  34.2187,  03 Dec 2017 23:30:57
# 25.0022,  5.202399,  0.597,  0.1086,  0.2406,  34.2226,  03 Dec 2017 23:34:57
# 24.9940,  5.201041,  0.604,  0.1084,  0.2589,  34.2188,  03 Dec 2017 23:38:57
# 24.9838,  5.196330,  0.613,  0.1084,  0.2436,  34.1917,  03 Dec 2017 23:42:57
# 24.9651,  5.193585,  0.621,  0.1071,  0.2722,  34.1855,  03 Dec 2017 23:46:57
# 24.9329,  5.186612,  0.629,  0.1058,  0.2360,  34.1583,  03 Dec 2017 23:50:57
# 24.9461,  5.185587,  0.640,  0.1122,  0.2361,  34.1407,  03 Dec 2017 23:54:57
# 24.9114,  5.180266,  0.650,  0.1071,  0.2363,  34.1276,  03 Dec 2017 23:58:57
# 24.9076,  5.179457,  0.659,  0.1099,  0.2329,  34.1244,  04 Dec 2017 00:02:57
# 24.8995,  5.177317,  0.669,  0.1058,  0.2325,  34.1147,  04 Dec 2017 00:06:57
# 24.8805,  5.173461,  0.677,  0.1061,  0.2423,  34.1006,  04 Dec 2017 00:10:57
# 24.8601,  5.175085,  0.688,  0.1060,  0.3077,  34.1280,  04 Dec 2017 00:14:57
# 24.8692,  5.174662,  0.696,  0.1071,  0.2409,  34.1180,  04 Dec 2017 00:18:57
# 24.8840,  5.172653,  0.707,  0.1100,  0.2757,  34.0919,  04 Dec 2017 00:22:57
# 24.9008,  5.176955,  0.718,  0.1122,  0.3368,  34.1111,  04 Dec 2017 00:26:57
# 24.9132,  5.177917,  0.730,  0.1122,  0.2554,  34.1088,  04 Dec 2017 00:30:57
# 24.9124,  5.179241,  0.741,  0.1136,  0.2770,  34.1192,  04 Dec 2017 00:34:57
# 24.9103,  5.180235,  0.753,  0.1122,  0.2950,  34.1282,  04 Dec 2017 00:38:57
# 24.9452,  5.188299,  0.766,  0.1100,  0.2638,  34.1614,  04 Dec 2017 00:42:57
# 24.9653,  5.194086,  0.779,  0.1184,  0.2578,  34.1890,  04 Dec 2017 00:46:57
# 24.9755,  5.199723,  0.792,  0.1098,  0.2983,  34.2230,  04 Dec 2017 00:50:57
# 24.9322,  5.189879,  0.807,  0.1109,  0.2397,  34.1829,  04 Dec 2017 00:54:57
# 24.8968,  5.181044,  0.820,  0.1085,  0.2385,  34.1443,  04 Dec 2017 00:58:57
# 24.9183,  5.183300,  0.834,  0.1122,  0.2269,  34.1447,  04 Dec 2017 01:02:57
# 24.9290,  5.185626,  0.849,  0.1085,  0.2396,  34.1538,  04 Dec 2017 01:06:57
# 24.9121,  5.184748,  0.864,  0.1086,  0.2579,  34.1601,  04 Dec 2017 01:10:57
# 24.8998,  5.181452,  0.879,  0.1100,  0.2271,  34.1451,  04 Dec 2017 01:14:57
# 24.8893,  5.178095,  0.892,  0.1122,  0.2135,  34.1281,  04 Dec 2017 01:18:57
# 24.8945,  5.178649,  0.907,  0.1088,  0.2396,  34.1283,  04 Dec 2017 01:22:57
# 24.9042,  5.181267,  0.921,  0.1058,  0.2689,  34.1403,  04 Dec 2017 01:26:57
# 24.8860,  5.179619,  0.934,  0.1049,  0.2796,  34.1419,  04 Dec 2017 01:30:57
# 24.8752,  5.176055,  0.949,  0.1135,  0.2458,  34.1237,  04 Dec 2017 01:34:57
# 24.8898,  5.178372,  0.961,  0.1136,  0.3036,  34.1298,  04 Dec 2017 01:38:57
# 24.9027,  5.178680,  0.976,  0.1183,  0.2699,  34.1223,  04 Dec 2017 01:42:57
# 24.8995,  5.180089,  0.988,  0.1144,  0.2949,  34.1351,  04 Dec 2017 01:46:57
# 24.9210,  5.185849,  1.003,  0.1053,  0.2639,  34.1615,  04 Dec 2017 01:50:57
# 24.8745,  5.179573,  1.017,  0.1051,  0.2689,  34.1502,  04 Dec 2017 01:54:57
# 24.8062,  5.165700,  1.031,  0.1072,  0.2472,  34.0991,  04 Dec 2017 01:58:57
# 24.7852,  5.160972,  1.042,  0.1110,  0.2493,  34.0799,  04 Dec 2017 02:02:57
# 24.8026,  5.164993,  1.054,  0.1122,  0.2565,  34.0966,  04 Dec 2017 02:06:57
# 24.7983,  5.163670,  1.066,  0.1051,  0.2337,  34.0900,  04 Dec 2017 02:10:57
# 24.7869,  5.160587,  1.078,  0.1049,  0.2604,  34.0758,  04 Dec 2017 02:14:57
# 24.8240,  5.166877,  1.089,  0.1049,  0.2566,  34.0943,  04 Dec 2017 02:18:57
# 24.8335,  5.169092,  1.101,  0.1085,  0.2650,  34.1036,  04 Dec 2017 02:22:57
# 24.8508,  5.173693,  1.114,  0.1058,  0.2565,  34.1246,  04 Dec 2017 02:26:57
# 24.7825,  5.163209,  1.127,  0.1034,  0.2326,  34.0985,  04 Dec 2017 02:30:57
# 24.8408,  5.172300,  1.139,  0.1086,  0.2457,  34.1218,  04 Dec 2017 02:34:57
# 24.8075,  5.168992,  1.150,  0.1012,  0.2312,  34.1225,  04 Dec 2017 02:38:57
# 24.7828,  5.167500,  1.162,  0.1025,  0.2313,  34.1301,  04 Dec 2017 02:42:57
# 24.7113,  5.154379,  1.172,  0.1035,  0.2183,  34.0868,  04 Dec 2017 02:46:57
# 24.6734,  5.141824,  1.180,  0.1071,  0.2480,  34.0222,  04 Dec 2017 02:50:57
# 24.7006,  5.146076,  1.191,  0.1087,  0.2576,  34.0333,  04 Dec 2017 02:54:57
# 24.7300,  5.147381,  1.201,  0.1185,  0.2940,  34.0207,  04 Dec 2017 02:58:57
# 24.7702,  5.151167,  1.212,  0.1184,  0.2866,  34.0185,  04 Dec 2017 03:02:57
# 24.7550,  5.151666,  1.220,  0.1199,  0.2425,  34.0336,  04 Dec 2017 03:06:57
# 24.7363,  5.147020,  1.231,  0.1205,  0.2505,  34.0132,  04 Dec 2017 03:10:57
# 24.7520,  5.149953,  1.240,  0.1209,  0.2372,  34.0231,  04 Dec 2017 03:14:57
# 24.7728,  5.153786,  1.250,  0.1173,  0.2161,  34.0359,  04 Dec 2017 03:18:57
# 24.7891,  5.156314,  1.259,  0.1112,  0.2505,  34.0424,  04 Dec 2017 03:22:57
# 24.7624,  5.152611,  1.268,  0.1199,  0.2098,  34.0351,  04 Dec 2017 03:26:57
# 24.7639,  5.153748,  1.277,  0.1087,  0.2281,  34.0423,  04 Dec 2017 03:30:57
# 24.7939,  5.160610,  1.288,  0.1049,  0.2143,  34.0706,  04 Dec 2017 03:34:57
# 24.7992,  5.163647,  1.294,  0.1072,  0.2232,  34.0891,  04 Dec 2017 03:38:57
# 24.7731,  5.159335,  1.301,  0.1012,  0.2313,  34.0768,  04 Dec 2017 03:42:57
# 24.7384,  5.155131,  1.310,  0.1051,  0.2349,  34.0719,  04 Dec 2017 03:46:57
# 24.7558,  5.158797,  1.318,  0.1061,  0.2888,  34.0859,  04 Dec 2017 03:50:57
# 24.6950,  5.147873,  1.325,  0.1061,  0.2161,  34.0508,  04 Dec 2017 03:54:57
# 24.6725,  5.143827,  1.331,  0.1122,  0.2305,  34.0377,  04 Dec 2017 03:58:57
# 24.6522,  5.140604,  1.337,  0.1071,  0.2000,  34.0291,  04 Dec 2017 04:02:57
# 24.6777,  5.143060,  1.343,  0.1086,  0.2084,  34.0281,  04 Dec 2017 04:06:57
# 24.6903,  5.145478,  1.350,  0.1122,  0.2012,  34.0365,  04 Dec 2017 04:10:57
# 24.6944,  5.145631,  1.354,  0.1098,  0.2136,  34.0345,  04 Dec 2017 04:14:57
# 24.7160,  5.147988,  1.360,  0.1157,  0.2039,  34.0357,  04 Dec 2017 04:18:57
# 24.7335,  5.150084,  1.365,  0.1112,  0.2338,  34.0381,  04 Dec 2017 04:22:57
# 24.7592,  5.156353,  1.371,  0.1135,  0.2198,  34.0652,  04 Dec 2017 04:26:57
# 24.7355,  5.154094,  1.375,  0.1086,  0.2058,  34.0664,  04 Dec 2017 04:30:57
# 24.7447,  5.155615,  1.379,  0.1048,  0.2553,  34.0707,  04 Dec 2017 04:34:57
# 24.6828,  5.147935,  1.383,  0.1060,  0.1940,  34.0604,  04 Dec 2017 04:38:57
# 24.7219,  5.154348,  1.385,  0.1013,  0.2123,  34.0786,  04 Dec 2017 04:42:57
# 24.6839,  5.147966,  1.402,  0.1024,  0.2564,  34.0598,  04 Dec 2017 04:46:57
# 24.6739,  5.147635,  1.407,  0.1049,  0.2122,  34.0650,  04 Dec 2017 04:50:57
# 24.6645,  5.146300,  1.401,  0.1062,  0.2326,  34.0621,  04 Dec 2017 04:54:57
# 24.7026,  5.151990,  1.528,  0.1062,  0.2602,  34.0756,  04 Dec 2017 04:58:57
# 24.7253,  5.155501,  1.503,  0.1062,  0.2195,  34.0845,  04 Dec 2017 05:02:57
# 24.7183,  5.153449,  1.558,  0.1088,  0.2304,  34.0745,  04 Dec 2017 05:06:57
# 24.7053,  5.152889,  1.492,  0.1062,  0.2220,  34.0802,  04 Dec 2017 05:10:57
# 24.6633,  5.147567,  1.510,  0.1024,  0.2136,  34.0724,  04 Dec 2017 05:14:57
# 24.6445,  5.145294,  1.483,  0.1025,  0.2061,  34.0698,  04 Dec 2017 05:18:57
# 24.6514,  5.146223,  1.453,  0.1027,  0.1891,  34.0715,  04 Dec 2017 05:22:57
# 24.6762,  5.149371,  1.488,  0.1049,  0.2148,  34.0761,  04 Dec 2017 05:26:57
# 24.7004,  5.153519,  1.485,  0.1061,  0.2148,  34.0886,  04 Dec 2017 05:30:57
# 24.7136,  5.155201,  1.442,  0.1086,  0.1918,  34.0911,  04 Dec 2017 05:34:57
# 24.7074,  5.154771,  1.454,  0.1035,  0.2567,  34.0926,  04 Dec 2017 05:38:57
# 24.6997,  5.153957,  1.402,  0.1035,  0.2002,  34.0924,  04 Dec 2017 05:42:57
# 24.6742,  5.152444,  1.443,  0.1073,  0.1878,  34.1005,  04 Dec 2017 05:46:57
# 24.6774,  5.151291,  1.413,  0.1012,  0.1950,  34.0895,  04 Dec 2017 05:50:57
# 24.6898,  5.154302,  1.384,  0.1037,  0.2145,  34.1025,  04 Dec 2017 05:54:57
# 24.6652,  5.150854,  1.399,  0.1024,  0.1978,  34.0955,  04 Dec 2017 05:58:57
# 24.7142,  5.159113,  1.339,  0.1052,  0.2509,  34.1198,  04 Dec 2017 06:02:57
# 24.7075,  5.157376,  1.349,  0.1038,  0.2098,  34.1119,  04 Dec 2017 06:06:57
# 24.7352,  5.162649,  1.353,  0.1060,  0.2302,  34.1301,  04 Dec 2017 06:10:57
# 24.7103,  5.159144,  1.372,  0.1035,  0.1865,  34.1229,  04 Dec 2017 06:14:57
# 24.7513,  5.163348,  1.350,  0.1060,  0.2039,  34.1231,  04 Dec 2017 06:18:57
# 24.7377,  5.162772,  1.313,  0.1050,  0.2235,  34.1292,  04 Dec 2017 06:22:57
# 24.7927,  5.170739,  1.336,  0.1096,  0.2307,  34.1466,  04 Dec 2017 06:26:57
# 24.8051,  5.173509,  1.316,  0.1145,  0.2121,  34.1577,  04 Dec 2017 06:30:57
# 24.7914,  5.171462,  1.323,  0.1099,  0.2110,  34.1530,  04 Dec 2017 06:34:57
# 24.7848,  5.169870,  1.277,  0.1145,  0.2338,  34.1462,  04 Dec 2017 06:38:57
# 24.8124,  5.173617,  1.277,  0.1199,  0.2050,  34.1531,  04 Dec 2017 06:42:57
# 24.7920,  5.171885,  1.271,  0.1147,  0.2194,  34.1556,  04 Dec 2017 06:46:57
# 24.7910,  5.172086,  1.262,  0.1185,  0.2110,  34.1579,  04 Dec 2017 06:50:57
# 24.8290,  5.176949,  1.225,  0.1184,  0.2565,  34.1652,  04 Dec 2017 06:54:57
# 24.8317,  5.177449,  1.254,  0.1160,  0.2183,  34.1668,  04 Dec 2017 06:58:57
# 24.8129,  5.175171,  1.227,  0.1119,  0.2144,  34.1642,  04 Dec 2017 07:02:57
# 24.7907,  5.172709,  1.198,  0.1099,  0.2304,  34.1628,  04 Dec 2017 07:06:57
# 24.8167,  5.175864,  1.191,  0.1170,  0.2145,  34.1665,  04 Dec 2017 07:10:57
# 24.8344,  5.178419,  1.163,  0.1109,  0.2283,  34.1720,  04 Dec 2017 07:14:57
# 24.8661,  5.181868,  1.175,  0.1159,  0.2158,  34.1735,  04 Dec 2017 07:18:57
# 24.8596,  5.182061,  1.135,  0.1184,  0.2421,  34.1799,  04 Dec 2017 07:22:57
# 24.8740,  5.184156,  1.172,  0.1209,  0.2901,  34.1846,  04 Dec 2017 07:26:57
# 24.8784,  5.184779,  1.142,  0.1182,  0.2206,  34.1858,  04 Dec 2017 07:30:57
# 24.8896,  5.186343,  1.183,  0.1186,  0.2841,  34.1889,  04 Dec 2017 07:34:57
# 24.8944,  5.186952,  1.116,  0.1158,  0.2481,  34.1898,  04 Dec 2017 07:38:57
# 24.9090,  5.188384,  1.086,  0.1135,  0.2313,  34.1893,  04 Dec 2017 07:42:57
# 24.9143,  5.189263,  1.097,  0.1159,  0.1974,  34.1918,  04 Dec 2017 07:46:57
# 24.9215,  5.189840,  1.068,  0.1234,  0.2294,  34.1907,  04 Dec 2017 07:50:57
# 24.9367,  5.191651,  1.057,  0.1195,  0.2085,  34.1926,  04 Dec 2017 07:54:57
# 24.9403,  5.192168,  1.055,  0.1208,  0.2564,  34.1937,  04 Dec 2017 07:58:57
# 24.9451,  5.193185,  1.045,  0.1198,  0.2460,  34.1976,  04 Dec 2017 08:02:57
# 24.9528,  5.194218,  1.047,  0.1197,  0.2133,  34.1994,  04 Dec 2017 08:06:57
# 24.9694,  5.195821,  1.031,  0.1244,  0.2325,  34.1987,  04 Dec 2017 08:10:57
# 24.9764,  5.196754,  1.032,  0.1257,  0.2135,  34.2003,  04 Dec 2017 08:14:57
# 24.9411,  5.192676,  1.023,  0.1186,  0.2123,  34.1968,  04 Dec 2017 08:18:57
# 24.9006,  5.188731,  1.022,  0.1073,  0.2135,  34.1983,  04 Dec 2017 08:22:57
# 24.8878,  5.187406,  0.998,  0.1098,  0.2174,  34.1982,  04 Dec 2017 08:26:57
# 24.8851,  5.187822,  0.987,  0.1061,  0.2294,  34.2033,  04 Dec 2017 08:30:57
# 24.8892,  5.188215,  0.985,  0.1047,  0.2060,  34.2032,  04 Dec 2017 08:34:57
# 24.9299,  5.194025,  0.943,  0.1123,  0.2173,  34.2153,  04 Dec 2017 08:38:57
# 24.9792,  5.202847,  0.946,  0.1319,  0.2210,  34.2432,  04 Dec 2017 08:42:57
# 24.9874,  5.202754,  0.957,  0.1207,  0.2160,  34.2363,  04 Dec 2017 08:46:57
# 25.0164,  5.204559,  0.932,  0.1305,  0.2459,  34.2277,  04 Dec 2017 08:50:57
# 25.0078,  5.203294,  0.929,  0.1173,  0.2335,  34.2249,  04 Dec 2017 08:54:57
# 25.0208,  5.204273,  0.915,  0.1212,  0.2162,  34.2223,  04 Dec 2017 08:58:57
# 25.0475,  5.207660,  0.918,  0.1295,  0.2316,  34.2271,  04 Dec 2017 09:02:57
# 25.0926,  5.212708,  0.888,  0.1468,  0.2407,  34.2303,  04 Dec 2017 09:06:57
# 25.0527,  5.208625,  0.849,  0.1247,  0.2420,  34.2303,  04 Dec 2017 09:10:57
# 25.0466,  5.211196,  0.852,  0.1212,  0.2281,  34.2539,  04 Dec 2017 09:14:57
# 25.0598,  5.213465,  0.856,  0.1122,  0.2258,  34.2607,  04 Dec 2017 09:18:57
# 25.0589,  5.212701,  0.854,  0.1099,  0.2173,  34.2557,  04 Dec 2017 09:22:57
# 25.0560,  5.211288,  0.851,  0.1059,  0.2505,  34.2474,  04 Dec 2017 09:26:57
# 25.0760,  5.218709,  0.848,  0.1146,  0.2305,  34.2871,  04 Dec 2017 09:30:57
# 25.0782,  5.219443,  0.837,  0.1147,  0.2617,  34.2908,  04 Dec 2017 09:34:57
# 25.0795,  5.218670,  0.827,  0.1084,  0.2085,  34.2842,  04 Dec 2017 09:38:57
# 25.0825,  5.218616,  0.823,  0.1133,  0.2266,  34.2815,  04 Dec 2017 09:42:57
# 25.0957,  5.221567,  0.822,  0.1145,  0.2295,  34.2933,  04 Dec 2017 09:46:57
# 25.1050,  5.222942,  0.827,  0.1218,  0.2493,  34.2964,  04 Dec 2017 09:50:57
# 25.1093,  5.224356,  0.799,  0.1197,  0.2842,  34.3036,  04 Dec 2017 09:54:57
# 25.1190,  5.225338,  0.782,  0.1122,  0.2519,  34.3035,  04 Dec 2017 09:58:57
# 25.1216,  5.225013,  0.784,  0.1085,  0.2360,  34.2991,  04 Dec 2017 10:02:57
# 25.1272,  5.225832,  0.780,  0.1036,  0.2258,  34.3010,  04 Dec 2017 10:06:57
# 25.1307,  5.226450,  0.759,  0.1033,  0.2757,  34.3028,  04 Dec 2017 10:10:57
# 25.1378,  5.226868,  0.757,  0.0997,  0.2673,  34.3005,  04 Dec 2017 10:14:57
# 25.1512,  5.225847,  0.755,  0.1062,  0.2591,  34.2829,  04 Dec 2017 10:18:57
# 25.1501,  5.226628,  0.757,  0.1069,  0.2363,  34.2895,  04 Dec 2017 10:22:57
# 25.1502,  5.227834,  0.758,  0.1061,  0.2362,  34.2983,  04 Dec 2017 10:26:57
# 25.1499,  5.229411,  0.757,  0.1034,  0.2528,  34.3102,  04 Dec 2017 10:30:57
# 25.1562,  5.230253,  0.727,  0.1060,  0.2482,  34.3116,  04 Dec 2017 10:34:57
# 25.1571,  5.230308,  0.714,  0.1049,  0.2386,  34.3113,  04 Dec 2017 10:38:57
# 25.1623,  5.230145,  0.705,  0.1072,  0.2890,  34.3061,  04 Dec 2017 10:42:57
# 25.1672,  5.230787,  0.704,  0.1120,  0.2721,  34.3072,  04 Dec 2017 10:46:57
# 25.1792,  5.231622,  0.707,  0.1096,  0.2492,  34.3043,  04 Dec 2017 10:50:57
# 25.1941,  5.233253,  0.710,  0.1048,  0.2492,  34.3050,  04 Dec 2017 10:54:57
# 25.2010,  5.234259,  0.707,  0.1071,  0.2382,  34.3072,  04 Dec 2017 10:58:57
# 25.2078,  5.232163,  0.702,  0.1083,  0.2480,  34.2866,  04 Dec 2017 11:02:57
# 25.2162,  5.233261,  0.706,  0.1086,  0.2519,  34.2883,  04 Dec 2017 11:06:57
# 25.2155,  5.233632,  0.697,  0.1098,  0.2802,  34.2916,  04 Dec 2017 11:10:57
# 25.2124,  5.233593,  0.698,  0.1035,  0.2734,  34.2936,  04 Dec 2017 11:14:57
# 25.2156,  5.235442,  0.700,  0.0999,  0.2433,  34.3048,  04 Dec 2017 11:18:57
# 25.2278,  5.236486,  0.696,  0.1011,  0.2480,  34.3033,  04 Dec 2017 11:22:57
# 25.2423,  5.237863,  0.698,  0.0961,  0.2757,  34.3024,  04 Dec 2017 11:26:57
# 25.2699,  5.239773,  0.821,  0.0932,  0.2421,  34.2956,  04 Dec 2017 11:30:57
# 25.2409,  5.237012,  0.755,  0.1047,  0.2325,  34.2973,  04 Dec 2017 11:34:57
# 25.2526,  5.237886,  0.732,  0.1025,  0.2602,  34.2948,  04 Dec 2017 11:38:57
# 25.2641,  5.238868,  0.685,  0.1050,  0.3136,  34.2934,  04 Dec 2017 11:42:57
# 25.2524,  5.237777,  0.692,  0.1059,  0.2305,  34.2942,  04 Dec 2017 11:46:57
# 25.2952,  5.241398,  0.692,  0.0961,  0.2564,  34.2885,  04 Dec 2017 11:50:57
# 25.3001,  5.241491,  0.695,  0.0996,  0.2601,  34.2854,  04 Dec 2017 11:54:57
# 25.2877,  5.240694,  0.693,  0.1010,  0.2627,  34.2890,  04 Dec 2017 11:58:57
# 25.3130,  5.242396,  0.698,  0.0999,  0.2745,  34.2824,  04 Dec 2017 12:02:57
# 25.2579,  5.237383,  0.690,  0.1157,  0.2435,  34.2872,  04 Dec 2017 12:06:57
# 25.2629,  5.237421,  0.677,  0.1058,  0.2564,  34.2837,  04 Dec 2017 12:10:57
# 25.2817,  5.239974,  0.679,  0.1010,  0.2852,  34.2882,  04 Dec 2017 12:14:57
# 25.3001,  5.242025,  0.672,  0.0938,  0.2934,  34.2894,  04 Dec 2017 12:18:57
# 25.2977,  5.242830,  0.672,  0.1012,  0.3342,  34.2971,  04 Dec 2017 12:22:57
# 25.2861,  5.242025,  0.658,  0.1011,  0.3033,  34.2999,  04 Dec 2017 12:26:57
# 25.3125,  5.244029,  0.663,  0.1009,  0.2840,  34.2948,  04 Dec 2017 12:30:57
# 25.3304,  5.244091,  0.665,  0.1010,  0.2997,  34.2817,  04 Dec 2017 12:34:57
# 25.3182,  5.243340,  0.663,  0.1035,  0.2898,  34.2854,  04 Dec 2017 12:38:57
# 25.3240,  5.242257,  0.664,  0.1083,  0.3147,  34.2731,  04 Dec 2017 12:42:57
# 25.3342,  5.242620,  0.665,  0.1048,  0.2578,  34.2680,  04 Dec 2017 12:46:57
# 25.3251,  5.242164,  0.670,  0.1062,  0.2689,  34.2715,  04 Dec 2017 12:50:57
# 25.3562,  5.245244,  0.650,  0.0996,  0.3162,  34.2707,  04 Dec 2017 12:54:57
# 25.3875,  5.249339,  0.653,  0.0970,  0.2900,  34.2772,  04 Dec 2017 12:58:57
# 25.3934,  5.250609,  0.650,  0.1012,  0.2734,  34.2820,  04 Dec 2017 13:02:57
# 25.3833,  5.249487,  0.656,  0.1073,  0.2663,  34.2814,  04 Dec 2017 13:06:57
# 25.3538,  5.246963,  0.656,  0.1096,  0.2625,  34.2851,  04 Dec 2017 13:10:57
# 25.3555,  5.246901,  0.660,  0.1122,  0.2494,  34.2834,  04 Dec 2017 13:14:57
# 25.3639,  5.247729,  0.661,  0.1083,  0.2506,  34.2831,  04 Dec 2017 13:18:57
# 25.3779,  5.249394,  0.637,  0.1034,  0.2650,  34.2848,  04 Dec 2017 13:22:57
# 25.3969,  5.251949,  0.641,  0.0999,  0.2461,  34.2892,  04 Dec 2017 13:26:57
# 25.3928,  5.251686,  0.644,  0.1035,  0.2246,  34.2904,  04 Dec 2017 13:30:57
# 25.3996,  5.251740,  0.650,  0.1048,  0.2745,  34.2856,  04 Dec 2017 13:34:57
# 25.4152,  5.252685,  0.652,  0.1022,  0.2576,  34.2808,  04 Dec 2017 13:38:57
# 25.3776,  5.249719,  0.655,  0.1083,  0.2636,  34.2874,  04 Dec 2017 13:42:57
# 25.3753,  5.249456,  0.655,  0.1073,  0.2517,  34.2872,  04 Dec 2017 13:46:57
# 25.3655,  5.248550,  0.661,  0.1108,  0.2757,  34.2880,  04 Dec 2017 13:50:57
# 25.3701,  5.249014,  0.663,  0.1037,  0.2383,  34.2879,  04 Dec 2017 13:54:57
# 25.3603,  5.248054,  0.666,  0.1122,  0.2564,  34.2882,  04 Dec 2017 13:58:57
