# 26.8121,  5.43477,    0.949, 0.0887, 0.1705,  34.5522, 20 Oct 2017 14:01:27
# 26.7870,  5.43400,    0.963, 0.0921, 0.1879,  34.5655, 20 Oct 2017 14:05:27
# 26.7424,  5.43021,    0.996, 0.0933, 0.1731,  34.5716, 20 Oct 2017 14:09:27
# 26.7918,  5.43386,    0.991, 0.0872, 0.1756,  34.5609, 20 Oct 2017 14:13:27
# 26.8060,  5.43466,    1.015, 0.0906, 0.1733,  34.5560, 20 Oct 2017 14:17:27
# 26.7712,  5.43186,    1.022, 0.0922, 0.1867,  34.5620, 20 Oct 2017 14:21:27
# 26.7929,  5.43334,    1.008, 0.0983, 0.1819,  34.5563, 20 Oct 2017 14:25:27
# 26.7802,  5.43239,    1.036, 0.0912, 0.1830,  34.5590, 20 Oct 2017 14:29:27
# 26.7585,  5.43051,    1.032, 0.0981, 0.1804,  34.5618, 20 Oct 2017 14:33:27
# 26.7543,  5.43015,    0.997, 0.0898, 0.1756,  34.5623, 20 Oct 2017 14:37:27
# 26.7624,  5.43070,    1.006, 0.0982, 0.1792,  34.5602, 20 Oct 2017 14:41:27
# 26.7708,  5.43143,    1.032, 0.0934, 0.1767,  34.5591, 20 Oct 2017 14:45:27
# 26.7470,  5.42926,    1.026, 0.1046, 0.1741,  34.5614, 20 Oct 2017 14:49:27
# 26.7374,  5.42891,    1.032, 0.0969, 0.2087,  34.5661, 20 Oct 2017 14:53:27
# 26.7628,  5.43088,    1.061, 0.1035, 0.1720,  34.5612, 20 Oct 2017 14:57:27
# 26.7577,  5.43073,    1.046, 0.0935, 0.1707,  34.5639, 20 Oct 2017 15:01:27
# 26.7550,  5.43066,    1.044, 0.0981, 0.1720,  34.5654, 20 Oct 2017 15:05:27
# 26.7419,  5.42942,    1.050, 0.0972, 0.1778,  34.5663, 20 Oct 2017 15:09:27
# 26.7519,  5.43008,    1.067, 0.0999, 0.1830,  34.5636, 20 Oct 2017 15:13:27
# 26.7543,  5.43060,    1.064, 0.1071, 0.1656,  34.5655, 20 Oct 2017 15:17:27
# 26.7658,  5.43143,    1.081, 0.0958, 0.1634,  34.5629, 20 Oct 2017 15:21:27
# 26.7705,  5.43247,    1.056, 0.0981, 0.1646,  34.5668, 20 Oct 2017 15:25:27
# 26.7728,  5.43219,    1.044, 0.0996, 0.1791,  34.5631, 20 Oct 2017 15:29:27
# 26.7585,  5.43116,    1.023, 0.0982, 0.1635,  34.5664, 20 Oct 2017 15:33:27
# 26.7357,  5.42934,    1.107, 0.1044, 0.1645,  34.5703, 20 Oct 2017 15:37:27
# 26.7413,  5.42938,    1.088, 0.1034, 0.1745,  34.5666, 20 Oct 2017 15:41:27
# 26.7442,  5.42976,    1.068, 0.1084, 0.1671,  34.5671, 20 Oct 2017 15:45:27
# 26.7339,  5.42894,    1.091, 0.1043, 0.1632,  34.5689, 20 Oct 2017 15:49:27
# 26.7177,  5.42895,    1.058, 0.1046, 0.1730,  34.5811, 20 Oct 2017 15:53:27
# 26.7317,  5.42817,    1.046, 0.1044, 0.1778,  34.5650, 20 Oct 2017 15:57:27
# 26.7204,  5.42828,    1.035, 0.1057, 0.1792,  34.5742, 20 Oct 2017 16:01:27
# 26.7065,  5.42693,    1.035, 0.1071, 0.1742,  34.5749, 20 Oct 2017 16:05:27
# 26.7035,  5.42695,    1.091, 0.1071, 0.1618,  34.5773, 20 Oct 2017 16:09:27
# 26.7022,  5.42729,    1.117, 0.1085, 0.1695,  34.5807, 20 Oct 2017 16:13:27
# 26.6945,  5.42649,    1.109, 0.1071, 0.1654,  34.5807, 20 Oct 2017 16:17:27
# 26.6864,  5.42669,    1.168, 0.1119, 0.1693,  34.5882, 20 Oct 2017 16:21:27
# 26.6925,  5.42674,    1.078, 0.1122, 0.1585,  34.5840, 20 Oct 2017 16:25:27
# 26.6953,  5.42685,    1.130, 0.1069, 0.1719,  34.5827, 20 Oct 2017 16:29:27
# 26.6974,  5.42693,    1.076, 0.1057, 0.1559,  34.5817, 20 Oct 2017 16:33:27
# 26.6934,  5.42612,    1.106, 0.1118, 0.1573,  34.5790, 20 Oct 2017 16:37:27
# 26.6808,  5.42508,    1.150, 0.0997, 0.1575,  34.5809, 20 Oct 2017 16:41:27
# 26.6721,  5.42401,    1.077, 0.0945, 0.1636,  34.5797, 20 Oct 2017 16:45:27
# 26.6599,  5.42239,    1.106, 0.0960, 0.1572,  34.5772, 20 Oct 2017 16:49:27
# 26.6490,  5.42132,    1.116, 0.0970, 0.1547,  34.5776, 20 Oct 2017 16:53:27
# 26.6432,  5.42061,    1.128, 0.0973, 0.1584,  34.5769, 20 Oct 2017 16:57:27
# 26.6371,  5.41999,    1.124, 0.0945, 0.1611,  34.5770, 20 Oct 2017 17:01:27
# 26.6210,  5.41815,    1.100, 0.0960, 0.1841,  34.5758, 20 Oct 2017 17:05:27
# 26.6056,  5.41645,    1.100, 0.1009, 0.1520,  34.5752, 20 Oct 2017 17:09:27
# 26.5888,  5.41479,    1.120, 0.1021, 0.1705,  34.5758, 20 Oct 2017 17:13:27
# 26.5672,  5.41248,    1.094, 0.1034, 0.1658,  34.5754, 20 Oct 2017 17:17:27
# 26.5564,  5.41102,    1.082, 0.0982, 0.1479,  34.5730, 20 Oct 2017 17:21:27
# 26.5487,  5.40999,    1.099, 0.1009, 0.1756,  34.5713, 20 Oct 2017 17:25:27
# 26.5407,  5.40916,    1.105, 0.0998, 0.1854,  34.5714, 20 Oct 2017 17:29:27
# 26.5287,  5.40769,    1.042, 0.1021, 0.1608,  34.5697, 20 Oct 2017 17:33:27
# 26.5038,  5.40445,    1.082, 0.1110, 0.1734,  34.5651, 20 Oct 2017 17:37:27
# 26.4983,  5.40351,    1.049, 0.1108, 0.1610,  34.5625, 20 Oct 2017 17:41:27
# 26.4843,  5.40217,    1.017, 0.1144, 0.1685,  34.5633, 20 Oct 2017 17:45:27
# 26.4806,  5.40106,    1.107, 0.1182, 0.1710,  34.5581, 20 Oct 2017 17:49:27
# 26.4781,  5.40065,    1.058, 0.1194, 0.1721,  34.5571, 20 Oct 2017 17:53:27
# 26.4611,  5.39917,    1.052, 0.1207, 0.1720,  34.5591, 20 Oct 2017 17:57:27
# 26.4559,  5.39836,    1.022, 0.1168, 0.1646,  34.5572, 20 Oct 2017 18:01:27
# 26.4533,  5.39803,    1.055, 0.1207, 0.1631,  34.5567, 20 Oct 2017 18:05:27
# 26.4461,  5.39728,    1.042, 0.1196, 0.1621,  34.5567, 20 Oct 2017 18:09:27
# 26.4409,  5.39618,    1.022, 0.1306, 0.1621,  34.5527, 20 Oct 2017 18:13:27
# 26.4448,  5.39636,    1.033, 0.1440, 0.1928,  34.5511, 20 Oct 2017 18:17:27
# 26.4352,  5.39568,    0.972, 0.1231, 0.1720,  34.5534, 20 Oct 2017 18:21:27
# 26.4277,  5.39487,    0.998, 0.1267, 0.1722,  34.5532, 20 Oct 2017 18:25:27
# 26.4218,  5.39404,    0.986, 0.1391, 0.1816,  34.5516, 20 Oct 2017 18:29:27
# 26.4227,  5.39398,    1.038, 0.1388, 0.1806,  34.5505, 20 Oct 2017 18:33:27
# 26.4148,  5.39326,    0.990, 0.1559, 0.1987,  34.5512, 20 Oct 2017 18:37:27
# 26.4034,  5.39207,    1.012, 0.1244, 0.1718,  34.5512, 20 Oct 2017 18:41:27
# 26.3967,  5.39105,    0.918, 0.1330, 0.2100,  34.5489, 20 Oct 2017 18:45:27
# 26.3946,  5.39070,    0.925, 0.1306, 0.1757,  34.5480, 20 Oct 2017 18:49:27
# 26.3836,  5.38960,    1.009, 0.1341, 0.1852,  34.5483, 20 Oct 2017 18:53:27
# 26.3733,  5.38821,    0.979, 0.1559, 0.1756,  34.5460, 20 Oct 2017 18:57:27
# 26.3789,  5.38841,    0.980, 0.1389, 0.1902,  34.5432, 20 Oct 2017 19:01:27
# 26.3628,  5.38730,    0.937, 0.1194, 0.1975,  34.5473, 20 Oct 2017 19:05:27
# 26.3510,  5.38581,    0.912, 0.1230, 0.1746,  34.5454, 20 Oct 2017 19:09:27
# 26.3497,  5.38585,    0.946, 0.1232, 0.1818,  34.5466, 20 Oct 2017 19:13:27
# 26.3415,  5.38503,    0.928, 0.1170, 0.1878,  34.5469, 20 Oct 2017 19:17:27
# 26.3152,  5.38254,    0.895, 0.1144, 0.1743,  34.5487, 20 Oct 2017 19:21:27
# 26.2887,  5.37991,    0.928, 0.1157, 0.1708,  34.5496, 20 Oct 2017 19:25:27
# 26.2983,  5.38113,    0.894, 0.1195, 0.1853,  34.5512, 20 Oct 2017 19:29:27
# 26.2670,  5.37764,    0.916, 0.1109, 0.1646,  34.5495, 20 Oct 2017 19:33:27
# 26.2810,  5.37944,    0.964, 0.1209, 0.1600,  34.5519, 20 Oct 2017 19:37:27
# 26.3381,  5.38363,    0.923, 0.1229, 0.1829,  34.5393, 20 Oct 2017 19:41:27
# 26.3698,  5.38962,    0.876, 0.1291, 0.1842,  34.5588, 20 Oct 2017 19:45:27
# 26.3506,  5.38784,    0.883, 0.1233, 0.1904,  34.5604, 20 Oct 2017 19:49:27
# 26.3491,  5.38773,    0.914, 0.1353, 0.1881,  34.5607, 20 Oct 2017 19:53:27
# 26.3482,  5.38741,    0.843, 0.1245, 0.2143,  34.5591, 20 Oct 2017 19:57:27
# 26.3430,  5.38712,    0.912, 0.1193, 0.1779,  34.5609, 20 Oct 2017 20:01:27
# 26.3067,  5.38284,    0.878, 0.1072, 0.1839,  34.5572, 20 Oct 2017 20:05:27
# 26.2986,  5.38172,    0.918, 0.1169, 0.1807,  34.5552, 20 Oct 2017 20:09:27
# 26.3314,  5.38552,    0.873, 0.1244, 0.1658,  34.5580, 20 Oct 2017 20:13:27
# 26.3410,  5.38690,    0.826, 0.1229, 0.1964,  34.5608, 20 Oct 2017 20:17:27
# 26.3838,  5.39197,    0.883, 0.1255, 0.1635,  34.5652, 20 Oct 2017 20:21:27
# 26.3732,  5.39118,    0.847, 0.1344, 0.1769,  34.5675, 20 Oct 2017 20:25:27
# 26.3674,  5.39048,    0.863, 0.1255, 0.1644,  34.5668, 20 Oct 2017 20:29:27
# 26.3580,  5.38945,    0.864, 0.1221, 0.1572,  34.5664, 20 Oct 2017 20:33:27
# 26.3324,  5.38697,    0.804, 0.1194, 0.1756,  34.5678, 20 Oct 2017 20:37:27
# 26.3336,  5.38702,    0.819, 0.1146, 0.1574,  34.5672, 20 Oct 2017 20:41:27
# 26.3116,  5.38473,    0.856, 0.1070, 0.1491,  34.5672, 20 Oct 2017 20:45:27
# 26.2679,  5.37941,    0.851, 0.1009, 0.1611,  34.5616, 20 Oct 2017 20:49:27
# 26.2223,  5.37316,    0.774, 0.1035, 0.1646,  34.5507, 20 Oct 2017 20:53:27
# 26.2073,  5.37119,    0.765, 0.1022, 0.1707,  34.5477, 20 Oct 2017 20:57:27
# 26.2109,  5.37253,    0.747, 0.1047, 0.1657,  34.5547, 20 Oct 2017 21:01:27
# 26.2138,  5.37281,    0.812, 0.1146, 0.2516,  34.5545, 20 Oct 2017 21:05:27
# 26.1978,  5.37103,    0.790, 0.1035, 0.1670,  34.5537, 20 Oct 2017 21:09:27
# 26.1778,  5.36866,    0.756, 0.0970, 0.1598,  34.5516, 20 Oct 2017 21:13:27
# 26.1676,  5.36723,    0.824, 0.1070, 0.1999,  34.5489, 20 Oct 2017 21:17:27
# 26.1815,  5.36861,    0.773, 0.1036, 0.1633,  34.5485, 20 Oct 2017 21:21:27
# 26.1996,  5.37093,    0.767, 0.1073, 0.1659,  34.5516, 20 Oct 2017 21:25:27
# 26.1866,  5.37006,    0.699, 0.1035, 0.1744,  34.5551, 20 Oct 2017 21:29:27
# 26.2199,  5.37413,    0.793, 0.1130, 0.1697,  34.5595, 20 Oct 2017 21:33:27
# 26.2339,  5.37586,    0.739, 0.1059, 0.1673,  34.5615, 20 Oct 2017 21:37:27
# 26.2228,  5.37461,    0.771, 0.1058, 0.1795,  34.5608, 20 Oct 2017 21:41:27
# 26.2421,  5.37765,    0.723, 0.1147, 0.1610,  34.5683, 20 Oct 2017 21:45:27
# 26.2149,  5.37456,    0.742, 0.0997, 0.1621,  34.5664, 20 Oct 2017 21:49:27
# 26.2108,  5.37391,    0.710, 0.1060, 0.1608,  34.5648, 20 Oct 2017 21:53:27
# 26.2241,  5.37652,    0.710, 0.0982, 0.1608,  34.5737, 20 Oct 2017 21:57:27
# 26.1876,  5.37257,    0.697, 0.0997, 0.1516,  34.5726, 20 Oct 2017 22:01:27
# 26.2134,  5.37570,    0.721, 0.1011, 0.1636,  34.5757, 20 Oct 2017 22:05:27
# 26.2218,  5.37724,    0.773, 0.1070, 0.1551,  34.5806, 20 Oct 2017 22:09:27
# 26.2383,  5.37989,    0.769, 0.1119, 0.1684,  34.5873, 20 Oct 2017 22:13:27
# 26.2161,  5.37710,    0.753, 0.1057, 0.1802,  34.5838, 20 Oct 2017 22:17:27
# 26.2016,  5.37491,    0.733, 0.1023, 0.1611,  34.5790, 20 Oct 2017 22:21:27
# 26.1639,  5.36875,    0.702, 0.1035, 0.1658,  34.5627, 20 Oct 2017 22:25:27
# 26.0928,  5.34981,    0.699, 0.1389, 0.1730,  34.4790, 20 Oct 2017 22:29:27
# 26.1114,  5.35050,    0.771, 0.1256, 0.1795,  34.4699, 20 Oct 2017 22:33:27
# 26.1358,  5.35614,    0.691, 0.1169, 0.1797,  34.4925, 20 Oct 2017 22:37:27
# 26.1368,  5.35763,    0.685, 0.1208, 0.1719,  34.5026, 20 Oct 2017 22:41:27
# 26.1536,  5.36144,    0.774, 0.1147, 0.1671,  34.5175, 20 Oct 2017 22:45:27
# 26.1639,  5.36433,    0.737, 0.1157, 0.1718,  34.5307, 20 Oct 2017 22:49:27
# 26.1683,  5.36534,    0.747, 0.1146, 0.1635,  34.5347, 20 Oct 2017 22:53:27
# 26.1879,  5.36909,    0.734, 0.1182, 0.1707,  34.5471, 20 Oct 2017 22:57:27
# 26.1596,  5.36494,    0.731, 0.1110, 0.1722,  34.5383, 20 Oct 2017 23:01:27
# 26.0724,  5.34916,    0.725, 0.1094, 0.1720,  34.4896, 20 Oct 2017 23:05:27
# 26.0733,  5.34620,    0.795, 0.1131, 0.1668,  34.4673, 20 Oct 2017 23:09:27
# 26.0730,  5.34743,    0.717, 0.1146, 0.1733,  34.4766, 20 Oct 2017 23:13:27
# 26.0533,  5.34405,    0.719, 0.1082, 0.1756,  34.4668, 20 Oct 2017 23:17:27
# 26.0742,  5.34677,    0.796, 0.1131, 0.1759,  34.4708, 20 Oct 2017 23:21:27
# 26.0315,  5.34244,    0.782, 0.1083, 0.1720,  34.4715, 20 Oct 2017 23:25:27
# 26.0035,  5.33454,    0.811, 0.1070, 0.1879,  34.4353, 20 Oct 2017 23:29:27
# 26.0023,  5.33270,    0.698, 0.1118, 0.1731,  34.4228, 20 Oct 2017 23:33:27
# 26.0137,  5.33576,    0.740, 0.1048, 0.1660,  34.4365, 20 Oct 2017 23:37:27
# 26.0359,  5.34066,    0.823, 0.1109, 0.1710,  34.4552, 20 Oct 2017 23:41:27
# 26.0330,  5.33851,    0.807, 0.1131, 0.1878,  34.4419, 20 Oct 2017 23:45:27
# 25.9857,  5.32791,    0.806, 0.1096, 0.1879,  34.4005, 20 Oct 2017 23:49:27
# 26.0018,  5.32903,    0.759, 0.1120, 0.1588,  34.3966, 20 Oct 2017 23:53:27
# 25.9472,  5.31944,    0.807, 0.1122, 0.1695,  34.3679, 20 Oct 2017 23:57:27
# 26.0013,  5.32668,    0.844, 0.1130, 0.1768,  34.3798, 21 Oct 2017 00:01:27
# 25.9925,  5.32399,    0.881, 0.1130, 0.1879,  34.3670, 21 Oct 2017 00:05:27
# 26.0023,  5.32660,    0.852, 0.1109, 0.1659,  34.3785, 21 Oct 2017 00:09:27
# 25.9935,  5.32664,    0.783, 0.1109, 0.1817,  34.3854, 21 Oct 2017 00:13:27
# 25.9652,  5.31973,    0.818, 0.1109, 0.1720,  34.3565, 21 Oct 2017 00:17:27
# 26.0094,  5.32397,    0.925, 0.1157, 0.1901,  34.3540, 21 Oct 2017 00:21:27
# 26.0428,  5.33281,    0.883, 0.1147, 0.1720,  34.3931, 21 Oct 2017 00:25:27
# 25.9975,  5.32668,    0.879, 0.1148, 0.1902,  34.3827, 21 Oct 2017 00:29:27
# 26.0368,  5.33582,    0.883, 0.1096, 0.1672,  34.4195, 21 Oct 2017 00:33:27
# 26.0436,  5.33814,    0.830, 0.1047, 0.2000,  34.4313, 21 Oct 2017 00:37:27
# 25.9952,  5.32946,    0.817, 0.1060, 0.1766,  34.4046, 21 Oct 2017 00:41:27
# 25.9371,  5.32054,    0.907, 0.1035, 0.1673,  34.3834, 21 Oct 2017 00:45:27
# 25.9396,  5.31908,    0.909, 0.1095, 0.1815,  34.3709, 21 Oct 2017 00:49:27
# 25.9495,  5.31949,    0.954, 0.1058, 0.1637,  34.3665, 21 Oct 2017 00:53:27
# 25.9138,  5.31309,    0.959, 0.1094, 0.1721,  34.3468, 21 Oct 2017 00:57:27
# 25.9291,  5.31260,    0.940, 0.1155, 0.1879,  34.3317, 21 Oct 2017 01:01:27
# 25.9685,  5.32116,    0.960, 0.1083, 0.1913,  34.3643, 21 Oct 2017 01:05:27
# 25.9679,  5.32165,    0.974, 0.1072, 0.1672,  34.3683, 21 Oct 2017 01:09:27
# 25.9868,  5.32681,    0.983, 0.1080, 0.1673,  34.3916, 21 Oct 2017 01:13:27
# 25.9593,  5.32140,    0.950, 0.1082, 0.1780,  34.3730, 21 Oct 2017 01:17:27
# 25.9349,  5.31748,    0.960, 0.1096, 0.1600,  34.3628, 21 Oct 2017 01:21:27
# 25.9009,  5.30996,    0.995, 0.1036, 0.1805,  34.3336, 21 Oct 2017 01:25:27
# 25.9130,  5.31178,    1.004, 0.1157, 0.2061,  34.3378, 21 Oct 2017 01:29:27
# 25.8986,  5.30894,    0.980, 0.1071, 0.1537,  34.3280, 21 Oct 2017 01:33:27
# 25.9151,  5.31069,    1.058, 0.1110, 0.1680,  34.3283, 21 Oct 2017 01:37:27
# 25.9212,  5.31095,    1.048, 0.1058, 0.1830,  34.3256, 21 Oct 2017 01:41:27
# 25.9281,  5.31333,    1.091, 0.1071, 0.1659,  34.3378, 21 Oct 2017 01:45:27
# 25.9361,  5.31614,    1.040, 0.1072, 0.1769,  34.3521, 21 Oct 2017 01:49:27
# 25.9319,  5.31332,    1.095, 0.1149, 0.1695,  34.3348, 21 Oct 2017 01:53:27
# 25.9151,  5.30989,    1.112, 0.1096, 0.1695,  34.3224, 21 Oct 2017 01:57:27
# 25.9451,  5.31671,    1.056, 0.1058, 0.1854,  34.3495, 21 Oct 2017 02:01:27
# 25.9520,  5.31832,    1.097, 0.1145, 0.1731,  34.3561, 21 Oct 2017 02:05:27
# 25.9598,  5.32008,    1.085, 0.1034, 0.1743,  34.3630, 21 Oct 2017 02:09:27
# 25.9535,  5.31758,    1.111, 0.1096, 0.2210,  34.3495, 21 Oct 2017 02:13:27
# 25.9564,  5.31743,    1.112, 0.1045, 0.1857,  34.3463, 21 Oct 2017 02:17:27
# 25.9730,  5.32209,    1.191, 0.1021, 0.1756,  34.3676, 21 Oct 2017 02:21:27
# 25.9568,  5.31893,    1.120, 0.1009, 0.1743,  34.3569, 21 Oct 2017 02:25:27
# 25.9638,  5.32063,    1.207, 0.1009, 0.1585,  34.3639, 21 Oct 2017 02:29:27
# 25.9780,  5.32413,    1.156, 0.0996, 0.1645,  34.3787, 21 Oct 2017 02:33:27
# 26.0244,  5.33417,    1.194, 0.0983, 0.1904,  34.4168, 21 Oct 2017 02:37:27
# 26.0396,  5.33812,    1.181, 0.0984, 0.1709,  34.4340, 21 Oct 2017 02:41:27
# 26.0418,  5.33753,    1.179, 0.0998, 0.1611,  34.4281, 21 Oct 2017 02:45:27
# 26.0304,  5.33554,    1.206, 0.0960, 0.1610,  34.4221, 21 Oct 2017 02:49:27
# 25.9844,  5.33040,    1.236, 0.0983, 0.1695,  34.4194, 21 Oct 2017 02:53:27
# 25.9953,  5.32957,    1.231, 0.1057, 0.1889,  34.4052, 21 Oct 2017 02:57:27
# 25.9896,  5.32833,    1.227, 0.1012, 0.1585,  34.4005, 21 Oct 2017 03:01:27
# 25.9948,  5.33030,    1.219, 0.0961, 0.1608,  34.4109, 21 Oct 2017 03:05:27
# 26.0547,  5.33804,    1.244, 0.0960, 0.1745,  34.4221, 21 Oct 2017 03:09:27
# 26.0168,  5.33487,    1.241, 0.0959, 0.1646,  34.4275, 21 Oct 2017 03:13:27
# 25.9843,  5.33087,    1.250, 0.0958, 0.1621,  34.4229, 21 Oct 2017 03:17:27
# 26.0048,  5.33350,    1.246, 0.0934, 0.2195,  34.4266, 21 Oct 2017 03:21:27
# 25.9694,  5.32725,    1.207, 0.1009, 0.1671,  34.4078, 21 Oct 2017 03:25:27
# 26.0089,  5.33375,    1.203, 0.0995, 0.1709,  34.4253, 21 Oct 2017 03:29:27
# 25.9929,  5.33430,    1.242, 0.0973, 0.1683,  34.4413, 21 Oct 2017 03:33:27
# 26.0107,  5.33605,    1.230, 0.0996, 0.1609,  34.4406, 21 Oct 2017 03:37:27
# 26.0208,  5.33907,    1.273, 0.0960, 0.1587,  34.4550, 21 Oct 2017 03:41:27
# 26.0147,  5.33871,    1.267, 0.0935, 0.1854,  34.4570, 21 Oct 2017 03:45:27
# 26.0341,  5.34281,    1.240, 0.0932, 0.1624,  34.4721, 21 Oct 2017 03:49:27
# 25.9918,  5.33494,    1.246, 0.0945, 0.1516,  34.4468, 21 Oct 2017 03:53:27
# 25.9961,  5.33496,    1.268, 0.0971, 0.1538,  34.4437, 21 Oct 2017 03:57:27
# 26.0239,  5.34131,    1.284, 0.0934, 0.1560,  34.4689, 21 Oct 2017 04:01:27
# 26.0018,  5.33839,    1.225, 0.0996, 0.1530,  34.4644, 21 Oct 2017 04:05:27
# 25.9605,  5.33118,    1.293, 0.0948, 0.1482,  34.4431, 21 Oct 2017 04:09:27
# 25.9732,  5.33382,    1.325, 0.0961, 0.1672,  34.4527, 21 Oct 2017 04:13:27
# 25.9532,  5.33011,    1.323, 0.0923, 0.1891,  34.4408, 21 Oct 2017 04:17:27
# 25.9645,  5.33255,    1.350, 0.0958, 0.1550,  34.4500, 21 Oct 2017 04:21:27
# 26.0099,  5.34134,    1.321, 0.0925, 0.1505,  34.4797, 21 Oct 2017 04:25:27
# 25.9746,  5.33520,    1.237, 0.0935, 0.1611,  34.4617, 21 Oct 2017 04:29:27
# 25.9749,  5.33491,    1.343, 0.0996, 0.1621,  34.4593, 21 Oct 2017 04:33:27
# 25.9779,  5.33556,    1.306, 0.0957, 0.1719,  34.4617, 21 Oct 2017 04:37:27
# 25.9799,  5.33555,    1.329, 0.0935, 0.4808,  34.4602, 21 Oct 2017 04:41:27
# 25.9660,  5.33268,    1.279, 0.0961, 0.1585,  34.4498, 21 Oct 2017 04:45:27
# 25.9940,  5.33791,    1.277, 0.0898, 0.1746,  34.4667, 21 Oct 2017 04:49:27
# 25.9650,  5.33411,    1.345, 0.0935, 0.1598,  34.4610, 21 Oct 2017 04:53:27
# 25.9569,  5.33244,    1.384, 0.0898, 0.1623,  34.4548, 21 Oct 2017 04:57:27
# 25.9241,  5.32642,    1.347, 0.0948, 0.1634,  34.4358, 21 Oct 2017 05:01:27
# 25.8948,  5.32063,    1.270, 0.0960, 0.1505,  34.4158, 21 Oct 2017 05:05:27
# 25.9412,  5.32666,    1.334, 0.0947, 0.1552,  34.4247, 21 Oct 2017 05:09:27
# 25.9038,  5.32205,    1.334, 0.0961, 0.1610,  34.4193, 21 Oct 2017 05:13:27
# 25.9137,  5.32289,    1.262, 0.0935, 0.1758,  34.4180, 21 Oct 2017 05:17:27
# 25.8994,  5.32021,    1.310, 0.0934, 0.1519,  34.4092, 21 Oct 2017 05:21:27
# 25.9266,  5.32528,    1.288, 0.0935, 0.2398,  34.4257, 21 Oct 2017 05:25:27
# 25.9579,  5.33064,    1.291, 0.0935, 0.1648,  34.4410, 21 Oct 2017 05:29:27
# 25.9436,  5.32847,    1.294, 0.0924, 0.1779,  34.4360, 21 Oct 2017 05:33:27
# 25.9227,  5.32537,    1.314, 0.0997, 0.1863,  34.4293, 21 Oct 2017 05:37:27
# 25.9055,  5.32135,    1.331, 0.0933, 0.1646,  34.4129, 21 Oct 2017 05:41:27
# 25.9490,  5.33184,    1.395, 0.0948, 0.1804,  34.4565, 21 Oct 2017 05:45:27
# 25.9061,  5.32255,    1.319, 0.0948, 0.1622,  34.4212, 21 Oct 2017 05:49:27
# 25.9090,  5.32510,    1.220, 0.0934, 0.1598,  34.4376, 21 Oct 2017 05:53:27
# 25.8811,  5.31988,    1.269, 0.0933, 0.1549,  34.4206, 21 Oct 2017 05:57:27
# 25.8829,  5.31931,    1.294, 0.0958, 0.1482,  34.4151, 21 Oct 2017 06:01:27
# 25.8966,  5.32072,    1.245, 0.0984, 0.1622,  34.4151, 21 Oct 2017 06:05:27
# 25.9317,  5.32728,    1.287, 0.0971, 0.1600,  34.4363, 21 Oct 2017 06:09:27
# 25.9398,  5.32912,    1.269, 0.0972, 0.1646,  34.4436, 21 Oct 2017 06:13:27
# 25.9351,  5.32852,    1.256, 0.0959, 0.1573,  34.4428, 21 Oct 2017 06:17:27
# 25.9206,  5.32637,    1.242, 0.0997, 0.1780,  34.4381, 21 Oct 2017 06:21:27
# 25.9241,  5.32845,    1.222, 0.0960, 0.1624,  34.4506, 21 Oct 2017 06:25:27
# 25.9699,  5.33825,    1.287, 0.0998, 0.3343,  34.4873, 21 Oct 2017 06:29:27
# 25.9726,  5.33889,    1.235, 0.0974, 0.1720,  34.4900, 21 Oct 2017 06:33:27
# 25.9760,  5.34122,    1.222, 0.1010, 0.2282,  34.5043, 21 Oct 2017 06:37:27
# 25.9299,  5.33198,    1.346, 0.0986, 0.1670,  34.4719, 21 Oct 2017 06:41:27
# 25.9115,  5.32884,    1.279, 0.0960, 0.1599,  34.4629, 21 Oct 2017 06:45:27
# 25.9027,  5.32647,    1.238, 0.0970, 0.1733,  34.4523, 21 Oct 2017 06:49:27
# 25.9116,  5.32880,    1.254, 0.0949, 0.1539,  34.4626, 21 Oct 2017 06:53:27
# 25.9140,  5.32898,    1.223, 0.0999, 0.1598,  34.4620, 21 Oct 2017 06:57:27
# 25.9107,  5.32873,    1.256, 0.0973, 0.1756,  34.4627, 21 Oct 2017 07:01:27
# 25.9160,  5.32898,    1.207, 0.0948, 0.1549,  34.4605, 21 Oct 2017 07:05:27
# 25.9048,  5.32730,    1.182, 0.0972, 0.1608,  34.4568, 21 Oct 2017 07:09:27
# 25.8996,  5.32638,    1.152, 0.0933, 0.1458,  34.4540, 21 Oct 2017 07:13:27
# 25.8973,  5.32556,    1.163, 0.0947, 0.1576,  34.4498, 21 Oct 2017 07:17:27
# 25.9048,  5.32763,    1.232, 0.0986, 0.1647,  34.4592, 21 Oct 2017 07:21:27
# 25.9075,  5.32779,    1.125, 0.0948, 0.1633,  34.4584, 21 Oct 2017 07:25:27
# 25.9116,  5.32839,    1.162, 0.0935, 0.2209,  34.4596, 21 Oct 2017 07:29:27
# 25.9099,  5.32800,    1.195, 0.0933, 0.1494,  34.4581, 21 Oct 2017 07:33:27
# 25.9179,  5.32903,    1.187, 0.0949, 0.1767,  34.4595, 21 Oct 2017 07:37:27
# 25.9204,  5.32890,    1.154, 0.0986, 0.1746,  34.4566, 21 Oct 2017 07:41:27
# 25.9274,  5.32999,    1.158, 0.0935, 0.1549,  34.4593, 21 Oct 2017 07:45:27
# 25.9281,  5.32978,    1.192, 0.0897, 0.1550,  34.4573, 21 Oct 2017 07:49:27
# 25.9393,  5.33145,    1.192, 0.0924, 0.1586,  34.4609, 21 Oct 2017 07:53:27
# 25.9641,  5.33491,    1.112, 0.0901, 0.1661,  34.4674, 21 Oct 2017 07:57:27
# 25.9572,  5.33263,    1.134, 0.0933, 0.1684,  34.4561, 21 Oct 2017 08:01:27
# 25.9784,  5.33585,    1.131, 0.0961, 0.1671,  34.4636, 21 Oct 2017 08:05:27
# 25.9695,  5.33416,    1.160, 0.0894, 0.1756,  34.4579, 21 Oct 2017 08:09:27
# 25.9808,  5.33577,    1.130, 0.0898, 0.1537,  34.4611, 21 Oct 2017 08:13:27
# 25.9886,  5.33584,    1.117, 0.0874, 0.1574,  34.4558, 21 Oct 2017 08:17:27
# 25.9959,  5.33644,    1.086, 0.0861, 0.1518,  34.4546, 21 Oct 2017 08:21:27
# 26.0053,  5.33800,    1.065, 0.0886, 0.1816,  34.4589, 21 Oct 2017 08:25:27
# 26.0179,  5.33926,    1.038, 0.0871, 0.1672,  34.4586, 21 Oct 2017 08:29:27
# 26.0359,  5.34138,    1.003, 0.0874, 0.1657,  34.4605, 21 Oct 2017 08:33:27
# 26.0433,  5.34220,    1.048, 0.0897, 0.1659,  34.4608, 21 Oct 2017 08:37:27
# 26.0545,  5.34361,    1.041, 0.0872, 0.1622,  34.4627, 21 Oct 2017 08:41:27
# 26.0699,  5.34541,    1.043, 0.0896, 0.1818,  34.4642, 21 Oct 2017 08:45:27
# 26.0790,  5.34597,    1.035, 0.0885, 0.1621,  34.4614, 21 Oct 2017 08:49:27
# 26.0957,  5.34792,    1.045, 0.0923, 0.1547,  34.4630, 21 Oct 2017 08:53:27
# 26.1048,  5.34905,    1.003, 0.0885, 0.1600,  34.4644, 21 Oct 2017 08:57:27
# 26.1211,  5.35095,    0.915, 0.0850, 0.1695,  34.4659, 21 Oct 2017 09:01:27
# 26.1344,  5.35118,    0.975, 0.0885, 0.1571,  34.4576, 21 Oct 2017 09:05:27
# 26.1458,  5.35145,    0.990, 0.0849, 0.1841,  34.4510, 21 Oct 2017 09:09:27
# 26.1574,  5.35325,    0.976, 0.0849, 0.1695,  34.4552, 21 Oct 2017 09:13:27
# 26.1720,  5.35382,    0.915, 0.0848, 0.1695,  34.4485, 21 Oct 2017 09:17:27
# 26.1861,  5.35522,    0.925, 0.0861, 0.1608,  34.4481, 21 Oct 2017 09:21:27
# 26.1980,  5.35615,    0.976, 0.0863, 0.1865,  34.4459, 21 Oct 2017 09:25:27
# 26.2074,  5.35362,    0.992, 0.0860, 0.2086,  34.4204, 21 Oct 2017 09:29:27
# 26.2224,  5.35434,    0.926, 0.0858, 0.1731,  34.4145, 21 Oct 2017 09:33:27
# 26.2252,  5.35694,    0.950, 0.0872, 0.2267,  34.4311, 21 Oct 2017 09:37:27
# 26.2394,  5.35681,    0.998, 0.0822, 0.1575,  34.4195, 21 Oct 2017 09:41:27
# 26.2507,  5.35541,    0.887, 0.0848, 0.1601,  34.4010, 21 Oct 2017 09:45:27
# 26.2623,  5.35887,    0.913, 0.0836, 0.1562,  34.4174, 21 Oct 2017 09:49:27
# 26.2719,  5.36217,    0.911, 0.0848, 0.1657,  34.4340, 21 Oct 2017 09:53:27
# 26.2781,  5.36490,    0.944, 0.0848, 0.1854,  34.4490, 21 Oct 2017 09:57:27
# 26.3101,  5.36671,    0.905, 0.0836, 0.1949,  34.4382, 21 Oct 2017 10:01:27
# 26.3233,  5.36757,    0.880, 0.0887, 0.1852,  34.4346, 21 Oct 2017 10:05:27
# 26.3367,  5.37141,    0.794, 0.0822, 0.1891,  34.4522, 21 Oct 2017 10:09:27
# 26.3596,  5.36979,    0.841, 0.0837, 0.1756,  34.4234, 21 Oct 2017 10:13:27
# 26.3569,  5.37053,    0.931, 0.0872, 0.1865,  34.4307, 21 Oct 2017 10:17:27
# 26.4034,  5.37343,    0.907, 0.0810, 0.1880,  34.4169, 21 Oct 2017 10:21:27
# 26.4044,  5.36663,    0.831, 0.0859, 0.1805,  34.3672, 21 Oct 2017 10:25:27
# 26.4405,  5.37275,    0.837, 0.0861, 0.1952,  34.3843, 21 Oct 2017 10:29:27
# 26.4247,  5.37363,    0.854, 0.0886, 0.1720,  34.4025, 21 Oct 2017 10:33:27
# 26.4462,  5.37658,    0.888, 0.0838, 0.1634,  34.4076, 21 Oct 2017 10:37:27
# 26.4737,  5.38137,    0.826, 0.0895, 0.1829,  34.4216, 21 Oct 2017 10:41:27
# 26.4644,  5.38115,    0.791, 0.0813, 0.1864,  34.4270, 21 Oct 2017 10:45:27
# 26.4786,  5.38467,    0.863, 0.0835, 0.2011,  34.4417, 21 Oct 2017 10:49:27
# 26.4979,  5.38577,    0.861, 0.0858, 0.1976,  34.4352, 21 Oct 2017 10:53:27
# 26.4989,  5.38603,    0.863, 0.0874, 0.1900,  34.4363, 21 Oct 2017 10:57:27
# 26.4936,  5.39074,    0.887, 0.0833, 0.1852,  34.4742, 21 Oct 2017 11:01:27
# 26.4714,  5.39233,    0.867, 0.0887, 0.1805,  34.5022, 21 Oct 2017 11:05:27
# 26.4781,  5.39646,    0.857, 0.0860, 0.1876,  34.5269, 21 Oct 2017 11:09:27
# 26.4902,  5.39886,    0.805, 0.0837, 0.2134,  34.5352, 21 Oct 2017 11:13:27
# 26.5210,  5.39975,    0.898, 0.0874, 0.1963,  34.5185, 21 Oct 2017 11:17:27
# 26.5287,  5.39975,    0.852, 0.0858, 0.2674,  34.5127, 21 Oct 2017 11:21:27
# 26.5519,  5.40050,    0.833, 0.0861, 0.2210,  34.5008, 21 Oct 2017 11:25:27
# 26.5738,  5.40305,    0.860, 0.0861, 0.1865,  34.5028, 21 Oct 2017 11:29:27
# 26.6150,  5.40474,    0.904, 0.0848, 0.2098,  34.4841, 21 Oct 2017 11:33:27
# 26.5816,  5.40473,    0.879, 0.0872, 0.2760,  34.5089, 21 Oct 2017 11:37:27
# 26.6346,  5.40877,    0.805, 0.0836, 0.1926,  34.4984, 21 Oct 2017 11:41:27
# 26.6532,  5.40673,    0.768, 0.0835, 0.2086,  34.4699, 21 Oct 2017 11:45:27
# 26.6209,  5.40975,    0.808, 0.0823, 0.2408,  34.5157, 21 Oct 2017 11:49:27
# 26.6410,  5.41037,    0.885, 0.0837, 0.1913,  34.5051, 21 Oct 2017 11:53:27
# 26.6856,  5.40939,    0.846, 0.0849, 0.1757,  34.4649, 21 Oct 2017 11:57:27
# 26.7041,  5.41128,    0.808, 0.0837, 0.1865,  34.4646, 21 Oct 2017 12:01:27
# 26.7387,  5.41401,    0.876, 0.0837, 0.1734,  34.4584, 21 Oct 2017 12:05:27
# 26.7636,  5.41916,    0.810, 0.0809, 0.1888,  34.4767, 21 Oct 2017 12:09:27
# 26.7269,  5.41734,    0.870, 0.0896, 0.1778,  34.4911, 21 Oct 2017 12:13:27
# 26.7283,  5.41854,    0.901, 0.0821, 0.1755,  34.4986, 21 Oct 2017 12:17:27
# 26.7666,  5.42235,    0.911, 0.0835, 0.1704,  34.4973, 21 Oct 2017 12:21:27
# 26.7674,  5.42306,    0.841, 0.0810, 0.1804,  34.5018, 21 Oct 2017 12:25:27
# 26.8397,  5.42904,    0.845, 0.0798, 0.1827,  34.4908, 21 Oct 2017 12:29:27
# 26.8339,  5.42901,    0.881, 0.0832, 0.1645,  34.4949, 21 Oct 2017 12:33:27
# 26.9119,  5.43480,    0.826, 0.0835, 0.1693,  34.4783, 21 Oct 2017 12:37:27
# 26.8961,  5.43060,    0.824, 0.0847, 0.1769,  34.4600, 21 Oct 2017 12:41:27
# 26.9001,  5.43050,    0.840, 0.0832, 0.2937,  34.4563, 21 Oct 2017 12:45:27
# 26.9148,  5.43081,    0.847, 0.0872, 0.2171,  34.4476, 21 Oct 2017 12:49:27
# 26.9056,  5.42986,    0.844, 0.0860, 0.1904,  34.4477, 21 Oct 2017 12:53:27
# 26.8833,  5.43058,    0.776, 0.0858, 0.1718,  34.4693, 21 Oct 2017 12:57:27
# 26.9179,  5.43483,    0.798, 0.0870, 0.1717,  34.4740, 21 Oct 2017 13:01:27
# 26.9654,  5.43889,    0.840, 0.0823, 0.1816,  34.4678, 21 Oct 2017 13:05:27
# 26.9787,  5.44008,    0.898, 0.0836, 0.1817,  34.4663, 21 Oct 2017 13:09:27
# 26.9770,  5.44393,    0.927, 0.0822, 0.1851,  34.4950, 21 Oct 2017 13:13:27
# 27.0446,  5.45031,    0.934, 0.0834, 0.1966,  34.4903, 21 Oct 2017 13:17:27
# 27.0464,  5.45070,    0.823, 0.0834, 0.1815,  34.4918, 21 Oct 2017 13:21:27
# 27.0767,  5.45127,    0.803, 0.0798, 0.1705,  34.4733, 21 Oct 2017 13:25:27
# 27.0492,  5.45146,    0.826, 0.0849, 0.1915,  34.4951, 21 Oct 2017 13:29:27
# 27.0580,  5.45257,    0.839, 0.0889, 0.1805,  34.4964, 21 Oct 2017 13:33:27
# 26.9959,  5.45029,    0.800, 0.0874, 0.2157,  34.5264, 21 Oct 2017 13:37:27
# 26.9693,  5.44987,    0.909, 0.0886, 0.2206,  34.5431, 21 Oct 2017 13:41:27
# 27.0262,  5.45028,    0.922, 0.0886, 0.1889,  34.5037, 21 Oct 2017 13:45:27
# 27.0288,  5.44737,    0.919, 0.0935, 0.1937,  34.4811, 21 Oct 2017 13:49:27
# 26.9585,  5.44576,    0.976, 0.0960, 0.1964,  34.5218, 21 Oct 2017 13:53:27
# 26.9878,  5.44633,    0.927, 0.0957, 0.1828,  34.5041, 21 Oct 2017 13:57:27
