# 28.1792,  5.59177,    1.148, 0.0919, 0.2157,  34.6504, 02 Nov 2017 14:01:27
# 28.1839,  5.59068,    1.156, 0.0945, 0.2840,  34.6393, 02 Nov 2017 14:05:27
# 28.2216,  5.59822,    1.139, 0.0896, 0.2589,  34.6642, 02 Nov 2017 14:09:27
# 28.2324,  5.59858,    1.166, 0.0909, 0.2575,  34.6588, 02 Nov 2017 14:13:27
# 28.2569,  5.60071,    1.226, 0.0931, 0.2490,  34.6557, 02 Nov 2017 14:17:27
# 28.3131,  5.60984,    1.146, 0.0919, 0.2457,  34.6781, 02 Nov 2017 14:21:27
# 28.3116,  5.60988,    1.170, 0.0943, 0.2494,  34.6795, 02 Nov 2017 14:25:27
# 28.3424,  5.61368,    1.243, 0.0918, 0.2686,  34.6833, 02 Nov 2017 14:29:27
# 28.3540,  5.61484,    1.171, 0.0908, 0.2601,  34.6829, 02 Nov 2017 14:33:27
# 28.3412,  5.61367,    1.178, 0.0932, 0.3022,  34.6842, 02 Nov 2017 14:37:27
# 28.3690,  5.61562,    1.204, 0.1007, 0.2563,  34.6774, 02 Nov 2017 14:41:27
# 28.3453,  5.61139,    1.236, 0.1016, 0.2561,  34.6653, 02 Nov 2017 14:45:27
# 28.3737,  5.61638,    1.249, 0.0966, 0.3696,  34.6792, 02 Nov 2017 14:49:27
# 28.3913,  5.61838,    1.185, 0.0967, 0.2659,  34.6802, 02 Nov 2017 14:53:27
# 28.3838,  5.61648,    1.158, 0.1006, 0.2541,  34.6725, 02 Nov 2017 14:57:27
# 28.3948,  5.61747,    1.178, 0.1008, 0.2369,  34.6713, 02 Nov 2017 15:01:27
# 28.3940,  5.61692,    1.135, 0.0981, 0.2419,  34.6681, 02 Nov 2017 15:05:27
# 28.3830,  5.61752,    1.182, 0.1006, 0.2886,  34.6803, 02 Nov 2017 15:09:27
# 28.3771,  5.61665,    1.146, 0.1008, 0.2446,  34.6786, 02 Nov 2017 15:13:27
# 28.3545,  5.61594,    1.163, 0.1028, 0.2541,  34.6902, 02 Nov 2017 15:17:27
# 28.3459,  5.61439,    1.159, 0.1007, 0.2508,  34.6857, 02 Nov 2017 15:21:27
# 28.3463,  5.61186,    1.180, 0.1091, 0.2651,  34.6678, 02 Nov 2017 15:25:27
# 28.3511,  5.61242,    1.060, 0.1019, 0.2281,  34.6682, 02 Nov 2017 15:29:27
# 28.3544,  5.61393,    1.109, 0.1057, 0.2792,  34.6763, 02 Nov 2017 15:33:27
# 28.3565,  5.61369,    1.116, 0.1067, 0.2794,  34.6731, 02 Nov 2017 15:37:27
# 28.3767,  5.61456,    1.179, 0.1106, 0.2949,  34.6643, 02 Nov 2017 15:41:27
# 28.3730,  5.61548,    1.150, 0.1046, 0.2432,  34.6735, 02 Nov 2017 15:45:27
# 28.3817,  5.61400,    1.140, 0.1103, 0.2254,  34.6568, 02 Nov 2017 15:49:27
# 28.4087,  5.61820,    1.096, 0.1118, 0.2358,  34.6662, 02 Nov 2017 15:53:27
# 28.4023,  5.61798,    1.083, 0.1118, 0.2792,  34.6694, 02 Nov 2017 15:57:27
# 28.4073,  5.61943,    1.096, 0.1055, 0.2563,  34.6758, 02 Nov 2017 16:01:27
# 28.4107,  5.61719,    1.104, 0.1103, 0.2358,  34.6578, 02 Nov 2017 16:05:27
# 28.4577,  5.62284,    1.097, 0.1106, 0.2685,  34.6626, 02 Nov 2017 16:09:27
# 28.4840,  5.62582,    1.118, 0.1228, 0.3021,  34.6640, 02 Nov 2017 16:13:27
# 28.4909,  5.62551,    1.103, 0.1154, 0.2732,  34.6569, 02 Nov 2017 16:17:27
# 28.4874,  5.62776,    1.067, 0.1193, 0.2661,  34.6750, 02 Nov 2017 16:21:27
# 28.4503,  5.61844,    1.096, 0.1286, 0.2490,  34.6374, 02 Nov 2017 16:25:27
# 28.4395,  5.61856,    1.097, 0.1303, 0.2719,  34.6462, 02 Nov 2017 16:29:27
# 28.4471,  5.61934,    1.123, 0.1204, 0.2443,  34.6461, 02 Nov 2017 16:33:27
# 28.4342,  5.62052,    1.056, 0.1118, 0.2467,  34.6637, 02 Nov 2017 16:37:27
# 28.4467,  5.61931,    1.065, 0.1193, 0.2468,  34.6461, 02 Nov 2017 16:41:27
# 28.4353,  5.61453,    1.078, 0.1203, 0.2493,  34.6213, 02 Nov 2017 16:45:27
# 28.4347,  5.61508,    1.049, 0.1277, 0.2638,  34.6256, 02 Nov 2017 16:49:27
# 28.4237,  5.61500,    1.011, 0.1204, 0.2455,  34.6331, 02 Nov 2017 16:53:27
# 28.4174,  5.61732,    1.016, 0.1203, 0.2574,  34.6538, 02 Nov 2017 16:57:27
# 28.4357,  5.61447,    1.099, 0.1316, 0.2621,  34.6206, 02 Nov 2017 17:01:27
# 28.4216,  5.61613,    0.969, 0.1289, 0.2873,  34.6424, 02 Nov 2017 17:05:27
# 28.4158,  5.61501,    1.022, 0.1279, 0.2623,  34.6389, 02 Nov 2017 17:09:27
# 28.3813,  5.61318,    1.028, 0.1251, 0.3195,  34.6513, 02 Nov 2017 17:13:27
# 28.3590,  5.60760,    1.040, 0.1399, 0.3074,  34.6289, 02 Nov 2017 17:17:27
# 28.3652,  5.60742,    1.097, 0.1389, 0.2684,  34.6231, 02 Nov 2017 17:21:27
# 28.3576,  5.60688,    1.007, 0.1301, 0.2948,  34.6249, 02 Nov 2017 17:25:27
# 28.3461,  5.60605,    0.940, 0.1379, 0.2735,  34.6276, 02 Nov 2017 17:29:27
# 28.3297,  5.60573,    0.989, 0.1277, 0.2709,  34.6374, 02 Nov 2017 17:33:27
# 28.3432,  5.60611,    0.933, 0.1364, 0.2889,  34.6301, 02 Nov 2017 17:37:27
# 28.3338,  5.60215,    0.982, 0.1350, 0.2803,  34.6094, 02 Nov 2017 17:41:27
# 28.3084,  5.60282,    0.865, 0.1289, 0.2778,  34.6327, 02 Nov 2017 17:45:27
# 28.2881,  5.59959,    0.844, 0.1314, 0.3099,  34.6251, 02 Nov 2017 17:49:27
# 28.2912,  5.60017,    0.919, 0.1239, 0.2718,  34.6269, 02 Nov 2017 17:53:27
# 28.2648,  5.59829,    0.809, 0.1411, 0.3087,  34.6331, 02 Nov 2017 17:57:27
# 28.2480,  5.59658,    0.919, 0.1422, 0.2741,  34.6335, 02 Nov 2017 18:01:27
# 28.2416,  5.59447,    0.882, 0.1363, 0.2792,  34.6235, 02 Nov 2017 18:05:27
# 28.2216,  5.59408,    0.858, 0.1337, 0.2865,  34.6355, 02 Nov 2017 18:09:27
# 28.2050,  5.59235,    0.905, 0.1305, 0.2733,  34.6355, 02 Nov 2017 18:13:27
# 28.2005,  5.58603,    0.863, 0.1439, 0.2805,  34.5948, 02 Nov 2017 18:17:27
# 28.1878,  5.58685,    0.855, 0.1328, 0.3113,  34.6097, 02 Nov 2017 18:21:27
# 28.1642,  5.58697,    0.851, 0.1389, 0.2959,  34.6279, 02 Nov 2017 18:25:27
# 28.1507,  5.58584,    0.849, 0.1411, 0.2686,  34.6300, 02 Nov 2017 18:29:27
# 28.1529,  5.58183,    0.744, 0.1414, 0.2866,  34.6003, 02 Nov 2017 18:33:27
# 28.1512,  5.58254,    0.860, 0.1437, 0.2611,  34.6066, 02 Nov 2017 18:37:27
# 28.1410,  5.58455,    0.845, 0.1327, 0.2709,  34.6280, 02 Nov 2017 18:41:27
# 28.1351,  5.58211,    0.748, 0.1264, 0.2684,  34.6154, 02 Nov 2017 18:45:27
# 28.1316,  5.57906,    0.844, 0.1375, 0.2444,  34.5966, 02 Nov 2017 18:49:27
# 28.1338,  5.57535,    0.821, 0.1389, 0.2947,  34.5690, 02 Nov 2017 18:53:27
# 28.1119,  5.58133,    0.761, 0.1314, 0.2650,  34.6269, 02 Nov 2017 18:57:27
# 28.1133,  5.57469,    0.799, 0.1389, 0.2564,  34.5796, 02 Nov 2017 19:01:27
# 28.1040,  5.57552,    0.815, 0.1352, 0.2577,  34.5921, 02 Nov 2017 19:05:27
# 28.0867,  5.57352,    0.814, 0.1278, 0.2543,  34.5908, 02 Nov 2017 19:09:27
# 28.0777,  5.57389,    0.778, 0.1339, 0.2601,  34.6000, 02 Nov 2017 19:13:27
# 28.0569,  5.57438,    0.734, 0.1327, 0.2874,  34.6188, 02 Nov 2017 19:17:27
# 28.0549,  5.56661,    0.809, 0.1424, 0.2467,  34.5659, 02 Nov 2017 19:21:27
# 28.0619,  5.56506,    0.749, 0.1401, 0.2503,  34.5499, 02 Nov 2017 19:25:27
# 28.0340,  5.56891,    0.725, 0.1376, 0.2457,  34.5973, 02 Nov 2017 19:29:27
# 28.0376,  5.56644,    0.715, 0.1351, 0.2757,  34.5774, 02 Nov 2017 19:33:27
# 28.0301,  5.56845,    0.701, 0.1350, 0.2660,  34.5970, 02 Nov 2017 19:37:27
# 28.0223,  5.56816,    0.751, 0.1373, 0.2745,  34.6007, 02 Nov 2017 19:41:27
# 28.0159,  5.56727,    0.735, 0.1278, 0.2742,  34.5991, 02 Nov 2017 19:45:27
# 28.0091,  5.56705,    0.720, 0.1252, 0.2409,  34.6026, 02 Nov 2017 19:49:27
# 28.0060,  5.56312,    0.765, 0.1315, 0.2385,  34.5773, 02 Nov 2017 19:53:27
# 28.0042,  5.56442,    0.686, 0.1216, 0.2577,  34.5878, 02 Nov 2017 19:57:27
# 27.9922,  5.56593,    0.745, 0.1317, 0.2383,  34.6071, 02 Nov 2017 20:01:27
# 27.9705,  5.56151,    0.717, 0.1317, 0.2384,  34.5922, 02 Nov 2017 20:05:27
# 27.9644,  5.55535,    0.709, 0.1363, 0.2491,  34.5534, 02 Nov 2017 20:09:27
# 27.9525,  5.55658,    0.732, 0.1314, 0.2493,  34.5708, 02 Nov 2017 20:13:27
# 27.9584,  5.55372,    0.758, 0.1314, 0.2409,  34.5464, 02 Nov 2017 20:17:27
# 27.9472,  5.55103,    0.685, 0.1337, 0.2493,  34.5359, 02 Nov 2017 20:21:27
# 27.9444,  5.55224,    0.720, 0.1337, 0.2615,  34.5464, 02 Nov 2017 20:25:27
# 27.9358,  5.55003,    0.750, 0.1277, 0.2432,  34.5372, 02 Nov 2017 20:29:27
# 27.9301,  5.54989,    0.708, 0.1267, 0.3041,  34.5404, 02 Nov 2017 20:33:27
# 27.9390,  5.55502,    0.772, 0.1200, 0.2741,  34.5698, 02 Nov 2017 20:37:27
# 27.9342,  5.55532,    0.745, 0.1180, 0.3135,  34.5755, 02 Nov 2017 20:41:27
# 27.9284,  5.55559,    0.775, 0.1155, 0.2913,  34.5816, 02 Nov 2017 20:45:27
# 27.9220,  5.55458,    0.723, 0.1205, 0.2393,  34.5792, 02 Nov 2017 20:49:27
# 27.9081,  5.54991,    0.766, 0.1287, 0.2578,  34.5567, 02 Nov 2017 20:53:27
# 27.8917,  5.54400,    0.765, 0.1231, 0.2470,  34.5273, 02 Nov 2017 20:57:27
# 27.8973,  5.54779,    0.833, 0.1180, 0.2348,  34.5497, 02 Nov 2017 21:01:27
# 27.8956,  5.54922,    0.661, 0.1167, 0.2794,  34.5610, 02 Nov 2017 21:05:27
# 27.8903,  5.54961,    0.736, 0.1168, 0.2615,  34.5677, 02 Nov 2017 21:09:27
# 27.8794,  5.54788,    0.772, 0.1169, 0.2407,  34.5635, 02 Nov 2017 21:13:27
# 27.8728,  5.54735,    0.587, 0.1121, 0.2993,  34.5647, 02 Nov 2017 21:17:27
# 27.8667,  5.54745,    0.711, 0.1144, 0.2733,  34.5699, 02 Nov 2017 21:21:27
# 27.8634,  5.54749,    0.711, 0.1205, 0.2909,  34.5726, 02 Nov 2017 21:25:27
# 27.8624,  5.54722,    0.695, 0.1167, 0.2409,  34.5715, 02 Nov 2017 21:29:27
# 27.8499,  5.54518,    0.719, 0.1104, 0.2721,  34.5663, 02 Nov 2017 21:33:27
# 27.8457,  5.54289,    0.686, 0.1167, 0.2648,  34.5533, 02 Nov 2017 21:37:27
# 27.8484,  5.54365,    0.700, 0.1104, 0.2455,  34.5566, 02 Nov 2017 21:41:27
# 27.8461,  5.54302,    0.699, 0.1094, 0.2382,  34.5539, 02 Nov 2017 21:45:27
# 27.8385,  5.54257,    0.795, 0.1093, 0.2383,  34.5563, 02 Nov 2017 21:49:27
# 27.8318,  5.54152,    0.811, 0.1083, 0.2444,  34.5539, 02 Nov 2017 21:53:27
# 27.8254,  5.54178,    0.763, 0.1067, 0.2468,  34.5604, 02 Nov 2017 21:57:27
# 27.8264,  5.54085,    0.742, 0.1153, 0.2625,  34.5532, 02 Nov 2017 22:01:27
# 27.8256,  5.53941,    0.743, 0.1216, 0.3068,  34.5436, 02 Nov 2017 22:05:27
# 27.8074,  5.53847,    0.792, 0.1118, 0.2757,  34.5504, 02 Nov 2017 22:09:27
# 27.7958,  5.53954,    0.778, 0.1104, 0.2360,  34.5665, 02 Nov 2017 22:13:27
# 27.7872,  5.53769,    0.812, 0.1117, 0.2396,  34.5597, 02 Nov 2017 22:17:27
# 27.7799,  5.53317,    0.787, 0.1104, 0.2421,  34.5334, 02 Nov 2017 22:21:27
# 27.7723,  5.53075,    0.879, 0.1155, 0.2467,  34.5220, 02 Nov 2017 22:25:27
# 27.7712,  5.53206,    0.859, 0.1095, 0.2769,  34.5320, 02 Nov 2017 22:29:27
# 27.7656,  5.53164,    0.819, 0.1056, 0.2672,  34.5332, 02 Nov 2017 22:33:27
# 27.7612,  5.53169,    0.779, 0.1044, 0.2351,  34.5367, 02 Nov 2017 22:37:27
# 27.7478,  5.52967,    0.881, 0.1057, 0.2350,  34.5324, 02 Nov 2017 22:41:27
# 27.7493,  5.52757,    0.810, 0.1067, 0.2445,  34.5165, 02 Nov 2017 22:45:27
# 27.7363,  5.52693,    0.873, 0.1044, 0.2290,  34.5216, 02 Nov 2017 22:49:27
# 27.7357,  5.52541,    0.864, 0.1095, 0.2492,  34.5113, 02 Nov 2017 22:53:27
# 27.7392,  5.52585,    0.853, 0.1095, 0.2407,  34.5118, 02 Nov 2017 22:57:27
# 27.7252,  5.52922,    0.916, 0.1055, 0.2303,  34.5458, 02 Nov 2017 23:01:27
# 27.6829,  5.52919,    0.920, 0.1057, 0.2336,  34.5768, 02 Nov 2017 23:05:27
# 27.6618,  5.52000,    0.883, 0.0981, 0.2220,  34.5276, 02 Nov 2017 23:09:27
# 27.6688,  5.52228,    1.022, 0.0968, 0.2123,  34.5385, 02 Nov 2017 23:13:27
# 27.6612,  5.52115,    0.933, 0.0983, 0.2335,  34.5362, 02 Nov 2017 23:17:27
# 27.6437,  5.50553,    0.891, 0.1044, 0.2541,  34.4391, 02 Nov 2017 23:21:27
# 27.6674,  5.51683,    0.911, 0.1070, 0.2541,  34.5011, 02 Nov 2017 23:25:27
# 27.6545,  5.51592,    0.914, 0.1029, 0.2398,  34.5042, 02 Nov 2017 23:29:27
# 27.6389,  5.51405,    0.918, 0.1032, 0.2864,  34.5025, 02 Nov 2017 23:33:27
# 27.6362,  5.51571,    1.008, 0.0997, 0.2409,  34.5163, 02 Nov 2017 23:37:27
# 27.6325,  5.51555,    1.009, 0.1080, 0.2218,  34.5178, 02 Nov 2017 23:41:27
# 27.6228,  5.51952,    0.963, 0.0995, 0.2306,  34.5530, 02 Nov 2017 23:45:27
# 27.6096,  5.51573,    0.952, 0.1020, 0.2492,  34.5359, 02 Nov 2017 23:49:27
# 27.6068,  5.51370,    0.951, 0.1029, 0.2829,  34.5238, 02 Nov 2017 23:53:27
# 27.5997,  5.51370,    0.994, 0.1069, 0.2506,  34.5289, 02 Nov 2017 23:57:27
# 27.5934,  5.51620,    1.029, 0.0982, 0.2578,  34.5512, 03 Nov 2017 00:01:27
# 27.5808,  5.51693,    0.984, 0.1018, 0.2312,  34.5657, 03 Nov 2017 00:05:27
# 27.5870,  5.51772,    1.077, 0.1020, 0.2600,  34.5667, 03 Nov 2017 00:09:27
# 27.5834,  5.51770,    1.104, 0.0970, 0.2267,  34.5691, 03 Nov 2017 00:13:27
# 27.5734,  5.51575,    1.108, 0.0994, 0.2290,  34.5628, 03 Nov 2017 00:17:27
# 27.5392,  5.50527,    1.116, 0.1006, 0.2217,  34.5141, 03 Nov 2017 00:21:27
# 27.5616,  5.51344,    1.138, 0.1057, 0.2383,  34.5552, 03 Nov 2017 00:25:27
# 27.5410,  5.51173,    1.114, 0.1033, 0.2181,  34.5583, 03 Nov 2017 00:29:27
# 27.5323,  5.51094,    1.153, 0.1070, 0.2625,  34.5591, 03 Nov 2017 00:33:27
# 27.5243,  5.50314,    1.140, 0.1034, 0.2281,  34.5100, 03 Nov 2017 00:37:27
# 27.5192,  5.50560,    1.130, 0.0994, 0.2313,  34.5311, 03 Nov 2017 00:41:27
# 27.5169,  5.50418,    1.119, 0.1020, 0.2410,  34.5228, 03 Nov 2017 00:45:27
# 27.5126,  5.50258,    1.195, 0.0969, 0.2033,  34.5146, 03 Nov 2017 00:49:27
# 27.5250,  5.50520,    1.219, 0.1021, 0.2470,  34.5240, 03 Nov 2017 00:53:27
# 27.5065,  5.49988,    1.219, 0.1045, 0.2181,  34.5001, 03 Nov 2017 00:57:27
# 27.4933,  5.49650,    1.245, 0.0996, 0.2133,  34.4860, 03 Nov 2017 01:01:27
# 27.4993,  5.49754,    1.242, 0.1008, 0.2026,  34.4888, 03 Nov 2017 01:05:27
# 27.4845,  5.49543,    1.170, 0.1019, 0.2121,  34.4849, 03 Nov 2017 01:09:27
# 27.4790,  5.49724,    1.200, 0.1006, 0.2097,  34.5017, 03 Nov 2017 01:13:27
# 27.4856,  5.49598,    1.236, 0.1008, 0.2112,  34.4880, 03 Nov 2017 01:17:27
# 27.4414,  5.47950,    1.215, 0.1018, 0.3056,  34.4040, 03 Nov 2017 01:21:27
# 27.4262,  5.47251,    1.256, 0.1006, 0.2267,  34.3659, 03 Nov 2017 01:25:27
# 27.4427,  5.48035,    1.217, 0.0995, 0.2061,  34.4091, 03 Nov 2017 01:29:27
# 27.4420,  5.47885,    1.269, 0.0932, 0.2109,  34.3990, 03 Nov 2017 01:33:27
# 27.4306,  5.47346,    1.316, 0.0996, 0.2060,  34.3693, 03 Nov 2017 01:37:27
# 27.4319,  5.47301,    1.264, 0.0960, 0.1926,  34.3652, 03 Nov 2017 01:41:27
# 27.4536,  5.47300,    1.246, 0.0957, 0.1901,  34.3491, 03 Nov 2017 01:45:27
# 27.5364,  5.48826,    1.321, 0.1054, 0.1852,  34.3961, 03 Nov 2017 01:49:27
# 27.5758,  5.49243,    1.315, 0.1069, 0.1817,  34.3965, 03 Nov 2017 01:53:27
# 27.5456,  5.48630,    1.309, 0.1032, 0.1913,  34.3754, 03 Nov 2017 01:57:27
# 27.4853,  5.47573,    1.292, 0.0997, 0.1692,  34.3452, 03 Nov 2017 02:01:27
# 27.4592,  5.47081,    1.285, 0.0971, 0.1805,  34.3296, 03 Nov 2017 02:05:27
# 27.4231,  5.46170,    1.359, 0.0971, 0.1804,  34.2917, 03 Nov 2017 02:09:27
# 27.4196,  5.46192,    1.362, 0.0958, 0.1692,  34.2958, 03 Nov 2017 02:13:27
# 27.4278,  5.45914,    1.320, 0.0994, 0.1682,  34.2702, 03 Nov 2017 02:17:27
# 27.4119,  5.45654,    1.322, 0.0958, 0.1668,  34.2635, 03 Nov 2017 02:21:27
# 27.3913,  5.45300,    1.350, 0.0984, 0.1670,  34.2536, 03 Nov 2017 02:25:27
# 27.3932,  5.45866,    1.345, 0.0969, 0.1705,  34.2922, 03 Nov 2017 02:29:27
# 27.3596,  5.44761,    1.370, 0.0945, 0.1849,  34.2387, 03 Nov 2017 02:33:27
# 27.3595,  5.44585,    1.348, 0.0943, 0.1901,  34.2264, 03 Nov 2017 02:37:27
# 27.3618,  5.44626,    1.392, 0.0969, 0.1816,  34.2275, 03 Nov 2017 02:41:27
# 27.3503,  5.44261,    1.285, 0.0957, 0.1741,  34.2102, 03 Nov 2017 02:45:27
# 27.3449,  5.44022,    1.351, 0.0970, 0.1888,  34.1972, 03 Nov 2017 02:49:27
# 27.3524,  5.44128,    1.401, 0.0943, 0.1791,  34.1991, 03 Nov 2017 02:53:27
# 27.4058,  5.45365,    1.389, 0.0980, 0.1756,  34.2475, 03 Nov 2017 02:57:27
# 27.4041,  5.45249,    1.303, 0.0985, 0.1740,  34.2406, 03 Nov 2017 03:01:27
# 27.4178,  5.45729,    1.336, 0.0997, 0.1683,  34.2645, 03 Nov 2017 03:05:27
# 27.3947,  5.45614,    1.368, 0.0974, 0.1704,  34.2732, 03 Nov 2017 03:09:27
# 27.3967,  5.45609,    1.367, 0.0980, 0.1841,  34.2714, 03 Nov 2017 03:13:27
# 27.3928,  5.45545,    1.386, 0.0959, 0.2000,  34.2698, 03 Nov 2017 03:17:27
# 27.3858,  5.45447,    1.447, 0.0960, 0.1804,  34.2680, 03 Nov 2017 03:21:27
# 27.3589,  5.45225,    1.428, 0.0957, 0.1702,  34.2721, 03 Nov 2017 03:25:27
# 27.3423,  5.45110,    1.422, 0.0945, 0.2011,  34.2760, 03 Nov 2017 03:29:27
# 27.3347,  5.44830,    1.422, 0.0970, 0.1717,  34.2619, 03 Nov 2017 03:33:27
# 27.3387,  5.44824,    1.328, 0.0945, 0.1742,  34.2585, 03 Nov 2017 03:37:27
# 27.3305,  5.44722,    1.418, 0.0972, 0.1694,  34.2572, 03 Nov 2017 03:41:27
# 27.3425,  5.45183,    1.422, 0.0942, 0.1659,  34.2811, 03 Nov 2017 03:45:27
# 27.3618,  5.45793,    1.427, 0.0946, 0.1653,  34.3100, 03 Nov 2017 03:49:27
# 27.3498,  5.45336,    1.402, 0.0932, 0.1682,  34.2866, 03 Nov 2017 03:53:27
# 27.3425,  5.45081,    1.367, 0.0945, 0.1732,  34.2739, 03 Nov 2017 03:57:27
# 27.3568,  5.45592,    1.368, 0.0972, 0.1807,  34.2995, 03 Nov 2017 04:01:27
# 27.3756,  5.46001,    1.301, 0.0969, 0.1705,  34.3147, 03 Nov 2017 04:05:27
# 27.3638,  5.45488,    1.404, 0.0958, 0.1837,  34.2870, 03 Nov 2017 04:09:27
# 27.3609,  5.45540,    1.380, 0.0959, 0.1655,  34.2929, 03 Nov 2017 04:13:27
# 27.3635,  5.45407,    1.378, 0.0957, 0.1549,  34.2815, 03 Nov 2017 04:17:27
# 27.3885,  5.45432,    1.338, 0.1020, 0.1537,  34.2649, 03 Nov 2017 04:21:27
# 27.3939,  5.45685,    1.403, 0.0958, 0.1718,  34.2789, 03 Nov 2017 04:25:27
# 27.4114,  5.46097,    1.302, 0.0944, 0.1706,  34.2952, 03 Nov 2017 04:29:27
# 27.3951,  5.45702,    1.349, 0.1007, 0.1505,  34.2792, 03 Nov 2017 04:33:27
# 27.3940,  5.45834,    1.369, 0.0981, 0.1644,  34.2893, 03 Nov 2017 04:37:27
# 27.4064,  5.46087,    1.331, 0.0956, 0.1679,  34.2981, 03 Nov 2017 04:41:27
# 27.3990,  5.45816,    1.381, 0.0941, 0.1537,  34.2844, 03 Nov 2017 04:45:27
# 27.4133,  5.45996,    1.294, 0.0970, 0.1548,  34.2867, 03 Nov 2017 04:49:27
# 27.4759,  5.46784,    1.362, 0.0996, 0.1694,  34.2964, 03 Nov 2017 04:53:27
# 27.4832,  5.47100,    1.333, 0.1020, 0.1828,  34.3132, 03 Nov 2017 04:57:27
# 27.4839,  5.47248,    1.278, 0.1020, 0.1658,  34.3233, 03 Nov 2017 05:01:27
# 27.5165,  5.48084,    1.260, 0.1044, 0.1779,  34.3583, 03 Nov 2017 05:05:27
# 27.4837,  5.47837,    1.290, 0.1008, 0.1695,  34.3650, 03 Nov 2017 05:09:27
# 27.4886,  5.47983,    1.291, 0.1029, 0.1669,  34.3717, 03 Nov 2017 05:13:27
# 27.4824,  5.48086,    1.252, 0.1057, 0.1670,  34.3836, 03 Nov 2017 05:17:27
# 27.4571,  5.47582,    1.274, 0.0996, 0.1863,  34.3665, 03 Nov 2017 05:21:27
# 27.4828,  5.47899,    1.197, 0.0983, 0.1632,  34.3701, 03 Nov 2017 05:25:27
# 27.5329,  5.48653,    1.261, 0.1083, 0.1593,  34.3864, 03 Nov 2017 05:29:27
# 27.5288,  5.48631,    1.194, 0.1046, 0.1629,  34.3879, 03 Nov 2017 05:33:27
# 27.5032,  5.48354,    1.210, 0.1032, 0.1645,  34.3871, 03 Nov 2017 05:37:27
# 27.4755,  5.47920,    1.192, 0.0983, 0.1586,  34.3769, 03 Nov 2017 05:41:27
# 27.4643,  5.47863,    1.190, 0.0970, 0.1558,  34.3811, 03 Nov 2017 05:45:27
# 27.4634,  5.47964,    1.164, 0.0997, 0.1679,  34.3889, 03 Nov 2017 05:49:27
# 27.4509,  5.47799,    1.134, 0.0932, 0.1609,  34.3865, 03 Nov 2017 05:53:27
# 27.4349,  5.47572,    1.143, 0.0935, 0.1680,  34.3822, 03 Nov 2017 05:57:27
# 27.4242,  5.47626,    1.184, 0.0959, 0.1740,  34.3938, 03 Nov 2017 06:01:27
# 27.4068,  5.47205,    1.165, 0.0932, 0.1669,  34.3769, 03 Nov 2017 06:05:27
# 27.3929,  5.46977,    1.159, 0.0944, 0.1620,  34.3710, 03 Nov 2017 06:09:27
# 27.3838,  5.46683,    1.156, 0.0970, 0.1744,  34.3569, 03 Nov 2017 06:13:27
# 27.4052,  5.46813,    1.133, 0.1019, 0.1706,  34.3504, 03 Nov 2017 06:17:27
# 27.4382,  5.47317,    1.168, 0.1055, 0.1788,  34.3618, 03 Nov 2017 06:21:27
# 27.4239,  5.47226,    1.110, 0.1045, 0.1666,  34.3658, 03 Nov 2017 06:25:27
# 27.3938,  5.46762,    1.086, 0.0981, 0.1768,  34.3552, 03 Nov 2017 06:29:27
# 27.4025,  5.46945,    1.102, 0.0996, 0.1768,  34.3617, 03 Nov 2017 06:33:27
# 27.3935,  5.46895,    1.098, 0.0997, 0.1936,  34.3647, 03 Nov 2017 06:37:27
# 27.3961,  5.46952,    1.086, 0.1007, 0.1740,  34.3670, 03 Nov 2017 06:41:27
# 27.3925,  5.47019,    1.075, 0.1007, 0.2000,  34.3743, 03 Nov 2017 06:45:27
# 27.4111,  5.47219,    1.074, 0.1091, 0.1852,  34.3747, 03 Nov 2017 06:49:27
# 27.4107,  5.47198,    1.035, 0.1084, 0.1706,  34.3736, 03 Nov 2017 06:53:27
# 27.4190,  5.47282,    1.065, 0.1118, 0.1985,  34.3734, 03 Nov 2017 06:57:27
# 27.4320,  5.47473,    1.016, 0.1119, 0.1780,  34.3773, 03 Nov 2017 07:01:27
# 27.4496,  5.47715,    1.000, 0.1118, 0.1717,  34.3815, 03 Nov 2017 07:05:27
# 27.4388,  5.47638,    1.081, 0.1119, 0.1621,  34.3840, 03 Nov 2017 07:09:27
# 27.4677,  5.47851,    1.053, 0.1192, 0.1719,  34.3778, 03 Nov 2017 07:13:27
# 27.4783,  5.48234,    1.014, 0.1142, 0.1779,  34.3970, 03 Nov 2017 07:17:27
# 27.4728,  5.48962,    1.058, 0.1132, 0.1827,  34.4525, 03 Nov 2017 07:21:27
# 27.4594,  5.48767,    1.011, 0.1104, 0.1913,  34.4486, 03 Nov 2017 07:25:27
# 27.4614,  5.48888,    0.943, 0.1131, 0.1695,  34.4558, 03 Nov 2017 07:29:27
# 27.4411,  5.48743,    0.953, 0.1083, 0.1646,  34.4604, 03 Nov 2017 07:33:27
# 27.4431,  5.49007,    1.041, 0.1068, 0.1864,  34.4775, 03 Nov 2017 07:37:27
# 27.4367,  5.48760,    0.961, 0.1044, 0.1681,  34.4648, 03 Nov 2017 07:41:27
# 27.4452,  5.48515,    0.942, 0.1019, 0.1852,  34.4413, 03 Nov 2017 07:45:27
# 27.4318,  5.48261,    0.917, 0.1031, 0.1804,  34.4332, 03 Nov 2017 07:49:27
# 27.4180,  5.48041,    0.889, 0.1019, 0.1999,  34.4278, 03 Nov 2017 07:53:27
# 27.4243,  5.48406,    0.841, 0.1019, 0.1961,  34.4490, 03 Nov 2017 07:57:27
# 27.4236,  5.48362,    0.921, 0.0982, 0.2084,  34.4465, 03 Nov 2017 08:01:27
# 27.4438,  5.48447,    0.874, 0.1009, 0.1851,  34.4375, 03 Nov 2017 08:05:27
# 27.4611,  5.48459,    0.887, 0.1007, 0.1694,  34.4256, 03 Nov 2017 08:09:27
# 27.4999,  5.48673,    0.900, 0.1045, 0.1717,  34.4121, 03 Nov 2017 08:13:27
# 27.5164,  5.49458,    0.942, 0.1155, 0.1890,  34.4555, 03 Nov 2017 08:17:27
# 27.5132,  5.50093,    0.862, 0.1179, 0.2022,  34.5026, 03 Nov 2017 08:21:27
# 27.5137,  5.50043,    0.853, 0.1083, 0.1867,  34.4987, 03 Nov 2017 08:25:27
# 27.5121,  5.50153,    0.870, 0.1105, 0.1984,  34.5077, 03 Nov 2017 08:29:27
# 27.4980,  5.50479,    0.861, 0.1120, 0.2361,  34.5412, 03 Nov 2017 08:33:27
# 27.4945,  5.50584,    0.864, 0.1046, 0.2169,  34.5511, 03 Nov 2017 08:37:27
# 27.4956,  5.50699,    0.860, 0.1093, 0.2145,  34.5585, 03 Nov 2017 08:41:27
# 27.4987,  5.50773,    0.847, 0.1107, 0.2219,  34.5614, 03 Nov 2017 08:45:27
# 27.5197,  5.50637,    0.873, 0.1159, 0.1961,  34.5363, 03 Nov 2017 08:49:27
# 27.5263,  5.50754,    0.901, 0.1119, 0.2060,  34.5397, 03 Nov 2017 08:53:27
# 27.5542,  5.50716,    0.872, 0.1081, 0.1999,  34.5164, 03 Nov 2017 08:57:27
# 27.5342,  5.50852,    0.877, 0.1056, 0.2036,  34.5407, 03 Nov 2017 09:01:27
# 27.5453,  5.51106,    0.849, 0.1106, 0.2171,  34.5504, 03 Nov 2017 09:05:27
# 27.5726,  5.51405,    0.896, 0.1131, 0.2134,  34.5514, 03 Nov 2017 09:09:27
# 27.5665,  5.51424,    0.816, 0.1093, 0.2216,  34.5573, 03 Nov 2017 09:13:27
# 27.5611,  5.51441,    0.826, 0.1068, 0.2293,  34.5625, 03 Nov 2017 09:17:27
# 27.5646,  5.51516,    0.836, 0.1044, 0.2110,  34.5652, 03 Nov 2017 09:21:27
# 27.5487,  5.51520,    0.804, 0.1031, 0.2129,  34.5772, 03 Nov 2017 09:25:27
# 27.5500,  5.51605,    0.815, 0.1070, 0.2218,  34.5823, 03 Nov 2017 09:29:27
# 27.5469,  5.51635,    0.846, 0.1057, 0.2061,  34.5866, 03 Nov 2017 09:33:27
# 27.5559,  5.51628,    0.852, 0.1020, 0.2046,  34.5795, 03 Nov 2017 09:37:27
# 27.5634,  5.51656,    0.829, 0.1044, 0.2256,  34.5759, 03 Nov 2017 09:41:27
# 27.5668,  5.51765,    0.789, 0.1022, 0.2306,  34.5811, 03 Nov 2017 09:45:27
# 27.6080,  5.51982,    0.772, 0.1035, 0.2036,  34.5661, 03 Nov 2017 09:49:27
# 27.5889,  5.51814,    0.831, 0.1032, 0.2195,  34.5683, 03 Nov 2017 09:53:27
# 27.5620,  5.51677,    0.809, 0.1034, 0.2266,  34.5785, 03 Nov 2017 09:57:27
# 27.6125,  5.51865,    0.848, 0.0971, 0.2879,  34.5545, 03 Nov 2017 10:01:27
# 27.6561,  5.52130,    0.824, 0.0919, 0.1986,  34.5410, 03 Nov 2017 10:05:27
# 27.7035,  5.52121,    0.917, 0.0934, 0.2349,  34.5055, 03 Nov 2017 10:09:27
# 27.7535,  5.52011,    0.876, 0.0994, 0.2084,  34.4610, 03 Nov 2017 10:13:27
# 27.7337,  5.52106,    0.831, 0.0932, 0.2243,  34.4822, 03 Nov 2017 10:17:27
# 27.7090,  5.52208,    0.797, 0.0973, 0.2242,  34.5075, 03 Nov 2017 10:21:27
# 27.6683,  5.52282,    0.840, 0.0907, 0.2243,  34.5427, 03 Nov 2017 10:25:27
# 27.6348,  5.52214,    0.864, 0.0967, 0.2394,  34.5626, 03 Nov 2017 10:29:27
# 27.6292,  5.52264,    0.933, 0.0935, 0.2046,  34.5702, 03 Nov 2017 10:33:27
# 27.6851,  5.52631,    0.828, 0.0897, 0.5012,  34.5549, 03 Nov 2017 10:37:27
# 27.7201,  5.52535,    0.865, 0.0956, 0.2181,  34.5223, 03 Nov 2017 10:41:27
# 27.7297,  5.52594,    0.842, 0.0971, 0.2121,  34.5195, 03 Nov 2017 10:45:27
# 27.6801,  5.52588,    0.870, 0.0898, 0.2073,  34.5555, 03 Nov 2017 10:49:27
# 27.6241,  5.52353,    0.889, 0.0945, 0.2217,  34.5803, 03 Nov 2017 10:53:27
# 27.6375,  5.52456,    0.905, 0.0897, 0.2094,  34.5777, 03 Nov 2017 10:57:27
# 27.6956,  5.52701,    0.889, 0.0919, 0.2011,  34.5521, 03 Nov 2017 11:01:27
# 27.6274,  5.52396,    0.911, 0.0920, 0.2304,  34.5809, 03 Nov 2017 11:05:27
# 27.6245,  5.52516,    0.835, 0.0932, 0.2371,  34.5915, 03 Nov 2017 11:09:27
# 27.6885,  5.52600,    0.890, 0.0896, 0.1959,  34.5502, 03 Nov 2017 11:13:27
# 27.7191,  5.52884,    0.919, 0.0871, 0.2074,  34.5476, 03 Nov 2017 11:17:27
# 27.8040,  5.52536,    0.882, 0.0898, 0.1996,  34.4608, 03 Nov 2017 11:21:27
# 27.7976,  5.52503,    0.957, 0.0920, 0.1975,  34.4631, 03 Nov 2017 11:25:27
# 27.7876,  5.52701,    0.846, 0.0919, 0.2034,  34.4845, 03 Nov 2017 11:29:27
# 27.6668,  5.52754,    0.893, 0.0832, 0.2304,  34.5770, 03 Nov 2017 11:33:27
# 27.7474,  5.53174,    1.017, 0.0870, 0.2256,  34.5472, 03 Nov 2017 11:37:27
# 27.7590,  5.53502,    0.916, 0.0909, 0.2269,  34.5617, 03 Nov 2017 11:41:27
# 27.8160,  5.53628,    0.998, 0.0882, 0.1914,  34.5286, 03 Nov 2017 11:45:27
# 27.8160,  5.53655,    0.964, 0.0883, 0.2008,  34.5305, 03 Nov 2017 11:49:27
# 27.8535,  5.53918,    1.029, 0.0883, 0.2502,  34.5214, 03 Nov 2017 11:53:27
# 27.9135,  5.54086,    0.977, 0.0871, 0.2145,  34.4892, 03 Nov 2017 11:57:27
# 27.9053,  5.54171,    0.928, 0.0917, 0.2804,  34.5012, 03 Nov 2017 12:01:27
# 27.8901,  5.54220,    0.890, 0.0858, 0.2219,  34.5158, 03 Nov 2017 12:05:27
# 27.9167,  5.54291,    0.908, 0.0857, 0.2242,  34.5012, 03 Nov 2017 12:09:27
# 27.9084,  5.54169,    0.995, 0.0898, 0.2107,  34.4988, 03 Nov 2017 12:13:27
# 27.9008,  5.54070,    0.918, 0.0918, 0.2022,  34.4975, 03 Nov 2017 12:17:27
# 27.8763,  5.54015,    0.970, 0.0932, 0.2180,  34.5116, 03 Nov 2017 12:21:27
# 27.8172,  5.53940,    0.962, 0.0899, 0.2045,  34.5497, 03 Nov 2017 12:25:27
# 27.7970,  5.53998,    0.993, 0.0882, 0.2008,  34.5686, 03 Nov 2017 12:29:27
# 27.8515,  5.54293,    0.938, 0.0896, 0.2181,  34.5493, 03 Nov 2017 12:33:27
# 27.9293,  5.54589,    0.963, 0.0846, 0.2021,  34.5129, 03 Nov 2017 12:37:27
# 27.8901,  5.53959,    1.031, 0.0932, 0.2195,  34.4975, 03 Nov 2017 12:41:27
# 27.9138,  5.54193,    0.972, 0.0933, 0.1974,  34.4965, 03 Nov 2017 12:45:27
# 27.8140,  5.53984,    1.002, 0.0882, 0.2359,  34.5551, 03 Nov 2017 12:49:27
# 27.8178,  5.53880,    1.022, 0.0931, 0.2133,  34.5450, 03 Nov 2017 12:53:27
# 27.7972,  5.53785,    0.994, 0.0920, 0.2045,  34.5535, 03 Nov 2017 12:57:27
# 27.8259,  5.53781,    1.091, 0.0895, 0.1985,  34.5321, 03 Nov 2017 13:01:27
# 27.8825,  5.53845,    0.990, 0.0919, 0.2009,  34.4950, 03 Nov 2017 13:05:27
# 27.8797,  5.53704,    1.063, 0.0919, 0.1899,  34.4872, 03 Nov 2017 13:09:27
# 27.8604,  5.53820,    1.024, 0.0931, 0.2000,  34.5095, 03 Nov 2017 13:13:27
# 27.8547,  5.53724,    0.957, 0.0957, 0.2095,  34.5070, 03 Nov 2017 13:17:27
# 27.9538,  5.54009,    1.111, 0.0956, 0.2107,  34.4543, 03 Nov 2017 13:21:27
# 27.9846,  5.54244,    1.077, 0.0955, 0.1960,  34.4482, 03 Nov 2017 13:25:27
# 27.9082,  5.53990,    1.081, 0.0944, 0.1997,  34.4863, 03 Nov 2017 13:29:27
# 27.9082,  5.54145,    1.107, 0.0969, 0.1900,  34.4972, 03 Nov 2017 13:33:27
# 27.9640,  5.54518,    1.082, 0.0908, 0.1874,  34.4824, 03 Nov 2017 13:37:27
# 27.9941,  5.54446,    1.125, 0.1008, 0.1875,  34.4554, 03 Nov 2017 13:41:27
# 28.0175,  5.54566,    1.083, 0.0908, 0.1876,  34.4467, 03 Nov 2017 13:45:27
# 28.0396,  5.54662,    1.133, 0.0993, 0.2069,  34.4372, 03 Nov 2017 13:49:27
# 28.0292,  5.54650,    1.167, 0.0898, 0.1890,  34.4440, 03 Nov 2017 13:53:27
# 28.0631,  5.54746,    1.091, 0.0909, 0.1913,  34.4259, 03 Nov 2017 13:57:27
