# 28.6742,  5.598707,  1.339,  0.1165,  0.1926,  34.3381,  15 Sep 2017 14:00:05
# 28.6815,  5.598333,  1.382,  0.1166,  0.1876,  34.3303,  15 Sep 2017 14:04:05
# 28.6993,  5.599543,  1.445,  0.1266,  0.2206,  34.3258,  15 Sep 2017 14:08:05
# 28.6805,  5.599114,  1.430,  0.1267,  0.1938,  34.3364,  15 Sep 2017 14:12:05
# 28.6258,  5.598366,  1.459,  0.1316,  0.1935,  34.3707,  15 Sep 2017 14:16:05
# 28.6645,  5.600571,  1.403,  0.1302,  0.2061,  34.3580,  15 Sep 2017 14:20:05
# 28.5854,  5.601640,  1.342,  0.1265,  0.2313,  34.4227,  15 Sep 2017 14:24:05
# 28.5683,  5.601999,  1.339,  0.1205,  0.2182,  34.4375,  15 Sep 2017 14:28:05
# 28.6283,  5.604548,  1.360,  0.1180,  0.2123,  34.4117,  15 Sep 2017 14:32:05
# 28.6385,  5.606149,  1.353,  0.1190,  0.1964,  34.4154,  15 Sep 2017 14:36:05
# 28.6277,  5.606619,  1.305,  0.1215,  0.2245,  34.4265,  15 Sep 2017 14:40:05
# 28.5821,  5.605473,  1.341,  0.1180,  0.2121,  34.4516,  15 Sep 2017 14:44:05
# 28.5791,  5.606373,  1.305,  0.1131,  0.2195,  34.4600,  15 Sep 2017 14:48:05
# 28.6535,  5.608372,  1.223,  0.1192,  0.1952,  34.4199,  15 Sep 2017 14:52:05
# 28.6836,  5.609591,  1.160,  0.1154,  0.2072,  34.4065,  15 Sep 2017 14:56:05
# 28.7463,  5.610355,  1.258,  0.1263,  0.2071,  34.3665,  15 Sep 2017 15:00:05
# 28.7726,  5.612228,  1.219,  0.1179,  0.1890,  34.3604,  15 Sep 2017 15:04:05
# 28.7726,  5.613065,  1.352,  0.1204,  0.2381,  34.3661,  15 Sep 2017 15:08:05
# 28.7878,  5.614062,  1.189,  0.1193,  0.2158,  34.3621,  15 Sep 2017 15:12:05
# 28.7308,  5.612261,  1.174,  0.1205,  0.2036,  34.3909,  15 Sep 2017 15:16:05
# 28.7347,  5.611751,  1.149,  0.1341,  0.2095,  34.3845,  15 Sep 2017 15:20:05
# 28.7318,  5.611240,  1.299,  0.1424,  0.2157,  34.3831,  15 Sep 2017 15:24:05
# 28.6142,  5.608437,  1.195,  0.1437,  0.2110,  34.4488,  15 Sep 2017 15:28:05
# 28.5827,  5.606501,  1.243,  0.1449,  0.2195,  34.4582,  15 Sep 2017 15:32:05
# 28.5842,  5.605696,  1.149,  0.1439,  0.2422,  34.4516,  15 Sep 2017 15:36:05
# 28.6743,  5.607702,  1.098,  0.1598,  0.2132,  34.4002,  15 Sep 2017 15:40:05
# 28.6593,  5.608643,  1.166,  0.1532,  0.2182,  34.4176,  15 Sep 2017 15:44:05
# 28.5834,  5.605441,  1.136,  0.1534,  0.2360,  34.4505,  15 Sep 2017 15:48:05
# 28.5482,  5.602724,  1.140,  0.1570,  0.2781,  34.4572,  15 Sep 2017 15:52:05
# 28.6018,  5.598143,  1.076,  0.1545,  0.2255,  34.3866,  15 Sep 2017 15:56:05
# 28.6487,  5.596972,  1.121,  0.1497,  0.2231,  34.3446,  15 Sep 2017 16:00:05
# 28.6724,  5.594455,  1.065,  0.1604,  0.2313,  34.3101,  15 Sep 2017 16:04:05
# 28.7090,  5.592337,  1.089,  0.1673,  0.2935,  34.2691,  15 Sep 2017 16:08:05
# 28.6041,  5.599688,  1.168,  0.1601,  0.2471,  34.3956,  15 Sep 2017 16:12:05
# 28.4993,  5.597500,  0.981,  0.1485,  0.2399,  34.4565,  15 Sep 2017 16:16:05
# 28.5527,  5.591798,  1.106,  0.1543,  0.2145,  34.3783,  15 Sep 2017 16:20:05
# 28.5783,  5.592681,  1.036,  0.1613,  0.2145,  34.3659,  15 Sep 2017 16:24:05
# 28.5903,  5.587023,  1.077,  0.1485,  0.2361,  34.3181,  15 Sep 2017 16:28:05
# 28.5562,  5.593645,  0.999,  0.1485,  0.2193,  34.3886,  15 Sep 2017 16:32:05
# 28.5084,  5.594347,  1.009,  0.1521,  0.2506,  34.4281,  15 Sep 2017 16:36:05
# 28.5178,  5.594864,  0.979,  0.1543,  0.2721,  34.4248,  15 Sep 2017 16:40:05
# 28.4842,  5.596202,  1.116,  0.1472,  0.2553,  34.4585,  15 Sep 2017 16:44:05
# 28.5215,  5.589204,  0.946,  0.1423,  0.2206,  34.3829,  15 Sep 2017 16:48:05
# 28.4674,  5.592612,  1.029,  0.1484,  0.2157,  34.4458,  15 Sep 2017 16:52:05
# 28.4819,  5.592810,  0.879,  0.1402,  0.2158,  34.4367,  15 Sep 2017 16:56:05
# 28.5154,  5.592961,  0.994,  0.1533,  0.2372,  34.4134,  15 Sep 2017 17:00:05
# 28.4363,  5.595056,  0.946,  0.1412,  0.2348,  34.4854,  15 Sep 2017 17:04:05
# 28.4643,  5.594881,  1.025,  0.1410,  0.2268,  34.4638,  15 Sep 2017 17:08:05
# 28.4809,  5.592890,  1.002,  0.1448,  0.2432,  34.4379,  15 Sep 2017 17:12:05
# 28.4889,  5.597389,  0.973,  0.1422,  0.2314,  34.4633,  15 Sep 2017 17:16:05
# 28.5084,  5.591632,  0.948,  0.1498,  0.2384,  34.4093,  15 Sep 2017 17:20:05
# 28.5086,  5.595764,  0.924,  0.1495,  0.2325,  34.4377,  15 Sep 2017 17:24:05
# 28.5101,  5.588950,  0.928,  0.1576,  0.2518,  34.3894,  15 Sep 2017 17:32:05
# 28.5051,  5.584200,  0.952,  0.1532,  0.2796,  34.3602,  15 Sep 2017 17:36:05
# 28.4767,  5.590462,  0.924,  0.1315,  0.2335,  34.4242,  15 Sep 2017 17:40:05
# 28.4446,  5.592198,  0.854,  0.1401,  0.2927,  34.4595,  15 Sep 2017 17:44:05
# 28.4295,  5.591968,  0.902,  0.1337,  0.2866,  34.4689,  15 Sep 2017 17:48:05
# 28.4247,  5.592127,  0.942,  0.1328,  0.2590,  34.4735,  15 Sep 2017 17:52:05
# 28.4306,  5.591124,  0.865,  0.1277,  0.2244,  34.4623,  15 Sep 2017 17:56:05
# 28.4402,  5.582339,  0.888,  0.1401,  0.2406,  34.3943,  15 Sep 2017 18:00:05
# 28.4076,  5.586580,  0.928,  0.1264,  0.2370,  34.4474,  15 Sep 2017 18:04:05
# 28.3960,  5.587623,  0.843,  0.1289,  0.3124,  34.4632,  15 Sep 2017 18:08:05
# 28.3976,  5.586604,  0.825,  0.1280,  0.2564,  34.4549,  15 Sep 2017 18:12:05
# 28.4033,  5.588140,  0.901,  0.1302,  0.2552,  34.4614,  15 Sep 2017 18:16:05
# 28.3967,  5.586899,  0.829,  0.1326,  0.2709,  34.4576,  15 Sep 2017 18:20:05
# 28.3965,  5.586787,  0.772,  0.1338,  0.2589,  34.4570,  15 Sep 2017 18:24:05
# 28.3981,  5.586135,  0.815,  0.1289,  0.3183,  34.4513,  15 Sep 2017 18:28:05
# 28.3886,  5.585498,  0.853,  0.1314,  0.2734,  34.4538,  15 Sep 2017 18:32:05
# 28.3781,  5.583120,  0.809,  0.1327,  0.3090,  34.4449,  15 Sep 2017 18:36:05
# 28.3389,  5.584298,  0.836,  0.1204,  0.2480,  34.4816,  15 Sep 2017 18:40:05
# 28.3407,  5.583256,  0.878,  0.1279,  0.3195,  34.4730,  15 Sep 2017 18:44:05
# 28.3245,  5.581339,  0.767,  0.1216,  0.2540,  34.4716,  15 Sep 2017 18:48:05
# 28.3175,  5.579987,  0.770,  0.1228,  0.2232,  34.4672,  15 Sep 2017 18:52:05
# 28.2977,  5.577507,  0.868,  0.1190,  0.2734,  34.4644,  15 Sep 2017 18:56:05
# 28.2915,  5.578318,  0.873,  0.1180,  0.2650,  34.4746,  15 Sep 2017 19:00:05
# 28.3046,  5.577403,  0.785,  0.1353,  0.2877,  34.4587,  15 Sep 2017 19:04:05
# 28.2885,  5.577260,  0.809,  0.1230,  0.2758,  34.4694,  15 Sep 2017 19:08:05
# 28.2737,  5.576314,  0.801,  0.1230,  0.2807,  34.4736,  15 Sep 2017 19:12:05
# 28.2769,  5.574351,  0.798,  0.1328,  0.2985,  34.4576,  15 Sep 2017 19:16:05
# 28.2604,  5.575003,  0.808,  0.1305,  0.2997,  34.4742,  15 Sep 2017 19:20:05
# 28.2504,  5.574502,  0.851,  0.1231,  0.2987,  34.4779,  15 Sep 2017 19:24:05
# 28.2485,  5.572793,  0.833,  0.1290,  0.2387,  34.4675,  15 Sep 2017 19:28:05
# 28.2533,  5.569980,  0.924,  0.1216,  0.2603,  34.4443,  15 Sep 2017 19:32:05
# 28.2511,  5.572618,  0.757,  0.1253,  0.4171,  34.4644,  15 Sep 2017 19:36:05
# 28.2461,  5.573660,  0.824,  0.1203,  0.2699,  34.4752,  15 Sep 2017 19:40:05
# 28.2196,  5.569408,  0.757,  0.1155,  0.2961,  34.4649,  15 Sep 2017 19:44:05
# 28.2245,  5.570656,  0.842,  0.1168,  0.2350,  34.4701,  15 Sep 2017 19:48:05
# 28.2142,  5.571220,  0.872,  0.1166,  0.2602,  34.4815,  15 Sep 2017 19:52:05
# 28.1925,  5.570784,  0.819,  0.1152,  0.2409,  34.4943,  15 Sep 2017 19:56:05
# 28.1720,  5.568710,  0.841,  0.1241,  0.3380,  34.4948,  15 Sep 2017 20:00:05
# 28.1491,  5.565882,  0.747,  0.1180,  0.2625,  34.4918,  15 Sep 2017 20:04:05
# 28.1337,  5.563364,  0.828,  0.1217,  0.2950,  34.4855,  15 Sep 2017 20:08:05
# 28.1153,  5.565414,  0.863,  0.1177,  0.3043,  34.5132,  15 Sep 2017 20:12:05
# 28.1076,  5.564810,  0.819,  0.1228,  0.2852,  34.5146,  15 Sep 2017 20:16:05
# 28.0950,  5.563071,  0.881,  0.1157,  0.2396,  34.5117,  15 Sep 2017 20:20:05
# 28.1376,  5.560370,  0.824,  0.1315,  0.2780,  34.4618,  15 Sep 2017 20:24:05
# 28.1644,  5.557099,  0.794,  0.1329,  0.2615,  34.4194,  15 Sep 2017 20:28:05
# 28.1457,  5.560442,  0.851,  0.1180,  0.2675,  34.4563,  15 Sep 2017 20:32:05
# 28.1212,  5.561776,  0.889,  0.1191,  0.2578,  34.4835,  15 Sep 2017 20:36:05
# 28.0970,  5.559784,  0.865,  0.1278,  0.2797,  34.4873,  15 Sep 2017 20:40:05
# 28.0782,  5.557775,  0.893,  0.1231,  0.2649,  34.4870,  15 Sep 2017 20:44:05
# 28.0729,  5.558855,  0.861,  0.1142,  0.2519,  34.4984,  15 Sep 2017 20:48:05
# 28.0472,  5.557569,  0.894,  0.1241,  0.2723,  34.5082,  15 Sep 2017 20:52:05
# 28.0417,  5.557022,  0.843,  0.1130,  0.2960,  34.5085,  15 Sep 2017 20:56:05
# 28.0453,  5.553394,  0.794,  0.1141,  0.2712,  34.4805,  15 Sep 2017 21:00:05
# 28.0966,  5.547681,  0.839,  0.1289,  0.2269,  34.4031,  15 Sep 2017 21:04:05
# 28.0741,  5.552005,  0.932,  0.1265,  0.2517,  34.4497,  15 Sep 2017 21:08:05
# 28.0604,  5.555259,  0.917,  0.1194,  0.2507,  34.4824,  15 Sep 2017 21:12:05
# 28.0593,  5.554585,  0.922,  0.1230,  0.2246,  34.4785,  15 Sep 2017 21:16:05
# 28.0417,  5.554442,  0.896,  0.1277,  0.2579,  34.4904,  15 Sep 2017 21:20:05
# 28.0294,  5.553911,  0.943,  0.1104,  0.2698,  34.4957,  15 Sep 2017 21:24:05
# 28.0294,  5.553093,  0.916,  0.1165,  0.2516,  34.4900,  15 Sep 2017 21:28:05
# 28.0369,  5.553045,  0.901,  0.1181,  0.2290,  34.4842,  15 Sep 2017 21:32:05
# 28.0428,  5.550681,  0.945,  0.1179,  0.2457,  34.4633,  15 Sep 2017 21:36:05
# 28.0221,  5.552506,  0.897,  0.1192,  0.2818,  34.4912,  15 Sep 2017 21:40:05
# 28.0270,  5.551443,  0.936,  0.1180,  0.2815,  34.4802,  15 Sep 2017 21:44:05
# 28.0343,  5.551649,  0.926,  0.1230,  0.2648,  34.4763,  15 Sep 2017 21:48:05
# 28.0371,  5.554029,  0.961,  0.1205,  0.2396,  34.4909,  15 Sep 2017 21:52:05
# 28.0207,  5.553181,  0.942,  0.1214,  0.2444,  34.4969,  15 Sep 2017 21:56:05
# 28.0245,  5.552696,  0.972,  0.1168,  0.2588,  34.4907,  15 Sep 2017 22:00:05
# 28.0491,  5.551775,  0.946,  0.1251,  0.2564,  34.4664,  15 Sep 2017 22:04:05
# 28.0432,  5.553704,  1.006,  0.1280,  0.2708,  34.4842,  15 Sep 2017 22:08:05
# 28.0037,  5.552237,  0.982,  0.1131,  0.2312,  34.5028,  15 Sep 2017 22:12:05
# 28.0266,  5.547706,  1.005,  0.1231,  0.2480,  34.4543,  15 Sep 2017 22:16:05
# 28.0508,  5.543771,  0.966,  0.1352,  0.2761,  34.4092,  15 Sep 2017 22:20:05
# 28.0005,  5.547873,  0.845,  0.1192,  0.2350,  34.4746,  15 Sep 2017 22:24:05
# 27.9567,  5.547350,  0.984,  0.1132,  0.2744,  34.5030,  15 Sep 2017 22:28:05
# 27.9228,  5.547129,  1.087,  0.1132,  0.2640,  34.5263,  15 Sep 2017 22:32:05
# 27.9407,  5.546446,  0.976,  0.1118,  0.2458,  34.5084,  15 Sep 2017 22:36:05
# 27.9453,  5.545772,  1.018,  0.1143,  0.2903,  34.5003,  15 Sep 2017 22:40:05
# 27.9699,  5.545502,  1.039,  0.1168,  0.2615,  34.4804,  15 Sep 2017 22:44:05
# 27.9807,  5.546549,  0.911,  0.1140,  0.2335,  34.4799,  15 Sep 2017 22:48:05
# 27.9686,  5.545494,  1.071,  0.1067,  0.2424,  34.4813,  15 Sep 2017 22:52:05
# 27.9785,  5.546787,  1.004,  0.1081,  0.2373,  34.4831,  15 Sep 2017 22:56:05
# 28.0104,  5.549007,  1.070,  0.1217,  0.2747,  34.4753,  15 Sep 2017 23:00:05
# 28.0282,  5.549586,  1.020,  0.1204,  0.2745,  34.4663,  15 Sep 2017 23:04:05
# 28.0259,  5.550340,  1.036,  0.1178,  0.2528,  34.4733,  15 Sep 2017 23:08:05
# 28.0122,  5.548864,  1.025,  0.1228,  0.2313,  34.4729,  15 Sep 2017 23:12:05
# 28.0008,  5.546612,  1.099,  0.1141,  0.2374,  34.4656,  15 Sep 2017 23:16:05
# 27.9941,  5.546683,  1.068,  0.1157,  0.2735,  34.4709,  15 Sep 2017 23:20:05
# 28.0131,  5.542852,  0.986,  0.1240,  0.2709,  34.4303,  15 Sep 2017 23:24:05
# 28.0213,  5.543613,  1.109,  0.1202,  0.2527,  34.4295,  15 Sep 2017 23:28:05
# 28.0111,  5.545652,  1.040,  0.1192,  0.3017,  34.4513,  15 Sep 2017 23:32:05
# 27.9990,  5.546191,  1.077,  0.1204,  0.2566,  34.4639,  15 Sep 2017 23:36:05
# 28.0006,  5.545557,  1.163,  0.1155,  0.3268,  34.4582,  15 Sep 2017 23:40:05
# 27.9913,  5.545676,  1.039,  0.1157,  0.2831,  34.4660,  15 Sep 2017 23:44:05
# 27.9916,  5.543495,  1.083,  0.1192,  0.2901,  34.4504,  15 Sep 2017 23:48:05
# 27.9884,  5.544050,  1.067,  0.1142,  0.2540,  34.4566,  15 Sep 2017 23:52:05
# 27.9960,  5.543741,  1.035,  0.1105,  0.2625,  34.4490,  15 Sep 2017 23:56:05
# 27.9899,  5.543868,  1.056,  0.1180,  0.2336,  34.4543,  16 Sep 2017 00:00:05
# 28.0127,  5.537113,  1.067,  0.1290,  0.2361,  34.3904,  16 Sep 2017 00:04:05
# 27.9864,  5.542964,  1.123,  0.1129,  0.2566,  34.4506,  16 Sep 2017 00:08:05
# 27.9718,  5.543789,  1.059,  0.1191,  0.2387,  34.4670,  16 Sep 2017 00:12:05
# 27.9533,  5.542623,  0.990,  0.1144,  0.2699,  34.4724,  16 Sep 2017 00:16:05
# 27.9389,  5.542045,  1.055,  0.1177,  0.2818,  34.4789,  16 Sep 2017 00:20:05
# 27.9247,  5.540872,  1.175,  0.1117,  0.2676,  34.4810,  16 Sep 2017 00:24:05
# 27.9277,  5.540150,  1.058,  0.1154,  0.2457,  34.4738,  16 Sep 2017 00:28:05
# 27.9427,  5.539167,  1.082,  0.1180,  0.2399,  34.4559,  16 Sep 2017 00:32:05
# 27.9462,  5.540071,  1.018,  0.1167,  0.2555,  34.4597,  16 Sep 2017 00:36:05
# 27.9411,  5.541736,  1.135,  0.1118,  0.2528,  34.4751,  16 Sep 2017 00:40:05
# 27.9330,  5.540626,  1.139,  0.1131,  0.2482,  34.4733,  16 Sep 2017 00:44:05
# 27.9256,  5.539912,  1.033,  0.1106,  0.2688,  34.4737,  16 Sep 2017 00:48:05
# 27.9255,  5.540499,  1.079,  0.1141,  0.2580,  34.4779,  16 Sep 2017 00:52:05
# 27.9153,  5.541689,  1.058,  0.1105,  0.2507,  34.4937,  16 Sep 2017 00:56:05
# 27.9568,  5.542845,  1.101,  0.1313,  0.2674,  34.4714,  16 Sep 2017 01:00:05
# 27.9588,  5.540348,  1.105,  0.1204,  0.2348,  34.4524,  16 Sep 2017 01:04:05
# 27.9565,  5.541030,  1.100,  0.1229,  0.4035,  34.4589,  16 Sep 2017 01:08:05
# 27.9458,  5.541625,  1.119,  0.1167,  0.2592,  34.4709,  16 Sep 2017 01:12:05
# 27.9357,  5.541633,  1.142,  0.1156,  0.3069,  34.4783,  16 Sep 2017 01:16:05
# 27.9418,  5.540998,  1.129,  0.1203,  0.2841,  34.4694,  16 Sep 2017 01:20:05
# 27.9652,  5.542108,  1.104,  0.1242,  0.2551,  34.4601,  16 Sep 2017 01:24:05
# 27.9617,  5.542623,  1.165,  0.1240,  0.2528,  34.4662,  16 Sep 2017 01:28:05
# 27.9417,  5.543504,  1.139,  0.1119,  0.2291,  34.4870,  16 Sep 2017 01:32:05
# 27.9445,  5.542893,  1.091,  0.1155,  0.2235,  34.4807,  16 Sep 2017 01:36:05
# 27.9494,  5.542513,  1.095,  0.1196,  0.2493,  34.4744,  16 Sep 2017 01:40:05
# 27.9732,  5.543242,  1.113,  0.1205,  0.2384,  34.4621,  16 Sep 2017 01:44:05
# 27.9622,  5.543496,  1.043,  0.1207,  0.2480,  34.4720,  16 Sep 2017 01:48:05
# 27.9576,  5.544368,  1.052,  0.1193,  0.2639,  34.4815,  16 Sep 2017 01:52:05
# 28.0038,  5.543154,  1.113,  0.1336,  0.2255,  34.4391,  16 Sep 2017 01:56:05
# 27.9883,  5.543487,  0.969,  0.1391,  0.2362,  34.4528,  16 Sep 2017 02:00:05
# 28.0227,  5.544002,  1.107,  0.1462,  0.2397,  34.4313,  16 Sep 2017 02:04:05
# 28.0344,  5.542638,  1.020,  0.1498,  0.2446,  34.4132,  16 Sep 2017 02:08:05
# 28.0184,  5.543043,  1.020,  0.1512,  0.2481,  34.4277,  16 Sep 2017 02:12:05
# 28.0206,  5.542353,  1.099,  0.1412,  0.2047,  34.4213,  16 Sep 2017 02:16:05
# 27.9998,  5.543122,  1.098,  0.1267,  0.2208,  34.4419,  16 Sep 2017 02:20:05
# 27.9747,  5.543099,  1.013,  0.1227,  0.2937,  34.4601,  16 Sep 2017 02:24:05
# 27.9916,  5.544034,  1.092,  0.1325,  0.2580,  34.4542,  16 Sep 2017 02:28:05
# 27.9873,  5.543804,  1.062,  0.1265,  0.2232,  34.4557,  16 Sep 2017 02:32:05
# 27.9796,  5.542282,  1.002,  0.1156,  0.2505,  34.4508,  16 Sep 2017 02:36:05
# 28.0078,  5.543193,  1.007,  0.1315,  0.2293,  34.4365,  16 Sep 2017 02:40:05
# 27.9580,  5.543813,  1.018,  0.1203,  0.2444,  34.4772,  16 Sep 2017 02:44:05
# 27.9600,  5.543860,  1.060,  0.1191,  0.2589,  34.4761,  16 Sep 2017 02:48:05
# 27.9568,  5.543979,  1.092,  0.1232,  0.2985,  34.4793,  16 Sep 2017 02:52:05
# 27.9360,  5.543187,  1.065,  0.1156,  0.2614,  34.4890,  16 Sep 2017 02:56:05
# 27.9068,  5.541712,  1.048,  0.1241,  0.2422,  34.5001,  16 Sep 2017 03:00:05
# 27.9002,  5.539120,  1.041,  0.1243,  0.2698,  34.4868,  16 Sep 2017 03:04:05
# 27.9203,  5.539611,  1.018,  0.1264,  0.2409,  34.4755,  16 Sep 2017 03:08:05
# 27.9141,  5.538684,  0.947,  0.1228,  0.2819,  34.4736,  16 Sep 2017 03:12:05
# 27.8956,  5.538232,  1.004,  0.1303,  0.2641,  34.4839,  16 Sep 2017 03:16:05
# 27.8948,  5.538248,  0.968,  0.1240,  0.2552,  34.4846,  16 Sep 2017 03:20:05
# 27.9190,  5.539286,  0.994,  0.1352,  0.2579,  34.4742,  16 Sep 2017 03:24:05
# 27.9168,  5.539294,  0.963,  0.1351,  0.2314,  34.4759,  16 Sep 2017 03:28:05
# 27.9044,  5.538803,  0.868,  0.1304,  0.2519,  34.4815,  16 Sep 2017 03:32:05
# 27.8836,  5.537186,  0.959,  0.1266,  0.2434,  34.4854,  16 Sep 2017 03:36:05
# 27.9185,  5.539270,  0.979,  0.1402,  0.3297,  34.4744,  16 Sep 2017 03:40:05
# 27.9432,  5.539024,  0.947,  0.1413,  0.2256,  34.4546,  16 Sep 2017 03:44:05
# 27.9303,  5.538152,  0.960,  0.1328,  0.2663,  34.4580,  16 Sep 2017 03:48:05
# 27.8996,  5.536171,  0.926,  0.1265,  0.2372,  34.4666,  16 Sep 2017 03:52:05
# 27.8902,  5.535871,  0.969,  0.1277,  0.2555,  34.4713,  16 Sep 2017 03:56:05
# 27.8684,  5.535483,  1.001,  0.1314,  0.2651,  34.4846,  16 Sep 2017 04:00:05
# 27.8601,  5.533834,  0.884,  0.1329,  0.2551,  34.4792,  16 Sep 2017 04:04:05
# 27.8644,  5.534032,  0.865,  0.1252,  0.2460,  34.4774,  16 Sep 2017 04:08:05
# 27.8634,  5.533850,  0.930,  0.1231,  0.2564,  34.4768,  16 Sep 2017 04:12:05
# 27.8519,  5.532670,  0.879,  0.1168,  0.2579,  34.4770,  16 Sep 2017 04:16:05
# 27.8204,  5.531070,  0.898,  0.1217,  0.2591,  34.4889,  16 Sep 2017 04:20:05
# 27.8124,  5.527450,  0.915,  0.1231,  0.2673,  34.4693,  16 Sep 2017 04:24:05
# 27.8072,  5.527561,  0.845,  0.1192,  0.2866,  34.4739,  16 Sep 2017 04:28:05
# 27.7991,  5.526928,  0.885,  0.1207,  0.2876,  34.4754,  16 Sep 2017 04:32:05
# 27.7739,  5.525265,  0.763,  0.1180,  0.3044,  34.4822,  16 Sep 2017 04:36:05
# 27.7877,  5.521623,  0.856,  0.1215,  0.2421,  34.4465,  16 Sep 2017 04:40:05
# 27.8389,  5.528163,  0.818,  0.1427,  0.2876,  34.4549,  16 Sep 2017 04:44:05
# 27.8596,  5.532543,  0.883,  0.1377,  0.2770,  34.4705,  16 Sep 2017 04:48:05
# 27.8304,  5.519406,  0.849,  0.1367,  0.2650,  34.3997,  16 Sep 2017 04:52:05
# 27.8003,  5.519913,  0.877,  0.1254,  0.2684,  34.4253,  16 Sep 2017 04:56:05
# 27.8093,  5.526080,  0.845,  0.1341,  0.2779,  34.4620,  16 Sep 2017 05:00:05
# 27.7941,  5.524236,  0.867,  0.1217,  0.3233,  34.4602,  16 Sep 2017 05:04:05
# 27.7849,  5.527078,  0.783,  0.1230,  0.3285,  34.4869,  16 Sep 2017 05:08:05
# 27.7754,  5.524766,  0.807,  0.1305,  0.2831,  34.4777,  16 Sep 2017 05:12:05
# 27.7722,  5.523634,  0.847,  0.1254,  0.3099,  34.4720,  16 Sep 2017 05:16:05
# 27.7651,  5.522708,  0.770,  0.1180,  0.2613,  34.4707,  16 Sep 2017 05:20:05
# 27.7700,  5.524220,  0.842,  0.1180,  0.2854,  34.4778,  16 Sep 2017 05:24:05
# 27.7626,  5.524299,  0.846,  0.1230,  0.3246,  34.4838,  16 Sep 2017 05:28:05
# 27.7560,  5.522954,  0.765,  0.1169,  0.3043,  34.4792,  16 Sep 2017 05:32:05
# 27.7397,  5.509257,  0.803,  0.1143,  0.2866,  34.3948,  16 Sep 2017 05:36:05
# 27.7440,  5.512761,  0.707,  0.1231,  0.3343,  34.4164,  16 Sep 2017 05:40:05
# 27.7605,  5.519146,  0.760,  0.1268,  0.3841,  34.4491,  16 Sep 2017 05:44:05
# 27.7380,  5.516772,  0.790,  0.1204,  0.4058,  34.4489,  16 Sep 2017 05:48:05
# 27.7355,  5.519510,  0.734,  0.1253,  0.3660,  34.4701,  16 Sep 2017 05:52:05
# 27.7176,  5.517429,  0.760,  0.1231,  0.3601,  34.4685,  16 Sep 2017 05:56:05
# 27.7092,  5.518340,  0.760,  0.1241,  0.3091,  34.4811,  16 Sep 2017 06:00:05
# 27.6821,  5.514154,  0.750,  0.1181,  0.3184,  34.4716,  16 Sep 2017 06:04:05
# 27.7159,  5.515230,  0.836,  0.1232,  0.2903,  34.4543,  16 Sep 2017 06:08:05
# 27.7163,  5.518545,  0.749,  0.1267,  0.3058,  34.4773,  16 Sep 2017 06:12:05
# 27.6891,  5.516401,  0.738,  0.1291,  0.3576,  34.4822,  16 Sep 2017 06:16:05
# 27.6968,  5.516583,  0.789,  0.1279,  0.3368,  34.4779,  16 Sep 2017 06:20:05
# 27.6713,  5.514344,  0.736,  0.1265,  0.4426,  34.4808,  16 Sep 2017 06:24:05
# 27.6552,  5.512699,  0.722,  0.1215,  0.3330,  34.4811,  16 Sep 2017 06:28:05
# 27.6520,  5.509954,  0.778,  0.1231,  0.3648,  34.4641,  16 Sep 2017 06:32:05
# 27.6678,  5.512707,  0.704,  0.1216,  0.3271,  34.4719,  16 Sep 2017 06:36:05
# 27.6375,  5.513823,  0.751,  0.1156,  0.2995,  34.5020,  16 Sep 2017 06:40:05
# 27.6793,  5.514471,  0.769,  0.1279,  0.3489,  34.4759,  16 Sep 2017 06:44:05
# 27.6734,  5.514763,  0.788,  0.1203,  0.3428,  34.4822,  16 Sep 2017 06:48:05
# 27.6851,  5.516512,  0.704,  0.1215,  0.3529,  34.4860,  16 Sep 2017 06:52:05
# 27.6885,  5.516583,  0.700,  0.1255,  0.2831,  34.4840,  16 Sep 2017 06:56:05
# 27.6811,  5.515278,  0.706,  0.1243,  0.3149,  34.4802,  16 Sep 2017 07:00:05
# 27.6592,  5.514147,  0.686,  0.1217,  0.2869,  34.4884,  16 Sep 2017 07:04:05
# 27.6735,  5.511813,  0.741,  0.1229,  0.2854,  34.4614,  16 Sep 2017 07:08:05
# 27.6510,  5.512501,  0.710,  0.1230,  0.3147,  34.4828,  16 Sep 2017 07:12:05
# 27.6340,  5.511592,  0.766,  0.1168,  0.2914,  34.4889,  16 Sep 2017 07:16:05
# 27.6280,  5.510635,  0.733,  0.1157,  0.3057,  34.4866,  16 Sep 2017 07:20:05
# 27.6301,  5.509670,  0.743,  0.1154,  0.2904,  34.4782,  16 Sep 2017 07:24:05
# 27.6391,  5.509717,  0.783,  0.1168,  0.2985,  34.4719,  16 Sep 2017 07:28:05
# 27.6406,  5.510706,  0.735,  0.1205,  0.3088,  34.4778,  16 Sep 2017 07:32:05
# 27.6452,  5.511940,  0.736,  0.1167,  0.2924,  34.4831,  16 Sep 2017 07:36:05
# 27.6431,  5.512169,  0.787,  0.1092,  0.3222,  34.4863,  16 Sep 2017 07:40:05
# 27.6324,  5.510564,  0.864,  0.1093,  0.2993,  34.4828,  16 Sep 2017 07:44:05
# 27.6347,  5.508381,  0.870,  0.1105,  0.3235,  34.4657,  16 Sep 2017 07:48:05
# 27.6342,  5.509164,  0.849,  0.1118,  0.3135,  34.4716,  16 Sep 2017 07:52:05
# 27.6542,  5.512636,  0.851,  0.1093,  0.2832,  34.4814,  16 Sep 2017 07:56:05
# 27.6638,  5.513229,  0.873,  0.1168,  0.3021,  34.4785,  16 Sep 2017 08:00:05
# 27.6515,  5.513735,  0.793,  0.1129,  0.3066,  34.4911,  16 Sep 2017 08:04:05
# 27.6468,  5.512786,  0.787,  0.1106,  0.2876,  34.4879,  16 Sep 2017 08:08:05
# 27.6546,  5.513894,  0.838,  0.1105,  0.2640,  34.4900,  16 Sep 2017 08:12:05
# 27.6519,  5.513197,  0.927,  0.1067,  0.3113,  34.4870,  16 Sep 2017 08:16:05
# 27.6563,  5.513886,  0.898,  0.1106,  0.2961,  34.4886,  16 Sep 2017 08:20:05
# 27.6486,  5.514329,  0.750,  0.1117,  0.2736,  34.4975,  16 Sep 2017 08:24:05
# 27.6530,  5.514527,  0.796,  0.1132,  0.3355,  34.4956,  16 Sep 2017 08:28:05
# 27.6548,  5.514447,  0.844,  0.1082,  0.3023,  34.4937,  16 Sep 2017 08:32:05
# 27.6570,  5.514843,  0.956,  0.1067,  0.2734,  34.4948,  16 Sep 2017 08:36:05
# 27.6617,  5.516766,  0.834,  0.1022,  0.3074,  34.5049,  16 Sep 2017 08:40:05
# 27.6614,  5.516726,  0.884,  0.1067,  0.4626,  34.5049,  16 Sep 2017 08:44:05
# 27.6615,  5.517692,  0.981,  0.1055,  0.2840,  34.5116,  16 Sep 2017 08:48:05
# 27.6952,  5.514106,  0.926,  0.1118,  0.4109,  34.4616,  16 Sep 2017 08:52:05
# 27.7133,  5.515720,  0.949,  0.1083,  0.2868,  34.4596,  16 Sep 2017 08:56:05
# 27.7080,  5.518007,  0.902,  0.1008,  0.2853,  34.4796,  16 Sep 2017 09:00:05
# 27.7078,  5.518585,  0.932,  0.1020,  0.2960,  34.4838,  16 Sep 2017 09:04:05
# 27.7156,  5.520152,  0.813,  0.1007,  0.3008,  34.4892,  16 Sep 2017 09:08:05
# 27.7273,  5.522028,  1.007,  0.1022,  0.2940,  34.4937,  16 Sep 2017 09:12:05
# 27.7274,  5.522788,  0.956,  0.0980,  0.2721,  34.4990,  16 Sep 2017 09:16:05
# 27.7242,  5.523168,  1.041,  0.0970,  0.2699,  34.5039,  16 Sep 2017 09:20:05
# 27.7368,  5.525440,  1.017,  0.0970,  0.2758,  34.5107,  16 Sep 2017 09:24:05
# 27.7728,  5.527087,  1.008,  0.0956,  0.2675,  34.4958,  16 Sep 2017 09:28:05
# 27.8072,  5.526365,  0.953,  0.1008,  0.2663,  34.4655,  16 Sep 2017 09:32:05
# 27.8085,  5.527474,  0.913,  0.0957,  0.3021,  34.4723,  16 Sep 2017 09:36:05
# 27.7894,  5.528900,  1.002,  0.0970,  0.2579,  34.4963,  16 Sep 2017 09:40:05
# 27.7781,  5.531412,  1.077,  0.0919,  0.2828,  34.5223,  16 Sep 2017 09:44:05
# 27.8151,  5.532496,  1.041,  0.0981,  0.2602,  34.5027,  16 Sep 2017 09:48:05
# 27.7808,  5.532782,  1.107,  0.0971,  0.2661,  34.5299,  16 Sep 2017 09:52:05
# 27.8268,  5.534311,  1.043,  0.0969,  0.2855,  34.5069,  16 Sep 2017 09:56:05
# 27.8171,  5.534461,  1.089,  0.0983,  0.2840,  34.5150,  16 Sep 2017 10:00:05
# 27.8217,  5.534913,  1.078,  0.0957,  0.2517,  34.5148,  16 Sep 2017 10:04:05
# 27.8149,  5.533867,  1.093,  0.0970,  0.2615,  34.5125,  16 Sep 2017 10:08:05
# 27.7899,  5.535595,  1.175,  0.0969,  0.2734,  34.5429,  16 Sep 2017 10:12:05
# 27.8217,  5.537639,  1.196,  0.0933,  0.2589,  34.5339,  16 Sep 2017 10:16:05
# 27.8489,  5.539113,  1.210,  0.0971,  0.3462,  34.5243,  16 Sep 2017 10:20:05
# 27.8522,  5.538852,  1.203,  0.0995,  0.2676,  34.5200,  16 Sep 2017 10:24:05
# 27.8671,  5.540017,  1.164,  0.0967,  0.2650,  34.5173,  16 Sep 2017 10:28:05
# 27.8748,  5.540627,  1.177,  0.0932,  0.2306,  34.5159,  16 Sep 2017 10:32:05
# 27.8652,  5.539914,  1.180,  0.0982,  0.2589,  34.5179,  16 Sep 2017 10:36:05
# 27.8640,  5.539914,  1.209,  0.0972,  0.2721,  34.5188,  16 Sep 2017 10:40:05
# 27.8456,  5.540136,  1.236,  0.0968,  0.2577,  34.5339,  16 Sep 2017 10:44:05
# 27.8799,  5.541554,  1.267,  0.0958,  0.2637,  34.5186,  16 Sep 2017 10:48:05
# 27.9068,  5.543219,  1.183,  0.0945,  0.4411,  34.5106,  16 Sep 2017 10:52:05
# 27.9019,  5.544171,  1.267,  0.0958,  0.2770,  34.5208,  16 Sep 2017 10:56:05
# 27.9138,  5.544345,  1.348,  0.0969,  0.2923,  34.5133,  16 Sep 2017 11:00:05
# 27.9692,  5.547255,  1.350,  0.0995,  0.2855,  34.4931,  16 Sep 2017 11:04:05
# 27.9772,  5.548278,  1.150,  0.0968,  0.2528,  34.4944,  16 Sep 2017 11:08:05
# 27.9864,  5.549952,  1.322,  0.0908,  0.2447,  34.4994,  16 Sep 2017 11:12:05
# 28.0170,  5.550943,  1.284,  0.0993,  0.2689,  34.4839,  16 Sep 2017 11:16:05
# 27.9701,  5.549984,  1.324,  0.0906,  0.3100,  34.5115,  16 Sep 2017 11:20:05
# 27.9488,  5.549119,  1.221,  0.0970,  0.2781,  34.5211,  16 Sep 2017 11:24:05
# 27.8975,  5.547661,  1.267,  0.0933,  0.2699,  34.5486,  16 Sep 2017 11:28:05
# 27.9260,  5.549469,  1.392,  0.0933,  0.2793,  34.5403,  16 Sep 2017 11:32:05
# 27.9866,  5.552673,  1.315,  0.0998,  0.2361,  34.5183,  16 Sep 2017 11:36:05
# 27.9761,  5.553023,  1.343,  0.0994,  0.3008,  34.5284,  16 Sep 2017 11:40:05
# 27.9574,  5.552603,  1.333,  0.0920,  0.2697,  34.5392,  16 Sep 2017 11:44:05
# 27.9691,  5.553531,  1.340,  0.0930,  0.2422,  34.5371,  16 Sep 2017 11:48:05
# 27.9850,  5.555308,  1.399,  0.0954,  0.2772,  34.5379,  16 Sep 2017 11:52:05
# 28.0430,  5.558491,  1.351,  0.0931,  0.2482,  34.5176,  16 Sep 2017 11:56:05
# 28.0739,  5.561650,  1.302,  0.0908,  0.2107,  34.5171,  16 Sep 2017 12:00:05
# 28.1615,  5.563769,  1.378,  0.0956,  0.2219,  34.4679,  16 Sep 2017 12:04:05
# 28.2325,  5.566651,  1.384,  0.0970,  0.2171,  34.4361,  16 Sep 2017 12:08:05
# 28.2734,  5.569583,  1.439,  0.0956,  0.2194,  34.4267,  16 Sep 2017 12:12:05
# 28.3257,  5.571036,  1.484,  0.0992,  0.2325,  34.3988,  16 Sep 2017 12:16:05
# 28.3522,  5.573555,  1.410,  0.1032,  0.2087,  34.3971,  16 Sep 2017 12:20:05
# 28.1682,  5.567797,  1.315,  0.1009,  0.2746,  34.4911,  16 Sep 2017 12:24:05
# 28.0911,  5.564255,  1.440,  0.0944,  0.2524,  34.5227,  16 Sep 2017 12:28:05
# 28.1264,  5.566185,  1.460,  0.0957,  0.2604,  34.5103,  16 Sep 2017 12:32:05
# 28.1869,  5.569521,  1.429,  0.0983,  0.2733,  34.4894,  16 Sep 2017 12:36:05
# 28.2212,  5.572397,  1.447,  0.1082,  0.2483,  34.4844,  16 Sep 2017 12:40:05
# 28.1969,  5.572071,  1.482,  0.1009,  0.2312,  34.4999,  16 Sep 2017 12:44:05
# 28.2266,  5.573494,  1.506,  0.0967,  0.2447,  34.4881,  16 Sep 2017 12:48:05
# 28.2744,  5.576124,  1.430,  0.0954,  0.2231,  34.4715,  16 Sep 2017 12:52:05
# 28.2967,  5.578517,  1.492,  0.0930,  0.2098,  34.4719,  16 Sep 2017 12:56:05
# 28.3864,  5.582961,  1.447,  0.0945,  0.2172,  34.4376,  16 Sep 2017 13:00:05
# 28.4326,  5.586150,  1.505,  0.0932,  0.2148,  34.4261,  16 Sep 2017 13:04:05
# 28.4589,  5.588839,  1.416,  0.0981,  0.1997,  34.4257,  16 Sep 2017 13:08:05
# 28.4684,  5.589818,  1.464,  0.0995,  0.2232,  34.4256,  16 Sep 2017 13:12:05
# 28.4790,  5.591609,  1.444,  0.0945,  0.2528,  34.4303,  16 Sep 2017 13:16:05
# 28.4755,  5.592086,  1.421,  0.0919,  0.2038,  34.4361,  16 Sep 2017 13:20:05
# 28.4864,  5.594084,  1.474,  0.0894,  0.2037,  34.4421,  16 Sep 2017 13:24:05
# 28.5296,  5.596011,  1.485,  0.0946,  0.1975,  34.4241,  16 Sep 2017 13:28:05
# 28.5597,  5.597706,  1.429,  0.0882,  0.2024,  34.4140,  16 Sep 2017 13:32:05
# 28.5722,  5.598279,  1.411,  0.0945,  0.1923,  34.4089,  16 Sep 2017 13:36:05
# 28.5705,  5.598486,  1.359,  0.0970,  0.1900,  34.4116,  16 Sep 2017 13:40:05
# 28.5802,  5.599131,  1.376,  0.0991,  0.2244,  34.4090,  16 Sep 2017 13:44:05
# 28.5957,  5.600700,  1.450,  0.1077,  0.1987,  34.4086,  16 Sep 2017 13:48:05
# 28.5830,  5.601178,  1.442,  0.0954,  0.1984,  34.4212,  16 Sep 2017 13:52:05
# 28.6070,  5.603305,  1.398,  0.0932,  0.2000,  34.4185,  16 Sep 2017 13:56:05
