# 27.3630,  6.081324,  0.910,  0.0973,  0.1970,  38.7643,  31 Aug 2018 14:00:08
# 27.3045,  6.078080,  0.862,  0.1019,  0.2105,  38.7896,  31 Aug 2018 14:04:08
# 27.2969,  6.077427,  0.983,  0.1044,  0.1994,  38.7911,  31 Aug 2018 14:08:08
# 27.3124,  6.077022,  0.841,  0.1032,  0.2078,  38.7753,  31 Aug 2018 14:12:08
# 27.4304,  6.082017,  0.941,  0.1045,  0.2004,  38.7132,  31 Aug 2018 14:16:08
# 27.4458,  6.085701,  0.908,  0.1031,  0.1933,  38.7269,  31 Aug 2018 14:20:08
# 27.4421,  6.086825,  0.900,  0.1020,  0.2079,  38.7381,  31 Aug 2018 14:24:08
# 27.4132,  6.085297,  0.909,  0.1082,  0.2238,  38.7511,  31 Aug 2018 14:28:08
# 27.3997,  6.085355,  0.908,  0.1070,  0.2053,  38.7627,  31 Aug 2018 14:32:08
# 27.4191,  6.086991,  0.887,  0.1067,  0.2018,  38.7584,  31 Aug 2018 14:36:08
# 27.4232,  6.088049,  0.901,  0.1083,  0.2241,  38.7626,  31 Aug 2018 14:40:08
# 27.4176,  6.088553,  0.898,  0.1034,  0.2032,  38.7709,  31 Aug 2018 14:44:08
# 27.3488,  6.084183,  0.893,  0.1009,  0.2033,  38.7967,  31 Aug 2018 14:48:08
# 27.3630,  6.083960,  0.910,  0.1044,  0.1993,  38.7833,  31 Aug 2018 14:52:08
# 27.3716,  6.085083,  0.906,  0.1057,  0.2426,  38.7842,  31 Aug 2018 14:56:08
# 27.4121,  6.086627,  0.860,  0.1032,  0.2226,  38.7616,  31 Aug 2018 15:00:08
# 27.4446,  6.090238,  0.931,  0.1119,  0.2332,  38.7606,  31 Aug 2018 15:04:08
# 27.4531,  6.091106,  0.917,  0.1070,  0.2152,  38.7598,  31 Aug 2018 15:08:08
# 27.5598,  6.096519,  0.915,  0.1068,  0.1978,  38.7101,  31 Aug 2018 15:12:08
# 27.5495,  6.095395,  0.916,  0.1093,  0.2130,  38.7105,  31 Aug 2018 15:16:08
# 27.5201,  6.094205,  0.917,  0.1057,  0.1897,  38.7264,  31 Aug 2018 15:20:08
# 27.4673,  6.092230,  0.869,  0.1033,  0.2309,  38.7560,  31 Aug 2018 15:24:08
# 27.4068,  6.088322,  0.946,  0.1018,  0.2267,  38.7782,  31 Aug 2018 15:28:08
# 27.4250,  6.089098,  0.960,  0.1094,  0.2345,  38.7686,  31 Aug 2018 15:32:08
# 27.4985,  6.093279,  0.923,  0.1008,  0.1860,  38.7376,  31 Aug 2018 15:36:08
# 27.4984,  6.094007,  0.918,  0.1032,  0.1922,  38.7430,  31 Aug 2018 15:40:08
# 27.5115,  6.095958,  0.974,  0.1021,  0.1907,  38.7461,  31 Aug 2018 15:44:08
# 27.5336,  6.098571,  0.938,  0.1044,  0.1971,  38.7465,  31 Aug 2018 15:48:08
# 27.5040,  6.096190,  0.896,  0.1093,  0.2428,  38.7541,  31 Aug 2018 15:52:08
# 27.4936,  6.096546,  0.841,  0.1140,  0.2040,  38.7653,  31 Aug 2018 15:56:08
# 27.4954,  6.097811,  0.956,  0.1142,  0.2142,  38.7729,  31 Aug 2018 16:00:08
# 27.5258,  6.099398,  1.018,  0.1104,  0.2211,  38.7590,  31 Aug 2018 16:04:08
# 27.4182,  6.094546,  0.933,  0.1141,  0.2213,  38.8136,  31 Aug 2018 16:08:08
# 27.3441,  6.089579,  0.991,  0.1158,  0.2090,  38.8396,  31 Aug 2018 16:12:08
# 27.3898,  6.091686,  0.933,  0.1156,  0.2356,  38.8166,  31 Aug 2018 16:16:08
# 27.4038,  6.093397,  0.975,  0.1083,  0.2127,  38.8173,  31 Aug 2018 16:20:08
# 27.4144,  6.093918,  1.001,  0.1130,  0.2005,  38.8122,  31 Aug 2018 16:24:08
# 27.4008,  6.092694,  0.940,  0.1104,  0.2081,  38.8148,  31 Aug 2018 16:28:08
# 27.3583,  6.089571,  0.929,  0.1131,  0.2129,  38.8277,  31 Aug 2018 16:32:08
# 27.3733,  6.090017,  0.943,  0.1121,  0.2632,  38.8184,  31 Aug 2018 16:36:08
# 27.4135,  6.091405,  1.010,  0.1138,  0.2164,  38.7949,  31 Aug 2018 16:40:08
# 27.3925,  6.090678,  0.977,  0.1033,  0.1969,  38.8071,  31 Aug 2018 16:44:08
# 27.4265,  6.090520,  0.970,  0.1155,  0.2054,  38.7777,  31 Aug 2018 16:48:08
# 27.5319,  6.087600,  0.988,  0.1193,  0.2078,  38.6690,  31 Aug 2018 16:52:08
# 27.4701,  6.088626,  0.932,  0.1241,  0.2251,  38.7277,  31 Aug 2018 16:56:08
# 27.4207,  6.088206,  0.982,  0.1167,  0.2176,  38.7658,  31 Aug 2018 17:00:08
# 27.3648,  6.087298,  0.974,  0.1118,  0.2152,  38.8058,  31 Aug 2018 17:04:08
# 27.3945,  6.087206,  0.956,  0.1035,  0.1932,  38.7804,  31 Aug 2018 17:08:08
# 27.3816,  6.085033,  0.919,  0.1107,  0.2214,  38.7755,  31 Aug 2018 17:12:08
# 27.4009,  6.085041,  0.993,  0.1192,  0.2041,  38.7594,  31 Aug 2018 17:16:08
# 27.3748,  6.085149,  0.991,  0.1180,  0.2267,  38.7820,  31 Aug 2018 17:20:08
# 27.3324,  6.084960,  0.990,  0.1133,  0.2202,  38.8160,  31 Aug 2018 17:24:08
# 27.3301,  6.080887,  0.919,  0.1093,  0.2006,  38.7885,  31 Aug 2018 17:28:08
# 27.3415,  6.079227,  0.990,  0.1142,  0.1969,  38.7669,  31 Aug 2018 17:32:08
# 27.3407,  6.079921,  0.961,  0.1167,  0.2018,  38.7727,  31 Aug 2018 17:36:08
# 27.3020,  6.080880,  1.014,  0.1168,  0.1883,  38.8119,  31 Aug 2018 17:40:08
# 27.2805,  6.079682,  0.972,  0.1118,  0.1933,  38.8212,  31 Aug 2018 17:44:08
# 27.2896,  6.074397,  1.100,  0.1108,  0.1957,  38.7753,  31 Aug 2018 17:48:08
# 27.3241,  6.072126,  0.968,  0.1181,  0.1944,  38.7302,  31 Aug 2018 17:52:08
# 27.3132,  6.071186,  0.919,  0.1203,  0.2201,  38.7325,  31 Aug 2018 17:56:08
# 27.3528,  6.068189,  0.951,  0.1219,  0.2287,  38.6778,  31 Aug 2018 18:00:08
# 27.3338,  6.071804,  0.943,  0.1230,  0.2073,  38.7198,  31 Aug 2018 18:04:08
# 27.3276,  6.070740,  1.004,  0.1255,  0.1974,  38.7173,  31 Aug 2018 18:08:08
# 27.2621,  6.072771,  0.934,  0.1181,  0.2104,  38.7866,  31 Aug 2018 18:12:08
# 27.1976,  6.072789,  0.958,  0.1200,  0.2093,  38.8406,  31 Aug 2018 18:16:08
# 27.2239,  6.070733,  1.039,  0.1266,  0.2069,  38.8037,  31 Aug 2018 18:20:08
# 27.2176,  6.071476,  1.032,  0.1230,  0.2151,  38.8143,  31 Aug 2018 18:24:08
# 27.2012,  6.072368,  0.954,  0.1170,  0.2070,  38.8345,  31 Aug 2018 18:28:08
# 27.1799,  6.072592,  1.088,  0.1154,  0.2042,  38.8539,  31 Aug 2018 18:32:08
# 27.1645,  6.071577,  1.007,  0.1143,  0.2045,  38.8595,  31 Aug 2018 18:36:08
# 27.2264,  6.068134,  1.066,  0.1176,  0.1934,  38.7828,  31 Aug 2018 18:40:08
# 27.2194,  6.071823,  1.136,  0.1242,  0.2201,  38.8153,  31 Aug 2018 18:44:08
# 27.1916,  6.073409,  1.016,  0.1167,  0.2227,  38.8500,  31 Aug 2018 18:48:08
# 27.1278,  6.074310,  1.135,  0.1095,  0.2406,  38.9100,  31 Aug 2018 18:52:08
# 27.1320,  6.072791,  1.068,  0.1169,  0.2154,  38.8955,  31 Aug 2018 18:56:08
# 27.1304,  6.074731,  1.100,  0.1157,  0.2214,  38.9109,  31 Aug 2018 19:00:08
# 27.1640,  6.072468,  1.090,  0.1118,  0.2301,  38.8663,  31 Aug 2018 19:04:08
# 27.1776,  6.071758,  0.968,  0.1192,  0.2107,  38.8498,  31 Aug 2018 19:08:08
# 27.2182,  6.071840,  1.074,  0.1241,  0.2004,  38.8164,  31 Aug 2018 19:12:08
# 27.2142,  6.071427,  1.133,  0.1267,  0.1968,  38.8168,  31 Aug 2018 19:16:08
# 27.1901,  6.074094,  1.051,  0.1165,  0.2018,  38.8563,  31 Aug 2018 19:20:08
# 27.1805,  6.072666,  1.064,  0.1155,  0.1908,  38.8540,  31 Aug 2018 19:24:08
# 27.1747,  6.070933,  1.043,  0.1195,  0.1812,  38.8463,  31 Aug 2018 19:28:08
# 27.2000,  6.069083,  1.099,  0.1168,  0.1909,  38.8117,  31 Aug 2018 19:32:08
# 27.2055,  6.068770,  1.031,  0.1218,  0.1858,  38.8048,  31 Aug 2018 19:36:08
# 27.2375,  6.065906,  1.101,  0.1352,  0.1846,  38.7573,  31 Aug 2018 19:40:08
# 27.2638,  6.065740,  1.020,  0.1341,  0.1933,  38.7343,  31 Aug 2018 19:44:08
# 27.2602,  6.064445,  1.010,  0.1328,  0.2303,  38.7279,  31 Aug 2018 19:48:08
# 27.2457,  6.063059,  1.055,  0.1291,  0.1958,  38.7300,  31 Aug 2018 19:52:08
# 27.2368,  6.063546,  0.972,  0.1351,  0.1909,  38.7409,  31 Aug 2018 19:56:08
# 27.2261,  6.061698,  1.009,  0.1340,  0.1993,  38.7364,  31 Aug 2018 20:00:08
# 27.1982,  6.064619,  0.981,  0.1315,  0.3288,  38.7809,  31 Aug 2018 20:04:08
# 27.1914,  6.064413,  1.066,  0.1228,  0.1785,  38.7851,  31 Aug 2018 20:08:08
# 27.1739,  6.062681,  1.057,  0.1254,  0.1933,  38.7871,  31 Aug 2018 20:12:08
# 27.1635,  6.060726,  0.975,  0.1205,  0.1958,  38.7817,  31 Aug 2018 20:16:08
# 27.2258,  6.063686,  1.067,  0.1352,  0.2264,  38.7511,  31 Aug 2018 20:20:08
# 27.1859,  6.066006,  1.034,  0.1315,  0.1994,  38.8012,  31 Aug 2018 20:24:08
# 27.1637,  6.067632,  1.124,  0.1192,  0.2055,  38.8316,  31 Aug 2018 20:28:08
# 27.1394,  6.069101,  1.136,  0.1204,  0.2391,  38.8625,  31 Aug 2018 20:32:08
# 27.1351,  6.066469,  1.009,  0.1170,  0.2092,  38.8471,  31 Aug 2018 20:36:08
# 27.1218,  6.067236,  1.020,  0.1156,  0.1775,  38.8638,  31 Aug 2018 20:40:08
# 27.0989,  6.064728,  1.024,  0.1229,  0.2004,  38.8648,  31 Aug 2018 20:44:08
# 27.1013,  6.063326,  0.939,  0.1205,  0.2265,  38.8526,  31 Aug 2018 20:48:08
# 27.0939,  6.066445,  1.019,  0.1219,  0.1874,  38.8814,  31 Aug 2018 20:52:08
# 27.0984,  6.068012,  1.042,  0.1230,  0.2005,  38.8890,  31 Aug 2018 20:56:08
# 27.0884,  6.067509,  1.045,  0.1277,  0.1872,  38.8938,  31 Aug 2018 21:00:08
# 27.0881,  6.071908,  1.017,  0.1241,  0.2094,  38.9260,  31 Aug 2018 21:04:08
# 27.0776,  6.074434,  0.900,  0.1145,  0.1936,  38.9532,  31 Aug 2018 21:08:08
# 27.0603,  6.073758,  1.022,  0.1157,  0.2080,  38.9628,  31 Aug 2018 21:12:08
# 27.0844,  6.070687,  0.993,  0.1192,  0.2044,  38.9203,  31 Aug 2018 21:16:08
# 27.1014,  6.067864,  1.033,  0.1305,  0.2069,  38.8854,  31 Aug 2018 21:20:08
# 27.1052,  6.072882,  0.998,  0.1303,  0.2078,  38.9187,  31 Aug 2018 21:24:08
# 27.0775,  6.071628,  1.038,  0.1241,  0.1859,  38.9329,  31 Aug 2018 21:28:08
# 27.0615,  6.073816,  1.022,  0.1215,  0.2092,  38.9622,  31 Aug 2018 21:32:08
# 27.0442,  6.075104,  1.046,  0.1193,  0.2164,  38.9861,  31 Aug 2018 21:36:08
# 27.0239,  6.073965,  0.959,  0.1170,  0.2090,  38.9950,  31 Aug 2018 21:40:08
# 27.0203,  6.074163,  1.005,  0.1181,  0.1944,  38.9994,  31 Aug 2018 21:44:08
# 27.0149,  6.072925,  1.046,  0.1229,  0.1994,  38.9949,  31 Aug 2018 21:48:08
# 27.0102,  6.074584,  0.976,  0.1292,  0.2379,  39.0110,  31 Aug 2018 21:52:08
# 27.0060,  6.072801,  1.037,  0.1155,  0.2032,  39.0015,  31 Aug 2018 21:56:08
# 27.0034,  6.072933,  0.946,  0.1191,  0.2264,  39.0047,  31 Aug 2018 22:00:08
# 27.0193,  6.071051,  0.985,  0.1388,  0.1934,  38.9776,  31 Aug 2018 22:04:08
# 27.0118,  6.071035,  0.945,  0.1326,  0.4334,  38.9838,  31 Aug 2018 22:08:08
# 27.0203,  6.068823,  0.908,  0.1302,  0.2848,  38.9606,  31 Aug 2018 22:12:08
# 26.9985,  6.069161,  0.808,  0.1195,  0.2634,  38.9814,  31 Aug 2018 22:16:08
# 27.0190,  6.067585,  1.030,  0.1255,  0.2164,  38.9527,  31 Aug 2018 22:20:08
# 27.0135,  6.065959,  0.884,  0.1229,  0.2091,  38.9455,  31 Aug 2018 22:24:08
# 27.0104,  6.068336,  0.926,  0.1315,  0.2080,  38.9654,  31 Aug 2018 22:28:08
# 26.9981,  6.069508,  0.927,  0.1241,  0.2042,  38.9843,  31 Aug 2018 22:32:08
# 26.9763,  6.070136,  0.894,  0.1231,  0.2448,  39.0072,  31 Aug 2018 22:36:08
# 26.9652,  6.070334,  0.814,  0.1157,  0.2118,  39.0181,  31 Aug 2018 22:40:08
# 26.9786,  6.070631,  0.970,  0.1303,  0.2119,  39.0089,  31 Aug 2018 22:44:08
# 26.9796,  6.070755,  0.923,  0.1305,  0.2166,  39.0089,  31 Aug 2018 22:48:08
# 26.9760,  6.070416,  0.900,  0.1257,  0.1970,  39.0095,  31 Aug 2018 22:52:08
# 26.9694,  6.069963,  0.853,  0.1231,  0.2203,  39.0118,  31 Aug 2018 22:56:08
# 26.9630,  6.072984,  0.757,  0.1207,  0.2231,  39.0392,  31 Aug 2018 23:00:08
# 26.9535,  6.074131,  0.893,  0.1314,  0.2301,  39.0555,  31 Aug 2018 23:04:08
# 26.9535,  6.073232,  0.903,  0.1326,  0.2215,  39.0490,  31 Aug 2018 23:08:08
# 26.9519,  6.073289,  0.860,  0.1304,  0.2273,  39.0508,  31 Aug 2018 23:12:08
# 26.9482,  6.074536,  0.870,  0.1277,  0.2332,  39.0630,  31 Aug 2018 23:16:08
# 26.9381,  6.073950,  0.782,  0.1218,  0.2307,  39.0673,  31 Aug 2018 23:20:08
# 26.9332,  6.073983,  0.916,  0.1180,  0.1860,  39.0716,  31 Aug 2018 23:24:08
# 26.9250,  6.074842,  0.896,  0.1181,  0.2343,  39.0848,  31 Aug 2018 23:28:08
# 26.9232,  6.074826,  0.797,  0.1254,  0.2191,  39.0863,  31 Aug 2018 23:32:08
# 26.9068,  6.075693,  0.847,  0.1232,  0.2608,  39.1064,  31 Aug 2018 23:36:08
# 26.9149,  6.074883,  0.839,  0.1279,  0.2358,  39.0937,  31 Aug 2018 23:40:08
# 26.9073,  6.076618,  0.775,  0.1263,  0.2148,  39.1128,  31 Aug 2018 23:44:08
# 26.9183,  6.074958,  0.883,  0.1318,  0.2335,  39.0913,  31 Aug 2018 23:48:08
# 26.9083,  6.076378,  0.858,  0.1303,  0.2300,  39.1101,  31 Aug 2018 23:52:08
# 26.8947,  6.077741,  0.860,  0.1231,  0.1944,  39.1316,  31 Aug 2018 23:56:08
# 26.8910,  6.077361,  0.891,  0.1219,  0.2239,  39.1319,  01 Sep 2018 00:00:08
# 26.8852,  6.076511,  0.789,  0.1265,  0.2018,  39.1306,  01 Sep 2018 00:04:08
# 26.8778,  6.076329,  0.797,  0.1255,  0.2153,  39.1356,  01 Sep 2018 00:08:08
# 26.8760,  6.079129,  0.784,  0.1182,  0.2127,  39.1576,  01 Sep 2018 00:12:08
# 26.8669,  6.080384,  0.740,  0.1230,  0.2287,  39.1745,  01 Sep 2018 00:16:08
# 26.8493,  6.080814,  0.811,  0.1169,  0.2251,  39.1925,  01 Sep 2018 00:20:08
# 26.8505,  6.079955,  0.797,  0.1192,  0.2032,  39.1853,  01 Sep 2018 00:24:08
# 26.8442,  6.079071,  0.754,  0.1093,  0.2330,  39.1842,  01 Sep 2018 00:28:08
# 26.8308,  6.066276,  0.788,  0.1255,  0.2290,  39.1020,  01 Sep 2018 00:32:08
# 26.8392,  6.070295,  0.838,  0.1241,  0.2525,  39.1243,  01 Sep 2018 00:36:08
# 26.8325,  6.076314,  0.794,  0.1182,  0.2416,  39.1739,  01 Sep 2018 00:40:08
# 26.8382,  6.081343,  0.797,  0.1167,  0.2476,  39.2058,  01 Sep 2018 00:44:08
# 26.8410,  6.082665,  0.781,  0.1153,  0.2319,  39.2131,  01 Sep 2018 00:48:08
# 26.8358,  6.081938,  0.751,  0.1128,  0.2215,  39.2122,  01 Sep 2018 00:52:08
# 26.8438,  6.082466,  0.794,  0.1230,  0.2218,  39.2092,  01 Sep 2018 00:56:08
# 26.8373,  6.084614,  0.763,  0.1169,  0.2192,  39.2305,  01 Sep 2018 01:00:08
# 26.8361,  6.087928,  0.820,  0.1158,  0.2489,  39.2556,  01 Sep 2018 01:04:08
# 26.8292,  6.090259,  0.754,  0.1093,  0.2289,  39.2786,  01 Sep 2018 01:08:08
# 26.8256,  6.090887,  0.843,  0.1094,  0.2287,  39.2862,  01 Sep 2018 01:12:08
# 26.8188,  6.087441,  0.796,  0.1229,  0.2190,  39.2669,  01 Sep 2018 01:16:08
# 26.8233,  6.088242,  0.796,  0.1192,  0.2582,  39.2689,  01 Sep 2018 01:20:08
# 26.8069,  6.080691,  0.774,  0.1221,  0.2152,  39.2277,  01 Sep 2018 01:24:08
# 26.7524,  6.057460,  0.856,  0.1268,  0.2335,  39.1041,  01 Sep 2018 01:28:08
# 26.7883,  6.067928,  0.783,  0.1206,  0.2058,  39.1501,  01 Sep 2018 01:32:08
# 26.7976,  6.076488,  0.810,  0.1206,  0.2094,  39.2048,  01 Sep 2018 01:36:08
# 26.8046,  6.087077,  0.793,  0.1157,  0.2253,  39.2763,  01 Sep 2018 01:40:08
# 26.7980,  6.088929,  0.832,  0.1141,  0.2777,  39.2954,  01 Sep 2018 01:44:08
# 26.7974,  6.090697,  0.674,  0.1130,  0.2560,  39.3089,  01 Sep 2018 01:48:08
# 26.7933,  6.092508,  0.727,  0.1156,  0.3117,  39.3257,  01 Sep 2018 01:52:08
# 26.7856,  6.095137,  0.813,  0.1144,  0.2428,  39.3514,  01 Sep 2018 01:56:08
# 26.7769,  6.097916,  0.749,  0.1082,  0.2477,  39.3792,  01 Sep 2018 02:00:08
# 26.7577,  6.080659,  0.753,  0.1117,  0.2262,  39.2693,  01 Sep 2018 02:04:08
# 26.7679,  6.089954,  0.677,  0.1157,  0.2265,  39.3286,  01 Sep 2018 02:08:08
# 26.7764,  6.097114,  0.751,  0.1131,  0.2406,  39.3737,  01 Sep 2018 02:12:08
# 26.7663,  6.093277,  0.695,  0.1131,  0.2776,  39.3543,  01 Sep 2018 02:16:08
# 26.7805,  6.096312,  0.724,  0.1180,  0.2451,  39.3643,  01 Sep 2018 02:20:08
# 26.7720,  6.096667,  0.779,  0.1170,  0.2430,  39.3742,  01 Sep 2018 02:24:08
# 26.7656,  6.092781,  0.882,  0.1107,  0.2320,  39.3512,  01 Sep 2018 02:28:08
# 26.7603,  6.095038,  0.692,  0.1120,  0.2490,  39.3724,  01 Sep 2018 02:32:08
# 26.7751,  6.103061,  0.817,  0.1157,  0.2382,  39.4183,  01 Sep 2018 02:36:08
# 26.7667,  6.104493,  0.748,  0.1169,  0.2957,  39.4360,  01 Sep 2018 02:40:08
# 26.7608,  6.105213,  0.826,  0.1192,  0.2585,  39.4463,  01 Sep 2018 02:44:08
# 26.7553,  6.106926,  0.719,  0.1155,  0.2800,  39.4636,  01 Sep 2018 02:48:08
# 26.7524,  6.110923,  0.769,  0.1157,  0.2476,  39.4954,  01 Sep 2018 02:52:08
# 26.7482,  6.112521,  0.834,  0.1083,  0.2442,  39.5106,  01 Sep 2018 02:56:08
# 26.7272,  6.111644,  0.799,  0.1131,  0.2662,  39.5223,  01 Sep 2018 03:00:08
# 26.7230,  6.112638,  0.734,  0.1082,  0.2717,  39.5331,  01 Sep 2018 03:04:08
# 26.7162,  6.113698,  0.741,  0.1081,  0.2731,  39.5467,  01 Sep 2018 03:08:08
# 26.7061,  6.113483,  0.794,  0.1093,  0.2344,  39.5538,  01 Sep 2018 03:12:08
# 26.6960,  6.109559,  0.833,  0.1080,  0.2727,  39.5337,  01 Sep 2018 03:16:08
# 26.6894,  6.111231,  0.785,  0.1093,  0.2775,  39.5517,  01 Sep 2018 03:20:08
# 26.6889,  6.114592,  0.738,  0.1070,  0.2705,  39.5767,  01 Sep 2018 03:24:08
# 26.6853,  6.117458,  0.854,  0.1070,  0.2238,  39.6008,  01 Sep 2018 03:28:08
# 26.6810,  6.118808,  0.758,  0.1081,  0.2621,  39.6144,  01 Sep 2018 03:32:08
# 26.6742,  6.120175,  0.856,  0.1058,  0.2379,  39.6303,  01 Sep 2018 03:36:08
# 26.6809,  6.122966,  0.818,  0.1035,  0.2573,  39.6450,  01 Sep 2018 03:40:08
# 26.6867,  6.126405,  0.841,  0.1055,  0.2551,  39.6653,  01 Sep 2018 03:44:08
# 26.6936,  6.130732,  0.727,  0.1044,  0.2524,  39.6911,  01 Sep 2018 03:48:08
# 26.6864,  6.130301,  0.779,  0.1057,  0.2884,  39.6941,  01 Sep 2018 03:52:08
# 26.6743,  6.125933,  0.884,  0.1072,  0.2550,  39.6724,  01 Sep 2018 03:56:08
# 26.6971,  6.124930,  0.913,  0.1083,  0.2201,  39.6454,  01 Sep 2018 04:00:08
# 26.6879,  6.125146,  0.780,  0.1121,  0.3170,  39.6551,  01 Sep 2018 04:04:08
# 26.6959,  6.125883,  0.892,  0.1145,  0.2164,  39.6535,  01 Sep 2018 04:08:08
# 26.6857,  6.128137,  0.939,  0.1120,  0.2812,  39.6788,  01 Sep 2018 04:12:08
# 26.6760,  6.129580,  0.874,  0.1108,  0.2302,  39.6978,  01 Sep 2018 04:16:08
# 26.6633,  6.125983,  0.810,  0.1121,  0.2262,  39.6824,  01 Sep 2018 04:20:08
# 26.6694,  6.129505,  0.972,  0.1091,  0.2204,  39.7029,  01 Sep 2018 04:24:08
# 26.6835,  6.135375,  0.848,  0.1120,  0.2287,  39.7339,  01 Sep 2018 04:28:08
# 26.6815,  6.135442,  0.909,  0.1118,  0.2332,  39.7361,  01 Sep 2018 04:32:08
# 26.6714,  6.136304,  0.875,  0.1107,  0.2380,  39.7511,  01 Sep 2018 04:36:08
# 26.6570,  6.133585,  0.869,  0.1129,  0.2706,  39.7436,  01 Sep 2018 04:40:08
# 26.6732,  6.135467,  0.902,  0.1143,  0.2524,  39.7435,  01 Sep 2018 04:44:08
# 26.6699,  6.137557,  0.895,  0.1119,  0.2277,  39.7616,  01 Sep 2018 04:48:08
# 26.6763,  6.145878,  0.878,  0.1168,  0.2263,  39.8172,  01 Sep 2018 04:52:08
# 26.6790,  6.147654,  0.967,  0.1069,  0.2302,  39.8279,  01 Sep 2018 04:56:08
# 26.6846,  6.149679,  0.888,  0.1081,  0.2509,  39.8380,  01 Sep 2018 05:00:08
# 26.6766,  6.149431,  0.978,  0.1093,  0.2300,  39.8430,  01 Sep 2018 05:04:08
# 26.6703,  6.152610,  0.921,  0.1082,  0.2908,  39.8718,  01 Sep 2018 05:08:08
# 26.6606,  6.154894,  0.851,  0.1083,  0.2498,  39.8971,  01 Sep 2018 05:12:08
# 26.6506,  6.150452,  0.995,  0.1122,  0.2498,  39.8730,  01 Sep 2018 05:16:08
# 26.6687,  6.155974,  1.003,  0.1083,  0.2719,  39.8979,  01 Sep 2018 05:20:08
# 26.6733,  6.158972,  1.036,  0.1122,  0.2776,  39.9160,  01 Sep 2018 05:24:08
# 26.6651,  6.162104,  1.000,  0.1057,  0.2513,  39.9462,  01 Sep 2018 05:28:08
# 26.6500,  6.165861,  0.992,  0.1068,  0.2467,  39.9868,  01 Sep 2018 05:32:08
# 26.6458,  6.166642,  0.982,  0.1058,  0.2692,  39.9963,  01 Sep 2018 05:36:08
# 26.6442,  6.165936,  0.973,  0.1020,  0.2264,  39.9925,  01 Sep 2018 05:40:08
# 26.6581,  6.169360,  1.047,  0.1093,  0.2392,  40.0055,  01 Sep 2018 05:44:08
# 26.6612,  6.170773,  1.042,  0.1032,  0.2673,  40.0133,  01 Sep 2018 05:48:08
# 26.6755,  6.167905,  0.991,  0.1144,  0.2288,  39.9797,  01 Sep 2018 05:52:08
# 26.6836,  6.171014,  1.020,  0.1144,  0.2264,  39.9955,  01 Sep 2018 05:56:08
# 26.6846,  6.172835,  0.974,  0.1108,  0.2321,  40.0081,  01 Sep 2018 06:00:08
# 26.6725,  6.172735,  1.022,  0.1109,  0.2826,  40.0179,  01 Sep 2018 06:04:08
# 26.6615,  6.173634,  1.019,  0.1057,  0.2728,  40.0340,  01 Sep 2018 06:08:08
# 26.6492,  6.176661,  1.096,  0.1093,  0.2355,  40.0670,  01 Sep 2018 06:12:08
# 26.6430,  6.177061,  1.131,  0.1060,  0.2238,  40.0753,  01 Sep 2018 06:16:08
# 26.6654,  6.177177,  1.058,  0.1108,  0.2252,  40.0567,  01 Sep 2018 06:20:08
# 26.6620,  6.171272,  1.057,  0.1169,  0.2290,  40.0162,  01 Sep 2018 06:24:08
# 26.6894,  6.178873,  1.032,  0.1169,  0.2179,  40.0483,  01 Sep 2018 06:28:08
# 26.6606,  6.182293,  0.997,  0.1122,  0.3095,  40.0985,  01 Sep 2018 06:32:08
# 26.6406,  6.184865,  1.089,  0.1070,  0.2287,  40.1348,  01 Sep 2018 06:36:08
# 26.6364,  6.184557,  1.074,  0.1083,  0.2525,  40.1362,  01 Sep 2018 06:40:08
# 26.6402,  6.185739,  1.214,  0.1166,  0.2535,  40.1416,  01 Sep 2018 06:44:08
# 26.6282,  6.173210,  1.028,  0.1182,  0.2441,  40.0599,  01 Sep 2018 06:48:08
# 26.6567,  6.178325,  1.175,  0.1192,  0.2094,  40.0726,  01 Sep 2018 06:52:08
# 26.6491,  6.182393,  1.003,  0.1155,  0.2354,  40.1093,  01 Sep 2018 06:56:08
# 26.6501,  6.187786,  1.044,  0.1143,  0.2644,  40.1480,  01 Sep 2018 07:00:08
# 26.6424,  6.190367,  1.130,  0.1106,  0.2550,  40.1738,  01 Sep 2018 07:04:08
# 26.6567,  6.184091,  1.075,  0.1220,  0.2345,  40.1151,  01 Sep 2018 07:08:08
# 26.6415,  6.187437,  1.125,  0.1146,  0.2229,  40.1530,  01 Sep 2018 07:12:08
# 26.6424,  6.186338,  1.062,  0.1157,  0.2177,  40.1441,  01 Sep 2018 07:16:08
# 26.6358,  6.189660,  1.107,  0.1082,  0.2140,  40.1743,  01 Sep 2018 07:20:08
# 26.6213,  6.193648,  1.126,  0.1068,  0.2276,  40.2164,  01 Sep 2018 07:24:08
# 26.6134,  6.195856,  1.074,  0.1082,  0.2599,  40.2395,  01 Sep 2018 07:28:08
# 26.6078,  6.196680,  1.131,  0.1042,  0.2354,  40.2505,  01 Sep 2018 07:32:08
# 26.6074,  6.194765,  1.216,  0.1044,  0.2299,  40.2367,  01 Sep 2018 07:36:08
# 26.6015,  6.193307,  1.107,  0.1120,  0.2441,  40.2312,  01 Sep 2018 07:40:08
# 26.6081,  6.192225,  1.061,  0.1093,  0.2611,  40.2174,  01 Sep 2018 07:44:08
# 26.6070,  6.193590,  1.110,  0.1106,  0.2477,  40.2285,  01 Sep 2018 07:48:08
# 26.5977,  6.195165,  1.127,  0.1093,  0.2923,  40.2482,  01 Sep 2018 07:52:08
# 26.5902,  6.196497,  1.128,  0.1093,  0.2815,  40.2646,  01 Sep 2018 07:56:08
# 26.6138,  6.196047,  1.169,  0.1109,  0.2394,  40.2406,  01 Sep 2018 08:00:08
# 26.6065,  6.198571,  1.287,  0.1070,  0.2547,  40.2655,  01 Sep 2018 08:04:08
# 26.5995,  6.201254,  1.039,  0.1080,  0.3313,  40.2916,  01 Sep 2018 08:08:08
# 26.6114,  6.202646,  1.137,  0.1082,  0.2300,  40.2913,  01 Sep 2018 08:12:08
# 26.6058,  6.204096,  1.219,  0.0996,  0.2239,  40.3069,  01 Sep 2018 08:16:08
# 26.6117,  6.204379,  1.221,  0.1022,  0.2203,  40.3038,  01 Sep 2018 08:20:08
# 26.6160,  6.205604,  1.142,  0.1036,  0.2287,  40.3091,  01 Sep 2018 08:24:08
# 26.6264,  6.206146,  1.177,  0.1044,  0.2333,  40.3039,  01 Sep 2018 08:28:08
# 26.6202,  6.206604,  1.238,  0.1045,  0.2332,  40.3127,  01 Sep 2018 08:32:08
# 26.6148,  6.207463,  1.164,  0.1057,  0.2344,  40.3238,  01 Sep 2018 08:36:08
# 26.6151,  6.207530,  1.144,  0.1043,  0.2130,  40.3241,  01 Sep 2018 08:40:08
# 26.6273,  6.207288,  1.245,  0.1019,  0.2310,  40.3116,  01 Sep 2018 08:44:08
# 26.6302,  6.207921,  1.149,  0.1045,  0.2126,  40.3137,  01 Sep 2018 08:48:08
# 26.6503,  6.208071,  1.259,  0.1057,  0.2070,  40.2972,  01 Sep 2018 08:52:08
# 26.6366,  6.210881,  1.289,  0.1071,  0.2427,  40.3298,  01 Sep 2018 08:56:08
# 26.6297,  6.211856,  1.223,  0.1009,  0.2870,  40.3431,  01 Sep 2018 09:00:08
# 26.6310,  6.212248,  1.223,  0.1032,  0.2451,  40.3449,  01 Sep 2018 09:04:08
# 26.6197,  6.213283,  1.161,  0.1044,  0.2707,  40.3624,  01 Sep 2018 09:08:08
# 26.6139,  6.213733,  1.256,  0.0996,  0.2415,  40.3708,  01 Sep 2018 09:12:08
# 26.6392,  6.214842,  1.189,  0.0968,  0.2817,  40.3568,  01 Sep 2018 09:16:08
# 26.6887,  6.216542,  1.209,  0.1070,  0.2416,  40.3259,  01 Sep 2018 09:20:08
# 26.6859,  6.218252,  1.173,  0.1009,  0.2189,  40.3410,  01 Sep 2018 09:24:08
# 26.6993,  6.220221,  1.150,  0.1009,  0.2241,  40.3438,  01 Sep 2018 09:28:08
# 26.6937,  6.221006,  1.223,  0.1022,  0.2309,  40.3544,  01 Sep 2018 09:32:08
# 26.7080,  6.220872,  1.279,  0.1059,  0.2380,  40.3409,  01 Sep 2018 09:36:08
# 26.7227,  6.223684,  1.155,  0.1044,  0.2451,  40.3487,  01 Sep 2018 09:40:08
# 26.7208,  6.226572,  1.109,  0.1031,  0.2391,  40.3716,  01 Sep 2018 09:44:08
# 26.7794,  6.228382,  1.227,  0.1083,  0.2287,  40.3336,  01 Sep 2018 09:48:08
# 26.7577,  6.229877,  1.198,  0.1021,  0.2744,  40.3636,  01 Sep 2018 09:52:08
# 26.7519,  6.230553,  1.122,  0.1020,  0.2216,  40.3737,  01 Sep 2018 09:56:08
# 26.7433,  6.231648,  1.212,  0.1008,  0.2215,  40.3892,  01 Sep 2018 10:00:08
# 26.8191,  6.235488,  1.089,  0.1057,  0.2213,  40.3510,  01 Sep 2018 10:04:08
# 26.7841,  6.235271,  1.152,  0.1035,  0.2301,  40.3801,  01 Sep 2018 10:08:08
# 26.8095,  6.237342,  1.190,  0.1035,  0.2116,  40.3731,  01 Sep 2018 10:12:08
# 26.8366,  6.238528,  1.225,  0.1033,  0.2106,  40.3580,  01 Sep 2018 10:16:08
# 26.8416,  6.240241,  1.155,  0.1059,  0.2216,  40.3663,  01 Sep 2018 10:20:08
# 26.8321,  6.240801,  1.021,  0.1006,  0.2300,  40.3787,  01 Sep 2018 10:24:08
# 26.8130,  6.241136,  1.160,  0.1010,  0.2288,  40.3979,  01 Sep 2018 10:28:08
# 26.8150,  6.241854,  1.184,  0.1034,  0.2499,  40.4014,  01 Sep 2018 10:32:08
# 26.8648,  6.246433,  1.245,  0.1045,  0.2321,  40.3914,  01 Sep 2018 10:36:08
# 26.8838,  6.249267,  1.178,  0.1044,  0.2226,  40.3955,  01 Sep 2018 10:40:08
# 26.8561,  6.248741,  1.077,  0.1044,  0.2488,  40.4160,  01 Sep 2018 10:44:08
# 26.8521,  6.250079,  1.102,  0.1020,  0.2368,  40.4293,  01 Sep 2018 10:48:08
# 26.8603,  6.251458,  1.155,  0.1006,  0.2501,  40.4322,  01 Sep 2018 10:52:08
# 26.8700,  6.253248,  1.141,  0.0981,  0.2239,  40.4369,  01 Sep 2018 10:56:08
# 26.8675,  6.254620,  1.165,  0.0973,  0.2308,  40.4491,  01 Sep 2018 11:00:08
# 26.8772,  6.255949,  1.093,  0.0998,  0.2607,  40.4504,  01 Sep 2018 11:04:08
# 26.9217,  6.259487,  1.086,  0.1008,  0.2967,  40.4373,  01 Sep 2018 11:08:08
# 26.9814,  6.264850,  1.003,  0.0983,  0.2429,  40.4244,  01 Sep 2018 11:12:08
# 27.0033,  6.269212,  1.061,  0.0983,  0.2369,  40.4372,  01 Sep 2018 11:16:08
# 27.0521,  6.271204,  1.141,  0.1044,  0.2441,  40.4091,  01 Sep 2018 11:20:08
# 26.9988,  6.268165,  1.094,  0.1009,  0.2419,  40.4335,  01 Sep 2018 11:24:08
# 27.0032,  6.268199,  1.087,  0.1009,  0.2681,  40.4299,  01 Sep 2018 11:28:08
# 27.0268,  6.271472,  1.027,  0.0969,  0.2440,  40.4332,  01 Sep 2018 11:32:08
# 26.9559,  6.267856,  1.098,  0.0958,  0.2382,  40.4688,  01 Sep 2018 11:36:08
# 26.9583,  6.267923,  1.042,  0.0971,  0.2309,  40.4672,  01 Sep 2018 11:40:08
# 26.9646,  6.269346,  1.052,  0.0941,  0.2477,  40.4721,  01 Sep 2018 11:44:08
# 26.9939,  6.271305,  1.193,  0.0995,  0.2658,  40.4607,  01 Sep 2018 11:48:08
# 26.9837,  6.271088,  1.135,  0.0983,  0.2214,  40.4681,  01 Sep 2018 11:52:08
# 27.0230,  6.274521,  1.011,  0.1008,  0.2670,  40.4588,  01 Sep 2018 11:56:08
# 27.0502,  6.277251,  1.027,  0.1032,  0.2452,  40.4550,  01 Sep 2018 12:00:08
# 27.0435,  6.278701,  1.060,  0.1007,  0.2777,  40.4715,  01 Sep 2018 12:04:08
# 27.0479,  6.279346,  0.968,  0.1018,  0.2441,  40.4724,  01 Sep 2018 12:08:08
# 27.0471,  6.279522,  1.062,  0.1032,  0.2498,  40.4743,  01 Sep 2018 12:12:08
# 27.0884,  6.283895,  0.947,  0.0970,  0.2153,  40.4702,  01 Sep 2018 12:16:08
# 27.0809,  6.282865,  1.045,  0.0995,  0.2200,  40.4692,  01 Sep 2018 12:20:08
# 27.0524,  6.280896,  1.079,  0.0983,  0.2440,  40.4797,  01 Sep 2018 12:24:08
# 27.0578,  6.281524,  1.036,  0.0996,  0.2634,  40.4796,  01 Sep 2018 12:28:08
# 27.0716,  6.284382,  1.103,  0.0946,  0.2239,  40.4884,  01 Sep 2018 12:32:08
# 27.0890,  6.285505,  1.132,  0.0995,  0.2560,  40.4814,  01 Sep 2018 12:36:08
# 27.1188,  6.289143,  1.083,  0.1022,  0.2310,  40.4819,  01 Sep 2018 12:40:08
# 27.1221,  6.289671,  1.047,  0.1007,  0.2328,  40.4830,  01 Sep 2018 12:44:08
# 27.1530,  6.292597,  1.042,  0.1021,  0.2235,  40.4773,  01 Sep 2018 12:48:08
# 27.1849,  6.295381,  1.021,  0.1034,  0.2300,  40.4697,  01 Sep 2018 12:52:08
# 27.2012,  6.296454,  1.031,  0.0996,  0.2266,  40.4633,  01 Sep 2018 12:56:08
# 27.1782,  6.295431,  1.001,  0.1035,  0.2441,  40.4759,  01 Sep 2018 13:00:08
# 27.1634,  6.294073,  1.052,  0.1022,  0.2344,  40.4790,  01 Sep 2018 13:04:08
# 27.2023,  6.296874,  1.020,  0.1008,  0.2462,  40.4655,  01 Sep 2018 13:08:08
# 27.2331,  6.299852,  0.997,  0.1019,  0.2621,  40.4603,  01 Sep 2018 13:12:08
# 27.2217,  6.298065,  0.985,  0.1032,  0.2656,  40.4572,  01 Sep 2018 13:16:08
# 27.2322,  6.300431,  0.960,  0.1046,  0.3230,  40.4653,  01 Sep 2018 13:20:08
# 27.2418,  6.302025,  1.062,  0.1008,  0.3629,  40.4685,  01 Sep 2018 13:24:08
# 27.3124,  6.309487,  1.041,  0.1057,  0.2835,  40.4613,  01 Sep 2018 13:28:08
# 27.3323,  6.312484,  0.908,  0.1032,  0.2647,  40.4659,  01 Sep 2018 13:32:08
# 27.2287,  6.303394,  1.031,  0.1019,  0.2863,  40.4900,  01 Sep 2018 13:36:08
# 27.2107,  6.300524,  0.963,  0.1070,  0.2801,  40.4848,  01 Sep 2018 13:40:08
# 27.2195,  6.302093,  0.953,  0.1056,  0.2573,  40.4885,  01 Sep 2018 13:44:08
# 27.2325,  6.304501,  0.910,  0.0980,  0.3118,  40.4948,  01 Sep 2018 13:48:08
# 27.2669,  6.307850,  0.939,  0.0996,  0.2717,  40.4891,  01 Sep 2018 13:52:08
# 27.2706,  6.307262,  0.963,  0.1070,  0.2764,  40.4816,  01 Sep 2018 13:56:08
