# 27.8943,  6.240813,  1.306,  0.0957,  0.1994,  39.4664,  04 Sep 2018 14:00:08
# 27.9567,  6.244706,  1.298,  0.0943,  0.1739,  39.4417,  04 Sep 2018 14:04:08
# 27.8953,  6.238849,  1.342,  0.0906,  0.1982,  39.4515,  04 Sep 2018 14:08:08
# 28.0144,  6.245934,  1.354,  0.0944,  0.1835,  39.4020,  04 Sep 2018 14:12:08
# 28.0472,  6.247622,  1.280,  0.0967,  0.1788,  39.3865,  04 Sep 2018 14:16:08
# 27.9967,  6.241036,  1.265,  0.1006,  0.1946,  39.3819,  04 Sep 2018 14:20:08
# 28.0158,  6.241705,  1.246,  0.0996,  0.1863,  39.3706,  04 Sep 2018 14:24:08
# 27.9255,  6.231716,  1.277,  0.0981,  0.1920,  39.3750,  04 Sep 2018 14:28:08
# 27.8980,  6.231499,  1.337,  0.0980,  0.1946,  39.3965,  04 Sep 2018 14:32:08
# 28.0655,  6.242197,  1.254,  0.1056,  0.2082,  39.3325,  04 Sep 2018 14:36:08
# 28.0020,  6.236015,  1.290,  0.1043,  0.2068,  39.3415,  04 Sep 2018 14:40:08
# 27.8955,  6.228877,  1.285,  0.1019,  0.1848,  39.3798,  04 Sep 2018 14:44:08
# 28.0077,  6.236859,  1.216,  0.0971,  0.1910,  39.3428,  04 Sep 2018 14:48:08
# 28.0680,  6.241737,  1.235,  0.0993,  0.1704,  39.3271,  04 Sep 2018 14:52:08
# 28.0639,  6.238988,  1.265,  0.0982,  0.1812,  39.3109,  04 Sep 2018 14:56:08
# 28.1264,  6.243006,  1.314,  0.0969,  0.1667,  39.2872,  04 Sep 2018 15:00:08
# 28.0791,  6.235387,  1.152,  0.0968,  0.1936,  39.2725,  04 Sep 2018 15:04:08
# 28.0706,  6.233658,  1.136,  0.0995,  0.1848,  39.2673,  04 Sep 2018 15:08:08
# 28.0864,  6.232915,  1.174,  0.1092,  0.2130,  39.2487,  04 Sep 2018 15:12:08
# 27.9434,  6.220029,  1.137,  0.1032,  0.1971,  39.2763,  04 Sep 2018 15:16:08
# 27.8341,  6.207213,  1.195,  0.1132,  0.2068,  39.2761,  04 Sep 2018 15:20:08
# 27.8379,  6.207488,  1.006,  0.1092,  0.2682,  39.2749,  04 Sep 2018 15:24:08
# 27.6210,  6.189507,  1.200,  0.1118,  0.2157,  39.3280,  04 Sep 2018 15:28:08
# 27.9025,  6.205795,  1.161,  0.1067,  0.1959,  39.2086,  04 Sep 2018 15:32:08
# 27.7558,  6.200789,  1.101,  0.1089,  0.1997,  39.2957,  04 Sep 2018 15:36:08
# 27.7272,  6.196208,  1.120,  0.1095,  0.2129,  39.2869,  04 Sep 2018 15:40:08
# 27.7433,  6.197182,  1.185,  0.1106,  0.2117,  39.2803,  04 Sep 2018 15:44:08
# 27.7641,  6.199848,  1.102,  0.1108,  0.2032,  39.2820,  04 Sep 2018 15:48:08
# 27.8463,  6.206388,  1.101,  0.1105,  0.2131,  39.2599,  04 Sep 2018 15:52:08
# 27.8901,  6.227057,  1.139,  0.1031,  0.2226,  39.3713,  04 Sep 2018 15:56:08
# 27.8320,  6.219397,  1.143,  0.1067,  0.2229,  39.3652,  04 Sep 2018 16:00:08
# 27.7997,  6.217312,  1.200,  0.1128,  0.2306,  39.3774,  04 Sep 2018 16:04:08
# 27.8538,  6.219322,  1.124,  0.1115,  0.2319,  39.3464,  04 Sep 2018 16:08:08
# 27.8785,  6.221115,  1.056,  0.1180,  0.2081,  39.3386,  04 Sep 2018 16:12:08
# 27.8288,  6.220123,  1.105,  0.1204,  0.2068,  39.3731,  04 Sep 2018 16:16:08
# 27.7572,  6.215987,  1.127,  0.1263,  0.2250,  39.4038,  04 Sep 2018 16:20:08
# 27.7123,  6.214837,  1.109,  0.1229,  0.2079,  39.4334,  04 Sep 2018 16:24:08
# 27.6761,  6.214521,  1.160,  0.1177,  0.2343,  39.4616,  04 Sep 2018 16:28:08
# 27.6064,  6.210728,  1.099,  0.1275,  0.2296,  39.4933,  04 Sep 2018 16:32:08
# 27.6352,  6.215906,  1.078,  0.1347,  0.2287,  39.5062,  04 Sep 2018 16:36:08
# 27.6128,  6.217900,  1.056,  0.1314,  0.2328,  39.5395,  04 Sep 2018 16:40:08
# 27.7344,  6.226935,  1.127,  0.1228,  0.2226,  39.5017,  04 Sep 2018 16:44:08
# 27.6812,  6.228264,  1.031,  0.1140,  0.2140,  39.5563,  04 Sep 2018 16:48:08
# 27.6344,  6.226545,  1.057,  0.1178,  0.2262,  39.5836,  04 Sep 2018 16:52:08
# 27.6593,  6.230101,  1.078,  0.1126,  0.2081,  39.5881,  04 Sep 2018 16:56:08
# 27.6928,  6.233841,  1.113,  0.1154,  0.2203,  39.5866,  04 Sep 2018 17:00:08
# 27.6357,  6.231963,  1.107,  0.1115,  0.2103,  39.6215,  04 Sep 2018 17:04:08
# 27.6020,  6.231588,  1.061,  0.1118,  0.2187,  39.6474,  04 Sep 2018 17:08:08
# 27.6756,  6.237057,  1.049,  0.1102,  0.1930,  39.6244,  04 Sep 2018 17:12:08
# 27.6532,  6.239088,  0.972,  0.1138,  0.2164,  39.6581,  04 Sep 2018 17:16:08
# 27.7579,  6.244091,  0.972,  0.1238,  0.2042,  39.6053,  04 Sep 2018 17:20:08
# 27.6693,  6.243575,  1.014,  0.1175,  0.1942,  39.6768,  04 Sep 2018 17:24:08
# 27.6605,  6.246818,  1.098,  0.1202,  0.2248,  39.7076,  04 Sep 2018 17:28:08
# 27.6234,  6.246568,  0.967,  0.1212,  0.2676,  39.7374,  04 Sep 2018 17:32:08
# 27.6605,  6.250020,  0.960,  0.1128,  0.2137,  39.7307,  04 Sep 2018 17:36:08
# 27.6846,  6.255724,  0.980,  0.1150,  0.2149,  39.7513,  04 Sep 2018 17:40:08
# 27.6241,  6.258151,  1.038,  0.1149,  0.2199,  39.8203,  04 Sep 2018 17:44:08
# 27.6152,  6.260276,  1.038,  0.1161,  0.2317,  39.8433,  04 Sep 2018 17:48:08
# 27.5778,  6.259901,  1.047,  0.1140,  0.2100,  39.8726,  04 Sep 2018 17:52:08
# 27.5519,  6.260227,  0.962,  0.1162,  0.2364,  39.8971,  04 Sep 2018 17:56:08
# 27.5699,  6.262763,  1.040,  0.1163,  0.2283,  39.9000,  04 Sep 2018 18:00:08
# 27.5790,  6.266044,  0.957,  0.1151,  0.2198,  39.9160,  04 Sep 2018 18:04:08
# 27.6023,  6.272105,  1.046,  0.1237,  0.2188,  39.9398,  04 Sep 2018 18:08:08
# 27.6929,  6.281687,  1.042,  0.1189,  0.2290,  39.9314,  04 Sep 2018 18:12:08
# 27.6773,  6.284755,  0.947,  0.1163,  0.2522,  39.9669,  04 Sep 2018 18:16:08
# 27.6791,  6.286281,  0.956,  0.1188,  0.2618,  39.9763,  04 Sep 2018 18:20:08
# 27.6583,  6.287606,  0.960,  0.1100,  0.2484,  40.0037,  04 Sep 2018 18:24:08
# 27.6683,  6.286616,  1.021,  0.1198,  0.2604,  39.9880,  04 Sep 2018 18:28:08
# 27.6782,  6.287857,  1.028,  0.1211,  0.2689,  39.9885,  04 Sep 2018 18:32:08
# 27.6849,  6.289643,  0.954,  0.1138,  0.2269,  39.9957,  04 Sep 2018 18:36:08
# 27.6660,  6.290540,  0.921,  0.1125,  0.2284,  40.0183,  04 Sep 2018 18:40:08
