# 25.7825,  5.305927,  0.741,  0.0911,  0.2659,  34.3933,  21 Apr 2018 14:02:05
# 25.7677,  5.305406,  0.742,  0.0883,  0.2539,  34.4007,  21 Apr 2018 14:06:05
# 25.7776,  5.307016,  0.726,  0.0861,  0.2267,  34.4050,  21 Apr 2018 14:10:05
# 25.7902,  5.306215,  0.769,  0.0909,  0.2612,  34.3897,  21 Apr 2018 14:14:05
# 25.8442,  5.311848,  0.753,  0.0885,  0.2419,  34.3900,  21 Apr 2018 14:18:05
# 25.8424,  5.312424,  0.731,  0.0883,  0.2360,  34.3956,  21 Apr 2018 14:22:05
# 25.8459,  5.312743,  0.734,  0.0883,  0.2441,  34.3953,  21 Apr 2018 14:26:05
# 25.8712,  5.313630,  0.741,  0.0911,  0.2824,  34.3828,  21 Apr 2018 14:30:05
# 25.8497,  5.312945,  0.754,  0.0924,  0.2625,  34.3939,  21 Apr 2018 14:34:05
# 25.8797,  5.316643,  0.767,  0.0923,  0.2515,  34.3982,  21 Apr 2018 14:38:05
# 25.8704,  5.317212,  0.760,  0.0900,  0.2290,  34.4094,  21 Apr 2018 14:42:05
# 25.9008,  5.318862,  0.758,  0.0947,  0.2429,  34.3986,  21 Apr 2018 14:46:05
# 25.9298,  5.320716,  0.736,  0.0981,  0.2526,  34.3902,  21 Apr 2018 14:50:05
# 25.9140,  5.321526,  0.757,  0.0924,  0.2647,  34.4080,  21 Apr 2018 14:54:05
# 25.9225,  5.322344,  0.745,  0.0908,  0.2625,  34.4076,  21 Apr 2018 14:58:05
# 25.9635,  5.326699,  0.773,  0.0912,  0.2945,  34.4084,  21 Apr 2018 15:02:05
# 26.0040,  5.330073,  0.771,  0.0910,  0.2465,  34.4025,  21 Apr 2018 15:06:05
# 26.0195,  5.334650,  0.751,  0.0960,  0.2588,  34.4241,  21 Apr 2018 15:10:05
# 25.9886,  5.331921,  0.743,  0.0898,  0.2718,  34.4275,  21 Apr 2018 15:14:05
# 25.9654,  5.329817,  0.737,  0.0972,  0.2406,  34.4296,  21 Apr 2018 15:18:05
# 25.9986,  5.332186,  0.726,  0.0936,  0.2465,  34.4219,  21 Apr 2018 15:22:05
# 26.0104,  5.333402,  0.751,  0.0986,  0.3018,  34.4218,  21 Apr 2018 15:26:05
# 26.0176,  5.333667,  0.767,  0.0922,  0.2169,  34.4183,  21 Apr 2018 15:30:05
# 26.0172,  5.333465,  0.775,  0.0961,  0.2839,  34.4172,  21 Apr 2018 15:34:05
# 26.0102,  5.332381,  0.767,  0.0936,  0.2381,  34.4146,  21 Apr 2018 15:38:05
# 26.0082,  5.331905,  0.782,  0.0886,  0.2391,  34.4126,  21 Apr 2018 15:42:05
# 25.9753,  5.328842,  0.761,  0.0972,  0.2728,  34.4151,  21 Apr 2018 15:46:05
# 25.9397,  5.326193,  0.769,  0.0970,  0.2551,  34.4226,  21 Apr 2018 15:50:05
# 25.9041,  5.323162,  0.795,  0.0985,  0.2645,  34.4273,  21 Apr 2018 15:54:05
# 25.9259,  5.324845,  0.773,  0.0945,  0.2730,  34.4231,  21 Apr 2018 15:58:05
# 25.9327,  5.324354,  0.787,  0.0971,  0.2563,  34.4145,  21 Apr 2018 16:02:05
# 25.9371,  5.326224,  0.787,  0.1022,  0.2517,  34.4247,  21 Apr 2018 16:06:05
# 26.0254,  5.334658,  0.775,  0.1045,  0.2647,  34.4196,  21 Apr 2018 16:10:05
# 26.0025,  5.332428,  0.744,  0.1021,  0.2596,  34.4207,  21 Apr 2018 16:14:05
# 26.0051,  5.332475,  0.793,  0.1022,  0.2586,  34.4191,  21 Apr 2018 16:18:05
# 25.9794,  5.330331,  0.806,  0.1009,  0.2624,  34.4228,  21 Apr 2018 16:22:05
# 25.9790,  5.330682,  0.819,  0.0948,  0.2345,  34.4257,  21 Apr 2018 16:26:05
# 25.9591,  5.328827,  0.793,  0.0972,  0.2552,  34.4271,  21 Apr 2018 16:30:05
# 25.9528,  5.327829,  0.818,  0.0970,  0.2454,  34.4246,  21 Apr 2018 16:34:05
# 25.9353,  5.327089,  0.835,  0.1034,  0.2708,  34.4324,  21 Apr 2018 16:38:05
# 25.9239,  5.327650,  0.810,  0.1035,  0.2753,  34.4451,  21 Apr 2018 16:42:05
# 25.9281,  5.327845,  0.815,  0.0971,  0.2382,  34.4433,  21 Apr 2018 16:46:05
# 25.9484,  5.329186,  0.834,  0.1009,  0.2334,  34.4378,  21 Apr 2018 16:50:05
# 25.9606,  5.329731,  0.845,  0.0998,  0.2406,  34.4325,  21 Apr 2018 16:54:05
# 25.9414,  5.326014,  0.830,  0.1061,  0.2322,  34.4200,  21 Apr 2018 16:58:05
# 25.9002,  5.323178,  0.864,  0.1070,  0.2489,  34.4304,  21 Apr 2018 17:02:05
# 25.9177,  5.324915,  0.861,  0.1011,  0.2229,  34.4298,  21 Apr 2018 17:06:05
# 25.9041,  5.324128,  0.881,  0.1009,  0.2430,  34.4343,  21 Apr 2018 17:10:05
# 25.8675,  5.320483,  0.849,  0.1009,  0.2418,  34.4354,  21 Apr 2018 17:14:05
# 25.8290,  5.315889,  0.884,  0.1094,  0.2466,  34.4309,  21 Apr 2018 17:18:05
# 25.8131,  5.313740,  0.877,  0.1136,  0.2779,  34.4272,  21 Apr 2018 17:22:05
# 25.7830,  5.310806,  0.847,  0.1130,  0.2647,  34.4285,  21 Apr 2018 17:26:05
# 25.7895,  5.311304,  0.889,  0.1033,  0.2792,  34.4272,  21 Apr 2018 17:30:05
# 25.8000,  5.312215,  0.898,  0.1009,  0.2370,  34.4260,  21 Apr 2018 17:34:05
# 25.7929,  5.311506,  0.915,  0.1046,  0.2517,  34.4261,  21 Apr 2018 17:38:05
# 25.7938,  5.311639,  0.920,  0.1010,  0.2323,  34.4264,  21 Apr 2018 17:42:05
# 25.7889,  5.310456,  0.906,  0.1059,  0.2206,  34.4215,  21 Apr 2018 17:46:05
# 25.7796,  5.309475,  0.921,  0.1035,  0.2164,  34.4214,  21 Apr 2018 17:50:05
# 25.7784,  5.308098,  0.919,  0.1061,  0.2660,  34.4122,  21 Apr 2018 17:54:05
# 25.7750,  5.306798,  0.932,  0.1111,  0.2230,  34.4053,  21 Apr 2018 17:58:05
# 25.7191,  5.303003,  0.942,  0.1070,  0.3682,  34.4198,  21 Apr 2018 18:02:05
# 25.6976,  5.301401,  0.938,  0.1024,  0.2515,  34.4242,  21 Apr 2018 18:06:05
# 25.7171,  5.301657,  0.936,  0.1096,  0.2309,  34.4114,  21 Apr 2018 18:10:05
# 25.7856,  5.302030,  0.949,  0.1219,  0.2454,  34.3625,  21 Apr 2018 18:14:05
# 25.7950,  5.300630,  0.961,  0.1330,  0.2291,  34.3453,  21 Apr 2018 18:18:05
# 25.7845,  5.300474,  0.945,  0.1255,  0.2335,  34.3521,  21 Apr 2018 18:22:05
# 25.7783,  5.299518,  0.962,  0.1220,  0.2229,  34.3497,  21 Apr 2018 18:26:05
# 25.7391,  5.298850,  0.957,  0.1231,  0.2536,  34.3744,  21 Apr 2018 18:30:05
# 25.6905,  5.298221,  0.940,  0.1170,  0.3041,  34.4064,  21 Apr 2018 18:34:05
# 25.6770,  5.297513,  0.969,  0.1119,  0.2679,  34.4114,  21 Apr 2018 18:38:05
# 25.6869,  5.298260,  0.967,  0.1123,  0.2660,  34.4093,  21 Apr 2018 18:42:05
# 25.6766,  5.297140,  0.975,  0.1244,  0.2659,  34.4090,  21 Apr 2018 18:46:05
# 25.6279,  5.293962,  0.976,  0.1157,  0.2680,  34.4225,  21 Apr 2018 18:50:05
# 25.6234,  5.293068,  0.975,  0.1133,  0.2673,  34.4194,  21 Apr 2018 18:54:05
# 25.6153,  5.292159,  0.979,  0.1096,  0.2534,  34.4188,  21 Apr 2018 18:58:05
# 25.6178,  5.290535,  0.985,  0.1228,  0.2551,  34.4051,  21 Apr 2018 19:02:05
# 25.6145,  5.290908,  0.993,  0.1231,  0.2673,  34.4103,  21 Apr 2018 19:06:05
# 25.6131,  5.290325,  0.987,  0.1266,  0.2670,  34.4071,  21 Apr 2018 19:10:05
# 25.5971,  5.290115,  0.991,  0.1170,  0.2650,  34.4176,  21 Apr 2018 19:14:05
# 25.5885,  5.289634,  0.993,  0.1158,  0.2464,  34.4206,  21 Apr 2018 19:18:05
# 25.6127,  5.290473,  1.002,  0.1292,  0.2525,  34.4084,  21 Apr 2018 19:22:05
# 25.6168,  5.290939,  0.993,  0.1194,  0.2490,  34.4088,  21 Apr 2018 19:26:05
# 25.6663,  5.290845,  1.011,  0.1379,  0.2599,  34.3707,  21 Apr 2018 19:30:05
# 25.6282,  5.289664,  1.014,  0.1329,  0.3732,  34.3908,  21 Apr 2018 19:34:05
# 25.5544,  5.285851,  1.013,  0.1209,  0.3085,  34.4187,  21 Apr 2018 19:38:05
# 25.5455,  5.285541,  1.010,  0.1267,  0.2599,  34.4232,  21 Apr 2018 19:42:05
# 25.5595,  5.286472,  1.018,  0.1267,  0.2766,  34.4194,  21 Apr 2018 19:46:05
# 25.5399,  5.285277,  1.021,  0.1194,  0.2934,  34.4254,  21 Apr 2018 19:50:05
# 25.6006,  5.287567,  1.024,  0.1246,  0.2627,  34.3963,  21 Apr 2018 19:54:05
# 25.5883,  5.286386,  1.031,  0.1266,  0.2671,  34.3970,  21 Apr 2018 19:58:05
# 25.5631,  5.284663,  1.034,  0.1245,  0.2612,  34.4034,  21 Apr 2018 20:02:05
# 25.5648,  5.284259,  1.033,  0.1221,  0.2658,  34.3992,  21 Apr 2018 20:06:05
# 25.5570,  5.283498,  1.040,  0.1172,  0.2663,  34.3995,  21 Apr 2018 20:10:05
# 25.5328,  5.281580,  1.045,  0.1192,  0.2466,  34.4037,  21 Apr 2018 20:14:05
# 25.5009,  5.280393,  1.050,  0.1366,  0.2502,  34.4191,  21 Apr 2018 20:18:05
# 25.4670,  5.277668,  1.050,  0.1254,  0.2848,  34.4248,  21 Apr 2018 20:22:05
# 25.4585,  5.276947,  1.053,  0.1131,  0.2528,  34.4259,  21 Apr 2018 20:26:05
# 25.4795,  5.277226,  1.057,  0.1293,  0.2609,  34.4121,  21 Apr 2018 20:30:05
# 25.4835,  5.276620,  1.055,  0.1243,  0.2597,  34.4046,  21 Apr 2018 20:34:05
# 25.4861,  5.275759,  1.061,  0.1279,  0.2480,  34.3963,  21 Apr 2018 20:38:05
# 25.4804,  5.275619,  1.062,  0.1183,  0.2731,  34.3997,  21 Apr 2018 20:42:05
# 25.4827,  5.271569,  1.051,  0.1307,  0.3073,  34.3682,  21 Apr 2018 20:46:05
# 25.4966,  5.273314,  1.063,  0.1394,  0.2692,  34.3705,  21 Apr 2018 20:50:05
# 25.4634,  5.273540,  1.068,  0.1294,  0.2754,  34.3973,  21 Apr 2018 20:54:05
# 25.4576,  5.273136,  1.073,  0.1218,  0.2479,  34.3987,  21 Apr 2018 20:58:05
# 25.4416,  5.272811,  1.075,  0.1157,  0.2632,  34.4084,  21 Apr 2018 21:02:05
# 25.4446,  5.271911,  1.073,  0.1244,  0.2599,  34.3995,  21 Apr 2018 21:06:05
# 25.4479,  5.271096,  1.072,  0.1244,  0.2814,  34.3910,  21 Apr 2018 21:10:05
# 25.4510,  5.270592,  1.067,  0.1318,  0.2720,  34.3850,  21 Apr 2018 21:14:05
# 25.4433,  5.270274,  1.073,  0.1318,  0.2708,  34.3885,  21 Apr 2018 21:18:05
# 25.4457,  5.270235,  1.073,  0.1304,  0.2623,  34.3864,  21 Apr 2018 21:22:05
# 25.4824,  5.270056,  1.078,  0.1329,  0.2660,  34.3573,  21 Apr 2018 21:26:05
# 25.5150,  5.268876,  1.078,  0.1513,  0.2649,  34.3241,  21 Apr 2018 21:30:05
# 25.5146,  5.269815,  1.081,  0.1427,  0.2717,  34.3312,  21 Apr 2018 21:34:05
# 25.4976,  5.270312,  1.082,  0.1354,  0.2803,  34.3477,  21 Apr 2018 21:38:05
# 25.4492,  5.269738,  1.081,  0.1331,  0.2779,  34.3801,  21 Apr 2018 21:42:05
# 25.4383,  5.268924,  1.087,  0.1330,  0.3291,  34.3824,  21 Apr 2018 21:46:05
# 25.4518,  5.268396,  1.088,  0.1267,  0.2489,  34.3683,  21 Apr 2018 21:50:05
# 25.4442,  5.268707,  1.092,  0.1378,  0.2527,  34.3763,  21 Apr 2018 21:54:05
# 25.4292,  5.268684,  1.091,  0.1247,  0.2515,  34.3875,  21 Apr 2018 21:58:05
# 25.4056,  5.267684,  1.091,  0.1184,  0.2625,  34.3980,  21 Apr 2018 22:02:05
# 25.3932,  5.266901,  1.092,  0.1231,  0.2586,  34.4016,  21 Apr 2018 22:06:05
# 25.3829,  5.266304,  1.096,  0.1196,  0.2464,  34.4051,  21 Apr 2018 22:10:05
# 25.4268,  5.266489,  1.096,  0.1391,  0.2348,  34.3732,  21 Apr 2018 22:14:05
# 25.4174,  5.266590,  1.097,  0.1303,  0.2680,  34.3811,  21 Apr 2018 22:18:05
# 25.4079,  5.265171,  1.098,  0.1219,  0.2562,  34.3778,  21 Apr 2018 22:22:05
# 25.4305,  5.264054,  1.096,  0.1392,  0.2491,  34.3525,  21 Apr 2018 22:26:05
# 25.4157,  5.264015,  1.098,  0.1303,  0.2528,  34.3635,  21 Apr 2018 22:30:05
# 25.3881,  5.264373,  1.099,  0.1221,  0.2718,  34.3869,  21 Apr 2018 22:34:05
# 25.3792,  5.263644,  1.095,  0.1171,  0.2984,  34.3883,  21 Apr 2018 22:38:05
# 25.3663,  5.263148,  1.097,  0.1196,  0.2206,  34.3945,  21 Apr 2018 22:42:05
# 25.3974,  5.259791,  1.098,  0.1341,  0.2291,  34.3463,  21 Apr 2018 22:46:05
# 25.3885,  5.259667,  1.096,  0.1341,  0.2291,  34.3521,  21 Apr 2018 22:50:05
# 25.3823,  5.259675,  1.090,  0.1244,  0.2562,  34.3568,  21 Apr 2018 22:54:05
# 25.3975,  5.254359,  1.094,  0.1356,  0.2254,  34.3063,  21 Apr 2018 22:58:05
# 25.4348,  5.249680,  1.091,  0.1355,  0.2219,  34.2439,  21 Apr 2018 23:02:05
# 25.4222,  5.256497,  1.083,  0.1453,  0.2403,  34.3034,  21 Apr 2018 23:06:05
# 25.4015,  5.258248,  1.094,  0.1426,  0.2170,  34.3318,  21 Apr 2018 23:10:05
# 25.3984,  5.257551,  1.072,  0.1302,  0.2467,  34.3291,  21 Apr 2018 23:14:05
# 25.3889,  5.258636,  1.086,  0.1259,  0.2611,  34.3442,  21 Apr 2018 23:18:05
# 25.3729,  5.259132,  1.065,  0.1246,  0.2432,  34.3600,  21 Apr 2018 23:22:05
# 25.4001,  5.248488,  1.078,  0.1514,  0.2255,  34.2613,  21 Apr 2018 23:26:05
# 25.4006,  5.247527,  1.074,  0.1379,  0.2561,  34.2538,  21 Apr 2018 23:30:05
# 25.4233,  5.235075,  1.080,  0.1561,  0.2191,  34.1454,  21 Apr 2018 23:34:05
# 25.4457,  5.238687,  1.071,  0.1513,  0.2292,  34.1551,  21 Apr 2018 23:38:05
# 25.4386,  5.245483,  1.056,  0.1429,  0.2644,  34.2102,  21 Apr 2018 23:46:05
# 25.4277,  5.246381,  1.068,  0.1450,  0.2573,  34.2250,  21 Apr 2018 23:50:05
# 25.3956,  5.245669,  1.068,  0.1365,  0.2753,  34.2440,  21 Apr 2018 23:54:05
# 25.3297,  5.251029,  1.067,  0.1196,  0.2650,  34.3331,  21 Apr 2018 23:58:05
# 25.3106,  5.251672,  1.063,  0.1232,  0.2443,  34.3523,  22 Apr 2018 00:02:05
# 25.3351,  5.250704,  1.055,  0.1294,  0.2218,  34.3266,  22 Apr 2018 00:06:05
# 25.3429,  5.248310,  1.036,  0.1229,  0.2256,  34.3031,  22 Apr 2018 00:10:05
# 25.3361,  5.250099,  1.028,  0.1183,  0.2417,  34.3214,  22 Apr 2018 00:14:05
# 25.3284,  5.245756,  1.033,  0.1210,  0.2625,  34.2954,  22 Apr 2018 00:18:05
# 25.3112,  5.248481,  1.018,  0.1173,  0.2731,  34.3284,  22 Apr 2018 00:22:05
# 25.3078,  5.247916,  1.032,  0.1184,  0.2292,  34.3268,  22 Apr 2018 00:26:05
# 25.3058,  5.244827,  1.032,  0.1145,  0.2406,  34.3055,  22 Apr 2018 00:30:05
# 25.3147,  5.244610,  1.018,  0.1354,  0.2291,  34.2973,  22 Apr 2018 00:34:05
# 25.3241,  5.248814,  1.001,  0.1256,  0.2302,  34.3211,  22 Apr 2018 00:38:05
# 25.3141,  5.250642,  0.998,  0.1244,  0.2490,  34.3420,  22 Apr 2018 00:42:05
# 25.3009,  5.250069,  1.006,  0.1183,  0.2119,  34.3478,  22 Apr 2018 00:46:05
# 25.3343,  5.245252,  0.995,  0.1295,  0.2336,  34.2872,  22 Apr 2018 00:50:05
# 25.3197,  5.245872,  0.997,  0.1283,  0.2321,  34.3027,  22 Apr 2018 00:54:05
# 25.3130,  5.243488,  0.986,  0.1256,  0.2097,  34.2903,  22 Apr 2018 00:58:05
# 25.3169,  5.244486,  0.986,  0.1221,  0.2395,  34.2947,  22 Apr 2018 01:02:05
# 25.2989,  5.248443,  0.993,  0.1208,  0.2335,  34.3374,  22 Apr 2018 01:06:05
# 25.2907,  5.249000,  0.982,  0.1247,  0.2382,  34.3477,  22 Apr 2018 01:10:05
# 25.2845,  5.248613,  0.978,  0.1232,  0.2156,  34.3496,  22 Apr 2018 01:14:05
# 25.3036,  5.240051,  0.991,  0.1330,  0.2311,  34.2721,  22 Apr 2018 01:18:05
# 25.3009,  5.242079,  0.943,  0.1208,  0.2221,  34.2891,  22 Apr 2018 01:22:05
# 25.2982,  5.239703,  0.968,  0.1330,  0.2134,  34.2736,  22 Apr 2018 01:26:05
# 25.2897,  5.245385,  0.952,  0.1295,  0.2406,  34.3219,  22 Apr 2018 01:30:05
# 25.2867,  5.244239,  0.936,  0.1242,  0.2322,  34.3157,  22 Apr 2018 01:34:05
# 25.2735,  5.240524,  0.949,  0.1281,  0.2180,  34.2984,  22 Apr 2018 01:38:05
# 25.2639,  5.245315,  0.923,  0.1154,  0.2600,  34.3409,  22 Apr 2018 01:42:05
# 25.2412,  5.236493,  0.931,  0.1220,  0.2265,  34.2931,  22 Apr 2018 01:46:05
# 25.2551,  5.226572,  0.933,  0.1379,  0.2096,  34.2097,  22 Apr 2018 01:50:05
# 25.2624,  5.236919,  0.910,  0.1283,  0.2120,  34.2802,  22 Apr 2018 01:54:05
# 25.2579,  5.240648,  0.913,  0.1183,  0.2320,  34.3111,  22 Apr 2018 01:58:05
# 25.2544,  5.241677,  0.909,  0.1156,  0.2145,  34.3213,  22 Apr 2018 02:02:05
# 25.2453,  5.242544,  0.873,  0.1155,  0.2311,  34.3346,  22 Apr 2018 02:06:05
# 25.2218,  5.239821,  0.871,  0.1192,  0.2323,  34.3324,  22 Apr 2018 02:10:05
# 25.2187,  5.238892,  0.865,  0.1181,  0.3716,  34.3279,  22 Apr 2018 02:14:05
# 25.2184,  5.229271,  0.850,  0.1183,  0.2278,  34.2572,  22 Apr 2018 02:18:05
# 25.2361,  5.220915,  0.860,  0.1340,  0.2550,  34.1824,  22 Apr 2018 02:22:05
# 25.2415,  5.229579,  0.847,  0.1315,  0.2232,  34.2420,  22 Apr 2018 02:26:05
# 25.2418,  5.237406,  0.820,  0.1271,  0.2356,  34.2995,  22 Apr 2018 02:30:05
# 25.2320,  5.239395,  0.815,  0.1209,  0.2334,  34.3215,  22 Apr 2018 02:34:05
# 25.2247,  5.232387,  0.834,  0.1183,  0.2267,  34.2754,  22 Apr 2018 02:38:05
# 25.2308,  5.231420,  0.804,  0.1293,  0.2441,  34.2637,  22 Apr 2018 02:42:05
# 25.2370,  5.238505,  0.828,  0.1284,  0.2515,  34.3112,  22 Apr 2018 02:46:05
# 25.2222,  5.232704,  0.800,  0.1256,  0.2276,  34.2796,  22 Apr 2018 02:50:05
# 25.2051,  5.225769,  0.790,  0.1244,  0.2171,  34.2415,  22 Apr 2018 02:54:05
# 25.2019,  5.229147,  0.785,  0.1170,  0.2255,  34.2688,  22 Apr 2018 02:58:05
# 25.1981,  5.235991,  0.808,  0.1148,  0.2480,  34.3221,  22 Apr 2018 03:02:05
# 25.1941,  5.235875,  0.786,  0.1146,  0.2599,  34.3243,  22 Apr 2018 03:06:05
# 25.1838,  5.236208,  0.768,  0.1122,  0.2266,  34.3345,  22 Apr 2018 03:10:05
# 25.1739,  5.223590,  0.758,  0.1122,  0.2489,  34.2490,  22 Apr 2018 03:14:05
# 25.1770,  5.231459,  0.771,  0.1149,  0.2552,  34.3047,  22 Apr 2018 03:18:05
# 25.1638,  5.236061,  0.764,  0.1146,  0.2394,  34.3486,  22 Apr 2018 03:22:05
# 25.1636,  5.234932,  0.756,  0.1147,  0.2576,  34.3405,  22 Apr 2018 03:26:05
# 25.1564,  5.232303,  0.758,  0.1147,  0.2564,  34.3265,  22 Apr 2018 03:30:05
# 25.1554,  5.232620,  0.747,  0.1171,  0.2455,  34.3296,  22 Apr 2018 03:34:05
# 25.1376,  5.230331,  0.749,  0.1097,  0.2503,  34.3262,  22 Apr 2018 03:38:05
# 25.1204,  5.229697,  0.734,  0.1109,  0.2290,  34.3346,  22 Apr 2018 03:42:05
# 25.1098,  5.228437,  0.716,  0.1099,  0.2553,  34.3334,  22 Apr 2018 03:46:05
# 25.1173,  5.227919,  0.737,  0.1135,  0.2335,  34.3239,  22 Apr 2018 03:50:05
# 25.1163,  5.227378,  0.718,  0.1096,  0.2554,  34.3206,  22 Apr 2018 03:54:05
# 25.1086,  5.227401,  0.714,  0.1186,  0.2889,  34.3266,  22 Apr 2018 03:58:05
# 25.0995,  5.226930,  0.725,  0.1132,  0.2613,  34.3301,  22 Apr 2018 04:02:05
# 25.0802,  5.224882,  0.722,  0.1048,  0.2625,  34.3295,  22 Apr 2018 04:06:05
# 25.0792,  5.221791,  0.722,  0.1146,  0.2731,  34.3075,  22 Apr 2018 04:10:05
# 25.0791,  5.223035,  0.702,  0.1111,  0.2755,  34.3167,  22 Apr 2018 04:14:05
# 25.0684,  5.218670,  0.701,  0.1059,  0.2825,  34.2927,  22 Apr 2018 04:18:05
# 25.0759,  5.220346,  0.722,  0.1133,  0.2652,  34.2993,  22 Apr 2018 04:22:05
# 25.0700,  5.220802,  0.678,  0.1072,  0.2828,  34.3072,  22 Apr 2018 04:26:05
# 25.0648,  5.220486,  0.703,  0.1097,  0.2599,  34.3088,  22 Apr 2018 04:30:05
# 25.0529,  5.220347,  0.710,  0.1034,  0.2357,  34.3168,  22 Apr 2018 04:34:05
# 25.0402,  5.219505,  0.717,  0.1082,  0.2429,  34.3202,  22 Apr 2018 04:38:05
# 25.0321,  5.218879,  0.700,  0.1022,  0.2586,  34.3218,  22 Apr 2018 04:42:05
# 25.0300,  5.217775,  0.692,  0.1072,  0.2538,  34.3152,  22 Apr 2018 04:46:05
# 25.0284,  5.217234,  0.702,  0.1048,  0.2650,  34.3124,  22 Apr 2018 04:50:05
# 25.0238,  5.216385,  0.712,  0.1060,  0.2586,  34.3096,  22 Apr 2018 04:54:05
# 25.0039,  5.211659,  0.678,  0.1085,  0.2490,  34.2897,  22 Apr 2018 04:58:05
# 25.0084,  5.211706,  0.689,  0.1096,  0.2514,  34.2867,  22 Apr 2018 05:02:05
# 24.9948,  5.202492,  0.682,  0.1085,  0.2706,  34.2288,  22 Apr 2018 05:06:05
# 24.9910,  5.204636,  0.708,  0.1037,  0.2599,  34.2476,  22 Apr 2018 05:10:05
# 24.9860,  5.206650,  0.698,  0.1048,  0.2396,  34.2663,  22 Apr 2018 05:14:05
# 24.9889,  5.207600,  0.675,  0.1049,  0.2696,  34.2711,  22 Apr 2018 05:18:05
# 24.9765,  5.205424,  0.686,  0.1048,  0.2634,  34.2645,  22 Apr 2018 05:22:05
# 24.9808,  5.210679,  0.695,  0.1060,  0.2613,  34.3001,  22 Apr 2018 05:26:05
# 24.9697,  5.211598,  0.696,  0.1034,  0.2369,  34.3153,  22 Apr 2018 05:30:05
# 24.9576,  5.210803,  0.685,  0.1085,  0.2551,  34.3186,  22 Apr 2018 05:34:05
# 24.9521,  5.209800,  0.698,  0.1050,  0.2817,  34.3153,  22 Apr 2018 05:38:05
# 24.9365,  5.208959,  0.672,  0.1098,  0.2660,  34.3209,  22 Apr 2018 05:42:05
# 24.9280,  5.206026,  0.657,  0.1050,  0.3100,  34.3057,  22 Apr 2018 05:46:05
# 24.9085,  5.192946,  0.675,  0.1086,  0.2573,  34.2237,  22 Apr 2018 05:50:05
# 24.8945,  5.179265,  0.687,  0.1119,  0.3041,  34.1329,  22 Apr 2018 05:54:05
# 24.8981,  5.186189,  0.687,  0.1050,  0.2807,  34.1815,  22 Apr 2018 05:58:05
# 24.8972,  5.193818,  0.690,  0.1050,  0.2599,  34.2386,  22 Apr 2018 06:02:05
# 24.9236,  5.206219,  0.685,  0.1062,  0.3005,  34.3105,  22 Apr 2018 06:06:05
# 24.9111,  5.191012,  0.680,  0.1097,  0.2934,  34.2073,  22 Apr 2018 06:10:05
# 24.9193,  5.203480,  0.679,  0.1084,  0.3342,  34.2935,  22 Apr 2018 06:14:05
# 24.9141,  5.203974,  0.689,  0.1035,  0.2863,  34.3011,  22 Apr 2018 06:18:05
# 24.9107,  5.203766,  0.673,  0.1032,  0.2864,  34.3021,  22 Apr 2018 06:22:05
# 24.9263,  5.207986,  0.694,  0.1134,  0.2524,  34.3216,  22 Apr 2018 06:26:05
# 24.9039,  5.209152,  0.667,  0.1084,  0.2502,  34.3473,  22 Apr 2018 06:30:05
# 24.9057,  5.208458,  0.687,  0.1112,  0.2613,  34.3407,  22 Apr 2018 06:34:05
# 24.9030,  5.206729,  0.682,  0.1097,  0.2793,  34.3300,  22 Apr 2018 06:38:05
# 24.9027,  5.205340,  0.689,  0.1098,  0.2612,  34.3198,  22 Apr 2018 06:42:05
# 24.8955,  5.202624,  0.688,  0.1099,  0.2757,  34.3052,  22 Apr 2018 06:46:05
# 24.8807,  5.203844,  0.693,  0.1070,  0.2888,  34.3255,  22 Apr 2018 06:50:05
# 24.8882,  5.203674,  0.686,  0.1073,  0.2650,  34.3186,  22 Apr 2018 06:54:05
# 24.8850,  5.204630,  0.699,  0.1034,  0.2733,  34.3281,  22 Apr 2018 06:58:05
# 24.8806,  5.204584,  0.725,  0.1022,  0.2397,  34.3311,  22 Apr 2018 07:02:05
# 24.8792,  5.203558,  0.703,  0.1027,  0.2650,  34.3245,  22 Apr 2018 07:06:05
# 24.8901,  5.205008,  0.704,  0.1046,  0.2469,  34.3270,  22 Apr 2018 07:10:05
# 24.8930,  5.206050,  0.714,  0.1023,  0.2683,  34.3325,  22 Apr 2018 07:14:05
# 24.8941,  5.205849,  0.708,  0.1011,  0.2840,  34.3302,  22 Apr 2018 07:18:05
# 24.9006,  5.206744,  0.697,  0.1011,  0.2335,  34.3318,  22 Apr 2018 07:22:05
# 24.9064,  5.207269,  0.681,  0.1012,  0.2743,  34.3314,  22 Apr 2018 07:26:05
# 24.9090,  5.207655,  0.713,  0.0983,  0.2515,  34.3322,  22 Apr 2018 07:30:05
# 24.9093,  5.205895,  0.704,  0.0961,  0.2731,  34.3190,  22 Apr 2018 07:34:05
# 24.9140,  5.205602,  0.700,  0.0948,  0.2686,  34.3132,  22 Apr 2018 07:38:05
# 24.9206,  5.206428,  0.737,  0.0963,  0.2290,  34.3143,  22 Apr 2018 07:42:05
# 24.9175,  5.206219,  0.720,  0.0989,  0.2623,  34.3151,  22 Apr 2018 07:46:05
# 24.9228,  5.207114,  0.711,  0.0973,  0.2457,  34.3177,  22 Apr 2018 07:50:05
# 24.9407,  5.208689,  0.723,  0.0960,  0.2454,  34.3157,  22 Apr 2018 07:54:05
# 24.9546,  5.209784,  0.750,  0.0938,  0.2380,  34.3133,  22 Apr 2018 07:58:05
# 24.9678,  5.211251,  0.751,  0.0948,  0.2622,  34.3141,  22 Apr 2018 08:02:05
# 24.9726,  5.211320,  0.708,  0.0925,  0.2970,  34.3110,  22 Apr 2018 08:06:05
# 24.9747,  5.211544,  0.748,  0.0959,  0.3487,  34.3111,  22 Apr 2018 08:10:05
# 24.9805,  5.212239,  0.752,  0.0934,  0.2649,  34.3118,  22 Apr 2018 08:14:05
# 24.9858,  5.210571,  0.733,  0.0959,  0.2792,  34.2955,  22 Apr 2018 08:18:05
# 24.9930,  5.212501,  0.749,  0.0958,  0.2812,  34.3043,  22 Apr 2018 08:22:05
# 24.9954,  5.213690,  0.779,  0.0936,  0.3185,  34.3112,  22 Apr 2018 08:26:05
# 25.0092,  5.214292,  0.766,  0.0948,  0.2816,  34.3052,  22 Apr 2018 08:30:05
# 25.0247,  5.213705,  0.786,  0.0974,  0.2421,  34.2891,  22 Apr 2018 08:34:05
# 25.0270,  5.214199,  0.786,  0.0957,  0.2347,  34.2910,  22 Apr 2018 08:38:05
# 25.0252,  5.214786,  0.775,  0.0935,  0.2382,  34.2967,  22 Apr 2018 08:42:05
# 25.0240,  5.215751,  0.783,  0.0949,  0.2587,  34.3047,  22 Apr 2018 08:46:05
# 25.0203,  5.216555,  0.777,  0.0925,  0.2383,  34.3135,  22 Apr 2018 08:50:05
# 25.0261,  5.217713,  0.792,  0.0949,  0.2290,  34.3177,  22 Apr 2018 08:54:05
# 25.0378,  5.218655,  0.792,  0.0932,  0.2300,  34.3157,  22 Apr 2018 08:58:05
# 25.0465,  5.218995,  0.797,  0.0999,  0.2216,  34.3116,  22 Apr 2018 09:02:05
# 25.0463,  5.220084,  0.798,  0.0937,  0.2311,  34.3199,  22 Apr 2018 09:06:05
# 25.0468,  5.221645,  0.804,  0.0910,  0.2454,  34.3310,  22 Apr 2018 09:10:05
# 25.0635,  5.222866,  0.796,  0.0885,  0.2291,  34.3273,  22 Apr 2018 09:14:05
# 25.0498,  5.223306,  0.827,  0.0884,  0.2443,  34.3410,  22 Apr 2018 09:18:05
# 25.0724,  5.224110,  0.800,  0.0874,  0.2204,  34.3298,  22 Apr 2018 09:22:05
# 25.0980,  5.223236,  0.822,  0.0948,  0.2280,  34.3039,  22 Apr 2018 09:26:05
# 25.1019,  5.224256,  0.811,  0.0885,  0.2395,  34.3085,  22 Apr 2018 09:30:05
# 25.0968,  5.224751,  0.807,  0.0925,  0.2432,  34.3160,  22 Apr 2018 09:34:05
# 25.1199,  5.224078,  0.828,  0.0936,  0.2357,  34.2935,  22 Apr 2018 09:38:05
# 25.1479,  5.226937,  0.822,  0.0863,  0.2216,  34.2934,  22 Apr 2018 09:42:05
# 25.1521,  5.225747,  0.813,  0.0911,  0.2243,  34.2814,  22 Apr 2018 09:46:05
# 25.1551,  5.228429,  0.821,  0.0913,  0.2550,  34.2989,  22 Apr 2018 09:50:05
# 25.1740,  5.231266,  0.796,  0.0864,  0.2541,  34.3055,  22 Apr 2018 09:54:05
# 25.2128,  5.233493,  0.823,  0.0949,  0.2659,  34.2925,  22 Apr 2018 09:58:05
# 25.2136,  5.234962,  0.828,  0.0877,  0.2430,  34.3028,  22 Apr 2018 10:02:05
# 25.2219,  5.238389,  0.829,  0.0863,  0.2431,  34.3218,  22 Apr 2018 10:06:05
# 25.2159,  5.240123,  0.808,  0.0875,  0.2219,  34.3391,  22 Apr 2018 10:10:05
# 25.2574,  5.242923,  0.830,  0.0851,  0.2217,  34.3282,  22 Apr 2018 10:14:05
# 25.2741,  5.243364,  0.835,  0.0923,  0.3474,  34.3189,  22 Apr 2018 10:18:05
# 25.2930,  5.241739,  0.813,  0.0900,  0.2336,  34.2926,  22 Apr 2018 10:22:05
# 25.3145,  5.242961,  0.835,  0.0932,  0.2393,  34.2854,  22 Apr 2018 10:26:05
# 25.3544,  5.245190,  0.837,  0.0886,  0.2265,  34.2716,  22 Apr 2018 10:30:05
# 25.3605,  5.245492,  0.810,  0.0946,  0.2515,  34.2692,  22 Apr 2018 10:34:05
# 25.2725,  5.248118,  0.807,  0.0848,  0.2344,  34.3551,  22 Apr 2018 10:38:05
# 25.3149,  5.249805,  0.827,  0.0911,  0.2491,  34.3354,  22 Apr 2018 10:42:05
# 25.3962,  5.253863,  0.799,  0.0877,  0.2158,  34.3037,  22 Apr 2018 10:46:05
# 25.4172,  5.255265,  0.819,  0.0874,  0.2071,  34.2981,  22 Apr 2018 10:50:05
# 25.3969,  5.255219,  0.834,  0.0886,  0.2171,  34.3131,  22 Apr 2018 10:54:05
# 25.3992,  5.255583,  0.831,  0.0861,  0.2011,  34.3141,  22 Apr 2018 10:58:05
# 25.4006,  5.255521,  0.818,  0.0911,  0.2696,  34.3126,  22 Apr 2018 11:02:05
# 25.3985,  5.255366,  0.829,  0.0922,  0.2525,  34.3130,  22 Apr 2018 11:06:05
# 25.4211,  5.256977,  0.810,  0.0863,  0.2291,  34.3078,  22 Apr 2018 11:10:05
# 25.5335,  5.259323,  0.829,  0.0887,  0.2118,  34.2403,  22 Apr 2018 11:14:05
# 25.5459,  5.260889,  0.826,  0.0885,  0.2049,  34.2424,  22 Apr 2018 11:18:05
# 25.4518,  5.257883,  0.840,  0.0924,  0.2480,  34.2913,  22 Apr 2018 11:22:05
# 25.3855,  5.256257,  0.823,  0.0877,  0.2204,  34.3294,  22 Apr 2018 11:26:05
# 25.3959,  5.258985,  0.835,  0.0896,  0.2282,  34.3416,  22 Apr 2018 11:30:05
# 25.4072,  5.261116,  0.836,  0.0876,  0.2345,  34.3486,  22 Apr 2018 11:34:05
# 25.4279,  5.262596,  0.829,  0.0876,  0.2432,  34.3439,  22 Apr 2018 11:38:05
# 25.4344,  5.263697,  0.813,  0.0896,  0.2348,  34.3470,  22 Apr 2018 11:42:05
# 25.4244,  5.263837,  0.850,  0.0885,  0.2346,  34.3556,  22 Apr 2018 11:46:05
# 25.4314,  5.264915,  0.847,  0.0883,  0.2696,  34.3582,  22 Apr 2018 11:50:05
# 25.4522,  5.266713,  0.841,  0.0876,  0.2254,  34.3557,  22 Apr 2018 11:54:05
# 25.4980,  5.269606,  0.850,  0.0861,  0.2334,  34.3424,  22 Apr 2018 11:58:05
# 25.4946,  5.271048,  0.823,  0.0897,  0.2430,  34.3555,  22 Apr 2018 12:02:05
# 25.5272,  5.273042,  0.834,  0.0899,  0.2243,  34.3455,  22 Apr 2018 12:06:05
# 25.5268,  5.274105,  0.841,  0.0875,  0.2359,  34.3535,  22 Apr 2018 12:10:05
# 25.5523,  5.275649,  0.841,  0.0894,  0.2119,  34.3456,  22 Apr 2018 12:14:05
# 25.5526,  5.276340,  0.854,  0.0912,  0.2170,  34.3505,  22 Apr 2018 12:18:05
# 25.5558,  5.277325,  0.853,  0.0900,  0.2155,  34.3552,  22 Apr 2018 12:22:05
# 25.5857,  5.279009,  0.823,  0.0897,  0.2157,  34.3450,  22 Apr 2018 12:26:05
# 25.5272,  5.277334,  0.834,  0.0898,  0.2345,  34.3769,  22 Apr 2018 12:30:05
# 25.5875,  5.280251,  0.837,  0.0887,  0.2216,  34.3528,  22 Apr 2018 12:34:05
# 25.5882,  5.281331,  0.822,  0.0899,  0.2369,  34.3602,  22 Apr 2018 12:38:05
# 25.5810,  5.279654,  0.829,  0.0950,  0.2395,  34.3533,  22 Apr 2018 12:42:05
# 25.5928,  5.280880,  0.828,  0.0912,  0.2383,  34.3534,  22 Apr 2018 12:46:05
# 25.6050,  5.283637,  0.830,  0.0925,  0.2267,  34.3643,  22 Apr 2018 12:50:05
# 25.6121,  5.285042,  0.849,  0.0912,  0.2310,  34.3692,  22 Apr 2018 12:54:05
# 25.6244,  5.288250,  0.829,  0.0874,  0.2206,  34.3834,  22 Apr 2018 12:58:05
# 25.6176,  5.288903,  0.822,  0.0909,  0.2309,  34.3933,  22 Apr 2018 13:02:05
# 25.5959,  5.285641,  0.835,  0.0886,  0.2441,  34.3859,  22 Apr 2018 13:06:05
# 25.5902,  5.286348,  0.817,  0.0924,  0.2483,  34.3953,  22 Apr 2018 13:10:05
# 25.5927,  5.286511,  0.812,  0.0874,  0.2490,  34.3946,  22 Apr 2018 13:14:05
# 25.6761,  5.287527,  0.794,  0.0971,  0.2348,  34.3392,  22 Apr 2018 13:18:05
# 25.6756,  5.289096,  0.816,  0.0923,  0.2370,  34.3510,  22 Apr 2018 13:22:05
# 25.7310,  5.286586,  0.802,  0.0970,  0.2323,  34.2910,  22 Apr 2018 13:26:05
# 25.7605,  5.288481,  0.821,  0.0957,  0.2217,  34.2827,  22 Apr 2018 13:30:05
# 25.7423,  5.297162,  0.815,  0.0950,  0.2432,  34.3597,  22 Apr 2018 13:34:05
# 25.7602,  5.303570,  0.802,  0.0899,  0.2511,  34.3929,  22 Apr 2018 13:38:05
# 25.7845,  5.305857,  0.791,  0.0862,  0.2407,  34.3913,  22 Apr 2018 13:42:05
# 25.7545,  5.303625,  0.788,  0.0935,  0.2239,  34.3976,  22 Apr 2018 13:46:05
# 25.7547,  5.304698,  0.787,  0.0885,  0.2718,  34.4053,  22 Apr 2018 13:50:05
# 25.8143,  5.311568,  0.769,  0.0934,  0.2800,  34.4105,  22 Apr 2018 13:54:05
# 25.8425,  5.313249,  0.789,  0.0922,  0.3413,  34.4015,  22 Apr 2018 13:58:05
