# 27.3507,  5.501793,  1.202,  0.0921,  0.3204,  34.6289,  21 Jul 2018 14:00:08
# 27.3240,  5.499794,  1.214,  0.0919,  0.2491,  34.6345,  21 Jul 2018 14:04:08
# 27.3530,  5.502235,  1.180,  0.0896,  0.2667,  34.6303,  21 Jul 2018 14:08:08
# 27.3787,  5.504677,  1.183,  0.0942,  0.2571,  34.6285,  21 Jul 2018 14:12:08
# 27.4108,  5.508164,  1.183,  0.0909,  0.2799,  34.6294,  21 Jul 2018 14:16:08
# 27.4335,  5.510805,  1.186,  0.0909,  0.2524,  34.6313,  21 Jul 2018 14:20:08
# 27.4266,  5.509753,  1.204,  0.0920,  0.2597,  34.6289,  21 Jul 2018 14:24:08
# 27.3857,  5.506021,  1.150,  0.0922,  0.2764,  34.6328,  21 Jul 2018 14:28:08
# 27.4161,  5.509113,  1.140,  0.0906,  0.2712,  34.6322,  21 Jul 2018 14:32:08
# 27.4276,  5.508843,  1.114,  0.0980,  0.2849,  34.6218,  21 Jul 2018 14:36:08
# 27.4401,  5.511611,  1.161,  0.0946,  0.2683,  34.6321,  21 Jul 2018 14:40:08
# 27.4942,  5.517212,  1.105,  0.0972,  0.2738,  34.6317,  21 Jul 2018 14:44:08
# 27.5028,  5.519087,  1.140,  0.0945,  0.2691,  34.6386,  21 Jul 2018 14:48:08
# 27.4863,  5.516595,  1.156,  0.1031,  0.2910,  34.6331,  21 Jul 2018 14:52:08
# 27.4817,  5.516073,  1.151,  0.0958,  0.3111,  34.6328,  21 Jul 2018 14:56:08
# 27.5182,  5.520528,  1.105,  0.0943,  0.2643,  34.6373,  21 Jul 2018 15:00:08
# 27.5335,  5.522641,  1.156,  0.0919,  0.2860,  34.6409,  21 Jul 2018 15:04:08
# 27.5483,  5.523876,  1.152,  0.0969,  0.2583,  34.6387,  21 Jul 2018 15:08:08
# 27.5087,  5.520401,  1.103,  0.0958,  0.2944,  34.6435,  21 Jul 2018 15:12:08
# 27.4896,  5.517734,  1.100,  0.0996,  0.2750,  34.6388,  21 Jul 2018 15:16:08
# 27.4954,  5.518241,  1.112,  0.0956,  0.2705,  34.6380,  21 Jul 2018 15:20:08
# 27.5330,  5.522024,  1.131,  0.1019,  0.2969,  34.6369,  21 Jul 2018 15:24:08
# 27.5943,  5.529799,  1.116,  0.0968,  0.2980,  34.6465,  21 Jul 2018 15:28:08
# 27.6019,  5.529339,  1.114,  0.1020,  0.2980,  34.6376,  21 Jul 2018 15:32:08
# 27.5917,  5.527961,  1.098,  0.1009,  0.2683,  34.6354,  21 Jul 2018 15:36:08
# 27.5388,  5.521905,  1.121,  0.1106,  0.3037,  34.6317,  21 Jul 2018 15:40:08
# 27.5530,  5.524018,  1.118,  0.1057,  0.3015,  34.6362,  21 Jul 2018 15:44:08
# 27.5512,  5.523947,  1.115,  0.1069,  0.2956,  34.6370,  21 Jul 2018 15:48:08
# 27.5705,  5.526401,  1.057,  0.1033,  0.3228,  34.6401,  21 Jul 2018 15:52:08
# 27.6316,  5.533466,  1.112,  0.1054,  0.2943,  34.6447,  21 Jul 2018 15:56:08
# 27.6404,  5.534639,  1.071,  0.1044,  0.2887,  34.6465,  21 Jul 2018 16:00:08
# 27.6059,  5.531209,  1.075,  0.1068,  0.2928,  34.6478,  21 Jul 2018 16:04:08
# 27.5801,  5.527462,  1.003,  0.1081,  0.3132,  34.6405,  21 Jul 2018 16:08:08
# 27.5742,  5.527296,  1.057,  0.1141,  0.3677,  34.6436,  21 Jul 2018 16:12:08
# 27.5534,  5.524137,  1.034,  0.1190,  0.3145,  34.6368,  21 Jul 2018 16:16:08
# 27.5559,  5.524113,  1.029,  0.1141,  0.2586,  34.6347,  21 Jul 2018 16:20:08
# 27.5603,  5.524960,  1.014,  0.1141,  0.3051,  34.6375,  21 Jul 2018 16:24:08
# 27.5764,  5.527336,  1.014,  0.1067,  0.2823,  34.6423,  21 Jul 2018 16:28:08
# 27.5614,  5.526172,  1.052,  0.1159,  0.2882,  34.6452,  21 Jul 2018 16:32:08
# 27.5674,  5.527312,  0.994,  0.1106,  0.2864,  34.6488,  21 Jul 2018 16:36:08
# 27.5614,  5.526180,  0.988,  0.1156,  0.2911,  34.6453,  21 Jul 2018 16:40:08
# 27.5333,  5.522847,  1.000,  0.1180,  0.2872,  34.6426,  21 Jul 2018 16:44:08
# 27.5656,  5.526797,  0.995,  0.1231,  0.3144,  34.6465,  21 Jul 2018 16:48:08
# 27.5744,  5.528278,  0.995,  0.1239,  0.3029,  34.6505,  21 Jul 2018 16:52:08
# 27.5730,  5.528373,  0.972,  0.1157,  0.3015,  34.6522,  21 Jul 2018 16:56:08
# 27.5444,  5.524755,  0.943,  0.1170,  0.3027,  34.6478,  21 Jul 2018 17:00:08
# 27.5660,  5.527233,  1.016,  0.1202,  0.3363,  34.6493,  21 Jul 2018 17:04:08
# 27.5448,  5.524976,  1.011,  0.1192,  0.5647,  34.6491,  21 Jul 2018 17:08:08
# 27.5274,  5.523092,  0.995,  0.1193,  0.3014,  34.6486,  21 Jul 2018 17:12:08
# 27.5313,  5.523393,  1.001,  0.1216,  0.3063,  34.6479,  21 Jul 2018 17:16:08
# 27.5611,  5.527178,  0.957,  0.1141,  0.3037,  34.6525,  21 Jul 2018 17:20:08
# 27.5591,  5.527193,  0.958,  0.1142,  0.3069,  34.6542,  21 Jul 2018 17:24:08
# 27.5786,  5.528928,  1.006,  0.1155,  0.3167,  34.6519,  21 Jul 2018 17:28:08
# 27.5527,  5.525863,  0.939,  0.1133,  0.3131,  34.6495,  21 Jul 2018 17:32:08
# 27.5195,  5.522324,  0.950,  0.1178,  0.3154,  34.6491,  21 Jul 2018 17:36:08
# 27.5090,  5.521264,  0.986,  0.1180,  0.2870,  34.6493,  21 Jul 2018 17:40:08
# 27.5013,  5.520441,  0.923,  0.1106,  0.3040,  34.6493,  21 Jul 2018 17:44:08
# 27.4955,  5.519808,  0.942,  0.1117,  0.3028,  34.6491,  21 Jul 2018 17:48:08
# 27.4691,  5.517608,  0.914,  0.1229,  0.3069,  34.6531,  21 Jul 2018 17:52:08
# 27.4564,  5.515677,  0.947,  0.1180,  0.2882,  34.6488,  21 Jul 2018 17:56:08
# 27.4471,  5.514617,  0.905,  0.1205,  0.2753,  34.6482,  21 Jul 2018 18:00:08
# 27.4242,  5.512118,  0.936,  0.1192,  0.2943,  34.6475,  21 Jul 2018 18:04:08
# 27.4173,  5.511730,  0.908,  0.1204,  0.3039,  34.6499,  21 Jul 2018 18:08:08
# 27.4158,  5.511153,  0.919,  0.1179,  0.3028,  34.6470,  21 Jul 2018 18:12:08
# 27.4106,  5.510536,  0.888,  0.1204,  0.3004,  34.6465,  21 Jul 2018 18:16:08
# 27.3986,  5.509508,  0.944,  0.1205,  0.2908,  34.6480,  21 Jul 2018 18:20:08
# 27.4042,  5.510497,  0.893,  0.1169,  0.3165,  34.6509,  21 Jul 2018 18:24:08
# 27.4091,  5.510781,  0.898,  0.1218,  0.2882,  34.6493,  21 Jul 2018 18:28:08
# 27.3799,  5.507958,  0.931,  0.1119,  0.2631,  34.6509,  21 Jul 2018 18:32:08
# 27.3889,  5.508876,  0.891,  0.1193,  0.2908,  34.6508,  21 Jul 2018 18:36:08
# 27.3827,  5.508694,  0.878,  0.1202,  0.2909,  34.6541,  21 Jul 2018 18:40:08
# 27.3545,  5.506504,  0.888,  0.1117,  0.2741,  34.6595,  21 Jul 2018 18:44:08
# 27.3425,  5.504757,  0.826,  0.1155,  0.2850,  34.6561,  21 Jul 2018 18:48:08
# 27.3413,  5.503824,  0.869,  0.1180,  0.2718,  34.6503,  21 Jul 2018 18:52:08
# 27.3302,  5.502971,  0.879,  0.1168,  0.3095,  34.6525,  21 Jul 2018 18:56:08
# 27.3129,  5.500821,  0.920,  0.1106,  0.2789,  34.6501,  21 Jul 2018 19:00:08
# 27.3080,  5.501185,  0.857,  0.1131,  0.2763,  34.6563,  21 Jul 2018 19:04:08
# 27.3391,  5.504457,  0.897,  0.1155,  0.2754,  34.6564,  21 Jul 2018 19:08:08
# 27.3287,  5.503184,  0.907,  0.1167,  0.3095,  34.6552,  21 Jul 2018 19:12:08
# 27.3279,  5.503769,  0.912,  0.1168,  0.2753,  34.6598,  21 Jul 2018 19:16:08
# 27.3255,  5.503809,  0.873,  0.1141,  0.2848,  34.6619,  21 Jul 2018 19:20:08
# 27.3201,  5.502457,  0.928,  0.1217,  0.3397,  34.6563,  21 Jul 2018 19:24:08
# 27.2789,  5.498396,  0.913,  0.1218,  0.2596,  34.6581,  21 Jul 2018 19:28:08
# 27.2657,  5.497471,  0.908,  0.1141,  0.2763,  34.6614,  21 Jul 2018 19:32:08
# 27.2522,  5.496484,  0.928,  0.1169,  0.3918,  34.6645,  21 Jul 2018 19:36:08
# 27.2346,  5.494336,  0.879,  0.1141,  0.3192,  34.6622,  21 Jul 2018 19:40:08
# 27.2299,  5.493254,  0.938,  0.1182,  0.3098,  34.6581,  21 Jul 2018 19:44:08
# 27.2261,  5.492369,  0.918,  0.1179,  0.3506,  34.6546,  21 Jul 2018 19:48:08
# 27.2006,  5.490814,  0.911,  0.1168,  0.2846,  34.6625,  21 Jul 2018 19:52:08
# 27.1818,  5.489487,  0.902,  0.1122,  0.3487,  34.6671,  21 Jul 2018 19:56:08
# 27.1853,  5.489085,  0.884,  0.1141,  0.2908,  34.6616,  21 Jul 2018 20:00:08
# 27.1763,  5.489093,  0.844,  0.1133,  0.2956,  34.6684,  21 Jul 2018 20:04:08
# 27.1785,  5.488729,  0.908,  0.1181,  0.3060,  34.6642,  21 Jul 2018 20:08:08
# 27.1548,  5.486677,  0.898,  0.1157,  0.2622,  34.6672,  21 Jul 2018 20:12:08
# 27.1623,  5.486677,  0.923,  0.1131,  0.3594,  34.6616,  21 Jul 2018 20:16:08
# 27.1507,  5.485027,  0.906,  0.1229,  0.2824,  34.6585,  21 Jul 2018 20:20:08
# 27.1375,  5.484009,  0.906,  0.1107,  0.2728,  34.6611,  21 Jul 2018 20:24:08
# 27.1307,  5.483189,  0.908,  0.1132,  0.2489,  34.6604,  21 Jul 2018 20:28:08
# 27.1196,  5.482155,  0.907,  0.1120,  0.2776,  34.6613,  21 Jul 2018 20:32:08
# 27.1089,  5.480593,  0.913,  0.1131,  0.2738,  34.6581,  21 Jul 2018 20:36:08
# 27.0952,  5.479220,  0.922,  0.1142,  0.2990,  34.6585,  21 Jul 2018 20:40:08
# 27.1064,  5.479725,  0.924,  0.1093,  0.2729,  34.6538,  21 Jul 2018 20:44:08
# 27.0838,  5.477974,  0.897,  0.1083,  0.3333,  34.6582,  21 Jul 2018 20:48:08
# 27.0864,  5.477114,  0.891,  0.1117,  0.2621,  34.6501,  21 Jul 2018 20:52:08
# 27.0715,  5.475860,  0.901,  0.1118,  0.2703,  34.6523,  21 Jul 2018 20:56:08
# 27.0663,  5.475671,  0.903,  0.1104,  0.2503,  34.6548,  21 Jul 2018 21:00:08
# 27.0516,  5.474307,  0.931,  0.1092,  0.2799,  34.6560,  21 Jul 2018 21:04:08
# 27.0568,  5.472793,  0.912,  0.1134,  0.2683,  34.6413,  21 Jul 2018 21:08:08
# 27.0316,  5.471508,  0.927,  0.1069,  0.3117,  34.6510,  21 Jul 2018 21:12:08
# 27.0383,  5.469489,  0.927,  0.1155,  0.3027,  34.6316,  21 Jul 2018 21:16:08
# 27.0227,  5.469158,  0.937,  0.1081,  0.2718,  34.6409,  21 Jul 2018 21:20:08
# 27.0182,  5.468481,  0.950,  0.1094,  0.2437,  34.6394,  21 Jul 2018 21:24:08
# 27.0234,  5.468181,  0.953,  0.1083,  0.2574,  34.6334,  21 Jul 2018 21:28:08
# 27.0235,  5.467069,  0.931,  0.1109,  0.2427,  34.6254,  21 Jul 2018 21:32:08
# 27.0084,  5.466423,  0.913,  0.1081,  0.2670,  34.6320,  21 Jul 2018 21:36:08
# 26.9998,  5.465588,  0.952,  0.1081,  0.2391,  34.6325,  21 Jul 2018 21:40:08
# 26.9852,  5.464517,  0.949,  0.1084,  0.2548,  34.6357,  21 Jul 2018 21:44:08
# 26.9929,  5.464020,  0.963,  0.1094,  0.2524,  34.6264,  21 Jul 2018 21:48:08
# 26.9908,  5.463626,  0.985,  0.1068,  0.2510,  34.6252,  21 Jul 2018 21:52:08
# 26.9861,  5.463193,  0.979,  0.1056,  0.2560,  34.6256,  21 Jul 2018 21:56:08
# 26.9758,  5.462862,  0.923,  0.1083,  0.2933,  34.6309,  21 Jul 2018 22:00:08
# 26.9792,  5.462043,  0.997,  0.1106,  0.2993,  34.6226,  21 Jul 2018 22:04:08
# 26.9652,  5.461539,  1.005,  0.1069,  0.3130,  34.6294,  21 Jul 2018 22:08:08
# 26.9615,  5.459656,  0.986,  0.1095,  0.2586,  34.6187,  21 Jul 2018 22:12:08
# 26.9648,  5.460538,  1.004,  0.1118,  0.2416,  34.6225,  21 Jul 2018 22:16:08
# 26.9703,  5.461042,  1.006,  0.1094,  0.2646,  34.6221,  21 Jul 2018 22:20:08
# 26.9682,  5.460451,  0.995,  0.1107,  0.2536,  34.6194,  21 Jul 2018 22:24:08
# 26.9571,  5.458364,  0.979,  0.1093,  0.3082,  34.6128,  21 Jul 2018 22:28:08
# 26.9454,  5.458041,  1.008,  0.1105,  0.2367,  34.6191,  21 Jul 2018 22:32:08
# 26.9451,  5.457025,  1.001,  0.1057,  0.2538,  34.6122,  21 Jul 2018 22:36:08
# 26.9370,  5.456931,  0.969,  0.1081,  0.2776,  34.6175,  21 Jul 2018 22:40:08
# 26.9339,  5.455978,  1.000,  0.1083,  0.2514,  34.6130,  21 Jul 2018 22:44:08
# 26.9506,  5.455159,  0.998,  0.1133,  0.2585,  34.5948,  21 Jul 2018 22:48:08
# 26.9501,  5.454182,  1.027,  0.1106,  0.2474,  34.5881,  21 Jul 2018 22:52:08
# 26.9374,  5.453277,  1.006,  0.1119,  0.2428,  34.5911,  21 Jul 2018 22:56:08
# 26.9389,  5.453820,  1.028,  0.1093,  0.2394,  34.5939,  21 Jul 2018 23:00:08
# 26.9387,  5.456632,  1.039,  0.1059,  0.4295,  34.6141,  21 Jul 2018 23:04:08
# 26.9371,  5.455222,  0.995,  0.1093,  0.3497,  34.6052,  21 Jul 2018 23:08:08
# 26.9149,  5.453963,  1.004,  0.1090,  0.2763,  34.6128,  21 Jul 2018 23:12:08
# 26.9172,  5.453128,  1.036,  0.1069,  0.2369,  34.6051,  21 Jul 2018 23:16:08
# 26.9236,  5.451679,  1.006,  0.1080,  0.2587,  34.5900,  21 Jul 2018 23:20:08
# 26.9217,  5.453018,  1.039,  0.1093,  0.2522,  34.6010,  21 Jul 2018 23:24:08
# 26.9090,  5.453199,  1.018,  0.1057,  0.2599,  34.6117,  21 Jul 2018 23:28:08
# 26.9156,  5.451427,  0.986,  0.1119,  0.2776,  34.5942,  21 Jul 2018 23:32:08
# 26.9100,  5.453608,  0.994,  0.1070,  0.2512,  34.6139,  21 Jul 2018 23:36:08
# 26.9050,  5.453042,  1.040,  0.1082,  0.3240,  34.6136,  21 Jul 2018 23:40:08
# 26.9178,  5.451136,  1.033,  0.1119,  0.2573,  34.5904,  21 Jul 2018 23:44:08
# 26.9228,  5.452608,  0.978,  0.1144,  0.2583,  34.5973,  21 Jul 2018 23:48:08
# 26.9128,  5.453167,  1.016,  0.1131,  0.2931,  34.6087,  21 Jul 2018 23:52:08
# 26.9081,  5.453490,  1.047,  0.1057,  0.2439,  34.6145,  21 Jul 2018 23:56:08
# 26.9119,  5.454364,  1.047,  0.1134,  0.2319,  34.6179,  22 Jul 2018 00:00:08
# 26.9011,  5.452372,  1.048,  0.1021,  0.2660,  34.6117,  22 Jul 2018 00:04:08
# 26.9025,  5.451522,  1.047,  0.1084,  0.2655,  34.6046,  22 Jul 2018 00:08:08
# 26.9067,  5.450664,  1.045,  0.1120,  0.2406,  34.5954,  22 Jul 2018 00:12:08
# 26.8913,  5.450664,  1.046,  0.1043,  0.2463,  34.6069,  22 Jul 2018 00:16:08
# 26.9167,  5.449475,  1.048,  0.1192,  0.2586,  34.5794,  22 Jul 2018 00:20:08
# 26.8972,  5.449641,  0.997,  0.1130,  0.2486,  34.5951,  22 Jul 2018 00:24:08
# 26.8981,  5.449484,  1.008,  0.1157,  0.2428,  34.5933,  22 Jul 2018 00:28:08
# 26.8951,  5.448752,  1.032,  0.1131,  0.3041,  34.5904,  22 Jul 2018 00:32:08
# 26.9115,  5.448389,  0.982,  0.1156,  0.2525,  34.5755,  22 Jul 2018 00:36:08
# 26.8886,  5.448476,  0.969,  0.1118,  0.2502,  34.5933,  22 Jul 2018 00:40:08
# 26.9159,  5.446131,  0.991,  0.1118,  0.2585,  34.5561,  22 Jul 2018 00:44:08
# 26.8999,  5.446572,  0.961,  0.1120,  0.2742,  34.5712,  22 Jul 2018 00:48:08
# 26.8757,  5.447107,  1.013,  0.1142,  0.2573,  34.5931,  22 Jul 2018 00:52:08
# 26.8793,  5.446171,  0.972,  0.1131,  0.2799,  34.5837,  22 Jul 2018 00:56:08
# 26.8958,  5.445981,  1.023,  0.1170,  0.2558,  34.5700,  22 Jul 2018 01:00:08
# 26.8678,  5.444833,  1.021,  0.1046,  0.2739,  34.5827,  22 Jul 2018 01:04:08
# 26.8513,  5.445833,  1.007,  0.1033,  0.2991,  34.6022,  22 Jul 2018 01:08:08
# 26.8629,  5.444786,  0.993,  0.1131,  0.2478,  34.5860,  22 Jul 2018 01:12:08
# 26.8486,  5.444259,  0.964,  0.1095,  0.2464,  34.5930,  22 Jul 2018 01:16:08
# 26.8248,  5.445188,  0.951,  0.1067,  0.2669,  34.6173,  22 Jul 2018 01:20:08
# 26.8535,  5.444865,  1.004,  0.1144,  0.2452,  34.5936,  22 Jul 2018 01:24:08
# 26.8390,  5.444417,  0.967,  0.1117,  0.2756,  34.6012,  22 Jul 2018 01:28:08
# 26.8453,  5.443976,  0.927,  0.1169,  0.2451,  34.5934,  22 Jul 2018 01:32:08
# 26.8194,  5.443103,  0.945,  0.1128,  0.2775,  34.6065,  22 Jul 2018 01:36:08
# 26.8178,  5.442899,  0.927,  0.1108,  0.2119,  34.6062,  22 Jul 2018 01:40:08
# 26.8300,  5.442977,  0.902,  0.1093,  0.2562,  34.5977,  22 Jul 2018 01:44:08
# 26.8442,  5.441844,  0.974,  0.1106,  0.2310,  34.5790,  22 Jul 2018 01:48:08
# 26.8508,  5.442001,  0.896,  0.1205,  0.2342,  34.5752,  22 Jul 2018 01:52:08
# 26.8405,  5.441907,  0.931,  0.1145,  0.2288,  34.5821,  22 Jul 2018 01:56:08
# 26.8339,  5.441058,  0.979,  0.1106,  0.2583,  34.5810,  22 Jul 2018 02:00:08
# 26.8187,  5.440610,  0.963,  0.1091,  0.2753,  34.5892,  22 Jul 2018 02:04:08
# 26.7887,  5.440767,  0.933,  0.1057,  0.2406,  34.6127,  22 Jul 2018 02:08:08
# 26.7877,  5.440185,  0.957,  0.1068,  0.2634,  34.6092,  22 Jul 2018 02:12:08
# 26.7933,  5.439297,  0.856,  0.1069,  0.2536,  34.5988,  22 Jul 2018 02:16:08
# 26.7718,  5.438888,  0.924,  0.1082,  0.2682,  34.6119,  22 Jul 2018 02:20:08
# 26.7532,  5.437363,  0.844,  0.1069,  0.2849,  34.6149,  22 Jul 2018 02:24:08
# 26.7419,  5.435940,  0.857,  0.1083,  0.2621,  34.6131,  22 Jul 2018 02:28:08
# 26.6755,  5.433221,  0.861,  0.1032,  0.2705,  34.6433,  22 Jul 2018 02:32:08
# 26.7903,  5.435412,  0.870,  0.1267,  0.2432,  34.5731,  22 Jul 2018 02:36:08
# 26.7913,  5.436190,  0.885,  0.1244,  0.2536,  34.5780,  22 Jul 2018 02:40:08
# 26.7657,  5.435515,  0.870,  0.1131,  0.3618,  34.5923,  22 Jul 2018 02:44:08
# 26.7552,  5.435208,  0.860,  0.1108,  0.2564,  34.5979,  22 Jul 2018 02:48:08
# 26.7524,  5.435625,  0.868,  0.1067,  0.2741,  34.6030,  22 Jul 2018 02:52:08
# 26.7347,  5.434878,  0.841,  0.1106,  0.2300,  34.6109,  22 Jul 2018 02:56:08
# 26.7168,  5.433196,  0.865,  0.1131,  0.2512,  34.6122,  22 Jul 2018 03:00:08
# 26.7206,  5.431884,  0.834,  0.1169,  0.2632,  34.6000,  22 Jul 2018 03:04:08
# 26.7151,  5.431695,  0.840,  0.1085,  0.3005,  34.6027,  22 Jul 2018 03:08:08
# 26.7171,  5.431302,  0.816,  0.1168,  0.2777,  34.5984,  22 Jul 2018 03:12:08
# 26.7024,  5.430524,  0.816,  0.1107,  0.2933,  34.6038,  22 Jul 2018 03:16:08
# 26.6884,  5.429141,  0.847,  0.1096,  0.2704,  34.6044,  22 Jul 2018 03:20:08
# 26.7186,  5.431121,  0.798,  0.1145,  0.3267,  34.5960,  22 Jul 2018 03:24:08
# 26.6914,  5.428969,  0.795,  0.1131,  0.2718,  34.6009,  22 Jul 2018 03:28:08
# 26.6910,  5.427656,  0.837,  0.1131,  0.2274,  34.5918,  22 Jul 2018 03:32:08
# 26.6597,  5.426934,  0.805,  0.1096,  0.2491,  34.6101,  22 Jul 2018 03:36:08
# 26.6564,  5.426298,  0.813,  0.1119,  0.2427,  34.6080,  22 Jul 2018 03:40:08
# 26.6844,  5.425881,  0.871,  0.1145,  0.2887,  34.5839,  22 Jul 2018 03:44:08
# 26.6814,  5.425197,  0.827,  0.1195,  0.2815,  34.5813,  22 Jul 2018 03:48:08
# 26.6722,  5.425661,  0.783,  0.1144,  0.2720,  34.5915,  22 Jul 2018 03:52:08
# 26.6381,  5.425701,  0.800,  0.1106,  0.2968,  34.6174,  22 Jul 2018 03:56:08
# 26.6849,  5.425967,  0.753,  0.1145,  0.3005,  34.5843,  22 Jul 2018 04:00:08
# 26.6429,  5.424625,  0.768,  0.1131,  0.3558,  34.6061,  22 Jul 2018 04:04:08
# 26.6553,  5.425606,  0.812,  0.1106,  0.2669,  34.6038,  22 Jul 2018 04:08:08
# 26.6416,  5.423855,  0.805,  0.1022,  0.2635,  34.6015,  22 Jul 2018 04:12:08
# 26.6543,  5.425441,  0.801,  0.1044,  0.2787,  34.6034,  22 Jul 2018 04:16:08
# 26.7157,  5.426485,  0.804,  0.1144,  0.2765,  34.5649,  22 Jul 2018 04:20:08
# 26.6802,  5.426242,  0.799,  0.1121,  0.4553,  34.5897,  22 Jul 2018 04:24:08
# 26.6639,  5.425559,  0.782,  0.1142,  0.3567,  34.5970,  22 Jul 2018 04:28:08
# 26.6478,  5.423109,  0.759,  0.1044,  0.3028,  34.5915,  22 Jul 2018 04:32:08
# 26.6550,  5.425198,  0.738,  0.1109,  0.4017,  34.6011,  22 Jul 2018 04:36:08
# 26.6318,  5.422960,  0.795,  0.1033,  0.3006,  34.6024,  22 Jul 2018 04:40:08
# 26.6166,  5.421845,  0.746,  0.1021,  0.2968,  34.6058,  22 Jul 2018 04:44:08
# 26.6369,  5.422583,  0.802,  0.1107,  0.3253,  34.5959,  22 Jul 2018 04:48:08
# 26.6100,  5.421593,  0.757,  0.1058,  0.2683,  34.6089,  22 Jul 2018 04:52:08
# 26.6003,  5.420667,  0.728,  0.1070,  0.2550,  34.6095,  22 Jul 2018 04:56:08
# 26.6083,  5.420596,  0.786,  0.1046,  0.3622,  34.6031,  22 Jul 2018 05:00:08
# 26.6107,  5.420635,  0.782,  0.1073,  0.2657,  34.6015,  22 Jul 2018 05:04:08
# 26.6017,  5.419795,  0.727,  0.1044,  0.3510,  34.6022,  22 Jul 2018 05:08:08
# 26.5794,  5.417770,  0.759,  0.1045,  0.2728,  34.6043,  22 Jul 2018 05:12:08
# 26.5793,  5.417212,  0.741,  0.1035,  0.2584,  34.6004,  22 Jul 2018 05:16:08
# 26.5742,  5.416608,  0.731,  0.1022,  0.2849,  34.5999,  22 Jul 2018 05:20:08
# 26.5669,  5.416475,  0.730,  0.1030,  0.2693,  34.6044,  22 Jul 2018 05:24:08
# 26.5731,  5.414913,  0.715,  0.1060,  0.2523,  34.5886,  22 Jul 2018 05:28:08
# 26.5964,  5.413813,  0.741,  0.1143,  0.2452,  34.5632,  22 Jul 2018 05:32:08
# 26.5858,  5.414496,  0.754,  0.1070,  0.2585,  34.5761,  22 Jul 2018 05:36:08
# 26.5797,  5.414779,  0.804,  0.1044,  0.2560,  34.5827,  22 Jul 2018 05:40:08
# 26.5805,  5.414167,  0.711,  0.1060,  0.2417,  34.5777,  22 Jul 2018 05:44:08
# 26.5773,  5.414567,  0.693,  0.1058,  0.3118,  34.5829,  22 Jul 2018 05:48:08
# 26.5733,  5.414732,  0.716,  0.1043,  0.3281,  34.5871,  22 Jul 2018 05:52:08
# 26.5568,  5.414261,  0.748,  0.0999,  0.2918,  34.5961,  22 Jul 2018 05:56:08
# 26.5594,  5.414410,  0.756,  0.1044,  0.2920,  34.5952,  22 Jul 2018 06:00:08
# 26.5710,  5.413100,  0.786,  0.1056,  0.2905,  34.5771,  22 Jul 2018 06:04:08
# 26.5258,  5.414144,  0.769,  0.1045,  0.4102,  34.6184,  22 Jul 2018 06:08:08
# 26.5292,  5.413532,  0.765,  0.0999,  0.3472,  34.6115,  22 Jul 2018 06:12:08
# 26.5285,  5.412920,  0.786,  0.1011,  0.3252,  34.6076,  22 Jul 2018 06:16:08
# 26.5753,  5.414614,  0.729,  0.1094,  0.3957,  34.5847,  22 Jul 2018 06:20:08
# 26.5633,  5.413877,  0.710,  0.1095,  0.3037,  34.5885,  22 Jul 2018 06:24:08
# 26.5449,  5.412912,  0.749,  0.1047,  0.3303,  34.5953,  22 Jul 2018 06:28:08
# 26.5446,  5.413744,  0.745,  0.1072,  0.2549,  34.6015,  22 Jul 2018 06:32:08
# 26.5422,  5.414222,  0.696,  0.1031,  0.2477,  34.6068,  22 Jul 2018 06:36:08
# 26.5180,  5.413611,  0.702,  0.1044,  0.2502,  34.6205,  22 Jul 2018 06:40:08
# 26.5615,  5.414057,  0.737,  0.1071,  0.2850,  34.5911,  22 Jul 2018 06:44:08
# 26.5586,  5.414026,  0.792,  0.1056,  0.2813,  34.5930,  22 Jul 2018 06:48:08
# 26.5553,  5.413908,  0.711,  0.1092,  0.4079,  34.5947,  22 Jul 2018 06:52:08
# 26.5463,  5.413147,  0.675,  0.1059,  0.2682,  34.5960,  22 Jul 2018 06:56:08
# 26.5329,  5.413485,  0.788,  0.1035,  0.2967,  34.6084,  22 Jul 2018 07:00:08
# 26.5371,  5.412927,  0.708,  0.1022,  0.2612,  34.6013,  22 Jul 2018 07:04:08
# 26.5337,  5.414199,  0.728,  0.1044,  0.2572,  34.6130,  22 Jul 2018 07:08:08
# 26.5306,  5.413344,  0.728,  0.1070,  0.4199,  34.6091,  22 Jul 2018 07:12:08
# 26.5295,  5.413171,  0.743,  0.1035,  0.3243,  34.6087,  22 Jul 2018 07:16:08
# 26.5110,  5.412300,  0.754,  0.0996,  0.2635,  34.6163,  22 Jul 2018 07:20:08
# 26.5212,  5.412645,  0.741,  0.1006,  0.2921,  34.6112,  22 Jul 2018 07:24:08
# 26.5228,  5.413634,  0.758,  0.0982,  0.2585,  34.6171,  22 Jul 2018 07:28:08
# 26.5226,  5.413352,  0.794,  0.0984,  0.2190,  34.6152,  22 Jul 2018 07:32:08
# 26.5358,  5.414356,  0.746,  0.1019,  0.2512,  34.6125,  22 Jul 2018 07:36:08
# 26.5412,  5.414740,  0.730,  0.0995,  0.2787,  34.6113,  22 Jul 2018 07:40:08
# 26.5446,  5.414568,  0.790,  0.1007,  0.2694,  34.6075,  22 Jul 2018 07:44:08
# 26.5639,  5.415894,  0.822,  0.1020,  0.2776,  34.6025,  22 Jul 2018 07:48:08
# 26.5626,  5.415619,  0.741,  0.1020,  0.2787,  34.6015,  22 Jul 2018 07:52:08
# 26.5726,  5.417103,  0.786,  0.1060,  0.2775,  34.6046,  22 Jul 2018 07:56:08
# 26.5654,  5.417244,  0.719,  0.0981,  0.3083,  34.6111,  22 Jul 2018 08:00:08
# 26.5846,  5.417699,  0.768,  0.1010,  0.3422,  34.6000,  22 Jul 2018 08:04:08
# 26.5771,  5.418006,  0.840,  0.0973,  0.2906,  34.6078,  22 Jul 2018 08:08:08
# 26.6031,  5.419897,  0.846,  0.0971,  0.3251,  34.6019,  22 Jul 2018 08:12:08
# 26.5691,  5.419529,  0.785,  0.0935,  0.2621,  34.6247,  22 Jul 2018 08:16:08
# 26.5767,  5.420055,  0.805,  0.0935,  0.2751,  34.6228,  22 Jul 2018 08:20:08
# 26.6345,  5.422355,  0.770,  0.0922,  0.2345,  34.5960,  22 Jul 2018 08:24:08
# 26.6193,  5.422614,  0.830,  0.0934,  0.2585,  34.6093,  22 Jul 2018 08:28:08
# 26.6301,  5.422810,  0.853,  0.0982,  0.2991,  34.6026,  22 Jul 2018 08:32:08
# 26.6410,  5.424452,  0.845,  0.0945,  0.2477,  34.6062,  22 Jul 2018 08:36:08
# 26.6521,  5.424860,  0.824,  0.0945,  0.2837,  34.6008,  22 Jul 2018 08:40:08
# 26.6762,  5.427554,  0.795,  0.0909,  0.2645,  34.6021,  22 Jul 2018 08:44:08
# 26.6861,  5.428969,  0.858,  0.0935,  0.2812,  34.6049,  22 Jul 2018 08:48:08
# 26.6884,  5.429338,  0.899,  0.0922,  0.2728,  34.6057,  22 Jul 2018 08:52:08
# 26.6961,  5.428811,  0.903,  0.0958,  0.3063,  34.5963,  22 Jul 2018 08:56:08
# 26.6993,  5.430650,  0.899,  0.0871,  0.2599,  34.6071,  22 Jul 2018 09:00:08
# 26.7107,  5.431860,  0.884,  0.0935,  0.2538,  34.6072,  22 Jul 2018 09:04:08
# 26.7307,  5.433566,  0.894,  0.0897,  0.2546,  34.6045,  22 Jul 2018 09:08:08
# 26.7442,  5.434886,  0.901,  0.0894,  0.2512,  34.6038,  22 Jul 2018 09:12:08
# 26.7626,  5.436828,  0.933,  0.0908,  0.3156,  34.6040,  22 Jul 2018 09:16:08
# 26.7618,  5.437575,  0.849,  0.0922,  0.2477,  34.6100,  22 Jul 2018 09:20:08
# 26.7686,  5.437999,  0.884,  0.0920,  0.2442,  34.6079,  22 Jul 2018 09:24:08
# 26.7808,  5.439320,  0.968,  0.0935,  0.2898,  34.6082,  22 Jul 2018 09:28:08
# 26.7958,  5.441735,  0.954,  0.0894,  0.2389,  34.6143,  22 Jul 2018 09:32:08
# 26.7987,  5.442230,  0.934,  0.0922,  0.2718,  34.6157,  22 Jul 2018 09:36:08
# 26.8416,  5.446108,  0.986,  0.0860,  0.2512,  34.6114,  22 Jul 2018 09:40:08
# 26.8324,  5.444865,  0.981,  0.0872,  0.2524,  34.6094,  22 Jul 2018 09:44:08
# 26.8285,  5.445408,  1.001,  0.0871,  0.2743,  34.6162,  22 Jul 2018 09:48:08
# 26.8013,  5.443339,  0.999,  0.0933,  0.2669,  34.6217,  22 Jul 2018 09:52:08
# 26.8506,  5.447674,  1.008,  0.0873,  0.3083,  34.6159,  22 Jul 2018 09:56:08
# 26.8418,  5.447045,  0.981,  0.0871,  0.2278,  34.6179,  22 Jul 2018 10:00:08
# 26.8356,  5.446313,  1.015,  0.0872,  0.2702,  34.6173,  22 Jul 2018 10:04:08
# 26.8477,  5.447108,  1.014,  0.0871,  0.2167,  34.6139,  22 Jul 2018 10:08:08
# 26.8107,  5.444252,  1.025,  0.0884,  0.2586,  34.6211,  22 Jul 2018 10:12:08
# 26.8637,  5.449673,  1.020,  0.0859,  0.2227,  34.6204,  22 Jul 2018 10:16:08
# 26.8871,  5.451672,  1.039,  0.0895,  0.2200,  34.6171,  22 Jul 2018 10:20:08
# 26.9169,  5.453262,  1.045,  0.0884,  0.2228,  34.6063,  22 Jul 2018 10:24:08
# 26.8914,  5.452829,  1.045,  0.0857,  0.2380,  34.6222,  22 Jul 2018 10:28:08
# 26.8961,  5.453317,  1.045,  0.0871,  0.2227,  34.6222,  22 Jul 2018 10:32:08
# 26.9356,  5.454261,  1.035,  0.0919,  0.2477,  34.5995,  22 Jul 2018 10:36:08
# 26.9649,  5.456970,  1.050,  0.0934,  0.3018,  34.5970,  22 Jul 2018 10:40:08
# 26.9460,  5.457167,  1.057,  0.0887,  0.2657,  34.6124,  22 Jul 2018 10:44:08
# 26.9591,  5.459624,  1.070,  0.0909,  0.4005,  34.6203,  22 Jul 2018 10:48:08
# 26.9862,  5.461609,  1.073,  0.0896,  0.2416,  34.6142,  22 Jul 2018 10:52:08
# 26.9861,  5.461105,  1.080,  0.0872,  0.2523,  34.6107,  22 Jul 2018 10:56:08
# 26.9616,  5.457671,  1.085,  0.0908,  0.2391,  34.6044,  22 Jul 2018 11:00:08
# 26.9653,  5.457986,  1.097,  0.0883,  0.2416,  34.6039,  22 Jul 2018 11:04:08
# 26.9935,  5.462310,  1.082,  0.0871,  0.2598,  34.6137,  22 Jul 2018 11:08:08
# 27.0414,  5.467156,  1.096,  0.0886,  0.2396,  34.6127,  22 Jul 2018 11:12:08
# 27.0560,  5.470451,  1.102,  0.0887,  0.2753,  34.6252,  22 Jul 2018 11:16:08
# 27.0623,  5.470522,  1.114,  0.0897,  0.2238,  34.6210,  22 Jul 2018 11:20:08
# 27.0512,  5.469245,  1.118,  0.0896,  0.2427,  34.6202,  22 Jul 2018 11:24:08
# 27.0639,  5.469229,  1.123,  0.0906,  0.2319,  34.6107,  22 Jul 2018 11:28:08
# 27.0701,  5.469063,  1.123,  0.0907,  0.2835,  34.6049,  22 Jul 2018 11:32:08
# 27.0846,  5.471467,  1.111,  0.0887,  0.2404,  34.6112,  22 Jul 2018 11:36:08
# 27.1007,  5.473336,  1.137,  0.0935,  0.2321,  34.6125,  22 Jul 2018 11:40:08
# 27.0971,  5.473099,  1.142,  0.0886,  0.2426,  34.6135,  22 Jul 2018 11:44:08
# 27.1197,  5.475465,  1.147,  0.0906,  0.2275,  34.6135,  22 Jul 2018 11:48:08
# 27.1504,  5.478778,  1.156,  0.0898,  0.2249,  34.6143,  22 Jul 2018 11:52:08
# 27.1392,  5.478872,  1.149,  0.0885,  0.2466,  34.6233,  22 Jul 2018 11:56:08
# 27.1390,  5.478833,  1.164,  0.0870,  0.2389,  34.6231,  22 Jul 2018 12:00:08
# 27.1720,  5.481113,  1.154,  0.0907,  0.2499,  34.6148,  22 Jul 2018 12:04:08
# 27.1782,  5.482067,  1.164,  0.0896,  0.2390,  34.6169,  22 Jul 2018 12:08:08
# 27.1918,  5.483732,  1.175,  0.0921,  0.2599,  34.6187,  22 Jul 2018 12:12:08
# 27.1938,  5.483638,  1.159,  0.0906,  0.2266,  34.6165,  22 Jul 2018 12:16:08
# 27.1681,  5.481634,  1.172,  0.0921,  0.2450,  34.6214,  22 Jul 2018 12:20:08
# 27.1639,  5.481247,  1.183,  0.0921,  0.2321,  34.6218,  22 Jul 2018 12:24:08
# 27.1689,  5.482399,  1.185,  0.0859,  0.2345,  34.6262,  22 Jul 2018 12:28:08
# 27.1522,  5.481050,  1.183,  0.0897,  0.2610,  34.6291,  22 Jul 2018 12:32:08
# 27.2034,  5.484679,  1.183,  0.0921,  0.2298,  34.6168,  22 Jul 2018 12:36:08
# 27.2207,  5.486502,  1.190,  0.0919,  0.2264,  34.6169,  22 Jul 2018 12:40:08
# 27.2436,  5.489068,  1.206,  0.0885,  0.2227,  34.6181,  22 Jul 2018 12:44:08
# 27.2565,  5.490181,  1.203,  0.0908,  0.2264,  34.6164,  22 Jul 2018 12:48:08
# 27.2283,  5.488358,  1.196,  0.0871,  0.2895,  34.6244,  22 Jul 2018 12:52:08
# 27.2496,  5.490402,  1.199,  0.0858,  0.2451,  34.6231,  22 Jul 2018 12:56:08
# 27.2319,  5.488823,  1.199,  0.0944,  0.2545,  34.6251,  22 Jul 2018 13:00:08
# 27.2585,  5.490213,  1.208,  0.0906,  0.2203,  34.6151,  22 Jul 2018 13:04:08
# 27.2848,  5.492889,  1.194,  0.0872,  0.2119,  34.6146,  22 Jul 2018 13:08:08
# 27.2896,  5.494279,  1.213,  0.0921,  0.2055,  34.6209,  22 Jul 2018 13:12:08
# 27.3046,  5.495662,  1.216,  0.0909,  0.2007,  34.6196,  22 Jul 2018 13:16:08
# 27.3435,  5.497557,  1.216,  0.0945,  0.2033,  34.6042,  22 Jul 2018 13:20:08
# 27.3480,  5.499019,  1.217,  0.0932,  0.2127,  34.6112,  22 Jul 2018 13:24:08
# 27.3785,  5.503602,  1.213,  0.0922,  0.2089,  34.6210,  22 Jul 2018 13:28:08
# 27.3634,  5.501895,  1.202,  0.0883,  0.2068,  34.6201,  22 Jul 2018 13:32:08
# 27.3773,  5.503871,  1.224,  0.0894,  0.2128,  34.6238,  22 Jul 2018 13:36:08
# 27.3832,  5.504472,  1.227,  0.0871,  0.1972,  34.6237,  22 Jul 2018 13:40:08
# 27.3832,  5.504274,  1.222,  0.0896,  0.1968,  34.6223,  22 Jul 2018 13:44:08
# 27.3756,  5.503594,  1.222,  0.0907,  0.1872,  34.6231,  22 Jul 2018 13:48:08
# 27.4041,  5.506108,  1.213,  0.0859,  0.1872,  34.6198,  22 Jul 2018 13:52:08
# 27.4118,  5.506638,  1.220,  0.0921,  0.1921,  34.6179,  22 Jul 2018 13:56:08
