# 25.7585,  5.304301,  0.984,  0.0986,  0.3573,  34.3995,  15 Apr 2018 14:02:05
# 25.7568,  5.303360,  0.982,  0.0983,  0.3571,  34.3939,  15 Apr 2018 14:06:05
# 25.7616,  5.302396,  0.987,  0.0957,  0.3207,  34.3833,  15 Apr 2018 14:10:05
# 25.7632,  5.302870,  0.995,  0.0896,  0.3501,  34.3855,  15 Apr 2018 14:14:05
# 25.7462,  5.303080,  0.986,  0.0946,  0.3435,  34.3998,  15 Apr 2018 14:18:05
# 25.7907,  5.308728,  1.008,  0.0900,  0.3364,  34.4075,  15 Apr 2018 14:22:05
# 25.8230,  5.309334,  1.011,  0.0925,  0.3744,  34.3876,  15 Apr 2018 14:26:05
# 25.8779,  5.311318,  1.008,  0.0932,  0.3328,  34.3608,  15 Apr 2018 14:30:05
# 25.8779,  5.321776,  1.020,  0.0885,  0.3207,  34.4369,  15 Apr 2018 14:34:05
# 25.8234,  5.317431,  1.023,  0.0959,  0.3425,  34.4463,  15 Apr 2018 14:38:05
# 25.8638,  5.318318,  1.031,  0.0911,  0.3121,  34.4223,  15 Apr 2018 14:42:05
# 25.8861,  5.318193,  1.032,  0.0911,  0.2992,  34.4046,  15 Apr 2018 14:46:05
# 25.8572,  5.313537,  1.033,  0.0973,  0.3005,  34.3925,  15 Apr 2018 14:50:05
# 25.8485,  5.311311,  1.021,  0.0996,  0.3400,  34.3828,  15 Apr 2018 14:54:05
# 25.8304,  5.310634,  1.036,  0.0948,  0.3084,  34.3915,  15 Apr 2018 14:58:05
# 25.8254,  5.305778,  1.026,  0.1023,  0.3925,  34.3599,  15 Apr 2018 15:02:05
# 25.8449,  5.306891,  1.039,  0.0999,  0.3097,  34.3534,  15 Apr 2018 15:06:05
# 25.8545,  5.309124,  1.036,  0.0998,  0.3681,  34.3624,  15 Apr 2018 15:10:05
# 25.9052,  5.317087,  1.047,  0.1060,  0.3624,  34.3822,  15 Apr 2018 15:14:05
# 25.8979,  5.321503,  1.046,  0.0983,  0.3449,  34.4198,  15 Apr 2018 15:18:05
# 25.9110,  5.323038,  1.053,  0.0946,  0.3342,  34.4211,  15 Apr 2018 15:22:05
# 25.9013,  5.319236,  1.057,  0.0996,  0.3258,  34.4008,  15 Apr 2018 15:26:05
# 25.8795,  5.320919,  1.055,  0.0946,  0.3257,  34.4294,  15 Apr 2018 15:30:05
# 25.8551,  5.323000,  1.060,  0.0922,  0.3132,  34.4630,  15 Apr 2018 15:34:05
# 25.8756,  5.322158,  1.063,  0.0933,  0.3020,  34.4414,  15 Apr 2018 15:38:05
# 25.8564,  5.318178,  1.074,  0.0983,  0.3622,  34.4268,  15 Apr 2018 15:42:05
# 25.8554,  5.318069,  1.075,  0.0948,  0.3389,  34.4268,  15 Apr 2018 15:46:05
# 25.8643,  5.318925,  1.067,  0.0963,  0.3179,  34.4264,  15 Apr 2018 15:50:05
# 25.9623,  5.325359,  1.079,  0.0996,  0.3329,  34.3994,  15 Apr 2018 15:54:05
# 25.9681,  5.327182,  1.079,  0.0970,  0.3155,  34.4084,  15 Apr 2018 15:58:05
# 25.9835,  5.326348,  1.064,  0.1045,  0.3948,  34.3907,  15 Apr 2018 16:02:05
# 25.9793,  5.323800,  1.064,  0.1058,  0.3487,  34.3754,  15 Apr 2018 16:06:05
# 25.9763,  5.323769,  1.065,  0.1062,  0.3486,  34.3774,  15 Apr 2018 16:10:05
# 25.9850,  5.325467,  1.075,  0.1010,  0.3145,  34.3832,  15 Apr 2018 16:14:05
# 26.0533,  5.318992,  1.077,  0.1044,  0.2875,  34.2850,  15 Apr 2018 16:18:05
# 25.9971,  5.322319,  1.069,  0.0996,  0.3007,  34.3513,  15 Apr 2018 16:22:05
# 25.9895,  5.322779,  1.075,  0.0983,  0.2908,  34.3603,  15 Apr 2018 16:26:05
# 25.9616,  5.322390,  1.068,  0.1036,  0.3008,  34.3784,  15 Apr 2018 16:30:05
# 25.9652,  5.321518,  1.074,  0.0970,  0.2873,  34.3694,  15 Apr 2018 16:34:05
# 25.9497,  5.317748,  1.074,  0.1036,  0.2851,  34.3536,  15 Apr 2018 16:38:05
# 25.9097,  5.319267,  1.069,  0.1109,  0.3317,  34.3947,  15 Apr 2018 16:42:05
# 25.8863,  5.319564,  1.078,  0.1046,  0.3243,  34.4144,  15 Apr 2018 16:46:05
# 25.8770,  5.318933,  1.062,  0.1058,  0.3133,  34.4169,  15 Apr 2018 16:50:05
# 25.9010,  5.318520,  1.062,  0.1073,  0.3017,  34.3958,  15 Apr 2018 16:54:05
# 25.9032,  5.317936,  1.049,  0.1061,  0.2908,  34.3899,  15 Apr 2018 16:58:05
# 25.9093,  5.318302,  1.063,  0.1072,  0.3107,  34.3880,  15 Apr 2018 17:02:05
# 25.9271,  5.314353,  1.053,  0.1092,  0.3085,  34.3459,  15 Apr 2018 17:06:05
# 25.9099,  5.313497,  1.054,  0.1083,  0.3170,  34.3526,  15 Apr 2018 17:10:05
# 25.9020,  5.312587,  1.047,  0.1133,  0.3645,  34.3519,  15 Apr 2018 17:14:05
# 25.9411,  5.308834,  1.053,  0.1145,  0.3020,  34.2953,  15 Apr 2018 17:18:05
# 25.9041,  5.310641,  1.055,  0.1122,  0.2994,  34.3362,  15 Apr 2018 17:22:05
# 25.8731,  5.313918,  1.054,  0.1146,  0.3107,  34.3833,  15 Apr 2018 17:26:05
# 25.8447,  5.314106,  1.045,  0.1122,  0.3804,  34.4060,  15 Apr 2018 17:30:05
# 25.8423,  5.312058,  1.041,  0.1095,  0.3147,  34.3929,  15 Apr 2018 17:34:05
# 25.8360,  5.310050,  1.030,  0.1083,  0.3065,  34.3830,  15 Apr 2018 17:38:05
# 25.8520,  5.307482,  1.029,  0.1157,  0.3179,  34.3523,  15 Apr 2018 17:42:05
# 25.8576,  5.306315,  1.036,  0.1145,  0.3219,  34.3396,  15 Apr 2018 17:46:05
# 25.9092,  5.308282,  1.003,  0.1147,  0.3351,  34.3152,  15 Apr 2018 17:50:05
# 25.8937,  5.308283,  1.023,  0.1133,  0.3254,  34.3269,  15 Apr 2018 17:54:05
# 25.8682,  5.310423,  1.005,  0.1160,  0.3983,  34.3616,  15 Apr 2018 17:58:05
# 25.8233,  5.312121,  1.012,  0.1157,  0.3945,  34.4077,  15 Apr 2018 18:02:05
# 25.8057,  5.312261,  1.017,  0.1193,  0.3510,  34.4220,  15 Apr 2018 18:06:05
# 25.8101,  5.312253,  1.018,  0.1196,  0.3255,  34.4186,  15 Apr 2018 18:10:05
# 25.8169,  5.309630,  1.010,  0.1209,  0.2848,  34.3943,  15 Apr 2018 18:14:05
# 25.8211,  5.309918,  1.012,  0.1122,  0.2791,  34.3933,  15 Apr 2018 18:18:05
# 25.8025,  5.309459,  1.001,  0.1061,  0.3365,  34.4040,  15 Apr 2018 18:22:05
# 25.8054,  5.305857,  0.989,  0.1148,  0.2923,  34.3755,  15 Apr 2018 18:26:05
# 25.8490,  5.300566,  0.991,  0.1255,  0.3088,  34.3042,  15 Apr 2018 18:30:05
# 25.8634,  5.304634,  0.992,  0.1196,  0.2899,  34.3231,  15 Apr 2018 18:34:05
# 25.8608,  5.305630,  0.968,  0.1095,  0.2731,  34.3323,  15 Apr 2018 18:38:05
# 25.8347,  5.306408,  0.970,  0.1109,  0.3536,  34.3575,  15 Apr 2018 18:42:05
# 25.8165,  5.300551,  0.964,  0.1155,  0.3290,  34.3286,  15 Apr 2018 18:46:05
# 25.8091,  5.297558,  0.953,  0.1111,  0.3008,  34.3123,  15 Apr 2018 18:50:05
# 25.7923,  5.299105,  0.953,  0.1083,  0.2979,  34.3362,  15 Apr 2018 18:54:05
# 25.7753,  5.301019,  0.964,  0.1120,  0.3133,  34.3630,  15 Apr 2018 18:58:05
# 25.7651,  5.299370,  0.940,  0.1083,  0.3072,  34.3586,  15 Apr 2018 19:02:05
# 25.7173,  5.299931,  0.955,  0.1109,  0.3173,  34.3987,  15 Apr 2018 19:06:05
# 25.6744,  5.299193,  0.922,  0.1170,  0.3207,  34.4257,  15 Apr 2018 19:10:05
# 25.6807,  5.294816,  0.921,  0.1095,  0.3317,  34.3889,  15 Apr 2018 19:14:05
# 25.7171,  5.285025,  0.900,  0.1246,  0.4092,  34.2900,  15 Apr 2018 19:18:05
# 25.7151,  5.283588,  0.909,  0.1268,  0.3610,  34.2811,  15 Apr 2018 19:22:05
# 25.6976,  5.287107,  0.915,  0.1146,  0.3217,  34.3199,  15 Apr 2018 19:26:05
# 25.6768,  5.287946,  0.929,  0.1063,  0.3401,  34.3416,  15 Apr 2018 19:30:05
# 25.6688,  5.287278,  0.886,  0.1112,  0.3391,  34.3428,  15 Apr 2018 19:34:05
# 25.6562,  5.286735,  0.887,  0.1109,  0.3622,  34.3484,  15 Apr 2018 19:38:05
# 25.6313,  5.288165,  0.900,  0.1096,  0.3439,  34.3776,  15 Apr 2018 19:42:05
# 25.6084,  5.287971,  0.917,  0.1071,  0.3911,  34.3934,  15 Apr 2018 19:46:05
# 25.5976,  5.285493,  0.865,  0.1073,  0.3706,  34.3835,  15 Apr 2018 19:50:05
# 25.6049,  5.285749,  0.857,  0.1170,  0.4484,  34.3798,  15 Apr 2018 19:54:05
# 25.5946,  5.285874,  0.878,  0.1206,  0.3780,  34.3885,  15 Apr 2018 19:58:05
# 25.5822,  5.281230,  0.861,  0.1131,  0.4498,  34.3639,  15 Apr 2018 20:02:05
# 25.5822,  5.284305,  0.860,  0.1131,  0.3896,  34.3864,  15 Apr 2018 20:06:05
# 25.5781,  5.286177,  0.833,  0.1134,  0.4105,  34.4032,  15 Apr 2018 20:10:05
# 25.5709,  5.285765,  0.823,  0.1122,  0.3754,  34.4057,  15 Apr 2018 20:14:05
# 25.5735,  5.286464,  0.820,  0.1121,  0.3499,  34.4088,  15 Apr 2018 20:18:05
# 25.5640,  5.285229,  0.853,  0.1047,  0.3635,  34.4069,  15 Apr 2018 20:22:05
# 25.5601,  5.280586,  0.814,  0.1147,  0.3960,  34.3759,  15 Apr 2018 20:26:05
# 25.5712,  5.285610,  0.827,  0.1131,  0.3257,  34.4043,  15 Apr 2018 20:30:05
# 25.5614,  5.286138,  0.795,  0.1111,  0.3258,  34.4156,  15 Apr 2018 20:34:05
# 25.5405,  5.281580,  0.810,  0.1096,  0.3524,  34.3980,  15 Apr 2018 20:38:05
# 25.5491,  5.283102,  0.785,  0.1094,  0.3354,  34.4026,  15 Apr 2018 20:42:05
# 25.5292,  5.281223,  0.803,  0.1109,  0.3473,  34.4039,  15 Apr 2018 20:46:05
# 25.5286,  5.279957,  0.785,  0.1084,  0.3429,  34.3951,  15 Apr 2018 20:50:05
# 25.5126,  5.279243,  0.809,  0.1195,  0.4118,  34.4019,  15 Apr 2018 20:54:05
# 25.5008,  5.277194,  0.765,  0.1135,  0.3848,  34.3959,  15 Apr 2018 20:58:05
# 25.5011,  5.273966,  0.794,  0.1109,  0.3426,  34.3719,  15 Apr 2018 21:02:05
# 25.4949,  5.273935,  0.750,  0.1109,  0.4117,  34.3764,  15 Apr 2018 21:06:05
# 25.4947,  5.273136,  0.782,  0.1122,  0.4059,  34.3707,  15 Apr 2018 21:10:05
# 25.4840,  5.268116,  0.791,  0.1122,  0.3510,  34.3420,  15 Apr 2018 21:14:05
# 25.4760,  5.266317,  0.803,  0.1148,  0.3220,  34.3349,  15 Apr 2018 21:18:05
# 25.4836,  5.267713,  0.783,  0.1159,  0.3483,  34.3393,  15 Apr 2018 21:22:05
# 25.4626,  5.270421,  0.774,  0.1060,  0.3267,  34.3751,  15 Apr 2018 21:26:05
# 25.4607,  5.271895,  0.785,  0.1048,  0.3085,  34.3873,  15 Apr 2018 21:30:05
# 25.4535,  5.265092,  0.739,  0.1121,  0.3087,  34.3429,  15 Apr 2018 21:34:05
# 25.4502,  5.266830,  0.746,  0.1049,  0.3203,  34.3581,  15 Apr 2018 21:38:05
# 25.4333,  5.266473,  0.769,  0.1061,  0.4041,  34.3682,  15 Apr 2018 21:42:05
# 25.4224,  5.265884,  0.740,  0.1144,  0.3268,  34.3722,  15 Apr 2018 21:46:05
# 25.4134,  5.263752,  0.711,  0.1099,  0.3401,  34.3633,  15 Apr 2018 21:50:05
# 25.4047,  5.260798,  0.742,  0.1096,  0.3754,  34.3483,  15 Apr 2018 21:54:05
# 25.4030,  5.258442,  0.740,  0.1110,  0.3467,  34.3323,  15 Apr 2018 21:58:05
# 25.3984,  5.262829,  0.747,  0.1170,  0.3827,  34.3679,  15 Apr 2018 22:02:05
# 25.3979,  5.263450,  0.717,  0.1121,  0.3719,  34.3728,  15 Apr 2018 22:06:05
# 25.3983,  5.262449,  0.727,  0.1096,  0.3936,  34.3652,  15 Apr 2018 22:10:05
# 25.3987,  5.263527,  0.742,  0.1121,  0.3499,  34.3728,  15 Apr 2018 22:14:05
# 25.3975,  5.262000,  0.716,  0.1107,  0.3427,  34.3625,  15 Apr 2018 22:18:05
# 25.3904,  5.260907,  0.738,  0.1096,  0.3279,  34.3599,  15 Apr 2018 22:22:05
# 25.3834,  5.258969,  0.720,  0.1083,  0.3560,  34.3509,  15 Apr 2018 22:26:05
# 25.3765,  5.260504,  0.721,  0.1072,  0.3770,  34.3674,  15 Apr 2018 22:30:05
# 25.3633,  5.259636,  0.728,  0.1071,  0.3705,  34.3710,  15 Apr 2018 22:34:05
# 25.3374,  5.258745,  0.705,  0.1097,  0.4006,  34.3841,  15 Apr 2018 22:38:05
# 25.2985,  5.253229,  0.746,  0.1109,  0.5431,  34.3730,  15 Apr 2018 22:42:05
# 25.3053,  5.253601,  0.723,  0.1047,  0.4888,  34.3706,  15 Apr 2018 22:46:05
# 25.3038,  5.251912,  0.717,  0.1095,  0.4592,  34.3593,  15 Apr 2018 22:50:05
# 25.2977,  5.251494,  0.738,  0.1045,  0.4595,  34.3608,  15 Apr 2018 22:54:05
# 25.2740,  5.248234,  0.729,  0.1048,  0.4975,  34.3548,  15 Apr 2018 22:58:05
# 25.2650,  5.247189,  0.741,  0.1072,  0.4694,  34.3539,  15 Apr 2018 23:02:05
# 25.2576,  5.247684,  0.735,  0.1034,  0.3849,  34.3632,  15 Apr 2018 23:06:05
# 25.2491,  5.245207,  0.730,  0.1045,  0.4276,  34.3513,  15 Apr 2018 23:10:05
# 25.2322,  5.243396,  0.712,  0.1048,  0.4865,  34.3509,  15 Apr 2018 23:14:05
# 25.1967,  5.238343,  0.753,  0.1037,  0.4180,  34.3405,  15 Apr 2018 23:18:05
# 25.1973,  5.239720,  0.758,  0.1073,  0.4867,  34.3502,  15 Apr 2018 23:22:05
# 25.1924,  5.233392,  0.723,  0.1022,  0.4457,  34.3073,  15 Apr 2018 23:26:05
# 25.1865,  5.232905,  0.737,  0.0998,  0.3934,  34.3082,  15 Apr 2018 23:30:05
# 25.1806,  5.235651,  0.728,  0.1021,  0.3898,  34.3329,  15 Apr 2018 23:34:05
# 25.1769,  5.238305,  0.753,  0.0986,  0.3524,  34.3552,  15 Apr 2018 23:38:05
# 25.1795,  5.238196,  0.732,  0.1084,  0.3378,  34.3525,  15 Apr 2018 23:42:05
# 25.1681,  5.235706,  0.765,  0.1061,  0.3794,  34.3427,  15 Apr 2018 23:46:05
# 25.1632,  5.234754,  0.743,  0.1025,  0.3292,  34.3394,  15 Apr 2018 23:50:05
# 25.1553,  5.235311,  0.762,  0.0999,  0.3686,  34.3495,  15 Apr 2018 23:54:05
# 25.1474,  5.232457,  0.736,  0.1034,  0.2935,  34.3345,  15 Apr 2018 23:58:05
# 25.1494,  5.233331,  0.774,  0.1011,  0.4153,  34.3394,  16 Apr 2018 00:02:05
# 25.1434,  5.231630,  0.784,  0.0973,  0.3244,  34.3314,  16 Apr 2018 00:06:05
# 25.1385,  5.230957,  0.777,  0.0998,  0.3207,  34.3302,  16 Apr 2018 00:10:05
# 25.1346,  5.231375,  0.790,  0.1025,  0.3195,  34.3362,  16 Apr 2018 00:14:05
# 25.1263,  5.230401,  0.760,  0.1012,  0.3378,  34.3354,  16 Apr 2018 00:18:05
# 25.1107,  5.231205,  0.785,  0.0985,  0.3042,  34.3531,  16 Apr 2018 00:22:05
# 25.0965,  5.231546,  0.790,  0.1023,  0.3522,  34.3664,  16 Apr 2018 00:26:05
# 25.1109,  5.232218,  0.803,  0.1024,  0.3413,  34.3604,  16 Apr 2018 00:30:05
# 25.1097,  5.230973,  0.799,  0.0996,  0.3156,  34.3521,  16 Apr 2018 00:34:05
# 25.0918,  5.228561,  0.799,  0.0960,  0.3326,  34.3479,  16 Apr 2018 00:38:05
# 25.0961,  5.228144,  0.808,  0.0951,  0.3351,  34.3415,  16 Apr 2018 00:42:05
# 25.1021,  5.228886,  0.817,  0.0948,  0.3181,  34.3425,  16 Apr 2018 00:46:05
# 25.0972,  5.229381,  0.808,  0.0999,  0.6250,  34.3498,  16 Apr 2018 00:50:05
# 25.0856,  5.228755,  0.835,  0.0998,  0.3758,  34.3541,  16 Apr 2018 00:54:05
# 25.0799,  5.227874,  0.823,  0.0996,  0.3305,  34.3519,  16 Apr 2018 00:58:05
# 25.0890,  5.227417,  0.826,  0.1011,  0.4116,  34.3416,  16 Apr 2018 01:02:05
# 25.0815,  5.228113,  0.828,  0.0986,  0.2961,  34.3524,  16 Apr 2018 01:06:05
# 25.0765,  5.230062,  0.822,  0.0973,  0.3512,  34.3706,  16 Apr 2018 01:10:05
# 25.0708,  5.229868,  0.836,  0.0960,  0.3539,  34.3735,  16 Apr 2018 01:14:05
# 25.0641,  5.229358,  0.828,  0.0975,  0.3487,  34.3748,  16 Apr 2018 01:18:05
# 25.0786,  5.221204,  0.846,  0.1022,  0.3066,  34.3036,  16 Apr 2018 01:22:05
# 25.0768,  5.221521,  0.841,  0.1011,  0.3513,  34.3073,  16 Apr 2018 01:26:05
# 25.0684,  5.221575,  0.854,  0.0998,  0.3007,  34.3141,  16 Apr 2018 01:30:05
# 25.0719,  5.222610,  0.887,  0.0935,  0.3018,  34.3190,  16 Apr 2018 01:34:05
# 25.0629,  5.222672,  0.834,  0.0960,  0.3243,  34.3263,  16 Apr 2018 01:38:05
# 25.0654,  5.222804,  0.891,  0.0986,  0.3043,  34.3254,  16 Apr 2018 01:42:05
# 25.0659,  5.221784,  0.873,  0.0972,  0.3075,  34.3175,  16 Apr 2018 01:46:05
# 25.0631,  5.223546,  0.877,  0.0995,  0.3195,  34.3326,  16 Apr 2018 01:50:05
# 25.0556,  5.222804,  0.890,  0.0971,  0.3052,  34.3328,  16 Apr 2018 01:54:05
# 25.0473,  5.222070,  0.880,  0.0961,  0.3267,  34.3337,  16 Apr 2018 01:58:05
# 25.0405,  5.221931,  0.876,  0.0985,  0.3551,  34.3379,  16 Apr 2018 02:02:05
# 25.0574,  5.222248,  0.903,  0.1026,  0.3732,  34.3274,  16 Apr 2018 02:06:05
# 25.0586,  5.220625,  0.893,  0.0973,  0.3172,  34.3145,  16 Apr 2018 02:10:05
# 25.0591,  5.220486,  0.910,  0.0986,  0.2981,  34.3130,  16 Apr 2018 02:14:05
# 25.0367,  5.220115,  0.899,  0.0974,  0.3044,  34.3273,  16 Apr 2018 02:18:05
# 25.0484,  5.222062,  0.908,  0.0971,  0.3006,  34.3328,  16 Apr 2018 02:22:05
# 25.0591,  5.222657,  0.918,  0.0971,  0.2960,  34.3291,  16 Apr 2018 02:26:05
# 25.0584,  5.223484,  0.926,  0.0975,  0.2993,  34.3358,  16 Apr 2018 02:30:05
# 25.0628,  5.224318,  0.915,  0.1010,  0.3330,  34.3385,  16 Apr 2018 02:34:05
# 25.0704,  5.222518,  0.932,  0.1048,  0.3147,  34.3195,  16 Apr 2018 02:38:05
# 25.0582,  5.222842,  0.927,  0.0974,  0.3171,  34.3312,  16 Apr 2018 02:42:05
# 25.0510,  5.223074,  0.930,  0.0986,  0.2923,  34.3383,  16 Apr 2018 02:46:05
# 25.0360,  5.224048,  0.933,  0.0987,  0.3779,  34.3569,  16 Apr 2018 02:50:05
# 25.0222,  5.224798,  0.941,  0.0987,  0.3439,  34.3729,  16 Apr 2018 02:54:05
# 25.0025,  5.225479,  0.938,  0.0973,  0.3487,  34.3930,  16 Apr 2018 02:58:05
# 25.0007,  5.224907,  0.940,  0.0961,  0.3472,  34.3901,  16 Apr 2018 03:02:05
# 25.0341,  5.220301,  0.955,  0.1011,  0.3451,  34.3307,  16 Apr 2018 03:06:05
# 25.0312,  5.221498,  0.944,  0.0972,  0.3326,  34.3417,  16 Apr 2018 03:10:05
# 25.0247,  5.221669,  0.942,  0.0985,  0.3828,  34.3479,  16 Apr 2018 03:14:05
# 25.0177,  5.220618,  0.963,  0.0932,  0.3365,  34.3455,  16 Apr 2018 03:18:05
# 25.0271,  5.223585,  0.959,  0.0988,  0.3149,  34.3603,  16 Apr 2018 03:22:05
# 25.0401,  5.223646,  0.962,  0.1022,  0.3342,  34.3508,  16 Apr 2018 03:26:05
# 25.0387,  5.222912,  0.968,  0.0986,  0.3256,  34.3464,  16 Apr 2018 03:30:05
# 25.0422,  5.221421,  0.981,  0.0986,  0.3027,  34.3328,  16 Apr 2018 03:34:05
# 25.0372,  5.220486,  0.964,  0.0999,  0.3362,  34.3297,  16 Apr 2018 03:38:05
# 25.0539,  5.219768,  0.946,  0.1047,  0.3194,  34.3117,  16 Apr 2018 03:42:05
# 25.0337,  5.223716,  0.963,  0.0972,  0.3414,  34.3562,  16 Apr 2018 03:46:05
# 25.0231,  5.224110,  0.976,  0.0974,  0.3277,  34.3672,  16 Apr 2018 03:50:05
# 25.0142,  5.222248,  0.980,  0.0960,  0.3365,  34.3601,  16 Apr 2018 03:54:05
# 25.0208,  5.221197,  0.971,  0.0960,  0.2934,  34.3474,  16 Apr 2018 03:58:05
# 25.0150,  5.219366,  0.982,  0.0999,  0.3291,  34.3382,  16 Apr 2018 04:02:05
# 25.0368,  5.220842,  0.982,  0.0986,  0.3159,  34.3326,  16 Apr 2018 04:06:05
# 25.0306,  5.222333,  0.976,  0.1024,  0.3053,  34.3483,  16 Apr 2018 04:10:05
# 25.0337,  5.222827,  0.970,  0.1011,  0.3521,  34.3496,  16 Apr 2018 04:14:05
# 25.0431,  5.221722,  0.989,  0.1013,  0.3535,  34.3343,  16 Apr 2018 04:18:05
# 25.0326,  5.219776,  0.981,  0.0997,  0.3537,  34.3279,  16 Apr 2018 04:22:05
# 25.0424,  5.219891,  0.974,  0.1023,  0.2948,  34.3213,  16 Apr 2018 04:26:05
# 25.0636,  5.219358,  0.960,  0.1050,  0.3148,  34.3013,  16 Apr 2018 04:30:05
# 25.0681,  5.221166,  0.969,  0.1035,  0.3072,  34.3112,  16 Apr 2018 04:34:05
# 25.0720,  5.222209,  0.991,  0.1022,  0.2768,  34.3159,  16 Apr 2018 04:38:05
# 25.0640,  5.221792,  0.978,  0.1035,  0.3005,  34.3189,  16 Apr 2018 04:42:05
# 25.0578,  5.220795,  0.992,  0.0985,  0.2888,  34.3163,  16 Apr 2018 04:46:05
# 25.0520,  5.218864,  0.983,  0.1023,  0.3632,  34.3064,  16 Apr 2018 04:50:05
# 25.0283,  5.218138,  0.977,  0.1025,  0.3124,  34.3191,  16 Apr 2018 04:54:05
# 25.0071,  5.219575,  0.986,  0.0996,  0.3030,  34.3458,  16 Apr 2018 04:58:05
# 24.9968,  5.219722,  0.954,  0.0986,  0.3632,  34.3547,  16 Apr 2018 05:02:05
# 24.9953,  5.220163,  0.974,  0.1013,  0.3066,  34.3591,  16 Apr 2018 05:06:05
# 25.0066,  5.220216,  0.957,  0.0997,  0.2969,  34.3509,  16 Apr 2018 05:10:05
# 25.0111,  5.220147,  0.957,  0.0987,  0.3342,  34.3470,  16 Apr 2018 05:14:05
# 25.0071,  5.218447,  0.960,  0.1011,  0.3304,  34.3374,  16 Apr 2018 05:18:05
# 24.9772,  5.216532,  0.956,  0.1023,  0.3378,  34.3460,  16 Apr 2018 05:22:05
# 24.9650,  5.217019,  0.978,  0.0997,  0.3426,  34.3589,  16 Apr 2018 05:26:05
# 25.0152,  5.214748,  0.956,  0.1026,  0.2897,  34.3039,  16 Apr 2018 05:30:05
# 24.9994,  5.215489,  0.960,  0.1061,  0.3645,  34.3214,  16 Apr 2018 05:34:05
# 24.9760,  5.216339,  0.941,  0.0997,  0.3149,  34.3455,  16 Apr 2018 05:38:05
# 24.9747,  5.216780,  0.947,  0.0999,  0.3123,  34.3498,  16 Apr 2018 05:42:05
# 24.9820,  5.217073,  0.964,  0.1024,  0.2969,  34.3464,  16 Apr 2018 05:46:05
# 25.0184,  5.215319,  0.950,  0.1058,  0.3378,  34.3057,  16 Apr 2018 05:50:05
# 25.0107,  5.215381,  0.952,  0.1072,  0.3584,  34.3121,  16 Apr 2018 05:54:05
# 24.9885,  5.215173,  0.945,  0.1033,  0.3005,  34.3273,  16 Apr 2018 05:58:05
# 24.9619,  5.214656,  0.944,  0.1035,  0.3426,  34.3438,  16 Apr 2018 06:02:05
# 24.9762,  5.213397,  0.934,  0.1088,  0.3832,  34.3235,  16 Apr 2018 06:06:05
# 24.9880,  5.213683,  0.933,  0.1022,  0.3085,  34.3167,  16 Apr 2018 06:10:05
# 24.9782,  5.214633,  0.943,  0.1048,  0.3172,  34.3312,  16 Apr 2018 06:14:05
# 25.0117,  5.214871,  0.914,  0.1060,  0.2972,  34.3075,  16 Apr 2018 06:18:05
# 24.9675,  5.214864,  0.918,  0.1012,  0.3232,  34.3411,  16 Apr 2018 06:22:05
# 24.9545,  5.214077,  0.925,  0.0988,  0.3123,  34.3451,  16 Apr 2018 06:26:05
# 24.9582,  5.213382,  0.903,  0.1010,  0.2792,  34.3371,  16 Apr 2018 06:30:05
# 24.9714,  5.214177,  0.929,  0.1024,  0.3524,  34.3330,  16 Apr 2018 06:34:05
# 24.9629,  5.213853,  0.914,  0.1009,  0.3067,  34.3371,  16 Apr 2018 06:38:05
# 24.9511,  5.213297,  0.917,  0.0999,  0.2912,  34.3419,  16 Apr 2018 06:42:05
# 24.9563,  5.212610,  0.914,  0.0999,  0.2934,  34.3329,  16 Apr 2018 06:46:05
# 24.9780,  5.214494,  0.876,  0.1047,  0.2850,  34.3303,  16 Apr 2018 06:50:05
# 24.9724,  5.214386,  0.895,  0.0999,  0.3041,  34.3338,  16 Apr 2018 06:54:05
# 24.9761,  5.214324,  0.881,  0.1024,  0.2805,  34.3305,  16 Apr 2018 06:58:05
# 24.9759,  5.214378,  0.873,  0.1048,  0.2657,  34.3311,  16 Apr 2018 07:02:05
# 24.9592,  5.212757,  0.880,  0.1025,  0.3017,  34.3318,  16 Apr 2018 07:06:05
# 24.9494,  5.212903,  0.878,  0.1036,  0.2770,  34.3403,  16 Apr 2018 07:10:05
# 24.9412,  5.212880,  0.847,  0.0997,  0.3258,  34.3464,  16 Apr 2018 07:14:05
# 24.9182,  5.211530,  0.833,  0.1011,  0.3233,  34.3539,  16 Apr 2018 07:18:05
# 24.9359,  5.212556,  0.847,  0.1036,  0.3610,  34.3480,  16 Apr 2018 07:22:05
# 24.9455,  5.212772,  0.862,  0.0996,  0.3181,  34.3423,  16 Apr 2018 07:26:05
# 24.9520,  5.214007,  0.818,  0.1012,  0.3172,  34.3465,  16 Apr 2018 07:30:05
# 24.9646,  5.214633,  0.844,  0.1022,  0.3330,  34.3415,  16 Apr 2018 07:34:05
# 24.9620,  5.215691,  0.810,  0.1026,  0.3536,  34.3514,  16 Apr 2018 07:38:05
# 24.9620,  5.215359,  0.836,  0.0987,  0.2668,  34.3489,  16 Apr 2018 07:42:05
# 24.9720,  5.216193,  0.815,  0.0973,  0.3053,  34.3475,  16 Apr 2018 07:46:05
# 24.9717,  5.216254,  0.807,  0.0962,  0.2828,  34.3482,  16 Apr 2018 07:50:05
# 24.9644,  5.216015,  0.811,  0.0972,  0.3172,  34.3520,  16 Apr 2018 07:54:05
# 24.9682,  5.216424,  0.759,  0.0949,  0.3219,  34.3521,  16 Apr 2018 07:58:05
# 24.9828,  5.217127,  0.791,  0.1059,  0.5389,  34.3462,  16 Apr 2018 08:02:05
# 24.9909,  5.217204,  0.759,  0.0998,  0.4009,  34.3407,  16 Apr 2018 08:06:05
# 24.9891,  5.217119,  0.758,  0.0996,  0.5119,  34.3414,  16 Apr 2018 08:10:05
# 25.0164,  5.217397,  0.765,  0.1012,  0.3279,  34.3226,  16 Apr 2018 08:14:05
# 25.0260,  5.217983,  0.781,  0.0961,  0.2602,  34.3197,  16 Apr 2018 08:18:05
# 25.0027,  5.218787,  0.783,  0.0987,  0.2908,  34.3434,  16 Apr 2018 08:22:05
# 25.0008,  5.218370,  0.754,  0.0974,  0.3729,  34.3417,  16 Apr 2018 08:26:05
# 25.0098,  5.219482,  0.759,  0.0950,  0.3436,  34.3431,  16 Apr 2018 08:30:05
# 25.0101,  5.219768,  0.746,  0.0961,  0.3746,  34.3450,  16 Apr 2018 08:34:05
# 24.9933,  5.218911,  0.750,  0.0950,  0.3548,  34.3514,  16 Apr 2018 08:38:05
# 24.9840,  5.218656,  0.749,  0.0973,  0.4545,  34.3566,  16 Apr 2018 08:42:05
# 24.9930,  5.218502,  0.720,  0.0925,  0.3523,  34.3487,  16 Apr 2018 08:46:05
# 24.9964,  5.218478,  0.741,  0.0959,  0.3849,  34.3459,  16 Apr 2018 08:50:05
# 24.9985,  5.218695,  0.748,  0.0936,  0.3426,  34.3459,  16 Apr 2018 08:54:05
# 25.0153,  5.219807,  0.710,  0.0936,  0.3243,  34.3413,  16 Apr 2018 08:58:05
# 25.0235,  5.220695,  0.724,  0.0923,  0.2969,  34.3417,  16 Apr 2018 09:02:05
# 25.0272,  5.221019,  0.734,  0.0884,  0.3194,  34.3413,  16 Apr 2018 09:06:05
# 25.0094,  5.220286,  0.728,  0.0951,  0.3984,  34.3494,  16 Apr 2018 09:10:05
# 25.0219,  5.221043,  0.728,  0.0921,  0.3039,  34.3455,  16 Apr 2018 09:14:05
# 25.0370,  5.221042,  0.696,  0.0912,  0.2897,  34.3340,  16 Apr 2018 09:18:05
# 25.0585,  5.223832,  0.708,  0.0912,  0.2840,  34.3383,  16 Apr 2018 09:26:05
# 25.0728,  5.224310,  0.710,  0.0912,  0.3098,  34.3310,  16 Apr 2018 09:30:05
# 25.0825,  5.225323,  0.694,  0.0885,  0.2862,  34.3311,  16 Apr 2018 09:34:05
# 25.0620,  5.224728,  0.686,  0.0886,  0.3172,  34.3422,  16 Apr 2018 09:38:05
# 25.0644,  5.225269,  0.697,  0.0897,  0.3095,  34.3445,  16 Apr 2018 09:42:05
# 25.0968,  5.226389,  0.690,  0.0886,  0.2887,  34.3281,  16 Apr 2018 09:46:05
# 25.1076,  5.227324,  0.694,  0.0897,  0.3053,  34.3268,  16 Apr 2018 09:50:05
# 25.1012,  5.226111,  0.684,  0.0911,  0.3192,  34.3227,  16 Apr 2018 09:54:05
# 25.1233,  5.225902,  0.699,  0.0932,  0.2790,  34.3044,  16 Apr 2018 09:58:05
# 25.1155,  5.226435,  0.679,  0.0910,  0.2956,  34.3143,  16 Apr 2018 10:02:05
# 25.1278,  5.227069,  0.701,  0.0900,  0.2862,  34.3096,  16 Apr 2018 10:06:05
# 25.1385,  5.228475,  0.694,  0.0897,  0.3231,  34.3119,  16 Apr 2018 10:10:05
# 25.1550,  5.227370,  0.696,  0.0924,  0.2934,  34.2912,  16 Apr 2018 10:14:05
# 25.1648,  5.228359,  0.708,  0.0901,  0.3635,  34.2911,  16 Apr 2018 10:18:05
# 25.1860,  5.230794,  0.690,  0.0862,  0.3171,  34.2930,  16 Apr 2018 10:22:05
# 25.1784,  5.231885,  0.688,  0.0912,  0.3584,  34.3068,  16 Apr 2018 10:26:05
# 25.2126,  5.235217,  0.687,  0.0900,  0.4505,  34.3054,  16 Apr 2018 10:30:05
# 25.2183,  5.236169,  0.685,  0.0861,  0.2995,  34.3081,  16 Apr 2018 10:34:05
# 25.2603,  5.238853,  0.695,  0.0873,  0.3148,  34.2961,  16 Apr 2018 10:38:05
# 25.3023,  5.242164,  0.690,  0.0847,  0.2982,  34.2888,  16 Apr 2018 10:42:05
# 25.2628,  5.240586,  0.708,  0.0825,  0.3695,  34.3070,  16 Apr 2018 10:46:05
# 25.2546,  5.241190,  0.721,  0.0899,  0.4108,  34.3176,  16 Apr 2018 10:50:05
# 25.2804,  5.243558,  0.679,  0.0849,  0.4507,  34.3155,  16 Apr 2018 10:54:05
# 25.3352,  5.247102,  0.709,  0.0886,  0.3732,  34.3002,  16 Apr 2018 10:58:05
# 25.3294,  5.246197,  0.715,  0.0933,  0.4263,  34.2979,  16 Apr 2018 11:02:05
# 25.3488,  5.248496,  0.704,  0.0898,  0.4228,  34.3002,  16 Apr 2018 11:06:05
# 25.3383,  5.248682,  0.703,  0.0873,  0.4192,  34.3094,  16 Apr 2018 11:10:05
# 25.3678,  5.251183,  0.701,  0.0861,  0.4194,  34.3055,  16 Apr 2018 11:14:05
# 25.3935,  5.253553,  0.733,  0.0837,  0.4142,  34.3035,  16 Apr 2018 11:18:05
# 25.4065,  5.254653,  0.737,  0.0900,  0.4313,  34.3018,  16 Apr 2018 11:22:05
# 25.4132,  5.255722,  0.699,  0.0910,  0.3450,  34.3046,  16 Apr 2018 11:26:05
# 25.4685,  5.260603,  0.708,  0.0861,  0.4045,  34.2986,  16 Apr 2018 11:30:05
# 25.4640,  5.258875,  0.755,  0.0846,  0.3465,  34.2893,  16 Apr 2018 11:34:05
# 25.4990,  5.260804,  0.723,  0.0876,  0.3400,  34.2772,  16 Apr 2018 11:38:05
# 25.4501,  5.259511,  0.729,  0.0911,  0.5107,  34.3045,  16 Apr 2018 11:42:05
# 25.5196,  5.263199,  0.720,  0.0875,  0.4182,  34.2792,  16 Apr 2018 11:46:05
# 25.5232,  5.266743,  0.738,  0.0850,  0.3560,  34.3024,  16 Apr 2018 11:50:05
# 25.5693,  5.267332,  0.755,  0.0875,  0.3850,  34.2720,  16 Apr 2018 11:54:05
# 25.5644,  5.269550,  0.743,  0.0850,  0.3584,  34.2919,  16 Apr 2018 11:58:05
# 25.5862,  5.273600,  0.756,  0.0848,  0.3378,  34.3051,  16 Apr 2018 12:02:05
# 25.5680,  5.272257,  0.775,  0.0875,  0.4128,  34.3090,  16 Apr 2018 12:06:05
# 25.5399,  5.273406,  0.789,  0.0848,  0.3985,  34.3386,  16 Apr 2018 12:10:05
# 25.5648,  5.275757,  0.764,  0.0864,  0.3807,  34.3370,  16 Apr 2018 12:14:05
# 25.5544,  5.275113,  0.755,  0.0848,  0.4987,  34.3402,  16 Apr 2018 12:18:05
# 25.5732,  5.276339,  0.768,  0.0874,  0.6308,  34.3349,  16 Apr 2018 12:22:05
# 25.6363,  5.282285,  0.765,  0.0861,  0.4604,  34.3309,  16 Apr 2018 12:26:05
# 25.6300,  5.282689,  0.797,  0.0875,  0.3872,  34.3385,  16 Apr 2018 12:30:05
# 25.6294,  5.282533,  0.821,  0.0837,  0.3742,  34.3379,  16 Apr 2018 12:34:05
# 25.6028,  5.280639,  0.798,  0.0835,  0.3655,  34.3441,  16 Apr 2018 12:38:05
# 25.7066,  5.290642,  0.781,  0.0812,  0.3885,  34.3390,  16 Apr 2018 12:42:05
# 25.6969,  5.291388,  0.806,  0.0838,  0.3439,  34.3517,  16 Apr 2018 12:46:05
# 25.6850,  5.291691,  0.808,  0.0835,  0.3270,  34.3629,  16 Apr 2018 12:50:05
# 25.6734,  5.289368,  0.817,  0.0874,  0.3255,  34.3546,  16 Apr 2018 12:54:05
# 25.6994,  5.292484,  0.858,  0.0874,  0.3303,  34.3578,  16 Apr 2018 12:58:05
# 25.7049,  5.292880,  0.807,  0.0897,  0.3706,  34.3566,  16 Apr 2018 13:02:05
# 25.7170,  5.294139,  0.856,  0.0912,  0.3732,  34.3566,  16 Apr 2018 13:06:05
# 25.7091,  5.292950,  0.855,  0.0861,  0.3610,  34.3539,  16 Apr 2018 13:10:05
# 25.7468,  5.297178,  0.873,  0.0874,  0.3584,  34.3564,  16 Apr 2018 13:14:05
# 25.7592,  5.300101,  0.876,  0.0835,  0.3571,  34.3684,  16 Apr 2018 13:18:05
# 25.7747,  5.301983,  0.878,  0.0883,  0.3959,  34.3704,  16 Apr 2018 13:22:05
# 25.8011,  5.304464,  0.875,  0.0877,  0.3400,  34.3686,  16 Apr 2018 13:26:05
# 25.7956,  5.304596,  0.905,  0.0884,  0.3658,  34.3737,  16 Apr 2018 13:30:05
# 25.7682,  5.300801,  0.909,  0.0847,  0.3499,  34.3667,  16 Apr 2018 13:34:05
# 25.7667,  5.301283,  0.925,  0.0848,  0.3885,  34.3713,  16 Apr 2018 13:38:05
# 25.7776,  5.302769,  0.904,  0.0862,  0.4191,  34.3739,  16 Apr 2018 13:42:05
# 25.7792,  5.303344,  0.940,  0.0847,  0.3097,  34.3769,  16 Apr 2018 13:46:05
# 25.7925,  5.304060,  0.933,  0.0885,  0.3791,  34.3722,  16 Apr 2018 13:50:05
# 25.7902,  5.303741,  0.949,  0.0900,  0.3635,  34.3716,  16 Apr 2018 13:54:05
# 25.7560,  5.301307,  0.960,  0.0874,  0.3610,  34.3795,  16 Apr 2018 13:58:05
