# 27.1884,  5.476221,  1.024,  0.0922,  0.2033,  34.5679,  14 Jul 2018 14:00:08
# 27.2146,  5.479392,  1.010,  0.0934,  0.2238,  34.5709,  14 Jul 2018 14:04:08
# 27.1852,  5.478919,  1.034,  0.0943,  0.2031,  34.5894,  14 Jul 2018 14:08:08
# 27.2108,  5.480907,  1.028,  0.0920,  0.2227,  34.5845,  14 Jul 2018 14:12:08
# 27.2592,  5.484868,  1.047,  0.0909,  0.1872,  34.5767,  14 Jul 2018 14:16:08
# 27.2102,  5.479463,  1.054,  0.0883,  0.2310,  34.5747,  14 Jul 2018 14:20:08
# 27.2458,  5.482682,  1.064,  0.0922,  0.2044,  34.5712,  14 Jul 2018 14:24:08
# 27.2653,  5.487481,  1.075,  0.0907,  0.2054,  34.5907,  14 Jul 2018 14:28:08
# 27.2954,  5.488877,  1.088,  0.1006,  0.2355,  34.5784,  14 Jul 2018 14:32:08
# 27.2885,  5.489059,  1.093,  0.0932,  0.2274,  34.5847,  14 Jul 2018 14:36:08
# 27.2788,  5.488704,  1.107,  0.0943,  0.2128,  34.5894,  14 Jul 2018 14:40:08
# 27.2722,  5.487796,  1.111,  0.0959,  0.2006,  34.5879,  14 Jul 2018 14:44:08
# 27.2936,  5.488404,  1.102,  0.0980,  0.2536,  34.5763,  14 Jul 2018 14:48:08
# 27.3015,  5.489375,  1.127,  0.0908,  0.2201,  34.5773,  14 Jul 2018 14:52:08
# 27.2933,  5.489272,  1.123,  0.0971,  0.2164,  34.5827,  14 Jul 2018 14:56:08
# 27.3417,  5.493639,  1.146,  0.0944,  0.1981,  34.5778,  14 Jul 2018 15:00:08
# 27.3318,  5.492612,  1.148,  0.0919,  0.2191,  34.5778,  14 Jul 2018 15:04:08
# 27.3575,  5.494965,  1.155,  0.0970,  0.2107,  34.5754,  14 Jul 2018 15:08:08
# 27.3144,  5.492020,  1.162,  0.0996,  0.2119,  34.5865,  14 Jul 2018 15:12:08
# 27.2609,  5.486944,  1.169,  0.0920,  0.2093,  34.5902,  14 Jul 2018 15:16:08
# 27.2546,  5.486289,  1.170,  0.0970,  0.2252,  34.5902,  14 Jul 2018 15:20:08
# 27.2774,  5.488183,  1.185,  0.0934,  0.2216,  34.5868,  14 Jul 2018 15:24:08
# 27.2792,  5.488199,  1.191,  0.1022,  0.2216,  34.5855,  14 Jul 2018 15:28:08
# 27.3095,  5.491388,  1.200,  0.0942,  0.1982,  34.5856,  14 Jul 2018 15:32:08
# 27.3414,  5.494279,  1.200,  0.0945,  0.2194,  34.5825,  14 Jul 2018 15:36:08
# 27.3568,  5.496514,  1.206,  0.0967,  0.2044,  34.5869,  14 Jul 2018 15:40:08
# 27.3509,  5.495858,  1.210,  0.0933,  0.2181,  34.5866,  14 Jul 2018 15:44:08
# 27.3895,  5.497414,  1.221,  0.0921,  0.1859,  34.5691,  14 Jul 2018 15:48:08
# 27.4083,  5.498820,  1.225,  0.0943,  0.2019,  34.5651,  14 Jul 2018 15:52:08
# 27.4563,  5.500929,  1.228,  0.0980,  0.2120,  34.5445,  14 Jul 2018 15:56:08
# 27.4990,  5.501885,  1.238,  0.0993,  0.2193,  34.5198,  14 Jul 2018 16:00:08
# 27.5014,  5.501956,  1.245,  0.0969,  0.2103,  34.5185,  14 Jul 2018 16:04:08
# 27.4631,  5.499688,  1.249,  0.0994,  0.2129,  34.5308,  14 Jul 2018 16:08:08
# 27.4004,  5.496466,  1.257,  0.0957,  0.1920,  34.5543,  14 Jul 2018 16:12:08
# 27.4790,  5.500542,  1.260,  0.0984,  0.1801,  34.5250,  14 Jul 2018 16:16:08
# 27.4892,  5.501411,  1.263,  0.0970,  0.1836,  34.5236,  14 Jul 2018 16:20:08
# 27.4937,  5.502264,  1.268,  0.0946,  0.1897,  34.5264,  14 Jul 2018 16:24:08
# 27.5061,  5.502517,  1.274,  0.0943,  0.1870,  34.5190,  14 Jul 2018 16:28:08
# 27.4828,  5.500992,  1.278,  0.0957,  0.1969,  34.5254,  14 Jul 2018 16:32:08
# 27.4841,  5.499633,  1.280,  0.0983,  0.1921,  34.5148,  14 Jul 2018 16:36:08
# 27.4493,  5.497279,  1.276,  0.0957,  0.1775,  34.5239,  14 Jul 2018 16:40:08
# 27.5017,  5.501055,  1.288,  0.0972,  0.1822,  34.5119,  14 Jul 2018 16:44:08
# 27.4923,  5.499048,  1.288,  0.1070,  0.1871,  34.5046,  14 Jul 2018 16:48:08
# 27.5444,  5.499229,  1.292,  0.1094,  0.1813,  34.4675,  14 Jul 2018 16:52:08
# 27.5501,  5.500161,  1.297,  0.1118,  0.1957,  34.4699,  14 Jul 2018 16:56:08
# 27.5442,  5.499979,  1.299,  0.1084,  0.2353,  34.4730,  14 Jul 2018 17:00:08
# 27.4642,  5.494940,  1.298,  0.1093,  0.2016,  34.4964,  14 Jul 2018 17:04:08
# 27.4534,  5.495122,  1.305,  0.1044,  0.2006,  34.5056,  14 Jul 2018 17:08:08
# 27.4279,  5.493898,  1.310,  0.1055,  0.2127,  34.5158,  14 Jul 2018 17:12:08
# 27.4491,  5.495635,  1.311,  0.1021,  0.1908,  34.5124,  14 Jul 2018 17:16:08
# 27.4612,  5.495501,  1.312,  0.1008,  0.1933,  34.5026,  14 Jul 2018 17:20:08
# 27.4429,  5.493550,  1.310,  0.1044,  0.1836,  34.5022,  14 Jul 2018 17:24:08
# 27.4521,  5.494261,  1.317,  0.1019,  0.1956,  34.5005,  14 Jul 2018 17:28:08
# 27.4388,  5.493353,  1.317,  0.0996,  0.2019,  34.5039,  14 Jul 2018 17:32:08
# 27.4845,  5.494071,  1.320,  0.1082,  0.3384,  34.4753,  14 Jul 2018 17:36:08
# 27.4796,  5.493233,  1.321,  0.1118,  0.2103,  34.4729,  14 Jul 2018 17:40:08
# 27.4865,  5.493139,  1.324,  0.1106,  0.1923,  34.4672,  14 Jul 2018 17:44:08
# 27.4488,  5.490430,  1.326,  0.1131,  0.1869,  34.4758,  14 Jul 2018 17:48:08
# 27.4413,  5.489009,  1.330,  0.1119,  0.1835,  34.4713,  14 Jul 2018 17:52:08
# 27.4117,  5.487423,  1.331,  0.1093,  0.2155,  34.4820,  14 Jul 2018 17:56:08
# 27.3532,  5.483485,  1.329,  0.1022,  0.1872,  34.4973,  14 Jul 2018 18:00:08
# 27.3714,  5.485103,  1.330,  0.1018,  0.1785,  34.4953,  14 Jul 2018 18:04:08
# 27.3953,  5.486136,  1.328,  0.1034,  0.1726,  34.4850,  14 Jul 2018 18:08:08
# 27.3469,  5.482893,  1.331,  0.1009,  0.2214,  34.4977,  14 Jul 2018 18:12:08
# 27.3661,  5.484282,  1.331,  0.1007,  0.1740,  34.4934,  14 Jul 2018 18:16:08
# 27.4032,  5.485647,  1.332,  0.1045,  0.2080,  34.4757,  14 Jul 2018 18:20:08
# 27.3885,  5.483871,  1.333,  0.1094,  0.1765,  34.4739,  14 Jul 2018 18:24:08
# 27.3201,  5.480195,  1.332,  0.0995,  0.1934,  34.4984,  14 Jul 2018 18:28:08
# 27.2387,  5.475053,  1.329,  0.1019,  0.2472,  34.5222,  14 Jul 2018 18:32:08
# 27.2154,  5.473610,  1.331,  0.1043,  0.1970,  34.5293,  14 Jul 2018 18:36:08
# 27.1827,  5.471411,  1.329,  0.1020,  0.1810,  34.5379,  14 Jul 2018 18:40:08
# 27.1784,  5.470528,  1.323,  0.0996,  0.1713,  34.5348,  14 Jul 2018 18:44:08
# 27.2486,  5.474398,  1.325,  0.0942,  0.1823,  34.5103,  14 Jul 2018 18:48:08
# 27.2588,  5.474319,  1.325,  0.1032,  0.1653,  34.5022,  14 Jul 2018 18:52:08
# 27.2631,  5.473396,  1.324,  0.1056,  0.1762,  34.4924,  14 Jul 2018 18:56:08
# 27.2476,  5.472285,  1.325,  0.1070,  0.1752,  34.4960,  14 Jul 2018 19:00:08
# 27.2180,  5.470598,  1.316,  0.1019,  0.1701,  34.5059,  14 Jul 2018 19:04:08
# 27.2142,  5.470338,  1.316,  0.0993,  0.1619,  34.5069,  14 Jul 2018 19:08:08
# 27.2150,  5.470314,  1.316,  0.1007,  0.1590,  34.5061,  14 Jul 2018 19:12:08
# 27.2361,  5.470195,  1.307,  0.1072,  0.1642,  34.4897,  14 Jul 2018 19:16:08
# 27.2223,  5.469470,  1.304,  0.1132,  0.2058,  34.4947,  14 Jul 2018 19:20:08
# 27.2314,  5.469667,  1.303,  0.1141,  0.1701,  34.4894,  14 Jul 2018 19:24:08
# 27.1808,  5.466302,  1.296,  0.1167,  0.1875,  34.5030,  14 Jul 2018 19:28:08
# 27.1912,  5.466602,  1.295,  0.1141,  0.1874,  34.4974,  14 Jul 2018 19:32:08
# 27.2049,  5.466877,  1.279,  0.1217,  0.1846,  34.4892,  14 Jul 2018 19:36:08
# 27.1995,  5.466334,  1.276,  0.1131,  0.1802,  34.4893,  14 Jul 2018 19:40:08
# 27.1738,  5.464923,  1.267,  0.1180,  0.2018,  34.4983,  14 Jul 2018 19:44:08
# 27.1743,  5.464584,  1.257,  0.1102,  0.1907,  34.4956,  14 Jul 2018 19:48:08
# 27.1723,  5.464072,  1.272,  0.1133,  0.1799,  34.4935,  14 Jul 2018 19:52:08
# 27.1653,  5.463387,  1.237,  0.1142,  0.1946,  34.4937,  14 Jul 2018 19:56:08
# 27.1629,  5.462489,  1.251,  0.1144,  0.1907,  34.4891,  14 Jul 2018 20:00:08
# 27.1607,  5.462110,  1.241,  0.1228,  0.1886,  34.4881,  14 Jul 2018 20:04:08
# 27.1549,  5.460826,  1.252,  0.1327,  0.1834,  34.4832,  14 Jul 2018 20:08:08
# 27.1524,  5.460322,  1.244,  0.1339,  0.2103,  34.4815,  14 Jul 2018 20:12:08
# 27.1461,  5.459432,  1.238,  0.1326,  0.1838,  34.4799,  14 Jul 2018 20:16:08
# 27.1399,  5.458652,  1.222,  0.1291,  0.1958,  34.4789,  14 Jul 2018 20:20:08
# 27.1393,  5.458211,  1.194,  0.1308,  0.1934,  34.4763,  14 Jul 2018 20:24:08
# 27.1337,  5.458125,  1.217,  0.1278,  0.1921,  34.4798,  14 Jul 2018 20:28:08
# 27.1230,  5.457148,  1.188,  0.1256,  0.1958,  34.4807,  14 Jul 2018 20:32:08
# 27.1214,  5.455817,  1.166,  0.1343,  0.1849,  34.4725,  14 Jul 2018 20:36:08
# 27.1240,  5.456117,  1.160,  0.1379,  0.2167,  34.4727,  14 Jul 2018 20:40:08
# 27.1094,  5.455881,  1.171,  0.1240,  0.2041,  34.4818,  14 Jul 2018 20:44:08
# 27.1054,  5.455605,  1.143,  0.1266,  0.1861,  34.4829,  14 Jul 2018 20:48:08
# 27.0967,  5.454723,  1.171,  0.1170,  0.1727,  34.4830,  14 Jul 2018 20:52:08
# 27.0914,  5.453558,  1.134,  0.1253,  0.1836,  34.4786,  14 Jul 2018 20:56:08
# 27.0859,  5.452637,  1.144,  0.1157,  0.1821,  34.4762,  14 Jul 2018 21:00:08
# 27.0869,  5.452290,  1.122,  0.1266,  0.1783,  34.4730,  14 Jul 2018 21:04:08
# 27.0715,  5.451645,  1.100,  0.1179,  0.2126,  34.4798,  14 Jul 2018 21:08:08
# 27.0708,  5.451157,  1.107,  0.1218,  0.1812,  34.4769,  14 Jul 2018 21:12:08
# 27.0628,  5.451047,  1.105,  0.1204,  0.2201,  34.4820,  14 Jul 2018 21:16:08
# 27.0495,  5.450150,  1.081,  0.1120,  0.2309,  34.4855,  14 Jul 2018 21:20:08
# 27.0501,  5.449064,  1.059,  0.1144,  0.1836,  34.4773,  14 Jul 2018 21:24:08
# 27.0480,  5.448481,  1.059,  0.1168,  0.1811,  34.4747,  14 Jul 2018 21:28:08
# 27.0540,  5.447749,  1.009,  0.1202,  0.1860,  34.4651,  14 Jul 2018 21:32:08
# 27.0412,  5.447639,  1.004,  0.1159,  0.1959,  34.4737,  14 Jul 2018 21:36:08
# 27.0506,  5.447773,  1.030,  0.1435,  0.2056,  34.4677,  14 Jul 2018 21:40:08
# 27.0143,  5.449560,  1.044,  0.1244,  0.2126,  34.5074,  14 Jul 2018 21:44:08
# 26.9929,  5.449702,  1.002,  0.1196,  0.2229,  34.5243,  14 Jul 2018 21:48:08
# 26.9883,  5.449789,  0.999,  0.1205,  0.2108,  34.5284,  14 Jul 2018 21:52:08
# 26.9827,  5.449254,  0.971,  0.1133,  0.2345,  34.5287,  14 Jul 2018 21:56:08
# 26.9776,  5.448656,  0.948,  0.1157,  0.2301,  34.5282,  14 Jul 2018 22:00:08
# 26.9840,  5.446861,  0.991,  0.1180,  0.2078,  34.5107,  14 Jul 2018 22:04:08
# 26.9794,  5.447444,  0.939,  0.1232,  0.2561,  34.5183,  14 Jul 2018 22:08:08
# 26.9419,  5.446579,  0.950,  0.1241,  0.2117,  34.5400,  14 Jul 2018 22:12:08
# 26.9479,  5.445752,  0.926,  0.1242,  0.2022,  34.5296,  14 Jul 2018 22:16:08
# 26.9704,  5.445059,  0.902,  0.1350,  0.2311,  34.5080,  14 Jul 2018 22:20:08
# 26.9716,  5.444753,  0.917,  0.1389,  0.2054,  34.5049,  14 Jul 2018 22:24:08
# 26.9680,  5.444737,  0.922,  0.1180,  0.1991,  34.5074,  14 Jul 2018 22:28:08
# 26.9635,  5.444304,  0.890,  0.1326,  0.2131,  34.5077,  14 Jul 2018 22:32:08
# 26.9739,  5.445059,  0.877,  0.1327,  0.2108,  34.5053,  14 Jul 2018 22:36:08
# 26.9592,  5.446893,  0.875,  0.1266,  0.2190,  34.5294,  14 Jul 2018 22:40:08
# 26.9665,  5.449695,  0.887,  0.1255,  0.3485,  34.5440,  14 Jul 2018 22:44:08
# 26.9809,  5.451828,  0.873,  0.1140,  0.2311,  34.5484,  14 Jul 2018 22:48:08
# 26.9691,  5.449718,  0.851,  0.1131,  0.2491,  34.5422,  14 Jul 2018 22:52:08
# 26.9589,  5.447759,  0.875,  0.1181,  0.2191,  34.5358,  14 Jul 2018 22:56:08
# 26.9484,  5.440057,  0.840,  0.1256,  0.2202,  34.4886,  14 Jul 2018 23:00:08
# 26.9446,  5.439663,  0.854,  0.1182,  0.2251,  34.4886,  14 Jul 2018 23:04:08
# 26.9453,  5.442786,  0.837,  0.1167,  0.2537,  34.5104,  14 Jul 2018 23:08:08
# 26.9654,  5.446232,  0.858,  0.1129,  0.2155,  34.5201,  14 Jul 2018 23:12:08
# 26.9818,  5.444587,  0.839,  0.1207,  0.2320,  34.4962,  14 Jul 2018 23:16:08
# 26.9692,  5.443824,  0.837,  0.1204,  0.2227,  34.5001,  14 Jul 2018 23:20:08
# 26.9599,  5.443533,  0.817,  0.1207,  0.2308,  34.5049,  14 Jul 2018 23:24:08
# 26.9426,  5.439719,  0.827,  0.1193,  0.2229,  34.4905,  14 Jul 2018 23:28:08
# 26.9408,  5.441040,  0.820,  0.1167,  0.2168,  34.5013,  14 Jul 2018 23:32:08
# 26.9542,  5.447334,  0.811,  0.1143,  0.2277,  34.5362,  14 Jul 2018 23:36:08
# 26.9529,  5.446177,  0.820,  0.1194,  0.2633,  34.5290,  14 Jul 2018 23:40:08
# 26.9437,  5.440906,  0.796,  0.1182,  0.2789,  34.4982,  14 Jul 2018 23:44:08
# 26.9446,  5.445650,  0.771,  0.1144,  0.2601,  34.5314,  14 Jul 2018 23:48:08
# 26.9447,  5.448869,  0.798,  0.1118,  0.2467,  34.5543,  14 Jul 2018 23:52:08
# 26.9368,  5.446201,  0.785,  0.1059,  0.2416,  34.5411,  14 Jul 2018 23:56:08
# 26.9254,  5.442794,  0.782,  0.1068,  0.2242,  34.5253,  15 Jul 2018 00:00:08
# 26.9189,  5.441874,  0.788,  0.1019,  0.2644,  34.5236,  15 Jul 2018 00:04:08
# 26.9081,  5.440553,  0.783,  0.1008,  0.2286,  34.5222,  15 Jul 2018 00:08:08
# 26.9145,  5.441772,  0.788,  0.1032,  0.2380,  34.5261,  15 Jul 2018 00:12:08
# 26.9189,  5.443243,  0.770,  0.1083,  0.2320,  34.5334,  15 Jul 2018 00:16:08
# 26.9366,  5.447429,  0.754,  0.1072,  0.2451,  34.5501,  15 Jul 2018 00:20:08
# 26.9293,  5.446602,  0.761,  0.1021,  0.2239,  34.5496,  15 Jul 2018 00:24:08
# 26.9281,  5.446240,  0.757,  0.1044,  0.2440,  34.5479,  15 Jul 2018 00:28:08
# 26.9223,  5.445611,  0.738,  0.1021,  0.2341,  34.5477,  15 Jul 2018 00:32:08
# 26.9170,  5.444643,  0.753,  0.1032,  0.2512,  34.5448,  15 Jul 2018 00:36:08
# 26.9076,  5.443212,  0.744,  0.1043,  0.2367,  34.5415,  15 Jul 2018 00:40:08
# 26.9019,  5.442228,  0.754,  0.1094,  0.3858,  34.5387,  15 Jul 2018 00:44:08
# 26.8907,  5.440915,  0.745,  0.1033,  0.2730,  34.5377,  15 Jul 2018 00:48:08
# 26.8854,  5.440231,  0.765,  0.1010,  0.2679,  34.5368,  15 Jul 2018 00:52:08
# 26.8807,  5.437840,  0.752,  0.1104,  0.2560,  34.5232,  15 Jul 2018 00:56:08
# 26.8813,  5.435151,  0.743,  0.1133,  0.2705,  34.5035,  15 Jul 2018 01:00:08
# 26.8636,  5.432675,  0.740,  0.1072,  0.2341,  34.4990,  15 Jul 2018 01:04:08
# 26.8624,  5.431661,  0.740,  0.1010,  0.2560,  34.4927,  15 Jul 2018 01:08:08
# 26.8533,  5.433823,  0.738,  0.1019,  0.2683,  34.5149,  15 Jul 2018 01:12:08
# 26.8434,  5.435906,  0.747,  0.1032,  0.2574,  34.5372,  15 Jul 2018 01:16:08
# 26.8409,  5.436095,  0.759,  0.0980,  0.2380,  34.5404,  15 Jul 2018 01:20:08
# 26.8445,  5.434334,  0.754,  0.1022,  0.3027,  34.5251,  15 Jul 2018 01:24:08
# 26.8405,  5.433178,  0.739,  0.1006,  0.2511,  34.5198,  15 Jul 2018 01:28:08
# 26.8393,  5.433108,  0.771,  0.0996,  0.2277,  34.5202,  15 Jul 2018 01:32:08
# 26.8275,  5.433187,  0.763,  0.1021,  0.2355,  34.5295,  15 Jul 2018 01:36:08
# 26.8164,  5.432055,  0.739,  0.1022,  0.2574,  34.5297,  15 Jul 2018 01:40:08
# 26.8141,  5.432927,  0.738,  0.0996,  0.2322,  34.5377,  15 Jul 2018 01:44:08
# 26.8078,  5.432244,  0.758,  0.0998,  0.2153,  34.5375,  15 Jul 2018 01:48:08
# 26.8148,  5.433556,  0.744,  0.0982,  0.2394,  34.5417,  15 Jul 2018 01:52:08
# 26.8142,  5.432975,  0.755,  0.1044,  0.2347,  34.5380,  15 Jul 2018 01:56:08
# 26.8089,  5.432134,  0.743,  0.0998,  0.2718,  34.5359,  15 Jul 2018 02:00:08
# 26.8086,  5.431866,  0.802,  0.1021,  0.2659,  34.5341,  15 Jul 2018 02:04:08
# 26.8024,  5.430994,  0.754,  0.1022,  0.2764,  34.5326,  15 Jul 2018 02:08:08
# 26.7992,  5.430656,  0.747,  0.1010,  0.2379,  34.5325,  15 Jul 2018 02:12:08
# 26.7837,  5.428008,  0.763,  0.1019,  0.2302,  34.5251,  15 Jul 2018 02:16:08
# 26.7752,  5.427066,  0.753,  0.0959,  0.2493,  34.5247,  15 Jul 2018 02:20:08
# 26.7844,  5.428731,  0.769,  0.1019,  0.2251,  34.5298,  15 Jul 2018 02:24:08
# 26.7769,  5.427890,  0.773,  0.1008,  0.3106,  34.5294,  15 Jul 2018 02:28:08
# 26.7718,  5.425981,  0.788,  0.0996,  0.2776,  34.5195,  15 Jul 2018 02:32:08
# 26.7707,  5.426335,  0.753,  0.1010,  0.2193,  34.5228,  15 Jul 2018 02:36:08
# 26.7699,  5.426633,  0.755,  0.0970,  0.2251,  34.5256,  15 Jul 2018 02:40:08
# 26.7649,  5.427144,  0.751,  0.1035,  0.2563,  34.5330,  15 Jul 2018 02:44:08
# 26.7585,  5.425133,  0.780,  0.0982,  0.2228,  34.5233,  15 Jul 2018 02:48:08
# 26.7537,  5.425008,  0.768,  0.0997,  0.2218,  34.5260,  15 Jul 2018 02:52:08
# 26.7521,  5.426414,  0.779,  0.0970,  0.2406,  34.5373,  15 Jul 2018 02:56:08
# 26.7426,  5.425495,  0.764,  0.1057,  0.2644,  34.5378,  15 Jul 2018 03:00:08
# 26.7393,  5.425291,  0.788,  0.0969,  0.2658,  34.5388,  15 Jul 2018 03:04:08
# 26.7427,  5.421835,  0.785,  0.0983,  0.2319,  34.5115,  15 Jul 2018 03:08:08
# 26.7407,  5.422989,  0.815,  0.0973,  0.2790,  34.5212,  15 Jul 2018 03:12:08
# 26.7392,  5.424741,  0.815,  0.0996,  0.2439,  34.5349,  15 Jul 2018 03:16:08
# 26.7300,  5.423940,  0.781,  0.1018,  0.2549,  34.5360,  15 Jul 2018 03:20:08
# 26.7266,  5.422055,  0.801,  0.1009,  0.2356,  34.5251,  15 Jul 2018 03:24:08
# 26.7263,  5.422432,  0.818,  0.1019,  0.2562,  34.5280,  15 Jul 2018 03:28:08
# 26.7194,  5.423013,  0.824,  0.0972,  0.2239,  34.5373,  15 Jul 2018 03:32:08
# 26.7160,  5.421694,  0.847,  0.0961,  0.2203,  34.5304,  15 Jul 2018 03:36:08
# 26.7146,  5.421984,  0.827,  0.1059,  0.4934,  34.5335,  15 Jul 2018 03:40:08
# 26.7131,  5.420202,  0.838,  0.0995,  0.2537,  34.5218,  15 Jul 2018 03:44:08
# 26.7009,  5.423414,  0.840,  0.0980,  0.2766,  34.5540,  15 Jul 2018 03:48:08
# 26.6882,  5.417674,  0.828,  0.1019,  0.2574,  34.5223,  15 Jul 2018 03:52:08
# 26.6822,  5.419653,  0.845,  0.0970,  0.2789,  34.5410,  15 Jul 2018 03:56:08
# 26.6796,  5.417195,  0.874,  0.0997,  0.2238,  34.5252,  15 Jul 2018 04:00:08
# 26.6702,  5.415013,  0.876,  0.0997,  0.2357,  34.5166,  15 Jul 2018 04:04:08
# 26.6777,  5.414142,  0.866,  0.0983,  0.2393,  34.5048,  15 Jul 2018 04:08:08
# 26.6750,  5.415295,  0.861,  0.1008,  0.2526,  34.5151,  15 Jul 2018 04:12:08
# 26.6674,  5.416873,  0.896,  0.0982,  0.2287,  34.5321,  15 Jul 2018 04:16:08
# 26.6660,  5.415358,  0.878,  0.0993,  0.2368,  34.5223,  15 Jul 2018 04:20:08
# 26.6636,  5.411497,  0.890,  0.0981,  0.2191,  34.4963,  15 Jul 2018 04:24:08
# 26.6460,  5.409716,  0.878,  0.0983,  0.2491,  34.4967,  15 Jul 2018 04:28:08
# 26.6605,  5.414691,  0.888,  0.1045,  0.3016,  34.5216,  15 Jul 2018 04:32:08
# 26.6518,  5.413757,  0.902,  0.0996,  0.2357,  34.5214,  15 Jul 2018 04:36:08
# 26.6361,  5.409866,  0.896,  0.0981,  0.2381,  34.5052,  15 Jul 2018 04:40:08
# 26.6363,  5.413067,  0.891,  0.1021,  0.2277,  34.5280,  15 Jul 2018 04:44:08
# 26.6377,  5.414747,  0.919,  0.0983,  0.2419,  34.5390,  15 Jul 2018 04:48:08
# 26.6358,  5.416011,  0.930,  0.0985,  0.2525,  34.5495,  15 Jul 2018 04:52:08
# 26.6375,  5.414134,  0.940,  0.1021,  0.3389,  34.5348,  15 Jul 2018 04:56:08
# 26.6356,  5.415398,  0.918,  0.0996,  0.2452,  34.5452,  15 Jul 2018 05:00:08
# 26.6290,  5.413687,  0.966,  0.0981,  0.2287,  34.5379,  15 Jul 2018 05:04:08
# 26.6182,  5.411066,  0.918,  0.0983,  0.2452,  34.5271,  15 Jul 2018 05:08:08
# 26.6228,  5.409811,  0.953,  0.1006,  0.2302,  34.5147,  15 Jul 2018 05:12:08
# 26.6280,  5.411223,  0.941,  0.0982,  0.2155,  34.5210,  15 Jul 2018 05:16:08
# 26.6270,  5.413256,  0.942,  0.0981,  0.2288,  34.5363,  15 Jul 2018 05:20:08
# 26.6242,  5.414284,  0.949,  0.0971,  0.2369,  34.5457,  15 Jul 2018 05:24:08
# 26.6156,  5.412228,  0.944,  0.1009,  0.2863,  34.5374,  15 Jul 2018 05:28:08
# 26.6126,  5.411859,  0.952,  0.0960,  0.2357,  34.5370,  15 Jul 2018 05:32:08
# 26.6001,  5.407481,  1.007,  0.0958,  0.2380,  34.5149,  15 Jul 2018 05:36:08
# 26.6158,  5.406720,  0.974,  0.1058,  0.2428,  34.4977,  15 Jul 2018 05:40:08
# 26.6208,  5.407340,  0.965,  0.1057,  0.2453,  34.4984,  15 Jul 2018 05:44:08
# 26.6166,  5.406187,  0.975,  0.1070,  0.2466,  34.4933,  15 Jul 2018 05:48:08
# 26.6016,  5.410596,  0.988,  0.1032,  0.2537,  34.5362,  15 Jul 2018 05:52:08
# 26.5937,  5.407670,  0.993,  0.1044,  0.2251,  34.5210,  15 Jul 2018 05:56:08
# 26.5978,  5.406846,  1.006,  0.1022,  0.2140,  34.5120,  15 Jul 2018 06:00:08
# 26.6026,  5.407544,  0.982,  0.0981,  0.2393,  34.5135,  15 Jul 2018 06:04:08
# 26.6071,  5.408595,  0.990,  0.0996,  0.2290,  34.5177,  15 Jul 2018 06:08:08
# 26.6051,  5.409654,  0.989,  0.1008,  0.2303,  34.5268,  15 Jul 2018 06:12:08
# 26.6022,  5.411035,  0.946,  0.1008,  0.2406,  34.5389,  15 Jul 2018 06:16:08
# 26.6004,  5.407152,  1.015,  0.1057,  0.2227,  34.5123,  15 Jul 2018 06:20:08
# 26.5944,  5.406838,  0.993,  0.0997,  0.2301,  34.5145,  15 Jul 2018 06:24:08
# 26.5948,  5.408297,  0.963,  0.1022,  0.2887,  34.5247,  15 Jul 2018 06:28:08
# 26.5926,  5.408941,  0.989,  0.1057,  0.2357,  34.5310,  15 Jul 2018 06:32:08
# 26.6032,  5.403552,  0.981,  0.1109,  0.2405,  34.4843,  15 Jul 2018 06:36:08
# 26.5957,  5.404336,  0.949,  0.1057,  0.2201,  34.4956,  15 Jul 2018 06:40:08
# 26.6066,  5.401254,  0.954,  0.1071,  0.2251,  34.4653,  15 Jul 2018 06:44:08
# 26.6018,  5.404022,  0.981,  0.1044,  0.2253,  34.4888,  15 Jul 2018 06:48:08
# 26.6056,  5.405528,  0.955,  0.1119,  0.2391,  34.4968,  15 Jul 2018 06:52:08
# 26.6074,  5.406634,  0.940,  0.1048,  0.2267,  34.5033,  15 Jul 2018 06:56:08
# 26.6268,  5.405104,  0.960,  0.1093,  0.2228,  34.4779,  15 Jul 2018 07:00:08
# 26.6293,  5.405049,  0.928,  0.1109,  0.2153,  34.4757,  15 Jul 2018 07:04:08
# 26.6185,  5.405473,  0.927,  0.1057,  0.2193,  34.4868,  15 Jul 2018 07:08:08
# 26.6110,  5.406242,  0.915,  0.1061,  0.2045,  34.4979,  15 Jul 2018 07:12:08
# 26.6228,  5.407144,  0.941,  0.1057,  0.2230,  34.4955,  15 Jul 2018 07:16:08
# 26.6183,  5.408399,  0.919,  0.1060,  0.2264,  34.5079,  15 Jul 2018 07:20:08
# 26.6052,  5.409144,  0.947,  0.1019,  0.2382,  34.5230,  15 Jul 2018 07:24:08
# 26.6248,  5.406720,  0.942,  0.1045,  0.2255,  34.4910,  15 Jul 2018 07:28:08
# 26.6466,  5.406696,  0.896,  0.1060,  0.2166,  34.4746,  15 Jul 2018 07:32:08
# 26.6298,  5.408916,  0.913,  0.1058,  0.2393,  34.5030,  15 Jul 2018 07:36:08
# 26.6592,  5.406766,  0.900,  0.1082,  0.2144,  34.4657,  15 Jul 2018 07:40:08
# 26.6385,  5.408877,  0.891,  0.1058,  0.2309,  34.4963,  15 Jul 2018 07:44:08
# 26.6464,  5.408163,  0.902,  0.1084,  0.2418,  34.4853,  15 Jul 2018 07:48:08
# 26.6654,  5.405566,  0.876,  0.1090,  0.2106,  34.4525,  15 Jul 2018 07:52:08
# 26.6625,  5.408296,  0.882,  0.1073,  0.2588,  34.4742,  15 Jul 2018 07:56:08
# 26.6599,  5.409135,  0.878,  0.1006,  0.2215,  34.4822,  15 Jul 2018 08:00:08
# 26.6676,  5.409575,  0.902,  0.1033,  0.2351,  34.4795,  15 Jul 2018 08:04:08
# 26.6733,  5.410438,  0.901,  0.1057,  0.2320,  34.4815,  15 Jul 2018 08:08:08
# 26.6803,  5.410524,  0.861,  0.1061,  0.2303,  34.4769,  15 Jul 2018 08:12:08
# 26.6761,  5.411842,  0.837,  0.1033,  0.2477,  34.4895,  15 Jul 2018 08:16:08
# 26.6844,  5.412368,  0.865,  0.1046,  0.2369,  34.4870,  15 Jul 2018 08:20:08
# 26.6863,  5.413278,  0.857,  0.0999,  0.2464,  34.4922,  15 Jul 2018 08:24:08
# 26.6926,  5.414290,  0.817,  0.0981,  0.2693,  34.4948,  15 Jul 2018 08:28:08
# 26.6953,  5.415020,  0.833,  0.1009,  0.2265,  34.4980,  15 Jul 2018 08:32:08
# 26.7139,  5.414486,  0.842,  0.1017,  0.2442,  34.4803,  15 Jul 2018 08:36:08
# 26.7136,  5.416402,  0.859,  0.1009,  0.2322,  34.4942,  15 Jul 2018 08:40:08
# 26.7207,  5.417760,  0.843,  0.0972,  0.2789,  34.4987,  15 Jul 2018 08:44:08
# 26.7326,  5.418513,  0.826,  0.0970,  0.2202,  34.4952,  15 Jul 2018 08:48:08
# 26.7650,  5.418253,  0.847,  0.1073,  0.2253,  34.4692,  15 Jul 2018 08:52:08
# 26.7511,  5.420036,  0.806,  0.1032,  0.2683,  34.4924,  15 Jul 2018 08:56:08
# 26.7707,  5.420648,  0.828,  0.1008,  0.2451,  34.4821,  15 Jul 2018 09:00:08
# 26.7847,  5.421441,  0.835,  0.0970,  0.2107,  34.4774,  15 Jul 2018 09:04:08
# 26.7738,  5.421858,  0.838,  0.0996,  0.2430,  34.4884,  15 Jul 2018 09:08:08
# 26.7843,  5.422148,  0.822,  0.1044,  0.2346,  34.4827,  15 Jul 2018 09:12:08
# 26.7997,  5.424229,  0.831,  0.0983,  0.2658,  34.4862,  15 Jul 2018 09:16:08
# 26.8295,  5.426915,  0.832,  0.0971,  0.2191,  34.4832,  15 Jul 2018 09:20:08
# 26.8001,  5.425400,  0.793,  0.0982,  0.2319,  34.4942,  15 Jul 2018 09:24:08
# 26.8120,  5.426051,  0.841,  0.0970,  0.2524,  34.4900,  15 Jul 2018 09:28:08
# 26.8151,  5.427418,  0.797,  0.1033,  1.2811,  34.4975,  15 Jul 2018 09:32:08
# 26.8047,  5.428024,  0.829,  0.0921,  0.2440,  34.5096,  15 Jul 2018 09:36:08
# 26.8384,  5.429964,  0.801,  0.0946,  0.2345,  34.4984,  15 Jul 2018 09:40:08
# 26.8482,  5.430930,  0.795,  0.0944,  0.2265,  34.4980,  15 Jul 2018 09:44:08
# 26.8651,  5.432274,  0.796,  0.0935,  0.2229,  34.4950,  15 Jul 2018 09:48:08
# 26.9172,  5.436526,  0.805,  0.0956,  0.2467,  34.4866,  15 Jul 2018 09:52:08
# 26.9075,  5.436534,  0.797,  0.0935,  0.2522,  34.4939,  15 Jul 2018 09:56:08
# 26.8991,  5.436794,  0.797,  0.0961,  0.2560,  34.5020,  15 Jul 2018 10:00:08
# 26.8800,  5.436464,  0.799,  0.0981,  0.2277,  34.5138,  15 Jul 2018 10:04:08
# 26.8875,  5.437022,  0.796,  0.0958,  0.2265,  34.5123,  15 Jul 2018 10:08:08
# 26.8935,  5.437824,  0.785,  0.0970,  0.1971,  34.5135,  15 Jul 2018 10:12:08
# 26.8996,  5.439420,  0.779,  0.0934,  0.2302,  34.5204,  15 Jul 2018 10:16:08
# 26.9326,  5.441646,  0.759,  0.1007,  0.2358,  34.5117,  15 Jul 2018 10:20:08
# 26.9315,  5.443573,  0.767,  0.0945,  0.2330,  34.5264,  15 Jul 2018 10:24:08
# 26.9580,  5.444965,  0.753,  0.0958,  0.2300,  34.5165,  15 Jul 2018 10:28:08
# 26.9611,  5.447011,  0.772,  0.0945,  0.2264,  34.5288,  15 Jul 2018 10:32:08
# 26.9856,  5.448907,  0.759,  0.0945,  0.2240,  34.5242,  15 Jul 2018 10:36:08
# 26.9851,  5.449505,  0.752,  0.0960,  0.2356,  34.5288,  15 Jul 2018 10:40:08
# 27.0090,  5.452166,  0.740,  0.1009,  0.2378,  34.5300,  15 Jul 2018 10:44:08
# 27.0468,  5.454992,  0.735,  0.0947,  0.2583,  34.5220,  15 Jul 2018 10:48:08
# 27.0265,  5.453551,  0.755,  0.0934,  0.2229,  34.5269,  15 Jul 2018 10:52:08
# 27.0580,  5.457441,  0.728,  0.0919,  0.2501,  34.5312,  15 Jul 2018 10:56:08
# 27.0809,  5.460630,  0.726,  0.0922,  0.2152,  34.5369,  15 Jul 2018 11:00:08
# 27.1023,  5.462450,  0.745,  0.0908,  0.2633,  34.5340,  15 Jul 2018 11:04:08
# 27.0715,  5.461300,  0.755,  0.0935,  0.2332,  34.5486,  15 Jul 2018 11:08:08
# 27.1042,  5.464522,  0.734,  0.0933,  0.2254,  34.5473,  15 Jul 2018 11:12:08
# 27.1580,  5.469802,  0.726,  0.0935,  0.2802,  34.5449,  15 Jul 2018 11:16:08
# 27.1627,  5.469645,  0.744,  0.0942,  0.2163,  34.5403,  15 Jul 2018 11:20:08
# 27.1878,  5.472246,  0.716,  0.0918,  0.2330,  34.5402,  15 Jul 2018 11:24:08
# 27.2288,  5.478681,  0.717,  0.0945,  0.2586,  34.5555,  15 Jul 2018 11:28:08
# 27.2645,  5.482689,  0.711,  0.0934,  0.2305,  34.5575,  15 Jul 2018 11:32:08
# 27.2900,  5.486248,  0.737,  0.0943,  0.2452,  34.5638,  15 Jul 2018 11:36:08
# 27.2888,  5.484749,  0.738,  0.0943,  0.2264,  34.5541,  15 Jul 2018 11:40:08
# 27.2819,  5.486643,  0.729,  0.0886,  0.2475,  34.5726,  15 Jul 2018 11:44:08
# 27.2769,  5.486075,  0.717,  0.0934,  0.2511,  34.5723,  15 Jul 2018 11:48:08
# 27.3448,  5.492280,  0.742,  0.0920,  0.2238,  34.5660,  15 Jul 2018 11:52:08
# 27.3367,  5.491917,  0.727,  0.0909,  0.2416,  34.5694,  15 Jul 2018 11:56:08
# 27.3105,  5.489446,  0.742,  0.0932,  0.2668,  34.5713,  15 Jul 2018 12:00:08
# 27.3085,  5.490172,  0.754,  0.0934,  0.2380,  34.5779,  15 Jul 2018 12:04:08
# 27.3309,  5.492020,  0.756,  0.0945,  0.2345,  34.5744,  15 Jul 2018 12:08:08
# 27.3317,  5.492004,  0.744,  0.0999,  0.2731,  34.5737,  15 Jul 2018 12:12:08
# 27.3242,  5.490732,  0.758,  0.0957,  0.2367,  34.5702,  15 Jul 2018 12:16:08
# 27.3314,  5.491340,  0.782,  0.0969,  0.2560,  34.5692,  15 Jul 2018 12:20:08
# 27.3239,  5.490235,  0.734,  0.0980,  0.2319,  34.5670,  15 Jul 2018 12:24:08
# 27.3035,  5.488064,  0.771,  0.0969,  0.2512,  34.5666,  15 Jul 2018 12:28:08
# 27.3190,  5.490211,  0.808,  0.0998,  0.2683,  34.5704,  15 Jul 2018 12:32:08
# 27.2840,  5.486809,  0.790,  0.0983,  0.2354,  34.5722,  15 Jul 2018 12:36:08
# 27.2742,  5.485862,  0.777,  0.1009,  0.2683,  34.5727,  15 Jul 2018 12:40:08
# 27.2892,  5.487401,  0.802,  0.0922,  0.2625,  34.5725,  15 Jul 2018 12:44:08
# 27.2718,  5.485609,  0.812,  0.0958,  0.2704,  34.5727,  15 Jul 2018 12:48:08
# 27.2406,  5.482090,  0.797,  0.0918,  0.2474,  34.5709,  15 Jul 2018 12:52:08
# 27.2928,  5.488404,  0.811,  0.1255,  0.3095,  34.5770,  15 Jul 2018 12:56:08
# 27.2688,  5.485649,  0.820,  0.1007,  0.2692,  34.5752,  15 Jul 2018 13:00:08
# 27.2742,  5.486099,  0.823,  0.1018,  0.3350,  34.5744,  15 Jul 2018 13:04:08
# 27.2795,  5.485996,  0.853,  0.1047,  0.4910,  34.5697,  15 Jul 2018 13:08:08
# 27.2841,  5.486383,  0.805,  0.1046,  0.5116,  34.5691,  15 Jul 2018 13:12:08
# 27.2882,  5.486959,  0.857,  0.0985,  0.3678,  34.5702,  15 Jul 2018 13:16:08
# 27.2692,  5.484710,  0.879,  0.0996,  0.4015,  34.5683,  15 Jul 2018 13:20:08
# 27.2670,  5.484512,  0.860,  0.1017,  0.3619,  34.5685,  15 Jul 2018 13:24:08
# 27.2447,  5.481995,  0.870,  0.1019,  0.3896,  34.5672,  15 Jul 2018 13:28:08
# 27.2391,  5.481285,  0.844,  0.0970,  0.3413,  34.5663,  15 Jul 2018 13:32:08
# 27.2186,  5.479881,  0.865,  0.1009,  0.2811,  34.5715,  15 Jul 2018 13:36:08
# 27.2355,  5.481577,  0.883,  0.1108,  0.2899,  34.5710,  15 Jul 2018 13:40:08
# 27.2321,  5.481056,  0.872,  0.1019,  0.3062,  34.5698,  15 Jul 2018 13:44:08
# 27.2456,  5.482697,  0.880,  0.0969,  0.2908,  34.5715,  15 Jul 2018 13:48:08
# 27.2651,  5.485388,  0.911,  0.1019,  0.2656,  34.5761,  15 Jul 2018 13:52:08
# 27.3071,  5.490749,  0.888,  0.1007,  0.2655,  34.5830,  15 Jul 2018 13:56:08
