# 28.2271,  5.730642,  0.942,  0.0954,  0.2008,  35.5856,  30 Jul 2018 14:00:08
# 28.2190,  5.732839,  0.957,  0.0943,  0.2080,  35.6071,  30 Jul 2018 14:04:08
# 28.2133,  5.733306,  0.949,  0.0930,  0.1917,  35.6147,  30 Jul 2018 14:08:08
# 28.2005,  5.733821,  0.939,  0.0944,  0.2200,  35.6279,  30 Jul 2018 14:12:08
# 28.1900,  5.734819,  0.953,  0.0906,  0.1980,  35.6429,  30 Jul 2018 14:16:08
# 28.1668,  5.733862,  0.980,  0.0896,  0.2029,  35.6537,  30 Jul 2018 14:20:08
# 28.2002,  5.737854,  0.966,  0.0869,  0.1993,  35.6565,  30 Jul 2018 14:24:08
# 28.2838,  5.745325,  0.974,  0.0858,  0.1786,  35.6457,  30 Jul 2018 14:28:08
# 28.2833,  5.745801,  0.991,  0.0909,  0.2052,  35.6494,  30 Jul 2018 14:32:08
# 28.1819,  5.738184,  1.016,  0.0882,  0.1945,  35.6725,  30 Jul 2018 14:36:08
# 28.1512,  5.735786,  1.026,  0.0931,  0.2043,  35.6790,  30 Jul 2018 14:40:08
# 28.2159,  5.740599,  1.022,  0.0916,  0.1906,  35.6638,  30 Jul 2018 14:44:08
# 28.2352,  5.743337,  1.018,  0.0896,  0.1735,  35.6684,  30 Jul 2018 14:48:08
# 28.1938,  5.741437,  1.016,  0.0906,  0.2117,  35.6863,  30 Jul 2018 14:52:08
# 28.1659,  5.739473,  1.035,  0.0897,  0.1955,  35.6937,  30 Jul 2018 14:56:08
# 28.2261,  5.744908,  1.036,  0.0906,  0.1833,  35.6863,  30 Jul 2018 15:00:08
# 28.2393,  5.747445,  1.048,  0.0909,  0.1969,  35.6941,  30 Jul 2018 15:04:08
# 28.1740,  5.742613,  1.038,  0.0882,  0.1883,  35.7096,  30 Jul 2018 15:08:08
# 28.1786,  5.743958,  1.045,  0.0916,  0.1932,  35.7156,  30 Jul 2018 15:12:08
# 28.1519,  5.742775,  1.071,  0.0958,  0.2331,  35.7274,  30 Jul 2018 15:16:08
# 28.1573,  5.743967,  1.067,  0.0882,  0.1931,  35.7317,  30 Jul 2018 15:20:08
# 28.2530,  5.753634,  1.077,  0.0894,  0.1785,  35.7270,  30 Jul 2018 15:24:08
# 28.2024,  5.749476,  1.079,  0.0882,  0.1848,  35.7362,  30 Jul 2018 15:28:08
# 28.2554,  5.755028,  1.068,  0.0882,  0.1723,  35.7350,  30 Jul 2018 15:32:08
# 28.3067,  5.757575,  1.068,  0.0917,  0.1824,  35.7140,  30 Jul 2018 15:36:08
# 28.3029,  5.758857,  1.070,  0.0896,  0.1724,  35.7258,  30 Jul 2018 15:40:08
# 28.2603,  5.756116,  1.096,  0.0916,  0.1933,  35.7389,  30 Jul 2018 15:44:08
# 28.2691,  5.757334,  1.108,  0.0954,  0.2017,  35.7408,  30 Jul 2018 15:48:08
# 28.2045,  5.751612,  1.114,  0.1009,  0.1713,  35.7496,  30 Jul 2018 15:52:08
# 28.2396,  5.754166,  1.114,  0.0967,  0.1662,  35.7409,  30 Jul 2018 15:56:08
# 28.2794,  5.756148,  1.109,  0.0993,  0.2016,  35.7247,  30 Jul 2018 16:00:08
# 28.2091,  5.753344,  1.139,  0.1027,  0.2015,  35.7582,  30 Jul 2018 16:04:08
# 28.1927,  5.753578,  1.136,  0.0947,  0.1969,  35.7723,  30 Jul 2018 16:08:08
# 28.1828,  5.752974,  1.134,  0.0955,  0.1897,  35.7756,  30 Jul 2018 16:12:08
# 28.1913,  5.754787,  1.153,  0.0969,  0.1711,  35.7818,  30 Jul 2018 16:16:08
# 28.1404,  5.751540,  1.154,  0.0954,  0.1746,  35.7977,  30 Jul 2018 16:20:08
# 28.2311,  5.759721,  1.146,  0.0921,  0.1931,  35.7863,  30 Jul 2018 16:24:08
# 28.2325,  5.758495,  1.167,  0.0942,  0.1834,  35.7766,  30 Jul 2018 16:28:08
# 28.2549,  5.760971,  1.173,  0.0980,  0.1773,  35.7770,  30 Jul 2018 16:32:08
# 28.2410,  5.760390,  1.176,  0.1007,  0.1823,  35.7834,  30 Jul 2018 16:36:08
# 28.2232,  5.759520,  1.169,  0.0982,  0.1749,  35.7908,  30 Jul 2018 16:40:08
# 28.2629,  5.763689,  1.171,  0.0944,  0.1872,  35.7900,  30 Jul 2018 16:44:08
# 28.2851,  5.764051,  1.160,  0.0980,  0.1798,  35.7756,  30 Jul 2018 16:48:08
# 28.2036,  5.755489,  1.183,  0.1055,  0.2004,  35.7774,  30 Jul 2018 16:52:08
# 28.2441,  5.757745,  1.195,  0.1054,  0.1933,  35.7625,  30 Jul 2018 16:56:08
# 28.2285,  5.756754,  1.202,  0.1141,  0.1774,  35.7674,  30 Jul 2018 17:00:08
# 28.2589,  5.760406,  1.202,  0.1103,  0.1746,  35.7700,  30 Jul 2018 17:04:08
# 28.2443,  5.757568,  1.203,  0.1141,  0.1906,  35.7611,  30 Jul 2018 17:08:08
# 28.2107,  5.753377,  1.204,  0.1177,  0.1918,  35.7572,  30 Jul 2018 17:12:08
# 28.2150,  5.754577,  1.204,  0.1177,  0.1810,  35.7623,  30 Jul 2018 17:16:08
# 28.2050,  5.755311,  1.210,  0.1141,  0.1956,  35.7751,  30 Jul 2018 17:20:08
# 28.2217,  5.756593,  1.211,  0.1117,  0.1849,  35.7714,  30 Jul 2018 17:24:08
# 28.1637,  5.753305,  1.198,  0.1094,  0.2004,  35.7924,  30 Jul 2018 17:28:08
# 28.1850,  5.754755,  1.209,  0.1118,  0.1761,  35.7864,  30 Jul 2018 17:32:08
# 28.1771,  5.754909,  1.212,  0.1080,  0.1760,  35.7934,  30 Jul 2018 17:36:08
# 28.1885,  5.757150,  1.214,  0.1056,  0.1881,  35.8005,  30 Jul 2018 17:40:08
# 28.1846,  5.756618,  1.205,  0.1093,  0.1715,  35.7997,  30 Jul 2018 17:44:08
# 28.1669,  5.753635,  1.222,  0.1177,  0.1811,  35.7922,  30 Jul 2018 17:48:08
# 28.1393,  5.751339,  1.224,  0.1277,  0.1870,  35.7971,  30 Jul 2018 17:52:08
# 28.1439,  5.753757,  1.228,  0.1141,  0.1747,  35.8106,  30 Jul 2018 17:56:08
# 28.1554,  5.754683,  1.231,  0.1131,  0.1654,  35.8083,  30 Jul 2018 18:00:08
# 28.0992,  5.750671,  1.231,  0.1192,  0.1823,  35.8228,  30 Jul 2018 18:04:08
# 28.0960,  5.750082,  1.226,  0.1167,  0.1868,  35.8211,  30 Jul 2018 18:08:08
# 28.0661,  5.749245,  1.221,  0.1091,  0.1895,  35.8380,  30 Jul 2018 18:12:08
# 28.0047,  5.746104,  1.231,  0.1067,  0.1688,  35.8626,  30 Jul 2018 18:16:08
# 28.0069,  5.747361,  1.222,  0.1043,  0.1750,  35.8698,  30 Jul 2018 18:20:08
# 28.0376,  5.750833,  1.222,  0.0994,  0.1737,  35.8708,  30 Jul 2018 18:24:08
# 28.0490,  5.752638,  1.225,  0.1028,  0.1727,  35.8749,  30 Jul 2018 18:28:08
# 28.0511,  5.752856,  1.229,  0.1055,  0.1775,  35.8748,  30 Jul 2018 18:32:08
# 28.0470,  5.750680,  1.233,  0.1189,  0.1724,  35.8626,  30 Jul 2018 18:36:08
# 27.9817,  5.746813,  1.227,  0.1226,  0.1992,  35.8852,  30 Jul 2018 18:40:08
# 28.0229,  5.750527,  1.220,  0.1068,  0.1594,  35.8799,  30 Jul 2018 18:44:08
# 28.0123,  5.750753,  1.221,  0.1054,  0.1628,  35.8896,  30 Jul 2018 18:48:08
# 27.9919,  5.749504,  1.231,  0.1102,  0.1847,  35.8964,  30 Jul 2018 18:52:08
# 28.0061,  5.750664,  1.197,  0.1103,  0.1592,  35.8937,  30 Jul 2018 18:56:08
# 28.0072,  5.751502,  1.217,  0.1045,  0.1993,  35.8988,  30 Jul 2018 19:00:08
# 28.0040,  5.750495,  1.221,  0.1158,  0.1971,  35.8941,  30 Jul 2018 19:04:08
# 27.9565,  5.747877,  1.220,  0.1116,  0.1760,  35.9119,  30 Jul 2018 19:08:08
# 27.9605,  5.748167,  1.220,  0.1127,  0.1761,  35.9109,  30 Jul 2018 19:12:08
# 27.9699,  5.749609,  1.209,  0.1180,  0.1872,  35.9139,  30 Jul 2018 19:16:08
# 27.9796,  5.749456,  1.213,  0.1315,  0.1773,  35.9054,  30 Jul 2018 19:20:08
# 27.9797,  5.750351,  1.213,  0.1229,  0.1739,  35.9116,  30 Jul 2018 19:24:08
# 27.9670,  5.749674,  1.191,  0.1228,  0.1849,  35.9165,  30 Jul 2018 19:28:08
# 27.9553,  5.749126,  1.198,  0.1228,  0.1859,  35.9216,  30 Jul 2018 19:32:08
# 27.9497,  5.749183,  1.188,  0.1204,  0.1995,  35.9263,  30 Jul 2018 19:36:08
# 27.9394,  5.748635,  1.198,  0.1142,  0.1897,  35.9303,  30 Jul 2018 19:40:08
# 27.9100,  5.747620,  1.205,  0.1092,  0.1784,  35.9456,  30 Jul 2018 19:44:08
# 27.9100,  5.747524,  1.187,  0.1043,  0.1872,  35.9450,  30 Jul 2018 19:48:08
# 27.9212,  5.748410,  1.178,  0.1104,  0.2152,  35.9427,  30 Jul 2018 19:52:08
# 27.9104,  5.747701,  1.176,  0.1143,  0.1897,  35.9459,  30 Jul 2018 19:56:08
# 27.8233,  5.742579,  1.150,  0.1082,  0.1737,  35.9764,  30 Jul 2018 20:00:08
# 27.8587,  5.745341,  1.164,  0.1008,  0.2043,  35.9688,  30 Jul 2018 20:04:08
# 27.8524,  5.745269,  1.129,  0.1019,  0.1726,  35.9732,  30 Jul 2018 20:08:08
# 27.8483,  5.745068,  1.146,  0.1106,  0.1785,  35.9749,  30 Jul 2018 20:12:08
# 27.8358,  5.744279,  1.161,  0.1165,  0.1747,  35.9789,  30 Jul 2018 20:16:08
# 27.8244,  5.743288,  1.131,  0.1218,  0.1703,  35.9806,  30 Jul 2018 20:20:08
# 27.8346,  5.743675,  1.158,  0.1204,  0.1724,  35.9755,  30 Jul 2018 20:24:08
# 27.8298,  5.743981,  1.146,  0.1254,  0.1652,  35.9814,  30 Jul 2018 20:28:08
# 27.8241,  5.744279,  1.129,  0.1167,  0.1750,  35.9879,  30 Jul 2018 20:32:08
# 27.7958,  5.742886,  1.090,  0.1106,  0.1859,  35.9997,  30 Jul 2018 20:36:08
# 27.8017,  5.743144,  1.088,  0.1119,  0.1823,  35.9970,  30 Jul 2018 20:40:08
# 27.7707,  5.742427,  1.125,  0.1083,  0.1851,  36.0157,  30 Jul 2018 20:44:08
# 27.7871,  5.743224,  1.098,  0.1070,  0.1810,  36.0088,  30 Jul 2018 20:48:08
# 27.7799,  5.742701,  1.086,  0.1080,  0.1786,  36.0106,  30 Jul 2018 20:52:08
# 27.7558,  5.741196,  1.063,  0.1071,  0.1798,  36.0184,  30 Jul 2018 20:56:08
# 27.7532,  5.741171,  1.033,  0.1044,  0.1810,  36.0203,  30 Jul 2018 21:00:08
# 27.7355,  5.740528,  1.057,  0.1069,  0.1736,  36.0294,  30 Jul 2018 21:04:08
# 27.7274,  5.739867,  1.052,  0.1118,  0.1713,  36.0309,  30 Jul 2018 21:08:08
# 27.7203,  5.739868,  1.041,  0.1067,  0.1664,  36.0363,  30 Jul 2018 21:12:08
# 27.6911,  5.738057,  1.065,  0.1009,  0.1749,  36.0460,  30 Jul 2018 21:16:08
# 27.7022,  5.738741,  1.013,  0.1055,  0.1836,  36.0423,  30 Jul 2018 21:20:08
# 27.7050,  5.739312,  1.017,  0.1104,  0.1677,  36.0442,  30 Jul 2018 21:24:08
# 27.7137,  5.739819,  1.023,  0.1179,  0.2193,  36.0411,  30 Jul 2018 21:28:08
# 27.7108,  5.740045,  1.024,  0.1115,  0.1848,  36.0449,  30 Jul 2018 21:32:08
# 27.7062,  5.739691,  0.983,  0.1202,  0.1994,  36.0460,  30 Jul 2018 21:36:08
# 27.7113,  5.740665,  1.010,  0.1277,  0.1958,  36.0489,  30 Jul 2018 21:40:08
# 27.7103,  5.740383,  0.977,  0.1316,  0.1724,  36.0477,  30 Jul 2018 21:44:08
# 27.6885,  5.741036,  0.981,  0.1216,  0.1862,  36.0691,  30 Jul 2018 21:48:08
# 27.6429,  5.741681,  0.959,  0.1231,  0.1995,  36.1089,  30 Jul 2018 21:52:08
# 27.6408,  5.741818,  0.939,  0.1181,  0.1944,  36.1114,  30 Jul 2018 21:56:08
# 27.6322,  5.740916,  0.952,  0.1141,  0.1760,  36.1117,  30 Jul 2018 22:00:08
# 27.5988,  5.739620,  0.949,  0.1092,  0.2176,  36.1283,  30 Jul 2018 22:04:08
# 27.5846,  5.739467,  0.949,  0.1095,  0.1833,  36.1382,  30 Jul 2018 22:08:08
# 27.6142,  5.738807,  0.968,  0.1190,  0.1907,  36.1106,  30 Jul 2018 22:12:08
# 27.6133,  5.739105,  0.935,  0.1143,  0.2030,  36.1134,  30 Jul 2018 22:16:08
# 27.5938,  5.738614,  0.913,  0.1130,  0.1775,  36.1250,  30 Jul 2018 22:20:08
# 27.5882,  5.738662,  0.914,  0.1105,  0.1810,  36.1297,  30 Jul 2018 22:24:08
# 27.5924,  5.735933,  0.894,  0.1279,  0.1933,  36.1070,  30 Jul 2018 22:28:08
# 27.5711,  5.735934,  0.916,  0.1279,  0.1859,  36.1235,  30 Jul 2018 22:32:08
# 27.5329,  5.738076,  0.917,  0.1195,  0.2213,  36.1682,  30 Jul 2018 22:36:08
# 27.5221,  5.738309,  0.886,  0.1155,  0.2090,  36.1782,  30 Jul 2018 22:40:08
# 27.5169,  5.738293,  0.885,  0.1216,  0.2118,  36.1822,  30 Jul 2018 22:44:08
# 27.5476,  5.737383,  0.868,  0.1339,  0.2081,  36.1520,  30 Jul 2018 22:48:08
# 27.5363,  5.737721,  0.858,  0.1268,  0.1968,  36.1631,  30 Jul 2018 22:52:08
# 27.5317,  5.737456,  0.871,  0.1191,  0.1945,  36.1648,  30 Jul 2018 22:56:08
# 27.5293,  5.735435,  0.845,  0.1170,  0.1861,  36.1523,  30 Jul 2018 23:00:08
# 27.5380,  5.732972,  0.860,  0.1255,  0.1930,  36.1280,  30 Jul 2018 23:04:08
# 27.5450,  5.734244,  0.861,  0.1217,  0.2104,  36.1316,  30 Jul 2018 23:08:08
# 27.5163,  5.738092,  0.839,  0.1180,  0.2117,  36.1812,  30 Jul 2018 23:12:08
# 27.5103,  5.739710,  0.844,  0.1290,  0.2465,  36.1974,  30 Jul 2018 23:16:08
# 27.5199,  5.737561,  0.842,  0.1254,  0.2200,  36.1746,  30 Jul 2018 23:20:08
# 27.5104,  5.737883,  0.822,  0.1269,  0.2202,  36.1843,  30 Jul 2018 23:24:08
# 27.4978,  5.737963,  0.856,  0.1280,  0.2251,  36.1946,  30 Jul 2018 23:28:08
# 27.4968,  5.733190,  0.840,  0.1204,  0.2226,  36.1614,  30 Jul 2018 23:32:08
# 27.4892,  5.733883,  0.816,  0.1143,  0.2091,  36.1723,  30 Jul 2018 23:36:08
# 27.4840,  5.736579,  0.836,  0.1254,  0.2127,  36.1955,  30 Jul 2018 23:40:08
# 27.4817,  5.735331,  0.817,  0.1191,  0.1945,  36.1884,  30 Jul 2018 23:44:08
# 27.4959,  5.734325,  0.842,  0.1239,  0.1957,  36.1702,  30 Jul 2018 23:48:08
# 27.4869,  5.738076,  0.816,  0.1156,  0.2177,  36.2039,  30 Jul 2018 23:52:08
# 27.4967,  5.737980,  0.807,  0.1192,  0.2033,  36.1956,  30 Jul 2018 23:56:08
# 27.4863,  5.740347,  0.815,  0.1131,  0.2165,  36.2205,  31 Jul 2018 00:00:08
# 27.4936,  5.737819,  0.814,  0.1179,  0.2238,  36.1969,  31 Jul 2018 00:04:08
# 27.4963,  5.741402,  0.826,  0.1192,  0.2235,  36.2202,  31 Jul 2018 00:08:08
# 27.4874,  5.742666,  0.787,  0.1154,  0.3015,  36.2362,  31 Jul 2018 00:12:08
# 27.4790,  5.742328,  0.776,  0.1093,  0.2424,  36.2403,  31 Jul 2018 00:16:08
# 27.4897,  5.742972,  0.781,  0.1104,  0.2976,  36.2366,  31 Jul 2018 00:20:08
# 27.4880,  5.740443,  0.797,  0.1132,  0.2251,  36.2199,  31 Jul 2018 00:24:08
# 27.4928,  5.741305,  0.780,  0.1133,  0.2307,  36.2223,  31 Jul 2018 00:28:08
# 27.4894,  5.743415,  0.771,  0.1070,  0.2641,  36.2399,  31 Jul 2018 00:32:08
# 27.4882,  5.745107,  0.774,  0.1118,  0.2216,  36.2529,  31 Jul 2018 00:36:08
# 27.4852,  5.744905,  0.799,  0.1105,  0.2250,  36.2538,  31 Jul 2018 00:40:08
# 27.4861,  5.746210,  0.774,  0.1067,  0.2931,  36.2625,  31 Jul 2018 00:44:08
# 27.4818,  5.747999,  0.765,  0.1020,  0.2319,  36.2785,  31 Jul 2018 00:48:08
# 27.4761,  5.743021,  0.770,  0.1058,  0.2226,  36.2475,  31 Jul 2018 00:52:08
# 27.4696,  5.741789,  0.763,  0.1093,  0.2428,  36.2438,  31 Jul 2018 00:56:08
# 27.4663,  5.743818,  0.774,  0.1102,  0.2755,  36.2607,  31 Jul 2018 01:00:08
# 27.4642,  5.743134,  0.769,  0.1102,  0.2981,  36.2576,  31 Jul 2018 01:04:08
# 27.4667,  5.744221,  0.766,  0.1104,  0.2476,  36.2633,  31 Jul 2018 01:08:08
# 27.4626,  5.745937,  0.758,  0.1020,  0.2452,  36.2787,  31 Jul 2018 01:12:08
# 27.4560,  5.745139,  0.782,  0.1105,  0.2388,  36.2782,  31 Jul 2018 01:16:08
# 27.4377,  5.742409,  0.769,  0.1056,  0.2473,  36.2729,  31 Jul 2018 01:20:08
# 27.4425,  5.741773,  0.785,  0.1083,  0.2263,  36.2647,  31 Jul 2018 01:24:08
# 27.4410,  5.744004,  0.755,  0.1057,  0.2453,  36.2818,  31 Jul 2018 01:28:08
# 27.4100,  5.744786,  0.760,  0.1007,  0.2309,  36.3115,  31 Jul 2018 01:32:08
# 27.4004,  5.743908,  0.765,  0.1044,  0.2166,  36.3126,  31 Jul 2018 01:36:08
# 27.4001,  5.742772,  0.776,  0.1069,  0.2684,  36.3048,  31 Jul 2018 01:40:08
# 27.4044,  5.741701,  0.784,  0.1055,  0.2200,  36.2938,  31 Jul 2018 01:44:08
# 27.3965,  5.742338,  0.760,  0.1019,  0.2428,  36.3045,  31 Jul 2018 01:48:08
# 27.3791,  5.742950,  0.791,  0.1009,  0.2405,  36.3224,  31 Jul 2018 01:52:08
# 27.3728,  5.743466,  0.763,  0.0996,  0.2365,  36.3310,  31 Jul 2018 01:56:08
# 27.3675,  5.741332,  0.776,  0.1054,  0.2632,  36.3199,  31 Jul 2018 02:00:08
# 27.3591,  5.738956,  0.764,  0.1034,  0.2428,  36.3095,  31 Jul 2018 02:04:08
# 27.3498,  5.732606,  0.788,  0.1067,  0.2307,  36.2713,  31 Jul 2018 02:08:08
# 27.3417,  5.733386,  0.772,  0.1031,  0.2289,  36.2833,  31 Jul 2018 02:12:08
# 27.3490,  5.737451,  0.796,  0.1032,  0.2226,  36.3066,  31 Jul 2018 02:16:08
# 27.3435,  5.734489,  0.789,  0.1021,  0.2309,  36.2897,  31 Jul 2018 02:20:08
# 27.3477,  5.736002,  0.779,  0.1044,  0.2619,  36.2973,  31 Jul 2018 02:24:08
# 27.3483,  5.738981,  0.767,  0.1056,  0.2776,  36.3181,  31 Jul 2018 02:28:08
# 27.3462,  5.739689,  0.777,  0.1009,  0.2174,  36.3247,  31 Jul 2018 02:32:08
# 27.3353,  5.737805,  0.790,  0.1006,  0.2308,  36.3198,  31 Jul 2018 02:36:08
# 27.3196,  5.731077,  0.766,  0.1022,  0.2322,  36.2839,  31 Jul 2018 02:40:08
# 27.3186,  5.730667,  0.795,  0.1033,  0.2275,  36.2818,  31 Jul 2018 02:44:08
# 27.3145,  5.732936,  0.807,  0.0983,  0.2452,  36.3012,  31 Jul 2018 02:48:08
# 27.3107,  5.735890,  0.804,  0.1019,  0.2461,  36.3252,  31 Jul 2018 02:52:08
# 27.3080,  5.736486,  0.812,  0.0983,  0.2321,  36.3316,  31 Jul 2018 02:56:08
# 27.3001,  5.736904,  0.792,  0.0970,  0.2347,  36.3408,  31 Jul 2018 03:00:08
# 27.2927,  5.736800,  0.805,  0.0958,  0.2356,  36.3458,  31 Jul 2018 03:04:08
# 27.2964,  5.737838,  0.797,  0.0970,  0.2464,  36.3503,  31 Jul 2018 03:08:08
# 27.2909,  5.737186,  0.780,  0.0981,  0.2453,  36.3500,  31 Jul 2018 03:12:08
# 27.2976,  5.739304,  0.816,  0.0995,  0.2367,  36.3599,  31 Jul 2018 03:16:08
# 27.2918,  5.738821,  0.821,  0.1019,  0.2634,  36.3610,  31 Jul 2018 03:20:08
# 27.2913,  5.737194,  0.837,  0.1020,  0.2306,  36.3497,  31 Jul 2018 03:24:08
# 27.2884,  5.738442,  0.846,  0.0967,  0.2162,  36.3609,  31 Jul 2018 03:28:08
# 27.2831,  5.738805,  0.816,  0.0980,  0.2451,  36.3676,  31 Jul 2018 03:32:08
# 27.2694,  5.737533,  0.827,  0.0983,  0.2251,  36.3692,  31 Jul 2018 03:36:08
# 27.2717,  5.739675,  0.834,  0.0984,  0.2427,  36.3828,  31 Jul 2018 03:40:08
# 27.2686,  5.739409,  0.861,  0.0957,  0.2319,  36.3833,  31 Jul 2018 03:44:08
# 27.2628,  5.738564,  0.851,  0.0958,  0.2191,  36.3817,  31 Jul 2018 03:48:08
# 27.2580,  5.736173,  0.854,  0.0982,  0.2582,  36.3684,  31 Jul 2018 03:52:08
# 27.2541,  5.736028,  0.820,  0.0996,  0.2562,  36.3705,  31 Jul 2018 03:56:08
# 27.2486,  5.736326,  0.869,  0.0979,  0.2116,  36.3769,  31 Jul 2018 04:00:08
# 27.2273,  5.735111,  0.876,  0.0957,  0.2227,  36.3848,  31 Jul 2018 04:04:08
# 27.2326,  5.734700,  0.862,  0.0958,  0.2277,  36.3777,  31 Jul 2018 04:08:08
# 27.2269,  5.733220,  0.863,  0.0970,  0.2264,  36.3716,  31 Jul 2018 04:12:08
# 27.2142,  5.728472,  0.840,  0.0972,  0.3670,  36.3475,  31 Jul 2018 04:16:08
# 27.2160,  5.727901,  0.889,  0.0969,  0.3580,  36.3420,  31 Jul 2018 04:20:08
# 27.2273,  5.728255,  0.909,  0.1021,  0.2656,  36.3357,  31 Jul 2018 04:24:08
# 27.2243,  5.729116,  0.891,  0.0996,  0.2334,  36.3442,  31 Jul 2018 04:28:08
# 27.2144,  5.729148,  0.891,  0.0980,  0.2405,  36.3522,  31 Jul 2018 04:32:08
# 27.2088,  5.730210,  0.915,  0.0982,  0.2501,  36.3642,  31 Jul 2018 04:36:08
# 27.2112,  5.731844,  0.891,  0.0981,  0.2501,  36.3740,  31 Jul 2018 04:40:08
# 27.2132,  5.734041,  0.900,  0.1017,  0.3542,  36.3882,  31 Jul 2018 04:44:08
# 27.1981,  5.728320,  0.929,  0.0980,  0.3193,  36.3590,  31 Jul 2018 04:48:08
# 27.2012,  5.729414,  0.889,  0.1033,  0.3014,  36.3644,  31 Jul 2018 04:52:08
# 27.1958,  5.731176,  0.900,  0.1006,  0.2703,  36.3812,  31 Jul 2018 04:56:08
# 27.1863,  5.729656,  0.920,  0.0972,  0.2428,  36.3778,  31 Jul 2018 05:00:08
# 27.1750,  5.727210,  0.901,  0.1009,  0.3534,  36.3691,  31 Jul 2018 05:04:08
# 27.1720,  5.727596,  0.945,  0.1009,  0.3061,  36.3742,  31 Jul 2018 05:08:08
# 27.1775,  5.731177,  0.962,  0.0998,  0.2682,  36.3955,  31 Jul 2018 05:12:08
# 27.1732,  5.733623,  0.965,  0.0970,  0.2535,  36.4164,  31 Jul 2018 05:16:08
# 27.1700,  5.733470,  0.942,  0.0982,  0.2419,  36.4179,  31 Jul 2018 05:20:08
# 27.1696,  5.732939,  0.960,  0.0993,  0.2509,  36.4143,  31 Jul 2018 05:24:08
# 27.1639,  5.731724,  0.958,  0.1009,  0.2598,  36.4101,  31 Jul 2018 05:28:08
# 27.1586,  5.732046,  0.980,  0.0983,  0.2860,  36.4165,  31 Jul 2018 05:32:08
# 27.1696,  5.735378,  0.944,  0.1009,  0.2706,  36.4318,  31 Jul 2018 05:36:08
# 27.1634,  5.735048,  0.986,  0.0970,  0.2826,  36.4343,  31 Jul 2018 05:40:08
# 27.1552,  5.734879,  0.960,  0.0957,  0.2511,  36.4396,  31 Jul 2018 05:44:08
# 27.1456,  5.734871,  0.968,  0.0970,  0.3154,  36.4470,  31 Jul 2018 05:48:08
# 27.1446,  5.734340,  0.990,  0.1032,  0.2561,  36.4439,  31 Jul 2018 05:52:08
# 27.1473,  5.734646,  0.955,  0.1019,  0.2512,  36.4441,  31 Jul 2018 05:56:08
# 27.1455,  5.734420,  0.975,  0.1047,  0.3509,  36.4439,  31 Jul 2018 06:00:08
# 27.1454,  5.730477,  0.988,  0.1019,  0.3027,  36.4157,  31 Jul 2018 06:04:08
# 27.1411,  5.733189,  0.963,  0.1021,  0.2612,  36.4385,  31 Jul 2018 06:08:08
# 27.1321,  5.732811,  0.973,  0.1057,  0.3299,  36.4428,  31 Jul 2018 06:12:08
# 27.1208,  5.730445,  0.974,  0.0999,  0.2763,  36.4347,  31 Jul 2018 06:16:08
# 27.1234,  5.731612,  0.986,  0.1008,  0.2721,  36.4411,  31 Jul 2018 06:20:08
# 27.1243,  5.732956,  0.995,  0.1008,  0.2657,  36.4499,  31 Jul 2018 06:24:08
# 27.1295,  5.735338,  1.002,  0.0999,  0.2500,  36.4630,  31 Jul 2018 06:28:08
# 27.1210,  5.734638,  0.994,  0.1019,  0.2738,  36.4646,  31 Jul 2018 06:32:08
# 27.1097,  5.734147,  0.967,  0.1021,  0.2799,  36.4700,  31 Jul 2018 06:36:08
# 27.0857,  5.734945,  1.018,  0.0980,  0.2636,  36.4946,  31 Jul 2018 06:40:08
# 27.0747,  5.734550,  0.941,  0.1008,  0.2609,  36.5004,  31 Jul 2018 06:44:08
# 27.0795,  5.734405,  0.994,  0.1045,  0.2657,  36.4956,  31 Jul 2018 06:48:08
# 27.0901,  5.734767,  1.006,  0.1018,  0.2644,  36.4898,  31 Jul 2018 06:52:08
# 27.0941,  5.734759,  1.003,  0.1007,  0.2300,  36.4866,  31 Jul 2018 06:56:08
# 27.0940,  5.735870,  1.004,  0.0983,  0.2658,  36.4947,  31 Jul 2018 07:00:08
# 27.0912,  5.736892,  1.001,  0.0980,  0.2586,  36.5043,  31 Jul 2018 07:04:08
# 27.0879,  5.737762,  0.980,  0.0994,  0.2942,  36.5130,  31 Jul 2018 07:08:08
# 27.0863,  5.738124,  0.955,  0.1010,  0.2622,  36.5170,  31 Jul 2018 07:12:08
# 27.0912,  5.738205,  1.011,  0.1033,  0.2607,  36.5137,  31 Jul 2018 07:16:08
# 27.0983,  5.739299,  0.952,  0.1007,  0.2757,  36.5159,  31 Jul 2018 07:20:08
# 27.1041,  5.740096,  0.993,  0.1046,  0.2703,  36.5171,  31 Jul 2018 07:24:08
# 27.1122,  5.740781,  0.983,  0.1009,  0.2956,  36.5157,  31 Jul 2018 07:28:08
# 27.1103,  5.740668,  0.970,  0.0994,  0.2754,  36.5164,  31 Jul 2018 07:32:08
# 27.1126,  5.740612,  0.966,  0.1019,  0.2671,  36.5141,  31 Jul 2018 07:36:08
# 27.1177,  5.740628,  0.977,  0.1020,  0.2811,  36.5103,  31 Jul 2018 07:40:08
# 27.1187,  5.740765,  1.001,  0.0981,  0.2776,  36.5104,  31 Jul 2018 07:44:08
# 27.1212,  5.740958,  0.999,  0.0980,  0.2702,  36.5098,  31 Jul 2018 07:48:08
# 27.1442,  5.741304,  0.964,  0.1017,  0.2558,  36.4943,  31 Jul 2018 07:52:08
# 27.1451,  5.741819,  0.986,  0.1021,  0.3082,  36.4972,  31 Jul 2018 07:56:08
# 27.1449,  5.742020,  1.003,  0.0961,  0.2597,  36.4989,  31 Jul 2018 08:00:08
# 27.1489,  5.741843,  0.997,  0.0960,  0.2670,  36.4944,  31 Jul 2018 08:04:08
# 27.1408,  5.742463,  0.996,  0.0983,  0.2511,  36.5052,  31 Jul 2018 08:08:08
# 27.1349,  5.742842,  0.992,  0.0968,  0.3015,  36.5126,  31 Jul 2018 08:12:08
# 27.1369,  5.743035,  0.966,  0.0933,  0.2587,  36.5124,  31 Jul 2018 08:16:08
# 27.1475,  5.743510,  0.981,  0.0983,  0.3027,  36.5075,  31 Jul 2018 08:20:08
# 27.1433,  5.743534,  0.985,  0.0997,  0.2596,  36.5109,  31 Jul 2018 08:24:08
# 27.1485,  5.743768,  0.950,  0.0996,  0.2451,  36.5086,  31 Jul 2018 08:28:08
# 27.1426,  5.744050,  0.984,  0.0961,  0.2472,  36.5152,  31 Jul 2018 08:32:08
# 27.1501,  5.744541,  0.931,  0.1019,  0.3069,  36.5128,  31 Jul 2018 08:36:08
# 27.1750,  5.745064,  0.963,  0.0980,  0.3120,  36.4970,  31 Jul 2018 08:40:08
# 27.1782,  5.745894,  0.926,  0.0982,  0.3027,  36.5005,  31 Jul 2018 08:44:08
# 27.1774,  5.746780,  0.962,  0.0945,  0.3289,  36.5075,  31 Jul 2018 08:48:08
# 27.1848,  5.748423,  0.969,  0.0933,  0.2682,  36.5134,  31 Jul 2018 08:52:08
# 27.1983,  5.750268,  0.936,  0.0943,  0.2848,  36.5160,  31 Jul 2018 08:56:08
# 27.1904,  5.750405,  0.903,  0.0943,  0.3693,  36.5232,  31 Jul 2018 09:00:08
# 27.2299,  5.753685,  0.928,  0.0945,  0.2826,  36.5158,  31 Jul 2018 09:04:08
# 27.2492,  5.755023,  0.915,  0.1006,  0.3156,  36.5102,  31 Jul 2018 09:08:08
# 27.2566,  5.755917,  0.920,  0.1019,  0.2824,  36.5108,  31 Jul 2018 09:12:08
# 27.2752,  5.758166,  0.944,  0.0996,  0.2702,  36.5123,  31 Jul 2018 09:16:08
# 27.2746,  5.759207,  0.929,  0.0960,  0.2463,  36.5202,  31 Jul 2018 09:20:08
# 27.2506,  5.758473,  0.930,  0.0943,  0.3062,  36.5338,  31 Jul 2018 09:24:08
# 27.2623,  5.759900,  0.944,  0.0981,  0.2476,  36.5348,  31 Jul 2018 09:28:08
# 27.2659,  5.761150,  0.929,  0.0958,  0.2537,  36.5409,  31 Jul 2018 09:32:08
# 27.2844,  5.763239,  0.920,  0.0960,  0.2534,  36.5414,  31 Jul 2018 09:36:08
# 27.3062,  5.766022,  0.922,  0.0922,  0.2297,  36.5442,  31 Jul 2018 09:40:08
# 27.3165,  5.767845,  0.880,  0.0981,  0.2896,  36.5492,  31 Jul 2018 09:44:08
# 27.3083,  5.768136,  0.921,  0.0933,  0.2669,  36.5577,  31 Jul 2018 09:48:08
# 27.3608,  5.771516,  0.883,  0.1021,  0.2657,  36.5407,  31 Jul 2018 09:52:08
# 27.3621,  5.772630,  0.883,  0.0970,  0.2546,  36.5476,  31 Jul 2018 09:56:08
# 27.4359,  5.778789,  0.872,  0.0960,  0.2738,  36.5338,  31 Jul 2018 10:00:08
# 27.4201,  5.779080,  0.880,  0.0944,  0.2610,  36.5483,  31 Jul 2018 10:04:08
# 27.3756,  5.776077,  0.913,  0.0944,  0.2543,  36.5617,  31 Jul 2018 10:08:08
# 27.4037,  5.778903,  0.852,  0.0935,  0.2800,  36.5599,  31 Jul 2018 10:12:08
# 27.4241,  5.780962,  0.859,  0.0942,  0.3373,  36.5586,  31 Jul 2018 10:16:08
# 27.4224,  5.781341,  0.857,  0.0934,  0.2598,  36.5626,  31 Jul 2018 10:20:08
# 27.4200,  5.781923,  0.857,  0.0957,  0.2499,  36.5687,  31 Jul 2018 10:24:08
# 27.4729,  5.787788,  0.839,  0.0906,  0.2596,  36.5691,  31 Jul 2018 10:28:08
# 27.4543,  5.786875,  0.844,  0.0947,  0.2390,  36.5771,  31 Jul 2018 10:32:08
# 27.4284,  5.786084,  0.859,  0.0944,  0.2585,  36.5917,  31 Jul 2018 10:36:08
# 27.4784,  5.791376,  0.848,  0.0883,  0.2544,  36.5903,  31 Jul 2018 10:40:08
# 27.4984,  5.793179,  0.855,  0.0932,  0.2669,  36.5875,  31 Jul 2018 10:44:08
# 27.5071,  5.795531,  0.839,  0.0947,  0.3484,  36.5975,  31 Jul 2018 10:48:08
# 27.5630,  5.801192,  0.828,  0.0908,  0.2161,  36.5941,  31 Jul 2018 10:52:08
# 27.5736,  5.801766,  0.806,  0.0918,  0.2523,  36.5898,  31 Jul 2018 10:56:08
# 27.5294,  5.798378,  0.852,  0.0916,  0.2405,  36.6003,  31 Jul 2018 11:00:08
# 27.5214,  5.799001,  0.817,  0.0917,  0.2979,  36.6110,  31 Jul 2018 11:04:08
# 27.5858,  5.804274,  0.823,  0.0899,  0.2388,  36.5982,  31 Jul 2018 11:08:08
# 27.6542,  5.811411,  0.830,  0.0919,  0.2906,  36.5954,  31 Jul 2018 11:12:08
# 27.6543,  5.812885,  0.825,  0.0945,  0.2656,  36.6058,  31 Jul 2018 11:16:08
# 27.6797,  5.817055,  0.821,  0.0944,  0.2583,  36.6155,  31 Jul 2018 11:20:08
# 27.6974,  5.819687,  0.813,  0.0932,  0.3278,  36.6204,  31 Jul 2018 11:24:08
# 27.6899,  5.819687,  0.814,  0.0935,  0.2489,  36.6263,  31 Jul 2018 11:28:08
# 27.7086,  5.821494,  0.821,  0.0897,  0.2812,  36.6245,  31 Jul 2018 11:32:08
# 27.7510,  5.825236,  0.782,  0.0935,  0.2680,  36.6180,  31 Jul 2018 11:36:08
# 27.7639,  5.826987,  0.796,  0.0883,  0.2308,  36.6203,  31 Jul 2018 11:40:08
# 27.7689,  5.826492,  0.808,  0.0935,  0.2692,  36.6129,  31 Jul 2018 11:44:08
# 27.8009,  5.831275,  0.799,  0.0945,  0.2920,  36.6218,  31 Jul 2018 11:48:08
# 27.8330,  5.835296,  0.796,  0.0932,  0.2535,  36.6253,  31 Jul 2018 11:52:08
# 27.8511,  5.837981,  0.810,  0.0869,  0.2631,  36.6301,  31 Jul 2018 11:56:08
# 27.8911,  5.842305,  0.787,  0.0895,  0.2393,  36.6296,  31 Jul 2018 12:00:08
# 27.8785,  5.842297,  0.813,  0.0882,  0.2152,  36.6394,  31 Jul 2018 12:04:08
# 27.8199,  5.837138,  0.811,  0.0898,  0.2464,  36.6486,  31 Jul 2018 12:08:08
# 27.8443,  5.839839,  0.813,  0.0919,  0.2741,  36.6487,  31 Jul 2018 12:12:08
# 27.8587,  5.842127,  0.831,  0.0908,  0.2499,  36.6536,  31 Jul 2018 12:16:08
# 27.8894,  5.845129,  0.790,  0.0899,  0.2537,  36.6509,  31 Jul 2018 12:20:08
# 27.8933,  5.845405,  0.825,  0.0907,  0.2365,  36.6498,  31 Jul 2018 12:24:08
# 27.9234,  5.848822,  0.795,  0.0857,  0.2669,  36.6505,  31 Jul 2018 12:28:08
# 27.9290,  5.850104,  0.808,  0.0954,  0.4681,  36.6552,  31 Jul 2018 12:32:08
# 27.9455,  5.851882,  0.795,  0.0931,  0.3827,  36.6549,  31 Jul 2018 12:36:08
# 27.9977,  5.857778,  0.845,  0.0894,  0.2895,  36.6559,  31 Jul 2018 12:40:08
# 27.9541,  5.853563,  0.794,  0.0930,  0.2522,  36.6601,  31 Jul 2018 12:44:08
# 27.9900,  5.857007,  0.806,  0.0897,  0.3013,  36.6564,  31 Jul 2018 12:48:08
# 27.9742,  5.856747,  0.854,  0.0896,  0.2692,  36.6670,  31 Jul 2018 12:52:08
# 28.0391,  5.863783,  0.854,  0.0883,  0.3027,  36.6660,  31 Jul 2018 12:56:08
# 28.0686,  5.868839,  0.849,  0.0944,  0.2634,  36.6788,  31 Jul 2018 13:00:08
# 28.0787,  5.869993,  0.864,  0.0920,  0.2811,  36.6790,  31 Jul 2018 13:04:08
# 28.0950,  5.872864,  0.845,  0.0893,  0.2740,  36.6866,  31 Jul 2018 13:08:08
# 28.0991,  5.873287,  0.851,  0.0906,  0.2895,  36.6864,  31 Jul 2018 13:12:08
# 28.0751,  5.871905,  0.840,  0.0956,  0.3014,  36.6953,  31 Jul 2018 13:16:08
# 28.0750,  5.872718,  0.851,  0.0933,  0.3495,  36.7011,  31 Jul 2018 13:20:08
# 28.1013,  5.875068,  0.884,  0.0919,  0.2954,  36.6972,  31 Jul 2018 13:24:08
# 28.0994,  5.874621,  0.835,  0.0967,  0.3164,  36.6956,  31 Jul 2018 13:28:08
# 28.0905,  5.873799,  0.879,  0.0919,  0.2680,  36.6967,  31 Jul 2018 13:32:08
# 28.1063,  5.876101,  0.887,  0.0945,  0.3278,  36.7006,  31 Jul 2018 13:36:08
# 28.0825,  5.874532,  0.870,  0.0907,  0.2860,  36.7081,  31 Jul 2018 13:40:08
# 28.0937,  5.875475,  0.865,  0.0945,  0.3593,  36.7060,  31 Jul 2018 13:44:08
# 28.0725,  5.873035,  0.870,  0.0958,  0.2943,  36.7053,  31 Jul 2018 13:48:08
# 28.0545,  5.870718,  0.870,  0.0944,  0.3641,  36.7030,  31 Jul 2018 13:52:08
# 28.0079,  5.866970,  0.891,  0.0930,  0.2654,  36.7129,  31 Jul 2018 13:56:08
