# 24.0761,  5.096857,  0.779,  0.1183,  0.1963,  34.1405,  18 Feb 2018 14:01:23
# 24.0624,  5.094861,  0.770,  0.1173,  0.2148,  34.1360,  18 Feb 2018 14:05:23
# 24.0597,  5.095481,  0.781,  0.1173,  0.1828,  34.1427,  18 Feb 2018 14:09:23
# 24.0512,  5.092186,  0.760,  0.1085,  0.1685,  34.1244,  18 Feb 2018 14:13:23
# 24.0428,  5.090933,  0.775,  0.1112,  0.1878,  34.1215,  18 Feb 2018 14:17:23
# 24.0422,  5.082307,  0.777,  0.1233,  0.2048,  34.0569,  18 Feb 2018 14:21:23
# 24.0409,  5.075222,  0.773,  0.1281,  0.1840,  34.0046,  18 Feb 2018 14:25:23
# 24.0406,  5.069736,  0.779,  0.1367,  0.1733,  33.9636,  18 Feb 2018 14:29:23
# 24.0316,  5.077642,  0.783,  0.1160,  0.1696,  34.0299,  18 Feb 2018 14:33:23
# 24.0191,  5.086952,  0.786,  0.1196,  0.1863,  34.1096,  18 Feb 2018 14:37:23
# 24.0160,  5.078803,  0.794,  0.1247,  0.1801,  34.0506,  18 Feb 2018 14:41:23
# 24.0104,  5.081216,  0.800,  0.1282,  0.1840,  34.0730,  18 Feb 2018 14:45:23
# 24.0104,  5.091560,  0.770,  0.1273,  0.2023,  34.1509,  18 Feb 2018 14:49:23
# 24.0018,  5.068333,  0.808,  0.1355,  0.1839,  33.9826,  18 Feb 2018 14:53:23
# 23.9958,  5.053918,  0.811,  0.1321,  0.1692,  33.8787,  18 Feb 2018 14:57:23
# 23.9944,  5.051724,  0.803,  0.1342,  0.1939,  33.8632,  18 Feb 2018 15:01:23
# 23.9982,  5.049835,  0.804,  0.1243,  0.1926,  33.8461,  18 Feb 2018 15:05:23
# 24.0001,  5.063658,  0.822,  0.1382,  0.1704,  33.9487,  18 Feb 2018 15:09:23
# 23.9911,  5.060959,  0.806,  0.1270,  0.1852,  33.9352,  18 Feb 2018 15:13:23
# 23.9805,  5.082232,  0.834,  0.1273,  0.1839,  34.1036,  18 Feb 2018 15:17:23
# 23.9657,  5.085448,  0.841,  0.1212,  0.1732,  34.1391,  18 Feb 2018 15:21:23
# 23.9517,  5.074865,  0.838,  0.1197,  0.1696,  34.0701,  18 Feb 2018 15:25:23
# 23.9448,  5.076430,  0.843,  0.1258,  0.1804,  34.0871,  18 Feb 2018 15:29:23
# 23.9438,  5.074965,  0.854,  0.1197,  0.1646,  34.0769,  18 Feb 2018 15:33:23
# 23.9401,  5.063026,  0.846,  0.1161,  0.1646,  33.9897,  18 Feb 2018 15:37:23
# 23.9383,  5.071592,  0.850,  0.1295,  0.1720,  34.0556,  18 Feb 2018 15:41:23
# 23.9355,  5.076003,  0.840,  0.1344,  0.1743,  34.0910,  18 Feb 2018 15:45:23
# 23.9315,  5.073866,  0.871,  0.1394,  0.1696,  34.0780,  18 Feb 2018 15:49:23
# 23.9233,  5.080255,  0.865,  0.1308,  0.1659,  34.1325,  18 Feb 2018 15:53:23
# 23.9126,  5.072363,  0.847,  0.1198,  0.1704,  34.0811,  18 Feb 2018 15:57:23
# 23.9065,  5.081859,  0.860,  0.1257,  0.1695,  34.1575,  18 Feb 2018 16:01:23
# 23.9028,  5.076851,  0.881,  0.1221,  0.1506,  34.1225,  18 Feb 2018 16:05:23
# 23.8933,  5.061632,  0.869,  0.1234,  0.1598,  34.0149,  18 Feb 2018 16:09:23
# 23.8877,  5.046928,  0.864,  0.1366,  0.1852,  33.9083,  18 Feb 2018 16:13:23
# 23.8757,  5.041957,  0.878,  0.1197,  0.1768,  33.8798,  18 Feb 2018 16:17:23
# 23.8763,  5.047552,  0.893,  0.1223,  0.1828,  33.9217,  18 Feb 2018 16:21:23
# 23.8804,  5.054019,  0.883,  0.1236,  0.1670,  33.9673,  18 Feb 2018 16:25:23
# 23.8756,  5.052015,  0.882,  0.1223,  0.1756,  33.9558,  18 Feb 2018 16:29:23
# 23.8636,  5.044301,  0.888,  0.1272,  0.1891,  33.9068,  18 Feb 2018 16:33:23
# 23.8714,  5.052685,  0.895,  0.1347,  0.1519,  33.9641,  18 Feb 2018 16:37:23
# 23.8549,  5.042825,  0.895,  0.1247,  0.1789,  33.9023,  18 Feb 2018 16:41:23
# 23.8420,  5.036076,  0.910,  0.1321,  0.1732,  33.8611,  18 Feb 2018 16:45:23
# 23.8421,  5.040352,  0.894,  0.1273,  0.1659,  33.8933,  18 Feb 2018 16:49:23
# 23.8320,  5.035300,  0.903,  0.1187,  0.1697,  33.8629,  18 Feb 2018 16:53:23
# 23.7730,  4.989030,  0.904,  0.1333,  0.1659,  33.5584,  18 Feb 2018 16:57:23
# 23.7349,  4.956883,  0.906,  0.1490,  0.1672,  33.3444,  18 Feb 2018 17:01:23
# 23.7514,  4.967238,  0.885,  0.1566,  0.1854,  33.4101,  18 Feb 2018 17:05:23
# 23.7441,  4.956784,  0.914,  0.1728,  0.1938,  33.3367,  18 Feb 2018 17:09:23
# 23.8213,  5.002281,  0.917,  0.1597,  0.1949,  33.6219,  18 Feb 2018 17:13:23
# 23.8191,  5.000225,  0.898,  0.1646,  0.2111,  33.6080,  18 Feb 2018 17:17:23
# 23.8383,  5.007751,  0.911,  0.1610,  0.2123,  33.6502,  18 Feb 2018 17:21:23
# 23.8844,  5.034211,  0.930,  0.1585,  0.1951,  33.8148,  18 Feb 2018 17:25:23
# 23.8529,  5.049730,  0.928,  0.1826,  0.1997,  33.9560,  18 Feb 2018 17:29:23
# 23.8057,  5.030121,  0.924,  0.1656,  0.2516,  33.8439,  18 Feb 2018 17:33:23
# 23.7928,  5.020500,  0.923,  0.1656,  0.2245,  33.7810,  18 Feb 2018 17:37:23
# 23.8001,  5.014219,  0.928,  0.1656,  0.2235,  33.7280,  18 Feb 2018 17:41:23
# 23.8085,  5.026647,  0.922,  0.1730,  0.1780,  33.8154,  18 Feb 2018 17:45:23
# 23.7702,  5.001326,  0.919,  0.1392,  0.2218,  33.6533,  18 Feb 2018 17:49:23
# 23.7719,  5.005559,  0.935,  0.1491,  0.2159,  33.6840,  18 Feb 2018 17:53:23
# 23.7670,  5.005741,  0.920,  0.1321,  0.2183,  33.6891,  18 Feb 2018 17:57:23
# 23.7925,  5.025135,  0.921,  0.1540,  0.1984,  33.8162,  18 Feb 2018 18:01:23
# 23.7907,  5.025629,  0.918,  0.1579,  0.2131,  33.8213,  18 Feb 2018 18:05:23
# 23.7569,  4.995760,  0.921,  0.1294,  0.2325,  33.6214,  18 Feb 2018 18:09:23
# 23.7276,  4.959044,  0.929,  0.1319,  0.2386,  33.3662,  18 Feb 2018 18:13:23
# 23.7440,  4.977255,  0.941,  0.1270,  0.2218,  33.4913,  18 Feb 2018 18:17:23
# 23.7420,  4.980904,  0.932,  0.1281,  0.2398,  33.5204,  18 Feb 2018 18:21:23
# 23.7669,  4.995700,  0.932,  0.1355,  0.2243,  33.6133,  18 Feb 2018 18:25:23
# 23.7821,  5.013095,  0.930,  0.1331,  0.2064,  33.7332,  18 Feb 2018 18:29:23
# 23.7815,  5.022027,  0.944,  0.1298,  0.2011,  33.8011,  18 Feb 2018 18:33:23
# 23.8073,  5.025104,  0.932,  0.1467,  0.1949,  33.8048,  18 Feb 2018 18:37:23
# 23.7616,  5.003207,  0.939,  0.1247,  0.1963,  33.6740,  18 Feb 2018 18:41:23
# 23.7149,  4.969198,  0.937,  0.1232,  0.2290,  33.4524,  18 Feb 2018 18:45:23
# 23.7018,  4.964109,  0.925,  0.1184,  0.2407,  33.4239,  18 Feb 2018 18:49:23
# 23.7475,  5.000431,  0.944,  0.1418,  0.2362,  33.6637,  18 Feb 2018 18:53:23
# 23.7524,  5.008162,  0.938,  0.1321,  0.2350,  33.7184,  18 Feb 2018 18:57:23
# 23.7615,  5.029278,  0.937,  0.1393,  0.2244,  33.8711,  18 Feb 2018 19:01:23
# 23.7578,  5.030320,  0.943,  0.1345,  0.2065,  33.8818,  18 Feb 2018 19:05:23
# 23.7473,  5.041685,  0.950,  0.1224,  0.2075,  33.9758,  18 Feb 2018 19:09:23
# 23.7240,  5.030267,  0.947,  0.1188,  0.2131,  33.9072,  18 Feb 2018 19:13:23
# 23.7253,  5.047006,  0.939,  0.1247,  0.2182,  34.0330,  18 Feb 2018 19:17:23
# 23.7197,  5.054509,  0.929,  0.1137,  0.2012,  34.0941,  18 Feb 2018 19:21:23
# 23.7076,  5.057145,  0.956,  0.1147,  0.1999,  34.1234,  18 Feb 2018 19:25:23
# 23.6997,  5.056292,  0.944,  0.1038,  0.1854,  34.1230,  18 Feb 2018 19:29:23
# 23.6754,  5.045797,  0.939,  0.1012,  0.2034,  34.0621,  18 Feb 2018 19:33:23
# 23.6879,  5.050662,  0.945,  0.1052,  0.2650,  34.0894,  18 Feb 2018 19:37:23
# 23.6962,  5.048225,  0.947,  0.1185,  0.1988,  34.0646,  18 Feb 2018 19:41:23
# 23.7017,  5.048362,  0.919,  0.1148,  0.1888,  34.0614,  18 Feb 2018 19:45:23
# 23.6896,  5.047007,  0.945,  0.1061,  0.1984,  34.0604,  18 Feb 2018 19:49:23
# 23.6965,  5.051409,  0.956,  0.1122,  0.1926,  34.0884,  18 Feb 2018 19:53:23
# 23.6896,  5.050061,  0.951,  0.1147,  0.1852,  34.0835,  18 Feb 2018 19:57:23
# 23.7027,  5.057214,  0.935,  0.1109,  0.1766,  34.1276,  18 Feb 2018 20:01:23
# 23.7088,  5.045103,  0.928,  0.1186,  0.2245,  34.0312,  18 Feb 2018 20:05:23
# 23.7059,  5.037158,  0.940,  0.1147,  0.2112,  33.9733,  18 Feb 2018 20:09:23
# 23.7082,  5.034633,  0.940,  0.1172,  0.2012,  33.9524,  18 Feb 2018 20:13:23
# 23.6840,  5.037189,  0.922,  0.1089,  0.2036,  33.9903,  18 Feb 2018 20:17:23
# 23.6498,  5.015178,  0.930,  0.1050,  0.2111,  33.8497,  18 Feb 2018 20:21:23
# 23.6432,  5.022083,  0.933,  0.1110,  0.2184,  33.9070,  18 Feb 2018 20:25:23
# 23.6413,  5.041656,  0.923,  0.1098,  0.1780,  34.0569,  18 Feb 2018 20:29:23
# 23.6370,  5.039160,  0.919,  0.1023,  0.1862,  34.0413,  18 Feb 2018 20:33:23
# 23.6732,  5.049924,  0.922,  0.1214,  0.2124,  34.0951,  18 Feb 2018 20:37:23
# 23.6807,  5.049969,  0.925,  0.1096,  0.2010,  34.0896,  18 Feb 2018 20:41:23
# 23.6742,  5.044700,  0.914,  0.1088,  0.1963,  34.0547,  18 Feb 2018 20:45:23
# 23.6770,  5.038741,  0.903,  0.1147,  0.1940,  34.0074,  18 Feb 2018 20:49:23
# 23.6858,  5.034458,  0.903,  0.1198,  0.2061,  33.9682,  18 Feb 2018 20:53:23
# 23.6543,  5.025297,  0.898,  0.1049,  0.1998,  33.9229,  18 Feb 2018 20:57:23
# 23.6307,  5.012134,  0.897,  0.1038,  0.1984,  33.8411,  18 Feb 2018 21:01:23
# 23.6044,  5.001746,  0.896,  0.1051,  0.1985,  33.7825,  18 Feb 2018 21:05:23
# 23.5880,  4.991799,  0.879,  0.1048,  0.2085,  33.7196,  18 Feb 2018 21:09:23
# 23.6056,  5.003263,  0.877,  0.0986,  0.1964,  33.7931,  18 Feb 2018 21:13:23
# 23.6240,  5.016811,  0.881,  0.1048,  0.1987,  33.8818,  18 Feb 2018 21:17:23
# 23.6483,  5.022022,  0.852,  0.1222,  0.2131,  33.9027,  18 Feb 2018 21:21:23
# 23.6956,  5.031317,  0.860,  0.1247,  0.2294,  33.9369,  18 Feb 2018 21:25:23
# 23.6321,  4.989813,  0.855,  0.1211,  0.2325,  33.6710,  18 Feb 2018 21:29:23
# 23.6072,  4.970871,  0.840,  0.1198,  0.2184,  33.5464,  18 Feb 2018 21:33:23
# 23.6257,  4.956983,  0.853,  0.1298,  0.2136,  33.4274,  18 Feb 2018 21:37:23
# 23.7102,  4.980761,  0.843,  0.1344,  0.2204,  33.5433,  18 Feb 2018 21:41:23
# 23.8147,  5.003897,  0.850,  0.1491,  0.2049,  33.6390,  18 Feb 2018 21:45:23
# 23.8656,  5.025453,  0.845,  0.1643,  0.2149,  33.7631,  18 Feb 2018 21:49:23
# 23.8579,  5.030934,  0.830,  0.1551,  0.2123,  33.8103,  18 Feb 2018 21:53:23
# 23.8161,  5.023273,  0.831,  0.1366,  0.2157,  33.7842,  18 Feb 2018 21:57:23
# 23.8004,  5.015616,  0.822,  0.1406,  0.2231,  33.7384,  18 Feb 2018 22:01:23
# 23.7509,  5.000075,  0.824,  0.1280,  0.2209,  33.6585,  18 Feb 2018 22:05:23
# 23.7169,  4.983017,  0.812,  0.1197,  0.2110,  33.5554,  18 Feb 2018 22:09:23
# 23.7085,  4.963685,  0.824,  0.1259,  0.2156,  33.4156,  18 Feb 2018 22:13:23
# 23.7453,  4.978936,  0.824,  0.1476,  0.2324,  33.5031,  18 Feb 2018 22:17:23
# 23.7660,  4.996450,  0.808,  0.1394,  0.2181,  33.6197,  18 Feb 2018 22:21:23
# 23.8219,  5.023766,  0.800,  0.1540,  0.2000,  33.7835,  18 Feb 2018 22:25:23
# 23.8369,  5.035703,  0.812,  0.1529,  0.1951,  33.8622,  18 Feb 2018 22:29:23
# 23.8480,  5.041866,  0.805,  0.1504,  0.2169,  33.9003,  18 Feb 2018 22:33:23
# 23.8498,  5.042878,  0.791,  0.1393,  0.2132,  33.9066,  18 Feb 2018 22:37:23
# 23.8282,  5.037445,  0.803,  0.1489,  0.2150,  33.8820,  18 Feb 2018 22:41:23
# 23.8222,  5.041166,  0.780,  0.1553,  0.2335,  33.9147,  18 Feb 2018 22:45:23
# 23.7877,  5.021769,  0.788,  0.1382,  0.2049,  33.7945,  18 Feb 2018 22:49:23
# 23.7493,  5.001159,  0.796,  0.1456,  0.2349,  33.6679,  18 Feb 2018 22:53:23
# 23.7315,  4.996853,  0.781,  0.1456,  0.2245,  33.6489,  18 Feb 2018 22:57:23
# 23.7113,  4.991903,  0.776,  0.1489,  0.2554,  33.6268,  18 Feb 2018 23:01:23
# 23.7308,  5.005370,  0.784,  0.1553,  0.2314,  33.7138,  18 Feb 2018 23:05:23
# 23.7496,  5.012367,  0.793,  0.1575,  0.2829,  33.7524,  18 Feb 2018 23:09:23
# 23.7522,  5.013035,  0.786,  0.1504,  0.4134,  33.7555,  18 Feb 2018 23:13:23
# 23.7601,  5.017667,  0.786,  0.1431,  0.2335,  33.7845,  18 Feb 2018 23:17:23
# 23.6689,  5.000781,  0.780,  0.1454,  0.2259,  33.7261,  18 Feb 2018 23:21:23
# 23.5995,  4.975441,  0.797,  0.1346,  0.2219,  33.5869,  18 Feb 2018 23:25:23
# 23.6102,  4.990147,  0.772,  0.1353,  0.2120,  33.6902,  18 Feb 2018 23:29:23
# 23.6257,  4.998029,  0.772,  0.1295,  0.2061,  33.7382,  18 Feb 2018 23:33:23
# 23.6348,  5.007003,  0.793,  0.1417,  0.2194,  33.7992,  18 Feb 2018 23:37:23
# 23.6269,  5.019606,  0.778,  0.1370,  0.2412,  33.9007,  18 Feb 2018 23:41:23
# 23.5992,  5.024028,  0.782,  0.1186,  0.2023,  33.9555,  18 Feb 2018 23:45:23
# 23.5436,  5.023976,  0.780,  0.1222,  0.2086,  33.9978,  18 Feb 2018 23:49:23
# 23.5143,  5.009380,  0.780,  0.1088,  0.2000,  33.9093,  18 Feb 2018 23:53:23
# 23.4903,  5.016137,  0.774,  0.1096,  0.1927,  33.9791,  18 Feb 2018 23:57:23
# 23.4526,  4.998988,  0.778,  0.1196,  0.2097,  33.8776,  19 Feb 2018 00:01:23
# 23.4383,  4.974982,  0.783,  0.1247,  0.2087,  33.7059,  19 Feb 2018 00:05:23
# 23.4766,  4.996584,  0.798,  0.1234,  0.2398,  33.8409,  19 Feb 2018 00:09:23
# 23.4549,  4.967175,  0.804,  0.1369,  0.2206,  33.6340,  19 Feb 2018 00:13:23
# 23.4116,  4.961611,  0.776,  0.1517,  0.2323,  33.6246,  19 Feb 2018 00:17:23
# 23.3858,  4.963033,  0.805,  0.1479,  0.2235,  33.6550,  19 Feb 2018 00:21:23
# 23.4220,  4.979342,  0.792,  0.1370,  0.2206,  33.7516,  19 Feb 2018 00:25:23
# 23.3938,  4.971987,  0.796,  0.1407,  0.2243,  33.7171,  19 Feb 2018 00:29:23
# 23.4197,  4.986044,  0.815,  0.1383,  0.1880,  33.8043,  19 Feb 2018 00:33:23
# 23.3929,  4.976141,  0.805,  0.1370,  0.2383,  33.7495,  19 Feb 2018 00:37:23
# 23.3877,  4.979388,  0.803,  0.1345,  0.2493,  33.7781,  19 Feb 2018 00:41:23
# 23.3766,  4.978200,  0.807,  0.1321,  0.2098,  33.7775,  19 Feb 2018 00:45:23
# 23.3440,  4.959609,  0.818,  0.1173,  0.2026,  33.6609,  19 Feb 2018 00:49:23
# 23.2814,  4.938597,  0.814,  0.1419,  0.2387,  33.5485,  19 Feb 2018 00:53:23
# 23.3107,  4.962240,  0.811,  0.1346,  0.2183,  33.7063,  19 Feb 2018 00:57:23
# 23.3371,  4.970437,  0.821,  0.1347,  0.2171,  33.7486,  19 Feb 2018 01:01:23
# 23.3580,  4.979388,  0.818,  0.1245,  0.2197,  33.8008,  19 Feb 2018 01:05:23
# 23.3847,  4.994167,  0.816,  0.1150,  0.2195,  33.8930,  19 Feb 2018 01:09:23
# 23.3833,  4.992522,  0.835,  0.1393,  0.2135,  33.8815,  19 Feb 2018 01:13:23
# 23.3770,  4.985393,  0.806,  0.1356,  0.2258,  33.8321,  19 Feb 2018 01:17:23
# 23.3523,  4.969793,  0.827,  0.1386,  0.2457,  33.7321,  19 Feb 2018 01:21:23
# 23.3315,  4.963744,  0.830,  0.1334,  0.2360,  33.7019,  19 Feb 2018 01:25:23
# 23.2693,  4.945849,  0.836,  0.1284,  0.2325,  33.6129,  19 Feb 2018 01:29:23
# 23.2837,  4.941879,  0.824,  0.1320,  0.2233,  33.5717,  19 Feb 2018 01:33:23
# 23.3284,  4.962361,  0.832,  0.1222,  0.2206,  33.6937,  19 Feb 2018 01:37:23
# 23.3654,  4.980191,  0.843,  0.1247,  0.2082,  33.8012,  19 Feb 2018 01:41:23
# 23.3828,  4.988953,  0.844,  0.1320,  0.2208,  33.8547,  19 Feb 2018 01:45:23
# 23.3775,  4.987628,  0.860,  0.1150,  0.1938,  33.8487,  19 Feb 2018 01:49:23
# 23.3411,  4.970179,  0.865,  0.1186,  0.1939,  33.7436,  19 Feb 2018 01:53:23
# 23.3469,  4.973523,  0.868,  0.1247,  0.1985,  33.7646,  19 Feb 2018 01:57:23
# 23.3511,  4.974613,  0.875,  0.1123,  0.2147,  33.7697,  19 Feb 2018 02:01:23
# 23.3658,  4.980683,  0.865,  0.1149,  0.2049,  33.8047,  19 Feb 2018 02:05:23
# 23.3601,  4.975483,  0.885,  0.1135,  0.2280,  33.7694,  19 Feb 2018 02:09:23
# 23.3991,  4.995220,  0.888,  0.1174,  0.2208,  33.8899,  19 Feb 2018 02:13:23
# 23.4107,  4.998450,  0.886,  0.1261,  0.2171,  33.9056,  19 Feb 2018 02:17:23
# 23.4298,  5.007325,  0.895,  0.1223,  0.1902,  33.9585,  19 Feb 2018 02:21:23
# 23.4308,  5.008031,  0.896,  0.1163,  0.2062,  33.9631,  19 Feb 2018 02:25:23
# 23.4127,  4.998806,  0.902,  0.1271,  0.2086,  33.9068,  19 Feb 2018 02:29:23
# 23.4255,  5.004980,  0.898,  0.1225,  0.1976,  33.9439,  19 Feb 2018 02:33:23
# 23.4341,  5.011742,  0.913,  0.1250,  0.1938,  33.9888,  19 Feb 2018 02:37:23
# 23.4509,  5.019366,  0.912,  0.1124,  0.1828,  34.0339,  19 Feb 2018 02:41:23
# 23.4528,  5.020141,  0.919,  0.1125,  0.1864,  34.0384,  19 Feb 2018 02:45:23
# 23.4473,  5.016222,  0.928,  0.1147,  0.1878,  34.0127,  19 Feb 2018 02:49:23
# 23.4690,  5.022199,  0.936,  0.1162,  0.1925,  34.0416,  19 Feb 2018 02:53:23
# 23.4738,  5.025475,  0.937,  0.1186,  0.1948,  34.0628,  19 Feb 2018 02:57:23
# 23.4929,  5.035389,  0.934,  0.1125,  0.1732,  34.1235,  19 Feb 2018 03:01:23
# 23.4929,  5.034773,  0.938,  0.1048,  0.1878,  34.1188,  19 Feb 2018 03:05:23
# 23.5128,  5.042313,  0.949,  0.1124,  0.1807,  34.1609,  19 Feb 2018 03:09:23
# 23.5203,  5.045076,  0.948,  0.1126,  0.1694,  34.1761,  19 Feb 2018 03:13:23
# 23.5176,  5.041468,  0.948,  0.1148,  0.1793,  34.1507,  19 Feb 2018 03:17:23
# 23.5320,  5.045510,  0.961,  0.1126,  0.1632,  34.1703,  19 Feb 2018 03:21:23
# 23.5340,  5.045601,  0.941,  0.1136,  0.1623,  34.1695,  19 Feb 2018 03:25:23
# 23.5508,  5.043561,  0.966,  0.1137,  0.1733,  34.1410,  19 Feb 2018 03:29:23
# 23.5559,  5.045327,  0.954,  0.1151,  0.1717,  34.1505,  19 Feb 2018 03:33:23
# 23.5968,  5.050755,  0.965,  0.1308,  0.1936,  34.1602,  19 Feb 2018 03:37:23
# 23.6321,  5.052034,  0.974,  0.1346,  0.1791,  34.1427,  19 Feb 2018 03:41:23
# 23.6105,  5.039693,  0.982,  0.1257,  0.1894,  34.0657,  19 Feb 2018 03:45:23
# 23.5266,  5.018347,  0.987,  0.1250,  0.2371,  33.9680,  19 Feb 2018 03:49:23
# 23.5282,  5.015339,  0.979,  0.1281,  0.1925,  33.9439,  19 Feb 2018 03:53:23
# 23.5083,  5.003985,  0.989,  0.1234,  0.2037,  33.8728,  19 Feb 2018 03:57:23
# 23.5158,  5.010670,  0.992,  0.1245,  0.1829,  33.9179,  19 Feb 2018 04:01:23
# 23.5165,  5.012887,  0.993,  0.1283,  0.1840,  33.9342,  19 Feb 2018 04:05:23
# 23.4948,  5.004714,  0.994,  0.1160,  0.1938,  33.8888,  19 Feb 2018 04:09:23
# 23.5158,  5.011718,  1.002,  0.1186,  0.1842,  33.9259,  19 Feb 2018 04:13:23
# 23.5388,  5.023498,  1.006,  0.1234,  0.1878,  33.9977,  19 Feb 2018 04:17:23
# 23.5522,  5.028141,  1.003,  0.1209,  0.1878,  34.0227,  19 Feb 2018 04:21:23
# 23.5530,  5.026173,  1.002,  0.1209,  0.2169,  34.0072,  19 Feb 2018 04:25:23
# 23.5584,  5.024455,  1.005,  0.1122,  0.1937,  33.9900,  19 Feb 2018 04:29:23
# 23.5665,  5.034148,  1.012,  0.1209,  0.2409,  34.0574,  19 Feb 2018 04:33:23
# 23.5559,  5.029951,  1.015,  0.1199,  0.2313,  34.0336,  19 Feb 2018 04:37:23
# 23.5664,  5.031768,  1.016,  0.1199,  0.2325,  34.0393,  19 Feb 2018 04:41:23
# 23.5568,  5.027267,  1.023,  0.1135,  0.2036,  34.0125,  19 Feb 2018 04:45:23
# 23.5658,  5.031311,  1.022,  0.1221,  0.2197,  34.0364,  19 Feb 2018 04:49:23
# 23.5886,  5.038963,  1.025,  0.1183,  0.1950,  34.0770,  19 Feb 2018 04:53:23
# 23.5639,  5.026180,  1.022,  0.1173,  0.2423,  33.9988,  19 Feb 2018 04:57:23
# 23.5432,  5.018119,  1.024,  0.1099,  0.2196,  33.9535,  19 Feb 2018 05:01:23
# 23.5674,  5.024249,  1.029,  0.1175,  0.2818,  33.9815,  19 Feb 2018 05:05:23
# 23.5843,  5.027723,  1.017,  0.1247,  0.1989,  33.9949,  19 Feb 2018 05:09:23
# 23.5793,  5.025169,  1.023,  0.1175,  0.1949,  33.9794,  19 Feb 2018 05:13:23
# 23.6161,  5.037357,  1.036,  0.1262,  0.2123,  34.0436,  19 Feb 2018 05:17:23
# 23.6549,  5.053329,  1.037,  0.1309,  0.1889,  34.1349,  19 Feb 2018 05:21:23
# 23.6348,  5.043795,  1.030,  0.1161,  0.1952,  34.0781,  19 Feb 2018 05:25:23
# 23.6347,  5.041192,  1.038,  0.1188,  0.1952,  34.0584,  19 Feb 2018 05:29:23
# 23.5989,  5.025070,  1.042,  0.1136,  0.2109,  33.9636,  19 Feb 2018 05:33:23
# 23.6025,  5.022509,  1.034,  0.1173,  0.1946,  33.9414,  19 Feb 2018 05:37:23
# 23.6406,  5.034383,  1.046,  0.1393,  0.1949,  34.0023,  19 Feb 2018 05:41:23
# 23.6404,  5.031402,  1.034,  0.1331,  0.2306,  33.9798,  19 Feb 2018 05:45:23
# 23.6427,  5.036269,  1.044,  0.1369,  0.2133,  34.0149,  19 Feb 2018 05:49:23
# 23.6551,  5.042029,  1.045,  0.1284,  0.2036,  34.0491,  19 Feb 2018 05:53:23
# 23.6464,  5.041161,  1.032,  0.1210,  0.2122,  34.0492,  19 Feb 2018 05:57:23
# 23.6125,  5.028878,  1.045,  0.1282,  0.2111,  33.9820,  19 Feb 2018 06:01:23
# 23.6205,  5.030649,  1.037,  0.1272,  0.2073,  33.9893,  19 Feb 2018 06:05:23
# 23.6377,  5.039328,  1.041,  0.1355,  0.2011,  34.0420,  19 Feb 2018 06:09:23
# 23.6481,  5.042181,  1.041,  0.1355,  0.2270,  34.0556,  19 Feb 2018 06:13:23
# 23.6738,  5.049368,  1.044,  0.1308,  0.2528,  34.0903,  19 Feb 2018 06:17:23
# 23.6445,  5.038863,  1.045,  0.1322,  0.2279,  34.0332,  19 Feb 2018 06:21:23
# 23.6767,  5.050465,  1.041,  0.1332,  0.2244,  34.0964,  19 Feb 2018 06:25:23
# 23.6069,  5.023876,  1.045,  0.1221,  0.2291,  33.9484,  19 Feb 2018 06:29:23
# 23.6013,  5.022539,  1.047,  0.1208,  0.2146,  33.9425,  19 Feb 2018 06:33:23
# 23.5966,  5.035053,  1.041,  0.1207,  0.2829,  34.0411,  19 Feb 2018 06:37:23
# 23.5777,  5.035083,  1.037,  0.1260,  0.2819,  34.0559,  19 Feb 2018 06:41:23
# 23.5659,  5.042122,  1.043,  0.1259,  0.2349,  34.1184,  19 Feb 2018 06:45:23
# 23.5519,  5.041399,  1.038,  0.1270,  0.3343,  34.1237,  19 Feb 2018 06:49:23
# 23.5150,  5.031046,  1.044,  0.1221,  0.2745,  34.0734,  19 Feb 2018 06:53:23
# 23.5232,  5.034385,  1.030,  0.1136,  0.2723,  34.0925,  19 Feb 2018 06:57:23
# 23.5069,  5.034590,  1.030,  0.1109,  0.2783,  34.1066,  19 Feb 2018 07:01:23
# 23.4404,  5.003440,  1.032,  0.1087,  0.2360,  33.9207,  19 Feb 2018 07:05:23
# 23.4378,  5.004730,  1.023,  0.1073,  0.2432,  33.9326,  19 Feb 2018 07:09:23
# 23.4576,  5.021288,  1.029,  0.1113,  0.2431,  34.0434,  19 Feb 2018 07:13:23
# 23.4967,  5.039421,  1.038,  0.1209,  0.2360,  34.1513,  19 Feb 2018 07:17:23
# 23.4733,  5.039543,  1.032,  0.1135,  0.2878,  34.1703,  19 Feb 2018 07:21:23
# 23.4555,  5.033374,  1.021,  0.1124,  0.2531,  34.1370,  19 Feb 2018 07:25:23
# 23.4520,  5.035854,  1.011,  0.1086,  0.2792,  34.1587,  19 Feb 2018 07:29:23
# 23.4401,  5.032287,  1.027,  0.1050,  0.2782,  34.1406,  19 Feb 2018 07:33:23
# 23.4473,  5.037193,  1.007,  0.1048,  0.2410,  34.1724,  19 Feb 2018 07:37:23
# 23.4263,  5.030112,  1.009,  0.1088,  0.2855,  34.1348,  19 Feb 2018 07:41:23
# 23.4121,  5.024510,  1.004,  0.1061,  0.2542,  34.1030,  19 Feb 2018 07:45:23
# 23.4116,  5.023644,  0.995,  0.1025,  0.2505,  34.0968,  19 Feb 2018 07:49:23
# 23.3930,  5.006703,  1.020,  0.1073,  0.2640,  33.9821,  19 Feb 2018 07:53:23
# 23.4114,  5.013473,  1.009,  0.1036,  0.2494,  34.0195,  19 Feb 2018 07:57:23
# 23.4322,  5.027277,  1.004,  0.1051,  0.2374,  34.1085,  19 Feb 2018 08:01:23
# 23.4487,  5.036249,  1.005,  0.1064,  0.2592,  34.1642,  19 Feb 2018 08:05:23
# 23.4356,  5.031861,  1.010,  0.1087,  0.2361,  34.1409,  19 Feb 2018 08:09:23
# 23.4227,  5.026821,  1.013,  0.1077,  0.2325,  34.1124,  19 Feb 2018 08:13:23
# 23.4256,  5.026767,  1.014,  0.1051,  0.2467,  34.1098,  19 Feb 2018 08:17:23
# 23.4594,  5.038121,  1.008,  0.1061,  0.2502,  34.1702,  19 Feb 2018 08:21:23
# 23.4311,  5.037999,  1.009,  0.1050,  0.2460,  34.1911,  19 Feb 2018 08:25:23
# 23.4041,  5.032097,  0.967,  0.1048,  0.2616,  34.1671,  19 Feb 2018 08:29:23
# 23.3826,  5.030813,  1.006,  0.1025,  0.2831,  34.1739,  19 Feb 2018 08:33:23
# 23.3373,  5.026442,  0.997,  0.1023,  0.2818,  34.1756,  19 Feb 2018 08:37:23
# 23.3300,  5.020606,  0.980,  0.1014,  0.2695,  34.1367,  19 Feb 2018 08:41:23
# 23.3182,  5.017363,  0.988,  0.1040,  0.2554,  34.1210,  19 Feb 2018 08:45:23
# 23.2754,  5.015138,  0.961,  0.1012,  0.2605,  34.1371,  19 Feb 2018 08:49:23
# 23.2646,  5.004361,  0.966,  0.0999,  0.2721,  34.0632,  19 Feb 2018 08:53:23
# 23.2595,  5.006690,  0.950,  0.0977,  0.2782,  34.0849,  19 Feb 2018 08:57:23
# 23.2840,  5.014075,  0.978,  0.0964,  0.2422,  34.1224,  19 Feb 2018 09:01:23
# 23.3012,  5.017978,  0.935,  0.0990,  0.2733,  34.1389,  19 Feb 2018 09:05:23
# 23.3279,  5.019588,  0.957,  0.0961,  0.2782,  34.1305,  19 Feb 2018 09:09:23
# 23.3479,  5.016246,  0.957,  0.0938,  0.2831,  34.0896,  19 Feb 2018 09:13:23
# 23.3436,  5.013148,  0.955,  0.0977,  0.2677,  34.0693,  19 Feb 2018 09:17:23
# 23.3582,  5.015152,  0.952,  0.0926,  0.2854,  34.0733,  19 Feb 2018 09:21:23
# 23.3510,  5.018167,  0.938,  0.0938,  0.2818,  34.1018,  19 Feb 2018 09:25:23
# 23.3603,  5.020803,  0.913,  0.0929,  0.2950,  34.1148,  19 Feb 2018 09:29:23
# 23.3822,  5.022490,  0.938,  0.0890,  0.2483,  34.1107,  19 Feb 2018 09:33:23
# 23.4069,  5.015151,  0.922,  0.0925,  0.2531,  34.0357,  19 Feb 2018 09:37:23
# 23.4143,  5.028334,  0.904,  0.0977,  0.2732,  34.1305,  19 Feb 2018 09:41:23
# 23.4484,  5.012994,  0.907,  0.0964,  0.2470,  33.9874,  19 Feb 2018 09:45:23
# 23.4549,  5.020832,  0.886,  0.0950,  0.2458,  34.0420,  19 Feb 2018 09:49:23
# 23.4826,  5.018522,  0.893,  0.0898,  0.2710,  34.0031,  19 Feb 2018 09:53:23
# 23.4961,  5.013852,  0.903,  0.0926,  0.2662,  33.9573,  19 Feb 2018 09:57:23
# 23.4935,  5.018203,  0.865,  0.0903,  0.2369,  33.9923,  19 Feb 2018 10:01:23
# 23.4941,  5.027488,  0.880,  0.0912,  0.2533,  34.0625,  19 Feb 2018 10:05:23
# 23.5027,  5.032917,  0.882,  0.0949,  0.2877,  34.0972,  19 Feb 2018 10:09:23
# 23.5149,  5.035176,  0.855,  0.0938,  0.2840,  34.1050,  19 Feb 2018 10:13:23
# 23.5347,  5.029951,  0.873,  0.0948,  0.2663,  34.0500,  19 Feb 2018 10:17:23
# 23.5230,  5.039276,  0.852,  0.0962,  0.2994,  34.1299,  19 Feb 2018 10:21:23
# 23.5324,  5.042122,  0.852,  0.0962,  0.2914,  34.1443,  19 Feb 2018 10:25:23
# 23.5466,  5.047230,  0.824,  0.0974,  0.2638,  34.1722,  19 Feb 2018 10:29:23
# 23.5621,  5.047138,  0.869,  0.0925,  0.2856,  34.1595,  19 Feb 2018 10:33:23
# 23.5900,  5.040470,  0.837,  0.0948,  0.2467,  34.0873,  19 Feb 2018 10:37:23
# 23.5973,  5.044762,  0.821,  0.0913,  0.2387,  34.1143,  19 Feb 2018 10:41:23
# 23.5893,  5.049605,  0.816,  0.0925,  0.2781,  34.1573,  19 Feb 2018 10:45:23
# 23.6073,  5.051639,  0.792,  0.0939,  0.2782,  34.1589,  19 Feb 2018 10:49:23
# 23.6183,  5.052895,  0.815,  0.0986,  0.2780,  34.1599,  19 Feb 2018 10:53:23
# 23.6243,  5.055326,  0.800,  0.0975,  0.2959,  34.1737,  19 Feb 2018 10:57:23
# 23.6479,  5.055836,  0.806,  0.0938,  0.2818,  34.1595,  19 Feb 2018 11:01:23
# 23.6947,  5.047624,  0.792,  0.0927,  0.2566,  34.0612,  19 Feb 2018 11:05:23
# 23.7181,  5.055454,  0.814,  0.0911,  0.2352,  34.1025,  19 Feb 2018 11:09:23
# 23.6961,  5.057953,  0.795,  0.0939,  0.3101,  34.1384,  19 Feb 2018 11:13:23
# 23.7329,  5.062077,  0.798,  0.0988,  0.2495,  34.1413,  19 Feb 2018 11:17:23
# 23.7766,  5.063746,  0.780,  0.0913,  0.2639,  34.1204,  19 Feb 2018 11:21:23
# 23.8103,  5.064546,  0.781,  0.0915,  0.2712,  34.1005,  19 Feb 2018 11:25:23
# 23.7949,  5.066887,  0.780,  0.0937,  0.3452,  34.1300,  19 Feb 2018 11:29:23
# 23.7628,  5.069413,  0.768,  0.0963,  0.3426,  34.1739,  19 Feb 2018 11:33:23
# 23.8099,  5.071998,  0.762,  0.0938,  0.2962,  34.1572,  19 Feb 2018 11:37:23
# 23.8050,  5.070121,  0.787,  0.0938,  0.2624,  34.1467,  19 Feb 2018 11:41:23
# 23.8077,  5.079425,  0.783,  0.0948,  0.2830,  34.2151,  19 Feb 2018 11:45:23
# 23.8327,  5.080616,  0.750,  0.0950,  0.2743,  34.2049,  19 Feb 2018 11:49:23
# 23.8197,  5.083144,  0.753,  0.0978,  0.3149,  34.2340,  19 Feb 2018 11:53:23
# 23.8324,  5.085565,  0.771,  0.1014,  0.3610,  34.2425,  19 Feb 2018 11:57:23
# 23.8579,  5.085198,  0.748,  0.1003,  0.3491,  34.2201,  19 Feb 2018 12:01:23
# 23.8657,  5.086786,  0.754,  0.0977,  0.3075,  34.2261,  19 Feb 2018 12:05:23
# 23.8649,  5.089912,  0.747,  0.0978,  0.3808,  34.2503,  19 Feb 2018 12:09:23
# 23.9230,  5.093572,  0.737,  0.0961,  0.2925,  34.2333,  19 Feb 2018 12:13:23
# 23.8903,  5.092005,  0.744,  0.0949,  0.3268,  34.2466,  19 Feb 2018 12:17:23
# 23.9001,  5.093671,  0.742,  0.0975,  0.2686,  34.2516,  19 Feb 2018 12:21:23
# 23.9416,  5.095360,  0.737,  0.0961,  0.2851,  34.2324,  19 Feb 2018 12:25:23
# 23.9186,  5.094229,  0.741,  0.0938,  0.2876,  34.2416,  19 Feb 2018 12:29:23
# 23.9758,  5.099367,  0.744,  0.0938,  0.3139,  34.2364,  19 Feb 2018 12:33:23
# 23.9515,  5.098304,  0.756,  0.0987,  0.3122,  34.2470,  19 Feb 2018 12:37:23
# 23.9951,  5.102074,  0.734,  0.0939,  0.3086,  34.2419,  19 Feb 2018 12:41:23
# 23.9804,  5.100384,  0.749,  0.0961,  0.3197,  34.2405,  19 Feb 2018 12:45:23
# 24.0016,  5.102923,  0.724,  0.0950,  0.3221,  34.2434,  19 Feb 2018 12:49:23
# 24.0251,  5.105187,  0.720,  0.0938,  0.3083,  34.2424,  19 Feb 2018 12:53:23
# 24.0715,  5.108454,  0.734,  0.0923,  0.2758,  34.2314,  19 Feb 2018 12:57:23
# 24.1228,  5.110719,  0.729,  0.0937,  0.3152,  34.2091,  19 Feb 2018 13:01:23
# 24.1192,  5.111393,  0.727,  0.0901,  0.2794,  34.2169,  19 Feb 2018 13:05:23
# 24.1446,  5.113889,  0.736,  0.0912,  0.2936,  34.2162,  19 Feb 2018 13:09:23
# 24.1646,  5.115075,  0.736,  0.0961,  0.3088,  34.2098,  19 Feb 2018 13:13:23
# 24.2161,  5.116790,  0.732,  0.0890,  0.2841,  34.1832,  19 Feb 2018 13:17:23
# 24.2622,  5.121194,  0.736,  0.0875,  0.2758,  34.1810,  19 Feb 2018 13:21:23
# 24.1957,  5.118131,  0.740,  0.0987,  0.3110,  34.2089,  19 Feb 2018 13:25:23
# 24.2081,  5.118873,  0.744,  0.0890,  0.2915,  34.2050,  19 Feb 2018 13:29:23
# 24.3161,  5.125178,  0.727,  0.0937,  0.2770,  34.1697,  19 Feb 2018 13:33:23
# 24.3394,  5.124457,  0.737,  0.0912,  0.2707,  34.1464,  19 Feb 2018 13:37:23
# 24.2478,  5.123095,  0.749,  0.0974,  0.3960,  34.2062,  19 Feb 2018 13:41:23
# 24.3376,  5.128267,  0.726,  0.0938,  0.2816,  34.1764,  19 Feb 2018 13:45:23
# 24.3200,  5.128865,  0.751,  0.0986,  0.3172,  34.1943,  19 Feb 2018 13:49:23
# 24.3224,  5.129670,  0.741,  0.0989,  0.3135,  34.1985,  19 Feb 2018 13:53:23
# 24.3366,  5.132131,  0.743,  0.0974,  0.2818,  34.2061,  19 Feb 2018 13:57:23
