# 25.4174,  5.262558,  0.762,  0.0972,  0.2746,  34.3516,  19 Apr 2018 14:02:05
# 25.3983,  5.261325,  0.781,  0.0886,  0.3064,  34.3570,  19 Apr 2018 14:06:05
# 25.4117,  5.262535,  0.785,  0.0884,  0.2946,  34.3557,  19 Apr 2018 14:10:05
# 25.4219,  5.263015,  0.770,  0.0960,  0.3327,  34.3515,  19 Apr 2018 14:14:05
# 25.4253,  5.262798,  0.788,  0.0951,  0.2849,  34.3473,  19 Apr 2018 14:18:05
# 25.4215,  5.262697,  0.784,  0.0949,  0.2875,  34.3495,  19 Apr 2018 14:22:05
# 25.4097,  5.261922,  0.795,  0.0933,  0.3055,  34.3527,  19 Apr 2018 14:26:05
# 25.4105,  5.261759,  0.804,  0.0912,  0.3053,  34.3509,  19 Apr 2018 14:30:05
# 25.4130,  5.261527,  0.813,  0.0936,  0.2721,  34.3473,  19 Apr 2018 14:34:05
# 25.4243,  5.262984,  0.813,  0.0951,  0.2418,  34.3494,  19 Apr 2018 14:38:05
# 25.4314,  5.262906,  0.799,  0.0971,  0.3440,  34.3435,  19 Apr 2018 14:42:05
# 25.4275,  5.263449,  0.817,  0.0923,  0.2731,  34.3505,  19 Apr 2018 14:46:05
# 25.4376,  5.264457,  0.798,  0.0923,  0.2861,  34.3502,  19 Apr 2018 14:50:05
# 25.4490,  5.264891,  0.810,  0.0938,  0.2934,  34.3448,  19 Apr 2018 14:54:05
# 25.4203,  5.263356,  0.832,  0.0949,  0.2753,  34.3552,  19 Apr 2018 14:58:05
# 25.4329,  5.265302,  0.849,  0.0950,  0.2850,  34.3600,  19 Apr 2018 15:02:05
# 25.4512,  5.266783,  0.846,  0.0925,  0.2719,  34.3570,  19 Apr 2018 15:06:05
# 25.4606,  5.267186,  0.860,  0.0950,  0.2827,  34.3529,  19 Apr 2018 15:10:05
# 25.4602,  5.266961,  0.848,  0.0934,  0.2612,  34.3515,  19 Apr 2018 15:14:05
# 25.4676,  5.268241,  0.849,  0.0951,  0.3065,  34.3552,  19 Apr 2018 15:18:05
# 25.4745,  5.269280,  0.884,  0.0924,  0.2779,  34.3577,  19 Apr 2018 15:22:05
# 25.4884,  5.270017,  0.876,  0.0972,  0.3111,  34.3526,  19 Apr 2018 15:26:05
# 25.4684,  5.268171,  0.895,  0.0934,  0.3475,  34.3541,  19 Apr 2018 15:30:05
# 25.4683,  5.267644,  0.880,  0.0974,  0.3065,  34.3503,  19 Apr 2018 15:34:05
# 25.4320,  5.265473,  0.888,  0.0970,  0.2732,  34.3619,  19 Apr 2018 15:38:05
# 25.4405,  5.266093,  0.896,  0.0925,  0.2573,  34.3600,  19 Apr 2018 15:42:05
# 25.4517,  5.266675,  0.917,  0.0958,  0.2961,  34.3558,  19 Apr 2018 15:46:05
# 25.4586,  5.267171,  0.915,  0.0947,  0.2718,  34.3542,  19 Apr 2018 15:50:05
# 25.4292,  5.265039,  0.885,  0.0986,  0.3731,  34.3608,  19 Apr 2018 15:54:05
# 25.4351,  5.265457,  0.917,  0.0960,  0.2924,  34.3594,  19 Apr 2018 15:58:05
# 25.4447,  5.265364,  0.912,  0.1034,  0.2887,  34.3515,  19 Apr 2018 16:02:05
# 25.4580,  5.264736,  0.939,  0.1061,  0.3120,  34.3368,  19 Apr 2018 16:06:05
# 25.4419,  5.265069,  0.945,  0.1024,  0.3130,  34.3514,  19 Apr 2018 16:10:05
# 25.4192,  5.263845,  0.945,  0.0996,  0.2729,  34.3596,  19 Apr 2018 16:14:05
# 25.4260,  5.264488,  0.953,  0.0987,  0.2708,  34.3591,  19 Apr 2018 16:18:05
# 25.4398,  5.264976,  0.955,  0.1049,  0.2634,  34.3523,  19 Apr 2018 16:22:05
# 25.4505,  5.265721,  0.956,  0.1010,  0.3133,  34.3497,  19 Apr 2018 16:26:05
# 25.4586,  5.267256,  0.957,  0.0998,  0.2805,  34.3548,  19 Apr 2018 16:30:05
# 25.4582,  5.267310,  0.976,  0.1046,  0.2815,  34.3555,  19 Apr 2018 16:34:05
# 25.4624,  5.266643,  0.977,  0.1061,  0.2817,  34.3475,  19 Apr 2018 16:38:05
# 25.4751,  5.265201,  0.982,  0.1083,  0.2634,  34.3273,  19 Apr 2018 16:42:05
# 25.4746,  5.264689,  0.991,  0.1084,  0.2468,  34.3239,  19 Apr 2018 16:46:05
# 25.4572,  5.266690,  0.988,  0.1060,  0.2959,  34.3517,  19 Apr 2018 16:50:05
# 25.4872,  5.264875,  1.000,  0.1196,  0.2804,  34.3157,  19 Apr 2018 16:54:05
# 25.4810,  5.264797,  1.006,  0.1170,  0.2599,  34.3198,  19 Apr 2018 16:58:05
# 25.4694,  5.264712,  0.999,  0.1119,  0.2780,  34.3280,  19 Apr 2018 17:02:05
# 25.4478,  5.264302,  1.010,  0.1082,  0.2757,  34.3413,  19 Apr 2018 17:06:05
# 25.4400,  5.264124,  1.014,  0.1082,  0.2647,  34.3459,  19 Apr 2018 17:10:05
# 25.4324,  5.263201,  1.027,  0.1071,  0.3230,  34.3448,  19 Apr 2018 17:14:05
# 25.4329,  5.262558,  1.027,  0.1085,  0.3007,  34.3398,  19 Apr 2018 17:18:05
# 25.4304,  5.262403,  1.035,  0.1049,  0.2782,  34.3405,  19 Apr 2018 17:22:05
# 25.4356,  5.262526,  1.039,  0.1071,  0.2563,  34.3375,  19 Apr 2018 17:26:05
# 25.4342,  5.262278,  1.036,  0.1047,  0.2789,  34.3367,  19 Apr 2018 17:30:05
# 25.4351,  5.260589,  1.046,  0.1160,  0.2637,  34.3236,  19 Apr 2018 17:34:05
# 25.4467,  5.259426,  1.052,  0.1197,  0.2671,  34.3064,  19 Apr 2018 17:38:05
# 25.4371,  5.260317,  1.052,  0.1183,  0.3135,  34.3201,  19 Apr 2018 17:42:05
# 25.4317,  5.260961,  1.054,  0.1107,  0.2802,  34.3289,  19 Apr 2018 17:46:05
# 25.4026,  5.262597,  1.056,  0.1046,  0.3006,  34.3629,  19 Apr 2018 17:50:05
# 25.3981,  5.262364,  1.062,  0.1034,  0.2536,  34.3646,  19 Apr 2018 17:54:05
# 25.3959,  5.262109,  1.067,  0.0970,  0.2416,  34.3644,  19 Apr 2018 17:58:05
# 25.4044,  5.260550,  1.069,  0.1035,  0.2467,  34.3465,  19 Apr 2018 18:02:05
# 25.4104,  5.260178,  1.074,  0.1046,  0.2503,  34.3393,  19 Apr 2018 18:06:05
# 25.4063,  5.260008,  1.076,  0.1059,  0.2563,  34.3411,  19 Apr 2018 18:10:05
# 25.3985,  5.260031,  1.082,  0.1121,  0.2923,  34.3472,  19 Apr 2018 18:14:05
# 25.3957,  5.259597,  1.087,  0.1083,  0.2708,  34.3461,  19 Apr 2018 18:18:05
# 25.4013,  5.259225,  1.088,  0.1110,  0.2491,  34.3392,  19 Apr 2018 18:22:05
# 25.4061,  5.258109,  1.086,  0.1183,  0.2731,  34.3273,  19 Apr 2018 18:26:05
# 25.3938,  5.258783,  1.094,  0.1147,  0.2612,  34.3416,  19 Apr 2018 18:30:05
# 25.3903,  5.257195,  1.098,  0.1221,  0.2837,  34.3326,  19 Apr 2018 18:34:05
# 25.3797,  5.258040,  1.098,  0.1122,  0.2814,  34.3468,  19 Apr 2018 18:38:05
# 25.3847,  5.257141,  1.099,  0.1184,  0.2984,  34.3364,  19 Apr 2018 18:42:05
# 25.3934,  5.255994,  1.104,  0.1306,  0.2634,  34.3214,  19 Apr 2018 18:46:05
# 25.3902,  5.256032,  1.102,  0.1195,  0.2710,  34.3241,  19 Apr 2018 18:50:05
# 25.3870,  5.255769,  1.107,  0.1246,  0.2535,  34.3246,  19 Apr 2018 18:54:05
# 25.3883,  5.254676,  1.108,  0.1209,  0.2827,  34.3156,  19 Apr 2018 18:58:05
# 25.3791,  5.254925,  1.112,  0.1267,  0.2949,  34.3244,  19 Apr 2018 19:02:05
# 25.3846,  5.252848,  1.109,  0.1379,  0.3400,  34.3050,  19 Apr 2018 19:06:05
# 25.3830,  5.253220,  1.114,  0.1341,  0.2804,  34.3089,  19 Apr 2018 19:10:05
# 25.3601,  5.254212,  1.114,  0.1354,  0.2921,  34.3335,  19 Apr 2018 19:14:05
# 25.3630,  5.252740,  1.112,  0.1271,  0.2946,  34.3205,  19 Apr 2018 19:18:05
# 25.3683,  5.252663,  1.116,  0.1451,  0.2789,  34.3159,  19 Apr 2018 19:22:05
# 25.3600,  5.253375,  1.119,  0.1320,  0.2766,  34.3274,  19 Apr 2018 19:26:05
# 25.3309,  5.254104,  1.117,  0.1182,  0.2791,  34.3547,  19 Apr 2018 19:30:05
# 25.3319,  5.253663,  1.114,  0.1257,  0.2789,  34.3507,  19 Apr 2018 19:34:05
# 25.3335,  5.253694,  1.116,  0.1186,  0.2728,  34.3498,  19 Apr 2018 19:38:05
# 25.3365,  5.252756,  1.115,  0.1343,  0.2908,  34.3406,  19 Apr 2018 19:42:05
# 25.3365,  5.250146,  1.112,  0.1255,  0.2611,  34.3214,  19 Apr 2018 19:46:05
# 25.3453,  5.249766,  1.115,  0.1331,  0.2409,  34.3120,  19 Apr 2018 19:50:05
# 25.3377,  5.252059,  1.113,  0.1254,  0.2767,  34.3346,  19 Apr 2018 19:54:05
# 25.3272,  5.251168,  1.113,  0.1294,  0.2779,  34.3360,  19 Apr 2018 19:58:05
# 25.3246,  5.251649,  1.117,  0.1195,  0.2733,  34.3415,  19 Apr 2018 20:02:05
# 25.3226,  5.251137,  1.104,  0.1219,  0.3075,  34.3392,  19 Apr 2018 20:06:05
# 25.3192,  5.251292,  1.113,  0.1196,  0.2924,  34.3430,  19 Apr 2018 20:10:05
# 25.3163,  5.247413,  1.104,  0.1295,  0.2780,  34.3167,  19 Apr 2018 20:14:05
# 25.3289,  5.244919,  1.106,  0.1451,  0.2625,  34.2888,  19 Apr 2018 20:18:05
# 25.3186,  5.247374,  1.108,  0.1369,  0.2527,  34.3146,  19 Apr 2018 20:22:05
# 25.3016,  5.250162,  1.101,  0.1185,  0.2827,  34.3480,  19 Apr 2018 20:26:05
# 25.3048,  5.248598,  1.097,  0.1209,  0.2962,  34.3340,  19 Apr 2018 20:30:05
# 25.3023,  5.248172,  1.097,  0.1196,  0.2696,  34.3328,  19 Apr 2018 20:34:05
# 25.3043,  5.247173,  1.085,  0.1270,  0.2576,  34.3240,  19 Apr 2018 20:38:05
# 25.3011,  5.248528,  1.093,  0.1184,  0.2848,  34.3363,  19 Apr 2018 20:42:05
# 25.2940,  5.249194,  1.091,  0.1146,  0.2598,  34.3466,  19 Apr 2018 20:46:05
# 25.2863,  5.249845,  1.095,  0.1257,  0.3171,  34.3572,  19 Apr 2018 20:50:05
# 25.2868,  5.248838,  1.095,  0.1221,  0.2792,  34.3494,  19 Apr 2018 20:54:05
# 25.2897,  5.247847,  1.075,  0.1232,  0.2863,  34.3399,  19 Apr 2018 20:58:05
# 25.2856,  5.246902,  1.080,  0.1222,  0.2876,  34.3361,  19 Apr 2018 21:02:05
# 25.2865,  5.246058,  1.085,  0.1257,  0.2755,  34.3292,  19 Apr 2018 21:06:05
# 25.2784,  5.246376,  1.083,  0.1269,  0.2732,  34.3377,  19 Apr 2018 21:10:05
# 25.2821,  5.240400,  1.068,  0.1538,  0.2599,  34.2909,  19 Apr 2018 21:14:05
# 25.2779,  5.242467,  1.064,  0.1245,  0.2780,  34.3093,  19 Apr 2018 21:18:05
# 25.2706,  5.245741,  1.069,  0.1221,  0.2816,  34.3389,  19 Apr 2018 21:22:05
# 25.2757,  5.244649,  1.062,  0.1210,  0.2719,  34.3270,  19 Apr 2018 21:26:05
# 25.2693,  5.244595,  1.042,  0.1256,  0.3401,  34.3315,  19 Apr 2018 21:30:05
# 25.2740,  5.244139,  1.053,  0.1281,  0.3007,  34.3246,  19 Apr 2018 21:34:05
# 25.2668,  5.244959,  1.057,  0.1231,  0.2540,  34.3360,  19 Apr 2018 21:38:05
# 25.2658,  5.243930,  1.032,  0.1268,  0.2826,  34.3292,  19 Apr 2018 21:42:05
# 25.2637,  5.241538,  1.044,  0.1232,  0.2575,  34.3132,  19 Apr 2018 21:46:05
# 25.2642,  5.242591,  1.045,  0.1357,  0.2827,  34.3206,  19 Apr 2018 21:50:05
# 25.2549,  5.244061,  1.013,  0.1147,  0.2876,  34.3384,  19 Apr 2018 21:54:05
# 25.2469,  5.242870,  1.041,  0.1254,  0.2720,  34.3357,  19 Apr 2018 21:58:05
# 25.2446,  5.240192,  1.030,  0.1380,  0.2406,  34.3178,  19 Apr 2018 22:02:05
# 25.2438,  5.235805,  1.016,  0.1501,  0.2789,  34.2861,  19 Apr 2018 22:06:05
# 25.2396,  5.235109,  1.011,  0.1295,  0.2626,  34.2841,  19 Apr 2018 22:10:05
# 25.2370,  5.237522,  1.015,  0.1256,  0.3019,  34.3039,  19 Apr 2018 22:14:05
# 25.2328,  5.239294,  1.005,  0.1283,  0.2721,  34.3201,  19 Apr 2018 22:18:05
# 25.2380,  5.239697,  0.995,  0.1292,  0.3009,  34.3192,  19 Apr 2018 22:22:05
# 25.2300,  5.243667,  1.000,  0.1157,  0.2781,  34.3544,  19 Apr 2018 22:26:05
# 25.2289,  5.240571,  0.987,  0.1184,  0.2865,  34.3324,  19 Apr 2018 22:30:05
# 25.2287,  5.242080,  0.967,  0.1158,  0.3194,  34.3437,  19 Apr 2018 22:34:05
# 25.2239,  5.242645,  0.976,  0.1131,  0.2780,  34.3515,  19 Apr 2018 22:38:05
# 25.2303,  5.241159,  0.989,  0.1245,  0.2623,  34.3358,  19 Apr 2018 22:42:05
# 25.2255,  5.241515,  0.970,  0.1218,  0.3107,  34.3420,  19 Apr 2018 22:46:05
# 25.2151,  5.242831,  0.968,  0.1086,  0.2789,  34.3596,  19 Apr 2018 22:50:05
# 25.2178,  5.241074,  0.951,  0.1159,  0.2841,  34.3446,  19 Apr 2018 22:54:05
# 25.2118,  5.239782,  0.963,  0.1233,  0.3184,  34.3396,  19 Apr 2018 22:58:05
# 25.2045,  5.238188,  0.958,  0.1320,  0.2865,  34.3334,  19 Apr 2018 23:02:05
# 25.2082,  5.238173,  0.964,  0.1256,  0.2744,  34.3305,  19 Apr 2018 23:06:05
# 25.2079,  5.237090,  0.950,  0.1270,  0.3305,  34.3227,  19 Apr 2018 23:10:05
# 25.2080,  5.238095,  0.948,  0.1234,  0.2888,  34.3300,  19 Apr 2018 23:14:05
# 25.1977,  5.238475,  0.947,  0.1184,  0.3305,  34.3407,  19 Apr 2018 23:18:05
# 25.2022,  5.235171,  0.939,  0.1292,  0.2898,  34.3129,  19 Apr 2018 23:22:05
# 25.2009,  5.236146,  0.938,  0.1319,  0.2491,  34.3211,  19 Apr 2018 23:26:05
# 25.1997,  5.236510,  0.920,  0.1245,  0.2754,  34.3247,  19 Apr 2018 23:30:05
# 25.1973,  5.235171,  0.927,  0.1258,  0.2588,  34.3166,  19 Apr 2018 23:34:05
# 25.1938,  5.231915,  0.937,  0.1405,  0.2488,  34.2953,  19 Apr 2018 23:38:05
# 25.1842,  5.233037,  0.944,  0.1221,  0.2876,  34.3108,  19 Apr 2018 23:42:05
# 25.1884,  5.231374,  0.944,  0.1340,  0.3256,  34.2954,  19 Apr 2018 23:46:05
# 25.1804,  5.230879,  0.943,  0.1331,  0.2742,  34.2978,  19 Apr 2018 23:50:05
# 25.1726,  5.235040,  0.938,  0.1233,  0.2791,  34.3344,  19 Apr 2018 23:54:05
# 25.1735,  5.231815,  0.931,  0.1295,  0.3196,  34.3099,  19 Apr 2018 23:58:05
# 25.1649,  5.231181,  0.923,  0.1254,  0.2932,  34.3118,  20 Apr 2018 00:02:05
# 25.1671,  5.230686,  0.884,  0.1234,  0.3043,  34.3064,  20 Apr 2018 00:06:05
# 25.1523,  5.229828,  0.873,  0.1211,  0.3424,  34.3113,  20 Apr 2018 00:10:05
# 25.1598,  5.230725,  0.902,  0.1294,  0.2973,  34.3123,  20 Apr 2018 00:14:05
# 25.1463,  5.231243,  0.865,  0.1195,  0.3040,  34.3263,  20 Apr 2018 00:18:05
# 25.1513,  5.228700,  0.879,  0.1245,  0.2551,  34.3038,  20 Apr 2018 00:22:05
# 25.1439,  5.230261,  0.849,  0.1231,  0.2711,  34.3210,  20 Apr 2018 00:26:05
# 25.1524,  5.229720,  0.880,  0.1282,  0.2875,  34.3105,  20 Apr 2018 00:30:05
# 25.1430,  5.230509,  0.838,  0.1269,  0.2913,  34.3235,  20 Apr 2018 00:34:05
# 25.1234,  5.229891,  0.841,  0.1135,  0.2960,  34.3338,  20 Apr 2018 00:38:05
# 25.1418,  5.227115,  0.861,  0.1292,  0.2957,  34.2993,  20 Apr 2018 00:42:05
# 25.1284,  5.228468,  0.849,  0.1196,  0.2770,  34.3195,  20 Apr 2018 00:46:05
# 25.1304,  5.229751,  0.850,  0.1173,  0.3018,  34.3274,  20 Apr 2018 00:50:05
# 25.1368,  5.229852,  0.831,  0.1247,  0.2896,  34.3233,  20 Apr 2018 00:54:05
# 25.1252,  5.232079,  0.820,  0.1147,  0.2888,  34.3486,  20 Apr 2018 00:58:05
# 25.1232,  5.231027,  0.831,  0.1095,  0.2961,  34.3423,  20 Apr 2018 01:02:05
# 25.1179,  5.227989,  0.818,  0.1170,  0.2793,  34.3239,  20 Apr 2018 01:06:05
# 25.1103,  5.229033,  0.807,  0.1148,  0.3500,  34.3374,  20 Apr 2018 01:10:05
# 25.0992,  5.228909,  0.835,  0.1108,  0.2946,  34.3448,  20 Apr 2018 01:14:05
# 25.0899,  5.228824,  0.809,  0.1109,  0.2865,  34.3513,  20 Apr 2018 01:18:05
# 25.0801,  5.227325,  0.825,  0.1258,  0.3948,  34.3476,  20 Apr 2018 01:22:05
# 25.0737,  5.226382,  0.811,  0.1109,  0.3756,  34.3456,  20 Apr 2018 01:26:05
# 25.0678,  5.225269,  0.801,  0.1144,  0.3111,  34.3418,  20 Apr 2018 01:30:05
# 25.0687,  5.220656,  0.801,  0.1231,  0.2766,  34.3071,  20 Apr 2018 01:34:05
# 25.0568,  5.221112,  0.786,  0.1168,  0.3208,  34.3194,  20 Apr 2018 01:38:05
# 25.0613,  5.223437,  0.771,  0.1109,  0.3807,  34.3333,  20 Apr 2018 01:42:05
# 25.0644,  5.223461,  0.806,  0.1107,  0.3183,  34.3311,  20 Apr 2018 01:46:05
# 25.0663,  5.223430,  0.767,  0.1110,  0.3388,  34.3294,  20 Apr 2018 01:50:05
# 25.0600,  5.223066,  0.770,  0.1121,  0.3208,  34.3315,  20 Apr 2018 01:54:05
# 25.0494,  5.221707,  0.752,  0.1110,  0.3400,  34.3295,  20 Apr 2018 01:58:05
# 25.0518,  5.220903,  0.741,  0.1084,  0.2995,  34.3217,  20 Apr 2018 02:02:05
# 25.0525,  5.222688,  0.790,  0.1070,  0.3147,  34.3344,  20 Apr 2018 02:06:05
# 25.0472,  5.221429,  0.731,  0.1096,  0.3416,  34.3291,  20 Apr 2018 02:10:05
# 24.9927,  5.223292,  0.748,  0.1012,  0.3256,  34.3843,  20 Apr 2018 02:14:05
# 24.9958,  5.220765,  0.736,  0.1060,  0.2898,  34.3632,  20 Apr 2018 02:18:05
# 24.9973,  5.219807,  0.742,  0.1099,  0.2876,  34.3550,  20 Apr 2018 02:22:05
# 24.9893,  5.217876,  0.744,  0.1099,  0.4496,  34.3468,  20 Apr 2018 02:26:05
# 24.9868,  5.215968,  0.726,  0.1097,  0.2896,  34.3346,  20 Apr 2018 02:30:05
# 24.9749,  5.209745,  0.740,  0.1146,  0.2879,  34.2976,  20 Apr 2018 02:34:05
# 24.9694,  5.208541,  0.752,  0.1096,  0.2877,  34.2929,  20 Apr 2018 02:38:05
# 24.9657,  5.213119,  0.741,  0.1073,  0.3018,  34.3295,  20 Apr 2018 02:42:05
# 24.9723,  5.212949,  0.744,  0.1133,  0.2840,  34.3233,  20 Apr 2018 02:46:05
# 24.9590,  5.211676,  0.725,  0.1119,  0.2897,  34.3240,  20 Apr 2018 02:50:05
# 24.9360,  5.213066,  0.731,  0.0996,  0.2959,  34.3518,  20 Apr 2018 02:54:05
# 24.9405,  5.212996,  0.744,  0.1011,  0.2997,  34.3478,  20 Apr 2018 02:58:05
# 24.9418,  5.212008,  0.752,  0.1073,  0.3352,  34.3395,  20 Apr 2018 03:02:05
# 24.9424,  5.212417,  0.728,  0.1052,  0.3217,  34.3421,  20 Apr 2018 03:06:05
# 24.9485,  5.212479,  0.746,  0.1048,  0.2830,  34.3379,  20 Apr 2018 03:10:05
# 24.9556,  5.211614,  0.761,  0.1099,  0.2718,  34.3261,  20 Apr 2018 03:14:05
# 24.9465,  5.212695,  0.754,  0.1034,  0.2562,  34.3410,  20 Apr 2018 03:18:05
# 24.9469,  5.215621,  0.728,  0.1023,  0.2900,  34.3624,  20 Apr 2018 03:22:05
# 24.9496,  5.216656,  0.723,  0.1011,  0.3156,  34.3680,  20 Apr 2018 03:26:05
# 24.9486,  5.216116,  0.742,  0.1049,  0.2542,  34.3648,  20 Apr 2018 03:30:05
# 24.9456,  5.215135,  0.760,  0.1082,  0.3095,  34.3598,  20 Apr 2018 03:34:05
# 24.9441,  5.214139,  0.747,  0.1072,  0.2612,  34.3536,  20 Apr 2018 03:38:05
# 24.9339,  5.212216,  0.737,  0.1072,  0.2793,  34.3471,  20 Apr 2018 03:42:05
# 24.9354,  5.212039,  0.739,  0.1010,  0.2792,  34.3446,  20 Apr 2018 03:46:05
# 24.9301,  5.211684,  0.747,  0.1083,  0.3086,  34.3460,  20 Apr 2018 03:50:05
# 24.9237,  5.210186,  0.732,  0.1035,  0.3031,  34.3398,  20 Apr 2018 03:54:05
# 24.9340,  5.209623,  0.762,  0.1061,  0.3074,  34.3278,  20 Apr 2018 03:58:05
# 24.9194,  5.207971,  0.738,  0.1011,  0.3043,  34.3266,  20 Apr 2018 04:02:05
# 24.9131,  5.206142,  0.724,  0.1025,  0.2757,  34.3179,  20 Apr 2018 04:06:05
# 24.9217,  5.209962,  0.760,  0.1024,  0.3040,  34.3396,  20 Apr 2018 04:10:05
# 24.9306,  5.199161,  0.731,  0.1098,  0.2634,  34.2529,  20 Apr 2018 04:14:05
# 24.9308,  5.202454,  0.781,  0.1099,  0.2551,  34.2771,  20 Apr 2018 04:18:05
# 24.9325,  5.206968,  0.764,  0.1048,  0.3342,  34.3093,  20 Apr 2018 04:22:05
# 24.9291,  5.208257,  0.752,  0.1062,  0.3067,  34.3213,  20 Apr 2018 04:26:05
# 24.9281,  5.208673,  0.735,  0.1047,  0.3317,  34.3252,  20 Apr 2018 04:30:05
# 24.9085,  5.205895,  0.770,  0.1022,  0.3016,  34.3196,  20 Apr 2018 04:34:05
# 24.9084,  5.202539,  0.775,  0.1086,  0.3160,  34.2948,  20 Apr 2018 04:38:05
# 24.9116,  5.206212,  0.774,  0.1012,  0.2757,  34.3195,  20 Apr 2018 04:42:05
# 24.8988,  5.207956,  0.797,  0.1049,  0.3315,  34.3422,  20 Apr 2018 04:46:05
# 24.8875,  5.207709,  0.764,  0.0958,  0.2780,  34.3490,  20 Apr 2018 04:50:05
# 24.8803,  5.206135,  0.782,  0.1049,  0.2781,  34.3427,  20 Apr 2018 04:54:05
# 24.8745,  5.205286,  0.754,  0.0972,  0.3084,  34.3409,  20 Apr 2018 04:58:05
# 24.8674,  5.204939,  0.779,  0.1011,  0.3085,  34.3437,  20 Apr 2018 05:02:05
# 24.8515,  5.194782,  0.765,  0.1071,  0.2783,  34.2805,  20 Apr 2018 05:06:05
# 24.8503,  5.195900,  0.790,  0.1035,  0.2562,  34.2897,  20 Apr 2018 05:10:05
# 24.8579,  5.194566,  0.772,  0.1060,  0.3720,  34.2741,  20 Apr 2018 05:14:05
# 24.8586,  5.195299,  0.769,  0.1022,  0.2960,  34.2789,  20 Apr 2018 05:18:05
# 24.8557,  5.197442,  0.784,  0.1025,  0.2770,  34.2971,  20 Apr 2018 05:22:05
# 24.8519,  5.197427,  0.799,  0.1048,  0.2911,  34.2998,  20 Apr 2018 05:26:05
# 24.8607,  5.199702,  0.794,  0.1060,  0.3242,  34.3100,  20 Apr 2018 05:30:05
# 24.8677,  5.200735,  0.780,  0.1049,  0.3499,  34.3124,  20 Apr 2018 05:34:05
# 24.8665,  5.198074,  0.787,  0.1051,  0.3134,  34.2935,  20 Apr 2018 05:38:05
# 24.8409,  5.195654,  0.788,  0.1048,  0.2972,  34.2950,  20 Apr 2018 05:42:05
# 24.8655,  5.199779,  0.806,  0.1049,  0.3017,  34.3069,  20 Apr 2018 05:46:05
# 24.8509,  5.198391,  0.806,  0.1023,  0.3256,  34.3077,  20 Apr 2018 05:50:05
# 24.8468,  5.199432,  0.799,  0.1051,  0.3208,  34.3185,  20 Apr 2018 05:54:05
# 24.8431,  5.199987,  0.820,  0.1057,  0.3718,  34.3255,  20 Apr 2018 05:58:05
# 24.8242,  5.197589,  0.805,  0.0998,  0.2864,  34.3221,  20 Apr 2018 06:02:05
# 24.8201,  5.197049,  0.805,  0.0997,  0.3619,  34.3212,  20 Apr 2018 06:06:05
# 24.8113,  5.196872,  0.799,  0.1048,  0.3259,  34.3266,  20 Apr 2018 06:10:05
# 24.8071,  5.197281,  0.796,  0.1024,  0.3598,  34.3328,  20 Apr 2018 06:14:05
# 24.7961,  5.196086,  0.803,  0.1039,  0.2718,  34.3323,  20 Apr 2018 06:18:05
# 24.7852,  5.193773,  0.800,  0.0990,  0.3031,  34.3235,  20 Apr 2018 06:22:05
# 24.7904,  5.194151,  0.810,  0.1011,  0.3098,  34.3223,  20 Apr 2018 06:26:05
# 24.7839,  5.191461,  0.832,  0.1022,  0.2878,  34.3073,  20 Apr 2018 06:30:05
# 24.7954,  5.193588,  0.834,  0.1034,  0.2720,  34.3143,  20 Apr 2018 06:34:05
# 24.8012,  5.193588,  0.832,  0.1049,  0.2838,  34.3099,  20 Apr 2018 06:38:05
# 24.8114,  5.197057,  0.820,  0.1033,  0.2731,  34.3279,  20 Apr 2018 06:42:05
# 24.8130,  5.196865,  0.842,  0.1034,  0.2600,  34.3252,  20 Apr 2018 06:46:05
# 24.8058,  5.195824,  0.838,  0.1035,  0.2587,  34.3230,  20 Apr 2018 06:50:05
# 24.8045,  5.196464,  0.815,  0.1052,  0.2528,  34.3288,  20 Apr 2018 06:54:05
# 24.8042,  5.195747,  0.836,  0.1051,  0.2573,  34.3236,  20 Apr 2018 06:58:05
# 24.8112,  5.195955,  0.808,  0.1073,  0.3182,  34.3199,  20 Apr 2018 07:02:05
# 24.8024,  5.195515,  0.838,  0.0997,  0.2889,  34.3233,  20 Apr 2018 07:06:05
# 24.7924,  5.193426,  0.834,  0.1013,  0.2697,  34.3154,  20 Apr 2018 07:10:05
# 24.8025,  5.193904,  0.810,  0.1026,  0.2408,  34.3113,  20 Apr 2018 07:14:05
# 24.8120,  5.196579,  0.834,  0.1048,  0.2850,  34.3238,  20 Apr 2018 07:18:05
# 24.8078,  5.196695,  0.834,  0.1035,  0.2541,  34.3280,  20 Apr 2018 07:22:05
# 24.8045,  5.195955,  0.812,  0.1025,  0.2419,  34.3250,  20 Apr 2018 07:26:05
# 24.8052,  5.194344,  0.812,  0.1051,  0.2470,  34.3124,  20 Apr 2018 07:30:05
# 24.7973,  5.193665,  0.798,  0.1012,  0.2669,  34.3134,  20 Apr 2018 07:34:05
# 24.7982,  5.194791,  0.811,  0.1035,  0.2926,  34.3211,  20 Apr 2018 07:38:05
# 24.7964,  5.194930,  0.817,  0.1037,  0.3124,  34.3235,  20 Apr 2018 07:42:05
# 24.7881,  5.195015,  0.813,  0.1051,  0.2972,  34.3305,  20 Apr 2018 07:46:05
# 24.8057,  5.192540,  0.813,  0.1048,  0.2625,  34.2987,  20 Apr 2018 07:50:05
# 24.8006,  5.196587,  0.842,  0.1009,  0.2720,  34.3326,  20 Apr 2018 07:54:05
# 24.8039,  5.196973,  0.798,  0.0960,  0.2647,  34.3330,  20 Apr 2018 07:58:05
# 24.8052,  5.196687,  0.825,  0.1036,  0.2708,  34.3298,  20 Apr 2018 08:02:05
# 24.8051,  5.197312,  0.784,  0.0986,  0.2699,  34.3346,  20 Apr 2018 08:06:05
# 24.7905,  5.197459,  0.788,  0.1012,  0.3269,  34.3468,  20 Apr 2018 08:10:05
# 24.7874,  5.196425,  0.819,  0.0973,  0.3111,  34.3415,  20 Apr 2018 08:14:05
# 24.7813,  5.195354,  0.817,  0.1036,  0.2924,  34.3382,  20 Apr 2018 08:18:05
# 24.7910,  5.195076,  0.793,  0.0987,  0.2779,  34.3287,  20 Apr 2018 08:22:05
# 24.7971,  5.194960,  0.807,  0.0986,  0.2613,  34.3232,  20 Apr 2018 08:26:05
# 24.8018,  5.197273,  0.781,  0.1015,  0.3122,  34.3368,  20 Apr 2018 08:30:05
# 24.7962,  5.197906,  0.810,  0.0950,  0.2697,  34.3458,  20 Apr 2018 08:34:05
# 24.7818,  5.195840,  0.810,  0.0987,  0.2828,  34.3414,  20 Apr 2018 08:38:05
# 24.8127,  5.194575,  0.797,  0.1060,  0.2576,  34.3085,  20 Apr 2018 08:42:05
# 24.8202,  5.193287,  0.780,  0.1086,  0.3243,  34.2932,  20 Apr 2018 08:46:05
# 24.8188,  5.191707,  0.797,  0.0985,  0.3086,  34.2826,  20 Apr 2018 08:50:05
# 24.8079,  5.193835,  0.810,  0.1025,  0.3041,  34.3067,  20 Apr 2018 08:54:05
# 24.8020,  5.193580,  0.795,  0.0974,  0.2517,  34.3092,  20 Apr 2018 08:58:05
# 24.8419,  5.192901,  0.806,  0.1058,  0.2685,  34.2739,  20 Apr 2018 09:02:05
# 24.8469,  5.194690,  0.804,  0.1032,  0.3136,  34.2833,  20 Apr 2018 09:06:05
# 24.8291,  5.195399,  0.750,  0.1049,  0.2743,  34.3021,  20 Apr 2018 09:10:05
# 24.8060,  5.196070,  0.769,  0.0998,  0.3051,  34.3247,  20 Apr 2018 09:14:05
# 24.8122,  5.195446,  0.767,  0.0987,  0.2826,  34.3154,  20 Apr 2018 09:18:05
# 24.8505,  5.194906,  0.789,  0.1025,  0.2943,  34.2822,  20 Apr 2018 09:22:05
# 24.8382,  5.195754,  0.796,  0.0986,  0.2648,  34.2978,  20 Apr 2018 09:26:05
# 24.7969,  5.196572,  0.784,  0.0972,  0.3428,  34.3354,  20 Apr 2018 09:30:05
# 24.7918,  5.195970,  0.783,  0.0961,  0.3064,  34.3348,  20 Apr 2018 09:34:05
# 24.8004,  5.196518,  0.748,  0.0961,  0.2840,  34.3323,  20 Apr 2018 09:38:05
# 24.8086,  5.197227,  0.765,  0.0911,  0.3084,  34.3313,  20 Apr 2018 09:42:05
# 24.8216,  5.198175,  0.757,  0.0986,  0.2980,  34.3284,  20 Apr 2018 09:46:05
# 24.8373,  5.199216,  0.736,  0.1098,  0.5285,  34.3242,  20 Apr 2018 09:50:05
# 24.8474,  5.200057,  0.745,  0.1011,  0.3416,  34.3228,  20 Apr 2018 09:54:05
# 24.8906,  5.201544,  0.764,  0.1037,  0.2782,  34.3009,  20 Apr 2018 09:58:05
# 24.9078,  5.202670,  0.740,  0.1032,  0.2757,  34.2962,  20 Apr 2018 10:02:05
# 24.9172,  5.202724,  0.715,  0.0973,  0.3054,  34.2894,  20 Apr 2018 10:06:05
# 24.9171,  5.204892,  0.736,  0.0912,  0.2638,  34.3056,  20 Apr 2018 10:10:05
# 24.9264,  5.205725,  0.737,  0.0925,  0.3112,  34.3047,  20 Apr 2018 10:14:05
# 24.9663,  5.208248,  0.748,  0.0996,  0.2672,  34.2931,  20 Apr 2018 10:18:05
# 24.9821,  5.208873,  0.742,  0.0960,  0.2432,  34.2857,  20 Apr 2018 10:22:05
# 24.9901,  5.210054,  0.728,  0.0924,  0.3535,  34.2884,  20 Apr 2018 10:26:05
# 24.9633,  5.210988,  0.730,  0.0900,  0.2947,  34.3156,  20 Apr 2018 10:30:05
# 24.9572,  5.211297,  0.729,  0.0938,  0.2658,  34.3225,  20 Apr 2018 10:34:05
# 24.9764,  5.212733,  0.716,  0.0922,  0.2924,  34.3186,  20 Apr 2018 10:38:05
# 24.9731,  5.213358,  0.727,  0.0924,  0.2623,  34.3257,  20 Apr 2018 10:42:05
# 24.9965,  5.215690,  0.714,  0.0911,  0.2660,  34.3252,  20 Apr 2018 10:46:05
# 25.0335,  5.216663,  0.730,  0.0960,  0.3053,  34.3043,  20 Apr 2018 10:50:05
# 25.0899,  5.217025,  0.698,  0.0985,  0.2648,  34.2642,  20 Apr 2018 10:54:05
# 25.0805,  5.217805,  0.720,  0.0861,  0.2564,  34.2771,  20 Apr 2018 10:58:05
# 25.0762,  5.219991,  0.716,  0.0897,  0.3086,  34.2965,  20 Apr 2018 11:02:05
# 25.0792,  5.221621,  0.715,  0.0925,  0.2766,  34.3062,  20 Apr 2018 11:06:05
# 25.0347,  5.222155,  0.735,  0.0874,  0.3063,  34.3439,  20 Apr 2018 11:10:05
# 25.0774,  5.223885,  0.711,  0.0901,  0.2911,  34.3244,  20 Apr 2018 11:14:05
# 25.1277,  5.225948,  0.725,  0.0899,  0.2564,  34.3014,  20 Apr 2018 11:18:05
# 25.1447,  5.227726,  0.722,  0.0946,  0.2621,  34.3016,  20 Apr 2018 11:22:05
# 25.1338,  5.227672,  0.719,  0.0998,  0.2912,  34.3095,  20 Apr 2018 11:26:05
# 25.1484,  5.229287,  0.739,  0.0923,  0.2718,  34.3103,  20 Apr 2018 11:30:05
# 25.1513,  5.231228,  0.714,  0.0896,  0.2574,  34.3225,  20 Apr 2018 11:34:05
# 25.1549,  5.232504,  0.735,  0.0886,  0.2827,  34.3292,  20 Apr 2018 11:38:05
# 25.1610,  5.234344,  0.734,  0.0912,  0.3029,  34.3381,  20 Apr 2018 11:42:05
# 25.1948,  5.236664,  0.751,  0.0899,  0.2502,  34.3296,  20 Apr 2018 11:46:05
# 25.2329,  5.238343,  0.733,  0.0888,  0.2660,  34.3131,  20 Apr 2018 11:50:05
# 25.2542,  5.239921,  0.719,  0.0887,  0.2683,  34.3086,  20 Apr 2018 11:54:05
# 25.2617,  5.239688,  0.716,  0.0913,  0.2803,  34.3013,  20 Apr 2018 11:58:05
# 25.2636,  5.240439,  0.732,  0.0958,  0.4781,  34.3053,  20 Apr 2018 12:02:05
# 25.2885,  5.243496,  0.698,  0.0912,  0.3241,  34.3090,  20 Apr 2018 12:06:05
# 25.3187,  5.246630,  0.713,  0.0887,  0.3172,  34.3092,  20 Apr 2018 12:10:05
# 25.3598,  5.248155,  0.727,  0.0885,  0.2612,  34.2894,  20 Apr 2018 12:14:05
# 25.3752,  5.248054,  0.727,  0.0932,  0.2730,  34.2769,  20 Apr 2018 12:18:05
# 25.3535,  5.248930,  0.700,  0.0863,  0.2625,  34.2998,  20 Apr 2018 12:22:05
# 25.3512,  5.249851,  0.700,  0.0875,  0.3085,  34.3083,  20 Apr 2018 12:26:05
# 25.3554,  5.250649,  0.712,  0.0898,  0.2923,  34.3110,  20 Apr 2018 12:30:05
# 25.3753,  5.252484,  0.714,  0.0884,  0.3084,  34.3094,  20 Apr 2018 12:34:05
# 25.4069,  5.255257,  0.700,  0.0862,  0.2732,  34.3059,  20 Apr 2018 12:38:05
# 25.3534,  5.252306,  0.703,  0.0886,  0.2840,  34.3247,  20 Apr 2018 12:42:05
# 25.3510,  5.253073,  0.712,  0.0874,  0.2419,  34.3321,  20 Apr 2018 12:46:05
# 25.3548,  5.253925,  0.709,  0.0899,  0.2803,  34.3355,  20 Apr 2018 12:50:05
# 25.3820,  5.254196,  0.726,  0.0925,  0.2564,  34.3170,  20 Apr 2018 12:54:05
# 25.4149,  5.257372,  0.725,  0.0900,  0.2491,  34.3154,  20 Apr 2018 12:58:05
# 25.4343,  5.259255,  0.724,  0.0882,  0.2980,  34.3145,  20 Apr 2018 13:02:05
# 25.4598,  5.261177,  0.723,  0.0896,  0.2793,  34.3094,  20 Apr 2018 13:06:05
# 25.4994,  5.265053,  0.705,  0.0899,  0.2588,  34.3079,  20 Apr 2018 13:10:05
# 25.5067,  5.266348,  0.711,  0.0885,  0.2442,  34.3119,  20 Apr 2018 13:14:05
# 25.4881,  5.265177,  0.731,  0.0899,  0.2826,  34.3173,  20 Apr 2018 13:18:05
# 25.5069,  5.267240,  0.691,  0.0925,  0.2564,  34.3184,  20 Apr 2018 13:22:05
# 25.5371,  5.269271,  0.720,  0.0897,  0.2335,  34.3104,  20 Apr 2018 13:26:05
# 25.5740,  5.271171,  0.737,  0.0898,  0.3243,  34.2965,  20 Apr 2018 13:30:05
# 25.5656,  5.272444,  0.724,  0.0875,  0.2625,  34.3122,  20 Apr 2018 13:34:05
# 25.5644,  5.272770,  0.761,  0.0887,  0.2710,  34.3154,  20 Apr 2018 13:38:05
# 25.5645,  5.273414,  0.714,  0.0883,  0.2705,  34.3201,  20 Apr 2018 13:42:05
# 25.5720,  5.274120,  0.725,  0.0874,  0.2658,  34.3196,  20 Apr 2018 13:46:05
# 25.5721,  5.274686,  0.724,  0.0912,  0.2911,  34.3237,  20 Apr 2018 13:50:05
# 25.6298,  5.279622,  0.710,  0.0897,  0.2560,  34.3163,  20 Apr 2018 13:54:05
# 25.6470,  5.277440,  0.733,  0.0923,  0.3043,  34.2874,  20 Apr 2018 13:58:05
