# 27.9865,  5.524533,  0.938,  0.0825,  0.1674,  34.3216,  20 Jun 2018 14:00:08
# 27.8656,  5.515472,  0.943,  0.0833,  0.1556,  34.3463,  20 Jun 2018 14:04:08
# 27.9389,  5.521739,  0.936,  0.0789,  0.1616,  34.3368,  20 Jun 2018 14:08:08
# 27.9950,  5.527685,  0.939,  0.0790,  0.1487,  34.3374,  20 Jun 2018 14:12:08
# 27.8597,  5.519057,  0.947,  0.0795,  0.1476,  34.3758,  20 Jun 2018 14:16:08
# 28.0541,  5.533023,  0.935,  0.0822,  0.1463,  34.3316,  20 Jun 2018 14:20:08
# 28.0428,  5.532151,  0.921,  0.0872,  0.1530,  34.3338,  20 Jun 2018 14:24:08
# 28.0031,  5.529189,  0.914,  0.0896,  0.1604,  34.3421,  20 Jun 2018 14:28:08
# 28.1714,  5.542667,  0.922,  0.0848,  0.1485,  34.3137,  20 Jun 2018 14:32:08
# 28.0785,  5.535067,  0.917,  0.0845,  0.1426,  34.3282,  20 Jun 2018 14:36:08
# 28.0475,  5.533696,  0.910,  0.0832,  0.1498,  34.3412,  20 Jun 2018 14:40:08
# 28.1449,  5.542755,  0.917,  0.0830,  0.1485,  34.3335,  20 Jun 2018 14:44:08
# 28.0927,  5.538839,  0.903,  0.0790,  0.1580,  34.3442,  20 Jun 2018 14:48:08
# 28.0358,  5.533570,  0.922,  0.0832,  0.1485,  34.3489,  20 Jun 2018 14:52:08
# 28.1147,  5.540757,  0.900,  0.0819,  0.1475,  34.3416,  20 Jun 2018 14:56:08
# 28.1152,  5.541058,  0.892,  0.0857,  0.1532,  34.3433,  20 Jun 2018 15:00:08
# 27.8936,  5.523711,  0.896,  0.0847,  0.1542,  34.3837,  20 Jun 2018 15:04:08
# 27.8873,  5.524622,  0.912,  0.0869,  0.1579,  34.3946,  20 Jun 2018 15:08:08
# 28.0451,  5.536169,  0.915,  0.0824,  0.1391,  34.3602,  20 Jun 2018 15:12:08
# 28.1731,  5.547727,  0.898,  0.0860,  0.1450,  34.3477,  20 Jun 2018 15:16:08
# 28.0366,  5.539030,  0.919,  0.0822,  0.1813,  34.3864,  20 Jun 2018 15:20:08
# 28.1128,  5.544167,  0.901,  0.0847,  0.1543,  34.3667,  20 Jun 2018 15:24:08
# 28.0280,  5.535591,  0.887,  0.0880,  0.1581,  34.3687,  20 Jun 2018 15:28:08
# 28.0937,  5.540155,  0.911,  0.0908,  0.1438,  34.3527,  20 Jun 2018 15:32:08
# 28.1057,  5.542668,  0.899,  0.0871,  0.1476,  34.3615,  20 Jun 2018 15:36:08
# 28.0618,  5.539315,  0.900,  0.0907,  0.1486,  34.3700,  20 Jun 2018 15:40:08
# 27.9300,  5.530109,  0.886,  0.0860,  0.1566,  34.4018,  20 Jun 2018 15:44:08
# 27.9028,  5.527655,  0.883,  0.0932,  0.1564,  34.4046,  20 Jun 2018 15:48:08
# 27.9934,  5.534284,  0.867,  0.0844,  0.1664,  34.3848,  20 Jun 2018 15:52:08
# 28.0603,  5.540290,  0.868,  0.0830,  0.1524,  34.3779,  20 Jun 2018 15:56:08
# 28.0173,  5.536367,  0.881,  0.0868,  0.1496,  34.3819,  20 Jun 2018 16:00:08
# 28.0804,  5.541495,  0.865,  0.0845,  0.1749,  34.3717,  20 Jun 2018 16:04:08
# 27.9812,  5.533618,  0.888,  0.0909,  0.1702,  34.3890,  20 Jun 2018 16:08:08
# 27.8119,  5.521005,  0.879,  0.0919,  0.1530,  34.4244,  20 Jun 2018 16:12:08
# 27.9354,  5.529777,  0.876,  0.0895,  0.1546,  34.3956,  20 Jun 2018 16:16:08
# 27.9381,  5.529816,  0.885,  0.0920,  0.1511,  34.3939,  20 Jun 2018 16:20:08
# 27.8673,  5.524646,  0.874,  0.0918,  0.1934,  34.4094,  20 Jun 2018 16:24:08
# 27.8728,  5.525556,  0.874,  0.0910,  0.1775,  34.4118,  20 Jun 2018 16:28:08
# 27.9657,  5.532478,  0.862,  0.0906,  0.1751,  34.3924,  20 Jun 2018 16:32:08
# 27.8462,  5.523150,  0.870,  0.0909,  0.1688,  34.4144,  20 Jun 2018 16:36:08
# 27.9099,  5.527924,  0.863,  0.0871,  0.1991,  34.4013,  20 Jun 2018 16:40:08
# 27.9168,  5.527781,  0.878,  0.0956,  0.1605,  34.3952,  20 Jun 2018 16:44:08
# 27.9617,  5.529190,  0.856,  0.0970,  0.1832,  34.3722,  20 Jun 2018 16:48:08
# 27.9371,  5.529420,  0.861,  0.0946,  0.1542,  34.3918,  20 Jun 2018 16:52:08
# 27.8644,  5.522310,  0.866,  0.0956,  0.1617,  34.3952,  20 Jun 2018 16:56:08
# 27.7892,  5.516676,  0.880,  0.0967,  0.1897,  34.4107,  20 Jun 2018 17:00:08
# 27.7740,  5.516558,  0.863,  0.0932,  0.1759,  34.4210,  20 Jun 2018 17:04:08
# 27.8448,  5.521392,  0.880,  0.0858,  0.1579,  34.4031,  20 Jun 2018 17:08:08
# 27.8595,  5.521329,  0.873,  0.0982,  0.1555,  34.3919,  20 Jun 2018 17:12:08
# 27.9101,  5.521051,  0.858,  0.1132,  0.1674,  34.3529,  20 Jun 2018 17:16:08
# 27.8955,  5.521138,  0.884,  0.1117,  0.1528,  34.3642,  20 Jun 2018 17:20:08
# 27.8023,  5.515347,  0.856,  0.1118,  0.1713,  34.3918,  20 Jun 2018 17:24:08
# 27.8291,  5.517594,  0.869,  0.0967,  0.1740,  34.3879,  20 Jun 2018 17:28:08
# 27.8138,  5.517040,  0.868,  0.0968,  0.1814,  34.3952,  20 Jun 2018 17:32:08
# 27.8615,  5.518020,  0.883,  0.1057,  0.1525,  34.3672,  20 Jun 2018 17:36:08
# 27.8368,  5.516058,  0.866,  0.1132,  0.1629,  34.3715,  20 Jun 2018 17:40:08
# 27.8282,  5.513811,  0.866,  0.1177,  0.1627,  34.3620,  20 Jun 2018 17:44:08
# 27.7986,  5.512356,  0.885,  0.1192,  0.1614,  34.3735,  20 Jun 2018 17:48:08
# 27.7081,  5.508767,  0.887,  0.1083,  0.1576,  34.4145,  20 Jun 2018 17:52:08
# 27.6499,  5.504925,  0.873,  0.1020,  0.1868,  34.4302,  20 Jun 2018 17:56:08
# 27.6216,  5.502752,  0.889,  0.1058,  0.1736,  34.4357,  20 Jun 2018 18:00:08
# 27.6470,  5.503534,  0.898,  0.1046,  0.1691,  34.4226,  20 Jun 2018 18:04:08
# 27.6884,  5.504727,  0.905,  0.1157,  0.1639,  34.4006,  20 Jun 2018 18:08:08
# 27.6677,  5.503976,  0.901,  0.1106,  0.1664,  34.4105,  20 Jun 2018 18:12:08
# 27.6707,  5.503462,  0.909,  0.1021,  0.1529,  34.4046,  20 Jun 2018 18:16:08
# 27.6350,  5.502546,  0.892,  0.1082,  0.1592,  34.4244,  20 Jun 2018 18:20:08
# 27.6347,  5.501906,  0.888,  0.0981,  0.1641,  34.4201,  20 Jun 2018 18:24:08
# 27.6181,  5.500341,  0.888,  0.1054,  0.1691,  34.4213,  20 Jun 2018 18:28:08
# 27.6084,  5.499607,  0.919,  0.0945,  0.1524,  34.4233,  20 Jun 2018 18:32:08
# 27.6286,  5.498840,  0.931,  0.0944,  0.1450,  34.4030,  20 Jun 2018 18:36:08
# 27.5820,  5.496447,  0.927,  0.0919,  0.1522,  34.4204,  20 Jun 2018 18:40:08
# 27.6142,  5.496691,  0.933,  0.0968,  0.1581,  34.3985,  20 Jun 2018 18:44:08
# 27.6122,  5.496272,  0.915,  0.1033,  0.1513,  34.3969,  20 Jun 2018 18:48:08
# 27.6403,  5.496532,  0.954,  0.1044,  0.1666,  34.3782,  20 Jun 2018 18:52:08
# 27.6420,  5.495948,  0.956,  0.1156,  0.1592,  34.3728,  20 Jun 2018 18:56:08
# 27.6048,  5.494203,  0.961,  0.1055,  0.1617,  34.3878,  20 Jun 2018 19:00:08
# 27.5888,  5.493492,  0.956,  0.1020,  0.1653,  34.3945,  20 Jun 2018 19:04:08
# 27.5654,  5.491731,  0.962,  0.1043,  0.1513,  34.3993,  20 Jun 2018 19:08:08
# 27.5656,  5.491163,  0.983,  0.1045,  0.1642,  34.3951,  20 Jun 2018 19:12:08
# 27.5483,  5.490263,  0.979,  0.1044,  0.1569,  34.4015,  20 Jun 2018 19:16:08
# 27.5123,  5.489087,  0.984,  0.1070,  0.1476,  34.4197,  20 Jun 2018 19:20:08
# 27.5416,  5.488976,  0.995,  0.1067,  0.2167,  34.3973,  20 Jun 2018 19:24:08
# 27.4894,  5.487090,  1.002,  0.1105,  0.1627,  34.4224,  20 Jun 2018 19:28:08
# 27.4954,  5.485740,  0.996,  0.1157,  0.1664,  34.4085,  20 Jun 2018 19:32:08
# 27.5089,  5.485818,  1.007,  0.1092,  0.1593,  34.3991,  20 Jun 2018 19:36:08
# 27.5351,  5.486694,  1.014,  0.1142,  0.1485,  34.3861,  20 Jun 2018 19:40:08
# 27.5359,  5.486339,  1.027,  0.1166,  0.1546,  34.3829,  20 Jun 2018 19:44:08
# 27.5243,  5.485297,  1.022,  0.1167,  0.1676,  34.3841,  20 Jun 2018 19:48:08
# 27.5476,  5.486054,  1.020,  0.1266,  0.1627,  34.3724,  20 Jun 2018 19:52:08
# 27.5311,  5.485344,  1.024,  0.1141,  0.1653,  34.3795,  20 Jun 2018 19:56:08
# 27.5227,  5.484745,  1.037,  0.1130,  0.1723,  34.3814,  20 Jun 2018 20:00:08
# 27.5387,  5.484989,  1.037,  0.1180,  0.1531,  34.3714,  20 Jun 2018 20:04:08
# 27.5310,  5.483600,  1.033,  0.1142,  0.1642,  34.3673,  20 Jun 2018 20:08:08
# 27.5299,  5.482550,  1.042,  0.1168,  0.1762,  34.3606,  20 Jun 2018 20:12:08
# 27.5185,  5.481233,  1.039,  0.1228,  0.2439,  34.3597,  20 Jun 2018 20:16:08
# 27.5076,  5.480491,  1.049,  0.1169,  0.1497,  34.3625,  20 Jun 2018 20:20:08
# 27.5250,  5.479883,  1.042,  0.1290,  0.1477,  34.3454,  20 Jun 2018 20:24:08
# 27.5082,  5.478629,  1.046,  0.1154,  0.2020,  34.3489,  20 Jun 2018 20:28:08
# 27.5023,  5.476413,  1.050,  0.1180,  0.1487,  34.3376,  20 Jun 2018 20:32:08
# 27.4949,  5.475253,  1.047,  0.1203,  0.1555,  34.3348,  20 Jun 2018 20:36:08
# 27.4715,  5.474623,  1.057,  0.1240,  0.1543,  34.3475,  20 Jun 2018 20:40:08
# 27.4655,  5.472446,  1.059,  0.1254,  0.1872,  34.3366,  20 Jun 2018 20:44:08
# 27.4728,  5.472328,  1.062,  0.1190,  0.1849,  34.3304,  20 Jun 2018 20:48:08
# 27.4642,  5.469017,  1.062,  0.1291,  0.1653,  34.3133,  20 Jun 2018 20:52:08
# 27.4454,  5.467945,  1.063,  0.1231,  0.1592,  34.3195,  20 Jun 2018 20:56:08
# 27.4392,  5.466968,  1.066,  0.1238,  0.1663,  34.3172,  20 Jun 2018 21:00:08
# 27.4148,  5.466542,  1.067,  0.1142,  0.1570,  34.3321,  20 Jun 2018 21:04:08
# 27.3809,  5.465771,  1.070,  0.1179,  0.1749,  34.3516,  20 Jun 2018 21:08:08
# 27.3514,  5.465133,  1.074,  0.1093,  0.1543,  34.3688,  20 Jun 2018 21:12:08
# 27.3526,  5.462887,  1.068,  0.1143,  0.1579,  34.3520,  20 Jun 2018 21:16:08
# 27.3626,  5.462122,  1.078,  0.1142,  0.1545,  34.3392,  20 Jun 2018 21:20:08
# 27.3665,  5.461697,  1.077,  0.1131,  0.1571,  34.3334,  20 Jun 2018 21:24:08
# 27.3651,  5.460736,  1.085,  0.1141,  0.1556,  34.3276,  20 Jun 2018 21:28:08
# 27.3358,  5.461256,  1.081,  0.1103,  0.1488,  34.3528,  20 Jun 2018 21:32:08
# 27.3474,  5.459137,  1.083,  0.1144,  0.1628,  34.3293,  20 Jun 2018 21:36:08
# 27.3471,  5.459885,  1.091,  0.1183,  0.1592,  34.3348,  20 Jun 2018 21:40:08
# 27.3461,  5.458286,  1.088,  0.1182,  0.1498,  34.3242,  20 Jun 2018 21:44:08
# 27.3406,  5.458814,  1.091,  0.1141,  0.1582,  34.3320,  20 Jun 2018 21:48:08
# 27.3356,  5.458105,  1.094,  0.1180,  0.1626,  34.3306,  20 Jun 2018 21:52:08
# 27.3367,  5.457916,  1.095,  0.1217,  0.1581,  34.3285,  20 Jun 2018 21:56:08
# 27.3187,  5.458366,  1.095,  0.1129,  0.1543,  34.3449,  20 Jun 2018 22:00:08
# 27.2906,  5.459524,  1.095,  0.1106,  0.1590,  34.3738,  20 Jun 2018 22:04:08
# 27.2986,  5.456570,  1.103,  0.1119,  0.1466,  34.3470,  20 Jun 2018 22:08:08
# 27.2939,  5.454940,  1.098,  0.1068,  0.1511,  34.3389,  20 Jun 2018 22:12:08
# 27.2932,  5.454224,  1.107,  0.1120,  0.1580,  34.3343,  20 Jun 2018 22:16:08
# 27.2718,  5.455437,  1.108,  0.1067,  0.1552,  34.3587,  20 Jun 2018 22:20:08
# 27.2723,  5.454137,  1.104,  0.1046,  0.1579,  34.3491,  20 Jun 2018 22:24:08
# 27.2637,  5.451807,  1.107,  0.1106,  0.1569,  34.3390,  20 Jun 2018 22:28:08
# 27.2583,  5.451343,  1.105,  0.1084,  0.1543,  34.3396,  20 Jun 2018 22:32:08
# 27.2567,  5.450186,  1.106,  0.1044,  0.1555,  34.3326,  20 Jun 2018 22:36:08
# 27.2415,  5.450036,  1.109,  0.1055,  0.1514,  34.3428,  20 Jun 2018 22:40:08
# 27.2160,  5.451895,  1.104,  0.0943,  0.1487,  34.3747,  20 Jun 2018 22:44:08
# 27.2287,  5.449013,  1.100,  0.0970,  0.1451,  34.3449,  20 Jun 2018 22:48:08
# 27.2316,  5.448903,  1.104,  0.0995,  0.1485,  34.3420,  20 Jun 2018 22:52:08
# 27.2316,  5.448738,  1.101,  0.1022,  0.1627,  34.3408,  20 Jun 2018 22:56:08
# 27.2349,  5.447329,  1.104,  0.1141,  0.1555,  34.3284,  20 Jun 2018 23:00:08
# 27.2294,  5.447180,  1.101,  0.1105,  0.1617,  34.3314,  20 Jun 2018 23:04:08
# 27.2237,  5.445527,  1.101,  0.1118,  0.1581,  34.3238,  20 Jun 2018 23:08:08
# 27.2127,  5.442467,  1.096,  0.1141,  0.1532,  34.3103,  20 Jun 2018 23:12:08
# 27.2049,  5.442255,  1.092,  0.1194,  0.1524,  34.3145,  20 Jun 2018 23:16:08
# 27.1924,  5.441948,  1.089,  0.1143,  0.1557,  34.3216,  20 Jun 2018 23:20:08
# 27.1788,  5.438267,  1.082,  0.1215,  0.1615,  34.3054,  20 Jun 2018 23:24:08
# 27.1733,  5.437623,  1.086,  0.1103,  0.1512,  34.3049,  20 Jun 2018 23:28:08
# 27.1732,  5.435107,  1.088,  0.1205,  0.1601,  34.2871,  20 Jun 2018 23:32:08
# 27.1748,  5.435869,  1.085,  0.1121,  0.1662,  34.2914,  20 Jun 2018 23:36:08
# 27.1733,  5.436074,  1.081,  0.1141,  0.1543,  34.2939,  20 Jun 2018 23:40:08
# 27.1653,  5.435005,  1.084,  0.1132,  0.1569,  34.2922,  20 Jun 2018 23:44:08
# 27.1791,  5.437489,  1.074,  0.1242,  0.1837,  34.2997,  20 Jun 2018 23:48:08
# 27.1802,  5.437654,  1.073,  0.1240,  0.1703,  34.3001,  20 Jun 2018 23:52:08
# 27.1756,  5.437292,  1.066,  0.1241,  0.1625,  34.3009,  20 Jun 2018 23:56:08
# 27.1675,  5.438386,  1.061,  0.1158,  0.1605,  34.3146,  21 Jun 2018 00:00:08
# 27.1619,  5.435987,  1.050,  0.1167,  0.1605,  34.3017,  21 Jun 2018 00:04:08
# 27.1570,  5.435697,  1.039,  0.1180,  0.1640,  34.3033,  21 Jun 2018 00:08:08
# 27.1438,  5.434635,  1.040,  0.1156,  0.1640,  34.3054,  21 Jun 2018 00:12:08
# 27.1337,  5.434730,  1.050,  0.1081,  0.1630,  34.3136,  21 Jun 2018 00:16:08
# 27.1328,  5.434258,  1.038,  0.1055,  0.1530,  34.3109,  21 Jun 2018 00:20:08
# 27.1271,  5.434526,  1.030,  0.1094,  0.1628,  34.3170,  21 Jun 2018 00:24:08
# 27.1093,  5.432364,  1.032,  0.1055,  0.1606,  34.3147,  21 Jun 2018 00:28:08
# 27.1149,  5.435249,  1.030,  0.1095,  0.1763,  34.3311,  21 Jun 2018 00:32:08
# 27.1085,  5.432553,  1.008,  0.1084,  0.1544,  34.3167,  21 Jun 2018 00:36:08
# 27.1043,  5.431453,  1.012,  0.1084,  0.1566,  34.3120,  21 Jun 2018 00:40:08
# 27.1035,  5.431374,  1.024,  0.1045,  0.1486,  34.3120,  21 Jun 2018 00:44:08
# 27.1116,  5.433300,  1.006,  0.1120,  0.1593,  34.3197,  21 Jun 2018 00:48:08
# 27.1052,  5.431633,  1.000,  0.1170,  0.1543,  34.3125,  21 Jun 2018 00:52:08
# 27.1004,  5.432757,  0.981,  0.1108,  0.1582,  34.3241,  21 Jun 2018 00:56:08
# 27.0982,  5.436169,  0.983,  0.1045,  0.1663,  34.3500,  21 Jun 2018 01:00:08
# 27.0980,  5.433921,  0.949,  0.1085,  0.2092,  34.3342,  21 Jun 2018 01:04:08
# 27.0841,  5.432294,  0.982,  0.1019,  0.1653,  34.3328,  21 Jun 2018 01:08:08
# 27.0758,  5.431870,  0.954,  0.1018,  0.1603,  34.3360,  21 Jun 2018 01:12:08
# 27.0779,  5.432593,  0.972,  0.0996,  0.1531,  34.3395,  21 Jun 2018 01:16:08
# 27.0635,  5.431123,  0.945,  0.1044,  0.1678,  34.3397,  21 Jun 2018 01:20:08
# 27.0610,  5.430259,  0.942,  0.0981,  0.1643,  34.3354,  21 Jun 2018 01:24:08
# 27.0577,  5.429512,  0.927,  0.1010,  0.1752,  34.3326,  21 Jun 2018 01:28:08
# 27.0464,  5.427768,  0.919,  0.0996,  0.1556,  34.3285,  21 Jun 2018 01:32:08
# 27.0447,  5.427697,  0.919,  0.1070,  0.1653,  34.3292,  21 Jun 2018 01:36:08
# 27.0335,  5.426676,  0.920,  0.0969,  0.1442,  34.3302,  21 Jun 2018 01:40:08
# 27.0367,  5.427415,  0.918,  0.0983,  0.1566,  34.3331,  21 Jun 2018 01:44:08
# 27.0001,  5.419396,  0.892,  0.1045,  0.1701,  34.3031,  21 Jun 2018 01:48:08
# 26.9811,  5.411939,  0.916,  0.1070,  0.1679,  34.2640,  21 Jun 2018 01:52:08
# 26.9731,  5.411390,  0.917,  0.1086,  0.1690,  34.2660,  21 Jun 2018 01:56:08
# 26.9545,  5.407357,  0.884,  0.1070,  0.1784,  34.2510,  21 Jun 2018 02:00:08
# 26.9576,  5.408361,  0.891,  0.1020,  0.1653,  34.2559,  21 Jun 2018 02:04:08
# 26.9581,  5.407687,  0.866,  0.1057,  0.1933,  34.2506,  21 Jun 2018 02:08:08
# 26.9439,  5.403467,  0.880,  0.1035,  0.1619,  34.2311,  21 Jun 2018 02:12:08
# 26.9621,  5.409813,  0.884,  0.1045,  0.1568,  34.2629,  21 Jun 2018 02:16:08
# 26.9560,  5.410354,  0.850,  0.1057,  0.1512,  34.2712,  21 Jun 2018 02:20:08
# 26.9524,  5.410621,  0.849,  0.1035,  0.1666,  34.2758,  21 Jun 2018 02:24:08
# 26.9736,  5.415848,  0.854,  0.1071,  0.1803,  34.2974,  21 Jun 2018 02:28:08
# 26.9668,  5.414702,  0.833,  0.1007,  0.1532,  34.2942,  21 Jun 2018 02:32:08
# 26.9700,  5.415777,  0.827,  0.0999,  0.1617,  34.2995,  21 Jun 2018 02:36:08
# 26.9771,  5.417072,  0.827,  0.0997,  0.1627,  34.3035,  21 Jun 2018 02:40:08
# 26.9657,  5.414380,  0.809,  0.1085,  0.1582,  34.2927,  21 Jun 2018 02:44:08
# 26.9559,  5.412128,  0.817,  0.1133,  0.1581,  34.2840,  21 Jun 2018 02:48:08
# 26.9657,  5.417104,  0.813,  0.1070,  0.1617,  34.3121,  21 Jun 2018 02:52:08
# 26.9818,  5.423967,  0.797,  0.1045,  0.1664,  34.3492,  21 Jun 2018 02:56:08
# 26.9871,  5.427643,  0.807,  0.1046,  0.1666,  34.3714,  21 Jun 2018 03:00:08
# 26.9965,  5.427698,  0.799,  0.1170,  0.1971,  34.3649,  21 Jun 2018 03:04:08
# 27.0013,  5.429600,  0.800,  0.1160,  0.1690,  34.3749,  21 Jun 2018 03:08:08
# 26.9170,  5.395456,  0.771,  0.1069,  0.1653,  34.1938,  21 Jun 2018 03:12:08
# 26.9018,  5.395025,  0.806,  0.1081,  0.1727,  34.2019,  21 Jun 2018 03:16:08
# 26.9252,  5.404205,  0.792,  0.1083,  0.1739,  34.2502,  21 Jun 2018 03:20:08
# 26.9420,  5.412724,  0.765,  0.1046,  0.1691,  34.2985,  21 Jun 2018 03:24:08
# 26.9704,  5.425153,  0.786,  0.1119,  0.1700,  34.3661,  21 Jun 2018 03:28:08
# 26.9855,  5.433758,  0.764,  0.1180,  0.1822,  34.4163,  21 Jun 2018 03:32:08
# 26.9718,  5.428579,  0.779,  0.1070,  0.1763,  34.3895,  21 Jun 2018 03:36:08
# 26.9619,  5.427699,  0.760,  0.1043,  0.1567,  34.3905,  21 Jun 2018 03:40:08
# 26.9339,  5.422130,  0.753,  0.1046,  0.1749,  34.3715,  21 Jun 2018 03:44:08
# 26.8854,  5.405907,  0.757,  0.1118,  0.1629,  34.2917,  21 Jun 2018 03:48:08
# 26.8876,  5.406668,  0.742,  0.1119,  0.1893,  34.2955,  21 Jun 2018 03:52:08
# 26.9120,  5.413721,  0.744,  0.1134,  0.1785,  34.3278,  21 Jun 2018 03:56:08
# 26.9207,  5.417858,  0.735,  0.1083,  0.1801,  34.3509,  21 Jun 2018 04:00:08
# 26.9318,  5.422208,  0.726,  0.1082,  0.1847,  34.3737,  21 Jun 2018 04:04:08
# 26.9407,  5.426018,  0.728,  0.1047,  0.1688,  34.3942,  21 Jun 2018 04:08:08
# 26.9526,  5.430363,  0.726,  0.1092,  0.1860,  34.4164,  21 Jun 2018 04:12:08
# 26.9017,  5.416288,  0.728,  0.1144,  0.1701,  34.3537,  21 Jun 2018 04:16:08
# 26.8754,  5.406582,  0.710,  0.1118,  0.1850,  34.3039,  21 Jun 2018 04:20:08
# 26.9069,  5.413517,  0.729,  0.1157,  0.1641,  34.3301,  21 Jun 2018 04:24:08
# 26.9189,  5.415801,  0.705,  0.1144,  0.1765,  34.3375,  21 Jun 2018 04:28:08
# 26.9542,  5.427997,  0.723,  0.1192,  0.1946,  34.3983,  21 Jun 2018 04:32:08
# 26.9530,  5.430386,  0.707,  0.1145,  0.1888,  34.4163,  21 Jun 2018 04:36:08
# 26.9540,  5.429868,  0.715,  0.1156,  0.1846,  34.4119,  21 Jun 2018 04:40:08
# 26.9344,  5.421925,  0.710,  0.1082,  0.1836,  34.3697,  21 Jun 2018 04:44:08
# 26.9392,  5.425303,  0.710,  0.1129,  0.1812,  34.3903,  21 Jun 2018 04:48:08
# 26.9374,  5.426481,  0.714,  0.1121,  0.1726,  34.4000,  21 Jun 2018 04:52:08
# 26.9316,  5.425436,  0.691,  0.1169,  0.1873,  34.3969,  21 Jun 2018 04:56:08
# 26.9254,  5.424722,  0.704,  0.1033,  0.1822,  34.3963,  21 Jun 2018 05:00:08
# 26.9157,  5.422939,  0.704,  0.1009,  0.1800,  34.3908,  21 Jun 2018 05:04:08
# 26.8922,  5.415409,  0.710,  0.1007,  0.1663,  34.3545,  21 Jun 2018 05:08:08
# 26.8979,  5.417584,  0.690,  0.0998,  0.1861,  34.3658,  21 Jun 2018 05:12:08
# 26.8991,  5.418644,  0.690,  0.1009,  0.1813,  34.3725,  21 Jun 2018 05:16:08
# 26.9015,  5.420238,  0.696,  0.1033,  0.1701,  34.3821,  21 Jun 2018 05:20:08
# 26.9051,  5.421973,  0.676,  0.1021,  0.1896,  34.3918,  21 Jun 2018 05:24:08
# 26.9034,  5.422287,  0.678,  0.1044,  0.1813,  34.3953,  21 Jun 2018 05:28:08
# 26.8809,  5.417482,  0.676,  0.1033,  0.1874,  34.3777,  21 Jun 2018 05:32:08
# 26.8587,  5.412647,  0.678,  0.1057,  0.2229,  34.3596,  21 Jun 2018 05:36:08
# 26.8696,  5.414531,  0.687,  0.1083,  0.1896,  34.3649,  21 Jun 2018 05:40:08
# 26.8082,  5.397284,  0.694,  0.1044,  0.1958,  34.2872,  21 Jun 2018 05:44:08
# 26.8335,  5.404740,  0.680,  0.1109,  0.1774,  34.3217,  21 Jun 2018 05:48:08
# 26.8305,  5.404810,  0.691,  0.1032,  0.1836,  34.3245,  21 Jun 2018 05:52:08
# 26.8658,  5.415143,  0.680,  0.1020,  0.2216,  34.3721,  21 Jun 2018 05:56:08
# 26.8753,  5.419390,  0.683,  0.1021,  0.2164,  34.3954,  21 Jun 2018 06:00:08
# 26.8659,  5.418409,  0.689,  0.1020,  0.2274,  34.3954,  21 Jun 2018 06:04:08
# 26.8529,  5.416682,  0.685,  0.0997,  0.1811,  34.3927,  21 Jun 2018 06:08:08
# 26.8470,  5.416289,  0.689,  0.1019,  0.2057,  34.3943,  21 Jun 2018 06:12:08
# 26.8321,  5.413079,  0.697,  0.0983,  0.1957,  34.3824,  21 Jun 2018 06:16:08
# 26.8370,  5.414586,  0.693,  0.0971,  0.1788,  34.3895,  21 Jun 2018 06:20:08
# 26.8320,  5.414830,  0.696,  0.1019,  0.1946,  34.3950,  21 Jun 2018 06:24:08
# 26.8069,  5.409808,  0.715,  0.0958,  0.1922,  34.3777,  21 Jun 2018 06:28:08
# 26.7925,  5.405391,  0.703,  0.0983,  0.1812,  34.3568,  21 Jun 2018 06:32:08
# 26.7929,  5.406505,  0.698,  0.1007,  0.2178,  34.3644,  21 Jun 2018 06:36:08
# 26.7993,  5.408450,  0.708,  0.0982,  0.1887,  34.3736,  21 Jun 2018 06:40:08
# 26.8008,  5.408764,  0.733,  0.0958,  0.1814,  34.3747,  21 Jun 2018 06:44:08
# 26.8124,  5.411863,  0.720,  0.0995,  0.1984,  34.3883,  21 Jun 2018 06:48:08
# 26.8152,  5.414327,  0.727,  0.0997,  0.1872,  34.4038,  21 Jun 2018 06:52:08
# 26.8154,  5.413864,  0.726,  0.0961,  0.1803,  34.4004,  21 Jun 2018 06:56:08
# 26.8092,  5.413056,  0.734,  0.1019,  0.2032,  34.3992,  21 Jun 2018 07:00:08
# 26.8279,  5.415489,  0.732,  0.0981,  0.1811,  34.4027,  21 Jun 2018 07:04:08
# 26.8207,  5.414115,  0.734,  0.0945,  0.1822,  34.3983,  21 Jun 2018 07:08:08
# 26.8148,  5.413307,  0.753,  0.0984,  0.1763,  34.3969,  21 Jun 2018 07:12:08
# 26.8158,  5.413213,  0.756,  0.0932,  0.1934,  34.3954,  21 Jun 2018 07:16:08
# 26.8064,  5.409627,  0.755,  0.0933,  0.1677,  34.3768,  21 Jun 2018 07:20:08
# 26.8194,  5.410600,  0.774,  0.0923,  0.1775,  34.3741,  21 Jun 2018 07:24:08
# 26.8268,  5.411761,  0.763,  0.0922,  0.1654,  34.3769,  21 Jun 2018 07:28:08
# 26.8421,  5.414319,  0.767,  0.0945,  0.1626,  34.3838,  21 Jun 2018 07:32:08
# 26.8416,  5.413778,  0.790,  0.0970,  0.1739,  34.3803,  21 Jun 2018 07:36:08
# 26.8476,  5.414680,  0.793,  0.0945,  0.1898,  34.3823,  21 Jun 2018 07:40:08
# 26.8479,  5.414296,  0.790,  0.0905,  0.1798,  34.3794,  21 Jun 2018 07:44:08
# 26.8528,  5.414664,  0.795,  0.0896,  0.1556,  34.3783,  21 Jun 2018 07:48:08
# 26.8553,  5.415488,  0.812,  0.0919,  0.1838,  34.3824,  21 Jun 2018 07:52:08
# 26.8611,  5.415771,  0.796,  0.0935,  0.1909,  34.3801,  21 Jun 2018 07:56:08
# 26.8676,  5.416446,  0.814,  0.0896,  0.1700,  34.3801,  21 Jun 2018 08:00:08
# 26.8774,  5.418079,  0.813,  0.0883,  0.1703,  34.3845,  21 Jun 2018 08:04:08
# 26.8849,  5.418919,  0.815,  0.0896,  0.1897,  34.3849,  21 Jun 2018 08:08:08
# 26.8904,  5.418942,  0.830,  0.0896,  0.1664,  34.3810,  21 Jun 2018 08:12:08
# 26.9037,  5.419704,  0.828,  0.0887,  0.1751,  34.3766,  21 Jun 2018 08:16:08
# 26.9056,  5.415841,  0.846,  0.0874,  0.1627,  34.3476,  21 Jun 2018 08:20:08
# 26.9128,  5.417513,  0.846,  0.0898,  0.1762,  34.3542,  21 Jun 2018 08:24:08
# 26.9272,  5.418800,  0.857,  0.0872,  0.1650,  34.3527,  21 Jun 2018 08:28:08
# 26.9239,  5.419538,  0.849,  0.0886,  0.1740,  34.3605,  21 Jun 2018 08:32:08
# 26.9260,  5.420763,  0.873,  0.0896,  0.1947,  34.3676,  21 Jun 2018 08:36:08
# 26.9408,  5.422829,  0.853,  0.0856,  0.1859,  34.3714,  21 Jun 2018 08:40:08
# 26.9584,  5.424729,  0.876,  0.0886,  0.1678,  34.3719,  21 Jun 2018 08:44:08
# 26.9593,  5.426379,  0.890,  0.0871,  0.1644,  34.3830,  21 Jun 2018 08:48:08
# 26.9617,  5.418603,  0.893,  0.0909,  0.1823,  34.3258,  21 Jun 2018 08:52:08
# 26.9793,  5.417967,  0.899,  0.0920,  0.1773,  34.3083,  21 Jun 2018 08:56:08
# 26.9882,  5.422671,  0.917,  0.0885,  0.1751,  34.3352,  21 Jun 2018 09:00:08
# 26.9991,  5.425538,  0.928,  0.0884,  0.1961,  34.3475,  21 Jun 2018 09:04:08
# 27.0026,  5.427942,  0.917,  0.0883,  0.1811,  34.3621,  21 Jun 2018 09:08:08
# 27.0192,  5.430676,  0.915,  0.0873,  0.1652,  34.3693,  21 Jun 2018 09:12:08
# 27.0083,  5.431651,  0.935,  0.0884,  0.2203,  34.3843,  21 Jun 2018 09:16:08
# 27.0299,  5.433545,  0.943,  0.0852,  0.1810,  34.3818,  21 Jun 2018 09:20:08
# 27.0266,  5.434142,  0.929,  0.0887,  0.1773,  34.3885,  21 Jun 2018 09:24:08
# 27.0283,  5.433332,  0.949,  0.0872,  0.1593,  34.3815,  21 Jun 2018 09:28:08
# 27.0451,  5.433827,  0.930,  0.0872,  0.1699,  34.3726,  21 Jun 2018 09:32:08
# 27.0528,  5.433639,  0.952,  0.0871,  0.1665,  34.3655,  21 Jun 2018 09:36:08
# 27.0360,  5.432609,  0.969,  0.0922,  0.1810,  34.3706,  21 Jun 2018 09:40:08
# 27.0368,  5.433230,  0.945,  0.0896,  0.1822,  34.3744,  21 Jun 2018 09:44:08
# 27.0490,  5.434645,  0.947,  0.0858,  0.1654,  34.3755,  21 Jun 2018 09:48:08
# 27.0548,  5.434983,  0.980,  0.0872,  0.1630,  34.3736,  21 Jun 2018 09:52:08
# 27.0610,  5.434763,  0.953,  0.0871,  0.1918,  34.3675,  21 Jun 2018 09:56:08
# 27.0810,  5.436877,  0.978,  0.0832,  0.1736,  34.3677,  21 Jun 2018 10:00:08
# 27.1007,  5.438481,  0.973,  0.0835,  0.1580,  34.3646,  21 Jun 2018 10:04:08
# 27.1057,  5.439503,  0.983,  0.0835,  0.1836,  34.3681,  21 Jun 2018 10:08:08
# 27.0995,  5.439543,  0.971,  0.0870,  0.1859,  34.3730,  21 Jun 2018 10:12:08
# 27.1055,  5.439731,  0.984,  0.0884,  0.1897,  34.3699,  21 Jun 2018 10:16:08
# 27.1052,  5.441061,  0.994,  0.0884,  0.1809,  34.3796,  21 Jun 2018 10:20:08
# 27.1025,  5.440785,  0.999,  0.0932,  0.1811,  34.3796,  21 Jun 2018 10:24:08
# 27.0952,  5.440746,  1.002,  0.0970,  0.1787,  34.3847,  21 Jun 2018 10:28:08
# 27.0881,  5.441855,  0.996,  0.0908,  0.1933,  34.3979,  21 Jun 2018 10:32:08
# 27.1173,  5.444325,  0.998,  0.0909,  0.1762,  34.3939,  21 Jun 2018 10:36:08
# 27.1208,  5.444868,  1.005,  0.0900,  0.1860,  34.3952,  21 Jun 2018 10:40:08
# 27.1482,  5.446260,  1.007,  0.0895,  0.1920,  34.3848,  21 Jun 2018 10:44:08
# 27.1376,  5.449196,  1.000,  0.0858,  0.1895,  34.4135,  21 Jun 2018 10:48:08
# 27.1531,  5.451801,  1.008,  0.0858,  0.1897,  34.4205,  21 Jun 2018 10:52:08
# 27.1585,  5.452376,  1.018,  0.0858,  0.1714,  34.4206,  21 Jun 2018 10:56:08
# 27.1711,  5.454186,  1.011,  0.0856,  0.1872,  34.4242,  21 Jun 2018 11:00:08
# 27.1852,  5.455422,  1.024,  0.0850,  0.1689,  34.4225,  21 Jun 2018 11:04:08
# 27.2048,  5.457273,  1.008,  0.0847,  0.1727,  34.4212,  21 Jun 2018 11:08:08
# 27.2199,  5.458982,  1.033,  0.0822,  0.1653,  34.4221,  21 Jun 2018 11:12:08
# 27.2508,  5.461746,  1.027,  0.0846,  0.1762,  34.4189,  21 Jun 2018 11:16:08
# 27.3324,  5.466142,  1.021,  0.0834,  0.2539,  34.3899,  21 Jun 2018 11:20:08
# 27.3808,  5.465511,  1.032,  0.0835,  0.1860,  34.3498,  21 Jun 2018 11:24:08
# 27.3703,  5.466393,  1.034,  0.0845,  0.1700,  34.3638,  21 Jun 2018 11:28:08
# 27.3813,  5.466693,  1.028,  0.0848,  0.1723,  34.3578,  21 Jun 2018 11:32:08
# 27.3907,  5.467922,  1.028,  0.0822,  0.1810,  34.3596,  21 Jun 2018 11:36:08
# 27.4319,  5.471335,  1.044,  0.0836,  0.1801,  34.3534,  21 Jun 2018 11:40:08
# 27.4389,  5.471012,  1.050,  0.0848,  0.1703,  34.3460,  21 Jun 2018 11:44:08
# 27.4289,  5.471658,  1.049,  0.0824,  0.1653,  34.3579,  21 Jun 2018 11:48:08
# 27.4764,  5.477297,  1.050,  0.0832,  0.1589,  34.3628,  21 Jun 2018 11:52:08
# 27.5656,  5.487301,  1.050,  0.0788,  0.1512,  34.3679,  21 Jun 2018 11:56:08
# 27.6177,  5.491849,  1.050,  0.0777,  0.1524,  34.3617,  21 Jun 2018 12:00:08
# 27.6370,  5.492528,  1.046,  0.0810,  0.1463,  34.3524,  21 Jun 2018 12:04:08
# 27.6139,  5.488761,  1.050,  0.0789,  0.1688,  34.3428,  21 Jun 2018 12:08:08
# 27.6212,  5.489290,  1.051,  0.0787,  0.1522,  34.3411,  21 Jun 2018 12:12:08
# 27.6724,  5.495157,  1.057,  0.0809,  0.1618,  34.3449,  21 Jun 2018 12:16:08
# 27.6913,  5.496903,  1.054,  0.0795,  0.1603,  34.3434,  21 Jun 2018 12:20:08
# 27.7341,  5.500434,  1.046,  0.0790,  0.1643,  34.3369,  21 Jun 2018 12:24:08
# 27.6519,  5.496951,  1.050,  0.0777,  0.1724,  34.3726,  21 Jun 2018 12:28:08
# 27.7392,  5.502687,  1.049,  0.0787,  0.1801,  34.3490,  21 Jun 2018 12:32:08
# 27.7585,  5.505248,  1.061,  0.0809,  0.1640,  34.3528,  21 Jun 2018 12:36:08
# 27.6819,  5.499432,  1.055,  0.0799,  0.1566,  34.3680,  21 Jun 2018 12:40:08
# 27.8088,  5.510047,  1.051,  0.0797,  0.1592,  34.3498,  21 Jun 2018 12:44:08
# 27.7568,  5.506315,  1.055,  0.0787,  0.1569,  34.3616,  21 Jun 2018 12:48:08
# 27.8051,  5.509366,  1.053,  0.0764,  0.1690,  34.3477,  21 Jun 2018 12:52:08
# 27.7427,  5.503216,  1.040,  0.0788,  0.1713,  34.3502,  21 Jun 2018 12:56:08
# 27.7267,  5.501193,  1.056,  0.0834,  0.1664,  34.3477,  21 Jun 2018 13:00:08
# 27.6973,  5.503367,  1.056,  0.0832,  0.1553,  34.3845,  21 Jun 2018 13:04:08
# 27.6983,  5.500182,  1.044,  0.0790,  0.1759,  34.3613,  21 Jun 2018 13:08:08
# 27.7499,  5.504054,  1.044,  0.0795,  0.1702,  34.3508,  21 Jun 2018 13:12:08
# 27.8068,  5.508963,  1.043,  0.0790,  0.1650,  34.3436,  21 Jun 2018 13:16:08
# 27.8448,  5.511667,  1.045,  0.0796,  0.1580,  34.3349,  21 Jun 2018 13:20:08
# 27.8904,  5.516255,  1.036,  0.0762,  0.1799,  34.3337,  21 Jun 2018 13:24:08
# 27.8115,  5.511011,  1.035,  0.0796,  0.1993,  34.3546,  21 Jun 2018 13:28:08
# 27.8929,  5.516548,  1.042,  0.0763,  0.1591,  34.3339,  21 Jun 2018 13:32:08
# 27.8739,  5.515203,  1.041,  0.0763,  0.1553,  34.3383,  21 Jun 2018 13:36:08
# 27.7157,  5.505802,  1.037,  0.0811,  0.1530,  34.3881,  21 Jun 2018 13:40:08
# 27.8528,  5.513004,  1.045,  0.0790,  0.1464,  34.3383,  21 Jun 2018 13:44:08
# 27.7932,  5.508940,  1.036,  0.0831,  0.1652,  34.3534,  21 Jun 2018 13:48:08
# 27.8698,  5.513233,  1.027,  0.0832,  0.1543,  34.3276,  21 Jun 2018 13:52:08
# 27.9114,  5.516650,  1.038,  0.0869,  0.1711,  34.3212,  21 Jun 2018 13:56:08
