# 27.9908,  5.865166,  0.903,  0.0954,  0.2702,  36.7135,  31 Jul 2018 14:00:08
# 28.0210,  5.867848,  0.911,  0.0945,  0.2908,  36.7089,  31 Jul 2018 14:04:08
# 28.0635,  5.871937,  0.863,  0.0945,  0.3080,  36.7046,  31 Jul 2018 14:08:08
# 28.0654,  5.872051,  0.894,  0.0933,  0.2702,  36.7039,  31 Jul 2018 14:12:08
# 28.1235,  5.878005,  0.876,  0.0894,  0.2847,  36.7007,  31 Jul 2018 14:16:08
# 28.1514,  5.881268,  0.955,  0.0957,  0.3518,  36.7018,  31 Jul 2018 14:20:08
# 28.2069,  5.887494,  0.954,  0.0958,  0.3038,  36.7026,  31 Jul 2018 14:24:08
# 28.2208,  5.889073,  0.912,  0.0955,  0.3118,  36.7029,  31 Jul 2018 14:28:08
# 28.1682,  5.883335,  0.917,  0.0982,  0.3386,  36.7034,  31 Jul 2018 14:32:08
# 28.1761,  5.883904,  0.940,  0.0967,  0.3230,  36.7012,  31 Jul 2018 14:36:08
# 28.1901,  5.886061,  1.003,  0.0945,  0.3016,  36.7055,  31 Jul 2018 14:40:08
# 28.1597,  5.882211,  0.924,  0.0955,  0.3064,  36.7020,  31 Jul 2018 14:44:08
# 28.0585,  5.871124,  0.967,  0.1007,  0.4515,  36.7028,  31 Jul 2018 14:48:08
# 28.1263,  5.878794,  0.956,  0.0967,  0.3385,  36.7040,  31 Jul 2018 14:52:08
# 28.0861,  5.874426,  1.000,  0.0952,  0.3522,  36.7045,  31 Jul 2018 14:56:08
# 28.1132,  5.877143,  0.955,  0.0907,  0.2991,  36.7026,  31 Jul 2018 15:00:08
# 28.1701,  5.883269,  1.026,  0.0969,  0.3338,  36.7014,  31 Jul 2018 15:04:08
# 28.1901,  5.885312,  0.998,  0.0992,  0.2929,  36.7002,  31 Jul 2018 15:08:08
# 28.2036,  5.887274,  1.001,  0.0955,  0.2835,  36.7035,  31 Jul 2018 15:12:08
# 28.1900,  5.886330,  1.011,  0.1007,  0.2955,  36.7075,  31 Jul 2018 15:16:08
# 28.1491,  5.882366,  0.993,  0.0968,  0.3153,  36.7114,  31 Jul 2018 15:20:08
# 28.1357,  5.881235,  1.020,  0.0955,  0.2953,  36.7139,  31 Jul 2018 15:24:08
# 28.1430,  5.882204,  1.036,  0.0954,  0.2752,  36.7150,  31 Jul 2018 15:28:08
# 28.1523,  5.883229,  1.046,  0.0967,  0.2692,  36.7150,  31 Jul 2018 15:32:08
# 28.1250,  5.880593,  0.996,  0.1005,  0.2871,  36.7177,  31 Jul 2018 15:36:08
# 28.1134,  5.879274,  1.037,  0.0955,  0.2849,  36.7174,  31 Jul 2018 15:40:08
# 28.1469,  5.883351,  1.015,  0.0954,  0.2750,  36.7201,  31 Jul 2018 15:44:08
# 28.1392,  5.882603,  1.041,  0.0982,  0.2870,  36.7208,  31 Jul 2018 15:48:08
# 28.1791,  5.886811,  1.053,  0.1045,  0.3410,  36.7194,  31 Jul 2018 15:52:08
# 28.1892,  5.888667,  1.039,  0.1154,  0.3854,  36.7245,  31 Jul 2018 15:56:08
# 28.1887,  5.888675,  1.068,  0.1031,  0.3143,  36.7250,  31 Jul 2018 16:00:08
# 28.1688,  5.887071,  1.011,  0.1104,  0.3037,  36.7292,  31 Jul 2018 16:04:08
# 28.1559,  5.885712,  1.074,  0.1130,  0.3484,  36.7297,  31 Jul 2018 16:08:08
# 28.1282,  5.883116,  1.066,  0.1030,  0.3096,  36.7330,  31 Jul 2018 16:12:08
# 28.1243,  5.882855,  1.092,  0.1067,  0.3519,  36.7341,  31 Jul 2018 16:16:08
# 28.1217,  5.882912,  1.084,  0.1067,  0.3081,  36.7366,  31 Jul 2018 16:20:08
# 28.1194,  5.883108,  1.087,  0.1032,  0.2908,  36.7398,  31 Jul 2018 16:24:08
# 28.1310,  5.884939,  1.111,  0.1054,  0.3346,  36.7436,  31 Jul 2018 16:28:08
# 28.0906,  5.880520,  1.066,  0.1016,  0.3872,  36.7440,  31 Jul 2018 16:32:08
# 28.0581,  5.877372,  1.098,  0.1021,  0.2861,  36.7471,  31 Jul 2018 16:36:08
# 28.0895,  5.881049,  1.104,  0.1067,  0.2751,  36.7486,  31 Jul 2018 16:40:08
# 28.0622,  5.878380,  1.106,  0.1078,  0.3397,  36.7511,  31 Jul 2018 16:44:08
# 28.0735,  5.879698,  1.099,  0.1042,  0.2676,  36.7515,  31 Jul 2018 16:48:08
# 28.0385,  5.876298,  1.075,  0.1118,  0.3809,  36.7549,  31 Jul 2018 16:52:08
# 28.0303,  5.876078,  1.132,  0.1056,  0.2860,  36.7597,  31 Jul 2018 16:56:08
# 28.0339,  5.876786,  1.093,  0.1045,  0.3166,  36.7619,  31 Jul 2018 17:00:08
# 28.0339,  5.876884,  1.118,  0.1102,  0.3070,  36.7626,  31 Jul 2018 17:04:08
# 28.0337,  5.877291,  1.106,  0.1067,  0.2992,  36.7656,  31 Jul 2018 17:08:08
# 28.0305,  5.877616,  1.101,  0.1094,  0.3713,  36.7704,  31 Jul 2018 17:12:08
# 27.9999,  5.874574,  1.134,  0.1054,  0.3071,  36.7728,  31 Jul 2018 17:16:08
# 27.9904,  5.873728,  1.138,  0.1044,  0.3127,  36.7743,  31 Jul 2018 17:20:08
# 27.9962,  5.874485,  1.137,  0.1080,  0.3277,  36.7751,  31 Jul 2018 17:24:08
# 27.9841,  5.873590,  1.145,  0.1019,  0.3262,  36.7782,  31 Jul 2018 17:28:08
# 27.9816,  5.873794,  1.149,  0.1030,  0.2978,  36.7816,  31 Jul 2018 17:32:08
# 27.9695,  5.872704,  1.145,  0.1007,  0.3265,  36.7834,  31 Jul 2018 17:36:08
# 27.9676,  5.872639,  1.146,  0.1067,  0.3063,  36.7844,  31 Jul 2018 17:40:08
# 27.9752,  5.873607,  1.137,  0.1067,  0.3471,  36.7853,  31 Jul 2018 17:44:08
# 27.9756,  5.875168,  1.161,  0.1006,  0.3002,  36.7960,  31 Jul 2018 17:48:08
# 27.9657,  5.874119,  1.163,  0.1067,  0.3002,  36.7964,  31 Jul 2018 17:52:08
# 27.9437,  5.871680,  1.154,  0.1070,  0.3164,  36.7963,  31 Jul 2018 17:56:08
# 27.8639,  5.864177,  1.158,  0.1066,  0.3779,  36.8057,  31 Jul 2018 18:00:08
# 27.8972,  5.866761,  1.164,  0.1028,  0.3434,  36.7979,  31 Jul 2018 18:04:08
# 27.9117,  5.869021,  1.163,  0.1049,  0.3191,  36.8025,  31 Jul 2018 18:08:08
# 27.9246,  5.870533,  1.164,  0.1044,  0.3533,  36.8031,  31 Jul 2018 18:12:08
# 27.9206,  5.870395,  1.170,  0.1068,  0.3285,  36.8053,  31 Jul 2018 18:16:08
# 27.8990,  5.868615,  1.154,  0.1083,  0.2870,  36.8097,  31 Jul 2018 18:20:08
# 27.8759,  5.867501,  1.144,  0.1055,  0.3568,  36.8199,  31 Jul 2018 18:24:08
# 27.8777,  5.867794,  1.182,  0.0982,  0.3579,  36.8205,  31 Jul 2018 18:28:08
# 27.8803,  5.867900,  1.183,  0.1083,  0.4224,  36.8192,  31 Jul 2018 18:32:08
# 27.8899,  5.868826,  1.173,  0.1055,  0.3323,  36.8183,  31 Jul 2018 18:36:08
# 27.8728,  5.866989,  1.190,  0.1093,  0.3039,  36.8186,  31 Jul 2018 18:40:08
# 27.8145,  5.861471,  1.169,  0.1081,  0.3290,  36.8253,  31 Jul 2018 18:44:08
# 27.8101,  5.861130,  1.182,  0.1020,  0.2690,  36.8263,  31 Jul 2018 18:48:08
# 27.8238,  5.862479,  1.154,  0.1082,  0.3175,  36.8251,  31 Jul 2018 18:52:08
# 27.8271,  5.863600,  1.159,  0.1019,  0.2905,  36.8305,  31 Jul 2018 18:56:08
# 27.8550,  5.867892,  1.195,  0.1046,  0.2833,  36.8390,  31 Jul 2018 19:00:08
# 27.8706,  5.870120,  1.189,  0.1070,  0.3301,  36.8426,  31 Jul 2018 19:04:08
# 27.8656,  5.870786,  1.186,  0.1045,  0.2920,  36.8512,  31 Jul 2018 19:08:08
# 27.8450,  5.869339,  1.187,  0.1119,  0.3241,  36.8571,  31 Jul 2018 19:12:08
# 27.8364,  5.868835,  1.198,  0.1056,  0.2824,  36.8603,  31 Jul 2018 19:16:08
# 27.8220,  5.867177,  1.111,  0.1094,  0.4001,  36.8599,  31 Jul 2018 19:20:08
# 27.8184,  5.866535,  1.185,  0.1067,  0.3715,  36.8581,  31 Jul 2018 19:24:08
# 27.8068,  5.865657,  1.183,  0.1032,  0.3130,  36.8610,  31 Jul 2018 19:28:08
# 27.7916,  5.865235,  1.179,  0.1044,  0.3359,  36.8700,  31 Jul 2018 19:32:08
# 27.7968,  5.865056,  1.196,  0.1166,  0.2978,  36.8646,  31 Jul 2018 19:36:08
# 27.7696,  5.864154,  1.195,  0.1029,  0.3289,  36.8796,  31 Jul 2018 19:40:08
# 27.7885,  5.865576,  1.182,  0.1080,  0.2908,  36.8749,  31 Jul 2018 19:44:08
# 27.7891,  5.866535,  1.191,  0.1057,  0.2954,  36.8812,  31 Jul 2018 19:48:08
# 27.7817,  5.866503,  1.164,  0.1069,  0.2848,  36.8868,  31 Jul 2018 19:52:08
# 27.7253,  5.861351,  1.194,  0.1092,  0.3706,  36.8945,  31 Jul 2018 19:56:08
# 27.7185,  5.861002,  1.130,  0.1081,  0.3458,  36.8975,  31 Jul 2018 20:00:08
# 27.7253,  5.861392,  1.179,  0.1102,  0.3262,  36.8948,  31 Jul 2018 20:04:08
# 27.7180,  5.861058,  1.146,  0.1157,  0.3300,  36.8982,  31 Jul 2018 20:08:08
# 27.7366,  5.861911,  1.156,  0.1192,  0.3978,  36.8897,  31 Jul 2018 20:12:08
# 27.7411,  5.863106,  1.167,  0.1180,  0.3315,  36.8946,  31 Jul 2018 20:16:08
# 27.7241,  5.864667,  1.165,  0.1069,  0.3399,  36.9191,  31 Jul 2018 20:20:08
# 27.7429,  5.865349,  1.139,  0.1103,  0.3301,  36.9091,  31 Jul 2018 20:24:08
# 27.7302,  5.864699,  1.122,  0.1092,  0.3336,  36.9145,  31 Jul 2018 20:28:08
# 27.7300,  5.864065,  1.138,  0.1141,  0.3143,  36.9102,  31 Jul 2018 20:32:08
# 27.7253,  5.864114,  1.154,  0.1140,  0.3107,  36.9142,  31 Jul 2018 20:36:08
# 27.7292,  5.864464,  1.152,  0.1094,  0.3206,  36.9136,  31 Jul 2018 20:40:08
# 27.7356,  5.865098,  1.092,  0.1107,  0.3034,  36.9131,  31 Jul 2018 20:44:08
# 27.7336,  5.865447,  1.112,  0.1192,  0.3193,  36.9172,  31 Jul 2018 20:48:08
# 27.7296,  5.864772,  1.110,  0.1192,  0.3289,  36.9155,  31 Jul 2018 20:52:08
# 27.7153,  5.864236,  1.107,  0.1093,  0.3384,  36.9230,  31 Jul 2018 20:56:08
# 27.7024,  5.864277,  1.114,  0.1056,  0.3250,  36.9335,  31 Jul 2018 21:00:08
# 27.6930,  5.863465,  1.055,  0.1118,  0.3543,  36.9351,  31 Jul 2018 21:04:08
# 27.6899,  5.862278,  1.090,  0.1132,  0.2992,  36.9291,  31 Jul 2018 21:08:08
# 27.6984,  5.864180,  1.068,  0.1131,  0.3592,  36.9359,  31 Jul 2018 21:12:08
# 27.6885,  5.863099,  1.082,  0.1103,  0.3436,  36.9360,  31 Jul 2018 21:16:08
# 27.6996,  5.863269,  1.075,  0.1218,  0.2967,  36.9285,  31 Jul 2018 21:20:08
# 27.6913,  5.864115,  1.029,  0.1116,  0.3276,  36.9411,  31 Jul 2018 21:24:08
# 27.6808,  5.864993,  1.049,  0.1083,  0.3896,  36.9556,  31 Jul 2018 21:28:08
# 27.6657,  5.863709,  1.024,  0.1083,  0.3524,  36.9584,  31 Jul 2018 21:32:08
# 27.6563,  5.862839,  1.083,  0.1104,  0.3400,  36.9597,  31 Jul 2018 21:36:08
# 27.6483,  5.861287,  1.046,  0.1103,  0.3643,  36.9549,  31 Jul 2018 21:40:08
# 27.6378,  5.860507,  0.974,  0.1139,  0.3348,  36.9577,  31 Jul 2018 21:44:08
# 27.6353,  5.859947,  1.018,  0.1121,  0.3632,  36.9556,  31 Jul 2018 21:48:08
# 27.6367,  5.859711,  0.994,  0.1129,  0.2979,  36.9529,  31 Jul 2018 21:52:08
# 27.6250,  5.859776,  1.016,  0.1070,  0.3191,  36.9626,  31 Jul 2018 21:56:08
# 27.6259,  5.859329,  0.962,  0.1155,  0.2981,  36.9587,  31 Jul 2018 22:00:08
# 27.5782,  5.857315,  0.953,  0.1067,  0.3507,  36.9820,  31 Jul 2018 22:04:08
# 27.5808,  5.856763,  0.987,  0.1068,  0.3578,  36.9760,  31 Jul 2018 22:08:08
# 27.5878,  5.857591,  0.956,  0.1118,  0.3398,  36.9764,  31 Jul 2018 22:12:08
# 27.5712,  5.856332,  1.008,  0.1449,  0.3642,  36.9805,  31 Jul 2018 22:16:08
# 27.5586,  5.855927,  0.991,  0.1070,  0.3116,  36.9876,  31 Jul 2018 22:20:08
# 27.5565,  5.855837,  0.957,  0.1120,  0.3397,  36.9886,  31 Jul 2018 22:24:08
# 27.5520,  5.855537,  0.984,  0.1105,  0.3129,  36.9900,  31 Jul 2018 22:28:08
# 27.5270,  5.854554,  0.988,  0.1105,  0.3386,  37.0029,  31 Jul 2018 22:32:08
# 27.5134,  5.854425,  0.980,  0.1045,  0.3144,  37.0127,  31 Jul 2018 22:36:08
# 27.5162,  5.854165,  0.968,  0.1133,  0.3165,  37.0087,  31 Jul 2018 22:40:08
# 27.5325,  5.854197,  0.932,  0.1204,  0.3191,  36.9959,  31 Jul 2018 22:44:08
# 27.5181,  5.854035,  0.971,  0.1157,  0.3037,  37.0062,  31 Jul 2018 22:48:08
# 27.5034,  5.853596,  0.929,  0.1105,  0.3097,  37.0148,  31 Jul 2018 22:52:08
# 27.4833,  5.851973,  0.947,  0.1055,  0.2898,  37.0191,  31 Jul 2018 22:56:08
# 27.4757,  5.851697,  0.945,  0.1120,  0.3167,  37.0232,  31 Jul 2018 23:00:08
# 27.4630,  5.851291,  0.902,  0.1082,  0.2739,  37.0304,  31 Jul 2018 23:04:08
# 27.4520,  5.850755,  0.892,  0.1106,  0.3265,  37.0353,  31 Jul 2018 23:08:08
# 27.4479,  5.849797,  0.861,  0.1081,  0.3217,  37.0317,  31 Jul 2018 23:12:08
# 27.4541,  5.849456,  0.890,  0.1141,  0.3143,  37.0242,  31 Jul 2018 23:16:08
# 27.4447,  5.848993,  0.885,  0.1120,  0.2811,  37.0284,  31 Jul 2018 23:20:08
# 27.4405,  5.848165,  0.908,  0.1191,  0.3458,  37.0258,  31 Jul 2018 23:24:08
# 27.3880,  5.846129,  0.846,  0.1031,  0.3180,  37.0530,  31 Jul 2018 23:28:08
# 27.3951,  5.845528,  0.866,  0.1118,  0.3241,  37.0430,  31 Jul 2018 23:32:08
# 27.4018,  5.844018,  0.859,  0.1230,  0.2402,  37.0269,  31 Jul 2018 23:36:08
# 27.4180,  5.845844,  0.844,  0.1205,  0.2910,  37.0271,  31 Jul 2018 23:40:08
# 27.4185,  5.845406,  0.817,  0.1194,  0.3593,  37.0236,  31 Jul 2018 23:44:08
# 27.3756,  5.844286,  0.846,  0.1068,  0.3001,  37.0496,  31 Jul 2018 23:48:08
# 27.3580,  5.843435,  0.815,  0.1106,  0.3190,  37.0575,  31 Jul 2018 23:52:08
# 27.3628,  5.844433,  0.829,  0.1130,  0.3094,  37.0608,  31 Jul 2018 23:56:08
# 27.3575,  5.843824,  0.841,  0.1118,  0.3520,  37.0607,  01 Aug 2018 00:00:08
# 27.3353,  5.841690,  0.808,  0.1082,  0.4266,  37.0631,  01 Aug 2018 00:04:08
# 27.3282,  5.841577,  0.790,  0.1106,  0.2823,  37.0680,  01 Aug 2018 00:08:08
# 27.3699,  5.843329,  0.834,  0.1219,  0.3385,  37.0473,  01 Aug 2018 00:12:08
# 27.3408,  5.841739,  0.806,  0.1107,  0.2896,  37.0591,  01 Aug 2018 00:16:08
# 27.3121,  5.840522,  0.828,  0.1157,  0.3301,  37.0732,  01 Aug 2018 00:20:08
# 27.3214,  5.840717,  0.786,  0.1132,  0.2958,  37.0672,  01 Aug 2018 00:24:08
# 27.3251,  5.842380,  0.822,  0.1120,  0.3893,  37.0762,  01 Aug 2018 00:28:08
# 27.3100,  5.841861,  0.794,  0.1096,  0.3764,  37.0845,  01 Aug 2018 00:32:08
# 27.3037,  5.841472,  0.809,  0.1070,  0.3655,  37.0867,  01 Aug 2018 00:36:08
# 27.2896,  5.840523,  0.817,  0.1045,  0.2776,  37.0911,  01 Aug 2018 00:40:08
# 27.2744,  5.840344,  0.812,  0.1083,  0.2881,  37.1020,  01 Aug 2018 00:44:08
# 27.3098,  5.842153,  0.797,  0.1156,  0.4260,  37.0867,  01 Aug 2018 00:48:08
# 27.2805,  5.840677,  0.777,  0.1120,  0.4042,  37.0995,  01 Aug 2018 00:52:08
# 27.2552,  5.839428,  0.769,  0.1033,  0.3421,  37.1107,  01 Aug 2018 00:56:08
# 27.2543,  5.838933,  0.774,  0.1085,  0.4395,  37.1079,  01 Aug 2018 01:00:08
# 27.2289,  5.838106,  0.778,  0.1044,  0.3508,  37.1222,  01 Aug 2018 01:04:08
# 27.2213,  5.837693,  0.757,  0.1012,  0.3447,  37.1253,  01 Aug 2018 01:08:08
# 27.2260,  5.837928,  0.787,  0.1067,  0.3070,  37.1232,  01 Aug 2018 01:12:08
# 27.2119,  5.837295,  0.771,  0.1157,  0.7524,  37.1300,  01 Aug 2018 01:16:08
# 27.2313,  5.838001,  0.760,  0.1129,  0.5055,  37.1195,  01 Aug 2018 01:20:08
# 27.2023,  5.835892,  0.765,  0.1120,  0.3908,  37.1275,  01 Aug 2018 01:24:08
# 27.2379,  5.838714,  0.746,  0.1170,  0.2954,  37.1194,  01 Aug 2018 01:28:08
# 27.2271,  5.838082,  0.787,  0.1183,  0.4298,  37.1235,  01 Aug 2018 01:32:08
# 27.2125,  5.837409,  0.764,  0.1144,  0.4224,  37.1303,  01 Aug 2018 01:36:08
# 27.1768,  5.836907,  0.781,  0.1067,  0.3922,  37.1552,  01 Aug 2018 01:40:08
# 27.1750,  5.836323,  0.768,  0.1082,  0.3435,  37.1524,  01 Aug 2018 01:44:08
# 27.1560,  5.834806,  0.777,  0.1083,  0.4040,  37.1567,  01 Aug 2018 01:48:08
# 27.1616,  5.835301,  0.775,  0.1083,  0.3053,  37.1558,  01 Aug 2018 01:52:08
# 27.1345,  5.833420,  0.773,  0.1057,  0.2884,  37.1640,  01 Aug 2018 01:56:08
# 27.1415,  5.833704,  0.765,  0.1070,  0.3017,  37.1604,  01 Aug 2018 02:00:08
# 27.1264,  5.833006,  0.773,  0.1057,  0.3017,  37.1675,  01 Aug 2018 02:04:08
# 27.1644,  5.833833,  0.785,  0.1145,  0.2946,  37.1430,  01 Aug 2018 02:08:08
# 27.1290,  5.832358,  0.755,  0.1054,  0.3040,  37.1607,  01 Aug 2018 02:12:08
# 27.1220,  5.831944,  0.784,  0.1055,  0.3313,  37.1634,  01 Aug 2018 02:16:08
# 27.1009,  5.832107,  0.754,  0.1056,  0.3179,  37.1814,  01 Aug 2018 02:20:08
# 27.0930,  5.830615,  0.774,  0.1035,  0.3015,  37.1770,  01 Aug 2018 02:24:08
# 27.0976,  5.831791,  0.765,  0.1020,  0.3095,  37.1818,  01 Aug 2018 02:28:08
# 27.1200,  5.833566,  0.758,  0.1072,  0.2991,  37.1766,  01 Aug 2018 02:32:08
# 27.0926,  5.832050,  0.797,  0.1032,  0.3350,  37.1876,  01 Aug 2018 02:36:08
# 27.0674,  5.830843,  0.768,  0.1035,  0.3326,  37.1991,  01 Aug 2018 02:40:08
# 27.0593,  5.830364,  0.768,  0.1006,  0.2836,  37.2021,  01 Aug 2018 02:44:08
# 27.0522,  5.829813,  0.746,  0.1085,  0.4126,  37.2039,  01 Aug 2018 02:48:08
# 27.0399,  5.829270,  0.791,  0.1070,  0.3658,  37.2098,  01 Aug 2018 02:52:08
# 27.0321,  5.828727,  0.789,  0.1035,  0.3107,  37.2122,  01 Aug 2018 02:56:08
# 27.0420,  5.829927,  0.816,  0.1057,  0.3165,  37.2129,  01 Aug 2018 03:00:08
# 27.0685,  5.832083,  0.780,  0.1157,  0.3083,  37.2072,  01 Aug 2018 03:04:08
# 27.0607,  5.831718,  0.767,  0.1106,  0.2929,  37.2109,  01 Aug 2018 03:08:08
# 27.0533,  5.831216,  0.763,  0.1054,  0.3123,  37.2132,  01 Aug 2018 03:12:08
# 27.0143,  5.828671,  0.789,  0.1085,  0.3594,  37.2260,  01 Aug 2018 03:16:08
# 27.0222,  5.828622,  0.806,  0.1104,  0.3327,  37.2194,  01 Aug 2018 03:20:08
# 27.0217,  5.829011,  0.816,  0.1119,  0.3595,  37.2226,  01 Aug 2018 03:24:08
# 27.0154,  5.828355,  0.781,  0.1070,  0.3122,  37.2229,  01 Aug 2018 03:28:08
# 27.0552,  5.830421,  0.794,  0.1156,  0.3301,  37.2059,  01 Aug 2018 03:32:08
# 27.0323,  5.830365,  0.822,  0.1071,  0.3458,  37.2238,  01 Aug 2018 03:36:08
# 27.0017,  5.828598,  0.797,  0.1096,  0.3386,  37.2356,  01 Aug 2018 03:40:08
# 26.9893,  5.828777,  0.770,  0.1057,  0.3288,  37.2469,  01 Aug 2018 03:44:08
# 27.0145,  5.829636,  0.814,  0.1107,  0.3778,  37.2329,  01 Aug 2018 03:48:08
# 27.0047,  5.829433,  0.815,  0.1093,  0.3447,  37.2393,  01 Aug 2018 03:52:08
# 26.9868,  5.828525,  0.787,  0.1119,  0.4140,  37.2471,  01 Aug 2018 03:56:08
# 26.9786,  5.829474,  0.796,  0.1083,  0.3703,  37.2606,  01 Aug 2018 04:00:08
# 26.9572,  5.829223,  0.822,  0.1045,  0.3338,  37.2759,  01 Aug 2018 04:04:08
# 26.9414,  5.827862,  0.831,  0.1022,  0.3545,  37.2788,  01 Aug 2018 04:08:08
# 26.9316,  5.827562,  0.844,  0.1106,  0.3281,  37.2846,  01 Aug 2018 04:12:08
# 26.9185,  5.826930,  0.842,  0.1032,  0.3619,  37.2905,  01 Aug 2018 04:16:08
# 26.9574,  5.830229,  0.831,  0.1082,  0.3069,  37.2830,  01 Aug 2018 04:20:08
# 26.9484,  5.830277,  0.844,  0.1095,  0.4016,  37.2906,  01 Aug 2018 04:24:08
# 26.9337,  5.829864,  0.846,  0.1070,  0.3241,  37.2995,  01 Aug 2018 04:28:08
# 27.0019,  5.834120,  0.838,  0.1157,  0.2967,  37.2754,  01 Aug 2018 04:32:08
# 26.9420,  5.831445,  0.859,  0.1129,  0.3226,  37.3042,  01 Aug 2018 04:36:08
# 26.9411,  5.831802,  0.828,  0.1102,  0.2848,  37.3076,  01 Aug 2018 04:40:08
# 26.9200,  5.830902,  0.829,  0.1106,  0.3836,  37.3181,  01 Aug 2018 04:44:08
# 26.9503,  5.832426,  0.870,  0.1157,  0.3083,  37.3046,  01 Aug 2018 04:48:08
# 26.9262,  5.831445,  0.879,  0.1159,  0.3981,  37.3169,  01 Aug 2018 04:52:08
# 26.8948,  5.829557,  0.884,  0.1084,  0.4743,  37.3286,  01 Aug 2018 04:56:08
# 26.8833,  5.829679,  0.882,  0.1092,  0.3641,  37.3387,  01 Aug 2018 05:00:08
# 26.8583,  5.828698,  0.846,  0.1105,  0.3133,  37.3519,  01 Aug 2018 05:04:08
# 26.8557,  5.829193,  0.892,  0.1044,  0.3241,  37.3576,  01 Aug 2018 05:08:08
# 26.8461,  5.828650,  0.898,  0.1044,  0.3256,  37.3614,  01 Aug 2018 05:12:08
# 26.8421,  5.828358,  0.871,  0.1047,  0.3790,  37.3625,  01 Aug 2018 05:16:08
# 26.8469,  5.829282,  0.905,  0.1043,  0.4741,  37.3653,  01 Aug 2018 05:20:08
# 26.8501,  5.830531,  0.896,  0.1094,  0.4028,  37.3717,  01 Aug 2018 05:24:08
# 26.8655,  5.832265,  0.900,  0.1083,  0.3558,  37.3719,  01 Aug 2018 05:28:08
# 26.8437,  5.831252,  0.867,  0.1073,  0.4404,  37.3821,  01 Aug 2018 05:32:08
# 26.8266,  5.830531,  0.891,  0.1032,  0.3316,  37.3907,  01 Aug 2018 05:36:08
# 26.8864,  5.833781,  0.896,  0.1132,  0.4469,  37.3659,  01 Aug 2018 05:40:08
# 26.8868,  5.835290,  0.865,  0.1094,  0.4005,  37.3766,  01 Aug 2018 05:44:08
# 26.8806,  5.835639,  0.924,  0.1146,  0.5156,  37.3840,  01 Aug 2018 05:48:08
# 26.8649,  5.834163,  0.860,  0.1106,  0.4984,  37.3861,  01 Aug 2018 05:52:08
# 26.8338,  5.832680,  0.924,  0.1121,  0.5513,  37.4005,  01 Aug 2018 05:56:08
# 26.8347,  5.833474,  0.873,  0.1080,  0.4250,  37.4055,  01 Aug 2018 06:00:08
# 26.8259,  5.833401,  0.913,  0.1083,  0.4031,  37.4121,  01 Aug 2018 06:04:08
# 26.8324,  5.834010,  0.917,  0.1045,  0.3826,  37.4113,  01 Aug 2018 06:08:08
# 26.8032,  5.832494,  0.919,  0.1032,  0.3754,  37.4239,  01 Aug 2018 06:12:08
# 26.8136,  5.833345,  0.933,  0.1071,  0.3336,  37.4216,  01 Aug 2018 06:16:08
# 26.8041,  5.833191,  0.914,  0.1045,  0.3229,  37.4282,  01 Aug 2018 06:20:08
# 26.7946,  5.832891,  0.940,  0.1082,  0.4150,  37.4337,  01 Aug 2018 06:24:08
# 26.7653,  5.831302,  0.923,  0.1058,  0.4421,  37.4459,  01 Aug 2018 06:28:08
# 26.7502,  5.830533,  0.938,  0.1035,  0.3827,  37.4526,  01 Aug 2018 06:32:08
# 26.7722,  5.831432,  0.956,  0.1108,  0.5155,  37.4413,  01 Aug 2018 06:36:08
# 26.7869,  5.833824,  0.964,  0.1157,  0.6043,  37.4467,  01 Aug 2018 06:40:08
# 26.7711,  5.833062,  0.937,  0.1092,  0.4865,  37.4540,  01 Aug 2018 06:44:08
# 26.7877,  5.834667,  0.969,  0.1082,  0.4432,  37.4522,  01 Aug 2018 06:48:08
# 26.7985,  5.836768,  0.969,  0.1019,  0.3422,  37.4587,  01 Aug 2018 06:52:08
# 26.8043,  5.838114,  0.915,  0.1106,  0.4334,  37.4638,  01 Aug 2018 06:56:08
# 26.7901,  5.837092,  0.965,  0.1095,  0.4959,  37.4678,  01 Aug 2018 07:00:08
# 26.7320,  5.833160,  1.001,  0.1045,  0.3826,  37.4864,  01 Aug 2018 07:04:08
# 26.7526,  5.834352,  1.005,  0.1096,  0.4850,  37.4784,  01 Aug 2018 07:08:08
# 26.7179,  5.832585,  0.958,  0.1095,  0.3751,  37.4937,  01 Aug 2018 07:12:08
# 26.7779,  5.837579,  0.971,  0.1107,  0.3753,  37.4812,  01 Aug 2018 07:16:08
# 26.7757,  5.837750,  1.017,  0.1082,  0.3640,  37.4843,  01 Aug 2018 07:20:08
# 26.7788,  5.838326,  0.947,  0.1080,  0.3629,  37.4860,  01 Aug 2018 07:24:08
# 26.7792,  5.838577,  0.966,  0.1070,  0.3929,  37.4874,  01 Aug 2018 07:28:08
# 26.8061,  5.841043,  0.995,  0.1106,  0.3178,  37.4835,  01 Aug 2018 07:32:08
# 26.7247,  5.835399,  0.996,  0.1035,  0.3217,  37.5086,  01 Aug 2018 07:36:08
# 26.7304,  5.835577,  0.985,  0.1034,  0.3206,  37.5052,  01 Aug 2018 07:40:08
# 26.7266,  5.835642,  1.010,  0.1082,  0.5614,  37.5089,  01 Aug 2018 07:44:08
# 26.7340,  5.836234,  0.937,  0.1083,  0.4163,  37.5071,  01 Aug 2018 07:48:08
# 26.7762,  5.839681,  0.945,  0.1117,  0.3643,  37.4979,  01 Aug 2018 07:52:08
# 26.8061,  5.842893,  0.988,  0.1119,  0.3130,  37.4969,  01 Aug 2018 07:56:08
# 26.7969,  5.842756,  0.991,  0.1059,  0.3411,  37.5034,  01 Aug 2018 08:00:08
# 26.7740,  5.841498,  0.979,  0.0979,  0.3522,  37.5128,  01 Aug 2018 08:04:08
# 26.7210,  5.838165,  0.994,  0.1046,  0.3402,  37.5317,  01 Aug 2018 08:08:08
# 26.6903,  5.835042,  0.977,  0.1009,  0.3410,  37.5340,  01 Aug 2018 08:12:08
# 26.7449,  5.839560,  0.974,  0.1059,  0.2981,  37.5224,  01 Aug 2018 08:16:08
# 26.8065,  5.844078,  1.006,  0.1070,  0.3050,  37.5052,  01 Aug 2018 08:20:08
# 26.9242,  5.853827,  1.003,  0.1142,  0.2873,  37.4804,  01 Aug 2018 08:24:08
# 26.9235,  5.854558,  0.994,  0.1169,  0.3144,  37.4863,  01 Aug 2018 08:28:08
# 26.7903,  5.843908,  0.973,  0.1070,  0.3143,  37.5171,  01 Aug 2018 08:32:08
# 26.8095,  5.844817,  1.010,  0.1068,  0.4177,  37.5081,  01 Aug 2018 08:36:08
# 26.8299,  5.846505,  0.976,  0.1069,  0.4189,  37.5038,  01 Aug 2018 08:40:08
# 26.8076,  5.844606,  0.978,  0.1094,  0.3447,  37.5082,  01 Aug 2018 08:44:08
# 26.7845,  5.842439,  0.960,  0.1082,  0.3569,  37.5111,  01 Aug 2018 08:48:08
# 26.7891,  5.843097,  0.993,  0.1056,  0.2909,  37.5121,  01 Aug 2018 08:52:08
# 26.8092,  5.844695,  1.011,  0.1082,  0.3003,  37.5075,  01 Aug 2018 08:56:08
# 26.8463,  5.847706,  1.008,  0.1060,  0.3459,  37.4992,  01 Aug 2018 09:00:08
# 26.8493,  5.848168,  0.968,  0.1072,  0.2934,  37.5002,  01 Aug 2018 09:04:08
# 26.8371,  5.847268,  0.958,  0.1019,  0.2822,  37.5035,  01 Aug 2018 09:08:08
# 26.8717,  5.850287,  1.022,  0.1009,  0.2876,  37.4973,  01 Aug 2018 09:12:08
# 26.8603,  5.849695,  0.998,  0.1007,  0.2945,  37.5023,  01 Aug 2018 09:16:08
# 26.8575,  5.849662,  0.979,  0.1019,  0.2730,  37.5043,  01 Aug 2018 09:20:08
# 26.8639,  5.850230,  0.982,  0.1033,  0.2872,  37.5032,  01 Aug 2018 09:24:08
# 26.9054,  5.853145,  0.996,  0.1072,  0.2825,  37.4907,  01 Aug 2018 09:28:08
# 26.9200,  5.855589,  0.976,  0.0999,  0.2642,  37.4966,  01 Aug 2018 09:32:08
# 26.9272,  5.855800,  0.998,  0.0997,  0.2840,  37.4923,  01 Aug 2018 09:36:08
# 26.9903,  5.861154,  0.983,  0.1093,  0.2849,  37.4799,  01 Aug 2018 09:40:08
# 26.9172,  5.855882,  0.971,  0.1032,  0.3300,  37.5009,  01 Aug 2018 09:44:08
# 26.8730,  5.852309,  0.943,  0.1009,  0.3188,  37.5109,  01 Aug 2018 09:48:08
# 26.8893,  5.853470,  0.981,  0.1034,  0.2741,  37.5061,  01 Aug 2018 09:52:08
# 26.8989,  5.854250,  0.987,  0.1032,  0.3082,  37.5040,  01 Aug 2018 09:56:08
# 26.9197,  5.856117,  0.956,  0.1046,  0.2741,  37.5006,  01 Aug 2018 10:00:08
# 26.8995,  5.854696,  0.955,  0.1009,  0.2742,  37.5068,  01 Aug 2018 10:04:08
# 26.9393,  5.857945,  0.973,  0.1057,  0.2955,  37.4980,  01 Aug 2018 10:08:08
# 26.9284,  5.858059,  0.949,  0.1034,  0.2811,  37.5077,  01 Aug 2018 10:12:08
# 26.9735,  5.861633,  0.969,  0.1057,  0.2935,  37.4970,  01 Aug 2018 10:16:08
# 26.9742,  5.862365,  0.919,  0.1093,  0.3016,  37.5017,  01 Aug 2018 10:20:08
# 27.0126,  5.865282,  0.917,  0.1057,  0.3027,  37.4918,  01 Aug 2018 10:24:08
# 27.0063,  5.865371,  0.961,  0.1044,  0.2573,  37.4975,  01 Aug 2018 10:28:08
# 27.0025,  5.865493,  0.911,  0.0996,  0.2800,  37.5015,  01 Aug 2018 10:32:08
# 27.0216,  5.867680,  0.909,  0.1057,  0.2812,  37.5018,  01 Aug 2018 10:36:08
# 26.9552,  5.863186,  0.896,  0.0980,  0.2872,  37.5231,  01 Aug 2018 10:40:08
# 26.9826,  5.865396,  0.890,  0.0969,  0.2586,  37.5168,  01 Aug 2018 10:44:08
# 27.0183,  5.868550,  0.896,  0.1032,  0.2980,  37.5108,  01 Aug 2018 10:48:08
# 27.0183,  5.869160,  0.927,  0.0996,  0.2670,  37.5151,  01 Aug 2018 10:52:08
# 27.0623,  5.872688,  0.881,  0.1106,  0.2815,  37.5050,  01 Aug 2018 10:56:08
# 27.0524,  5.872567,  0.878,  0.1083,  0.4199,  37.5121,  01 Aug 2018 11:00:08
# 27.0414,  5.872860,  0.864,  0.1054,  0.2991,  37.5232,  01 Aug 2018 11:04:08
# 26.9945,  5.868892,  0.907,  0.1056,  0.3669,  37.5325,  01 Aug 2018 11:08:08
# 27.0451,  5.872526,  0.891,  0.1043,  0.3119,  37.5178,  01 Aug 2018 11:12:08
# 27.1186,  5.878691,  0.876,  0.1019,  0.3214,  37.5028,  01 Aug 2018 11:16:08
# 27.1138,  5.879098,  0.892,  0.1045,  0.3095,  37.5096,  01 Aug 2018 11:20:08
# 27.1295,  5.880880,  0.862,  0.1035,  0.3005,  37.5098,  01 Aug 2018 11:24:08
# 27.1106,  5.879879,  0.836,  0.1032,  0.2834,  37.5179,  01 Aug 2018 11:28:08
# 27.1233,  5.881393,  0.860,  0.1006,  0.3264,  37.5185,  01 Aug 2018 11:32:08
# 27.0870,  5.879554,  0.871,  0.1034,  0.4066,  37.5346,  01 Aug 2018 11:36:08
# 27.1651,  5.886488,  0.881,  0.1058,  0.4588,  37.5215,  01 Aug 2018 11:40:08
# 27.1779,  5.888434,  0.817,  0.1034,  0.4089,  37.5252,  01 Aug 2018 11:44:08
# 27.1534,  5.887539,  0.886,  0.1007,  0.3593,  37.5385,  01 Aug 2018 11:48:08
# 27.1449,  5.887001,  0.853,  0.0996,  0.3448,  37.5415,  01 Aug 2018 11:52:08
# 27.1584,  5.888972,  0.901,  0.1009,  0.3594,  37.5448,  01 Aug 2018 11:56:08
# 27.1646,  5.891113,  0.836,  0.0997,  0.3229,  37.5552,  01 Aug 2018 12:00:08
# 27.1098,  5.887336,  0.839,  0.0970,  0.3484,  37.5723,  01 Aug 2018 12:04:08
# 27.1307,  5.890821,  0.889,  0.1043,  0.3629,  37.5805,  01 Aug 2018 12:08:08
# 27.1694,  5.895423,  0.834,  0.1028,  0.3670,  37.5824,  01 Aug 2018 12:12:08
# 27.2011,  5.899790,  0.850,  0.1032,  0.4824,  37.5882,  01 Aug 2018 12:16:08
# 27.1865,  5.899823,  0.863,  0.0957,  0.3837,  37.6002,  01 Aug 2018 12:20:08
# 27.2109,  5.902968,  0.881,  0.0996,  0.4091,  37.6031,  01 Aug 2018 12:24:08
# 27.2483,  5.907623,  0.815,  0.0957,  0.4150,  37.6064,  01 Aug 2018 12:28:08
# 27.2386,  5.907191,  0.796,  0.0970,  0.4090,  37.6112,  01 Aug 2018 12:32:08
# 27.2717,  5.911285,  0.861,  0.0943,  0.3813,  37.6138,  01 Aug 2018 12:36:08
# 27.2653,  5.911513,  0.849,  0.0956,  0.3203,  37.6206,  01 Aug 2018 12:40:08
# 27.2448,  5.910845,  0.840,  0.0970,  0.3828,  37.6324,  01 Aug 2018 12:44:08
# 27.2865,  5.915054,  0.842,  0.0970,  0.3944,  37.6290,  01 Aug 2018 12:48:08
# 27.3164,  5.919460,  0.841,  0.0932,  0.3658,  37.6365,  01 Aug 2018 12:52:08
# 27.3560,  5.923075,  0.821,  0.0957,  0.3445,  37.6305,  01 Aug 2018 12:56:08
# 27.3937,  5.927296,  0.877,  0.0944,  0.2992,  37.6303,  01 Aug 2018 13:00:08
# 27.3035,  5.918725,  0.890,  0.0935,  0.3203,  37.6416,  01 Aug 2018 13:04:08
# 27.3585,  5.924161,  0.882,  0.0907,  0.3288,  37.6362,  01 Aug 2018 13:08:08
# 27.3855,  5.927345,  0.866,  0.0942,  0.3843,  37.6373,  01 Aug 2018 13:12:08
# 27.4263,  5.931992,  0.863,  0.0970,  0.3816,  37.6377,  01 Aug 2018 13:16:08
# 27.4148,  5.931175,  0.897,  0.0947,  0.3399,  37.6411,  01 Aug 2018 13:20:08
# 27.3961,  5.929681,  0.851,  0.0921,  0.3473,  37.6455,  01 Aug 2018 13:24:08
# 27.4326,  5.933226,  0.871,  0.0944,  0.3981,  37.6414,  01 Aug 2018 13:28:08
# 27.4504,  5.935358,  0.901,  0.0961,  0.4178,  37.6423,  01 Aug 2018 13:32:08
# 27.4767,  5.938782,  0.827,  0.0970,  0.3873,  37.6456,  01 Aug 2018 13:36:08
# 27.5170,  5.943098,  0.853,  0.1044,  0.4576,  37.6441,  01 Aug 2018 13:40:08
# 27.5398,  5.945624,  0.918,  0.0980,  0.4102,  37.6438,  01 Aug 2018 13:44:08
# 27.5704,  5.949909,  0.908,  0.0957,  0.2980,  37.6498,  01 Aug 2018 13:48:08
# 27.6007,  5.952928,  0.929,  0.0945,  0.3728,  37.6469,  01 Aug 2018 13:52:08
# 27.6300,  5.955415,  0.901,  0.0935,  0.3800,  37.6411,  01 Aug 2018 13:56:08
