# 26.9459,  5.432328,  1.196,  0.0887,  0.1946,  34.4352,  11 Jun 2018 14:03:04
# 26.9850,  5.434623,  1.200,  0.0887,  0.2008,  34.4226,  11 Jun 2018 14:07:04
# 27.0427,  5.437145,  1.204,  0.0904,  0.1894,  34.3979,  11 Jun 2018 14:11:04
# 27.0661,  5.438545,  1.207,  0.0896,  0.1738,  34.3905,  11 Jun 2018 14:15:04
# 27.0969,  5.440298,  1.212,  0.0933,  0.1875,  34.3802,  11 Jun 2018 14:19:04
# 27.0860,  5.437986,  1.214,  0.0935,  0.1775,  34.3718,  11 Jun 2018 14:23:04
# 27.0949,  5.438112,  1.213,  0.0933,  0.1923,  34.3662,  11 Jun 2018 14:27:04
# 27.1343,  5.440824,  1.216,  0.0885,  0.1873,  34.3564,  11 Jun 2018 14:31:04
# 27.1288,  5.439330,  1.222,  0.0982,  0.1776,  34.3498,  11 Jun 2018 14:35:04
# 27.0646,  5.439441,  1.226,  0.0931,  0.1762,  34.3980,  11 Jun 2018 14:39:04
# 27.0800,  5.439213,  1.228,  0.0982,  0.2202,  34.3850,  11 Jun 2018 14:43:04
# 27.1266,  5.442838,  1.230,  0.0910,  0.1740,  34.3763,  11 Jun 2018 14:47:04
# 27.1156,  5.445293,  1.228,  0.0895,  0.2068,  34.4019,  11 Jun 2018 14:51:04
# 27.1486,  5.446205,  1.218,  0.0871,  0.1861,  34.3840,  11 Jun 2018 14:55:04
# 27.1296,  5.444907,  1.226,  0.0896,  0.1763,  34.3888,  11 Jun 2018 14:59:04
# 27.1396,  5.446190,  1.228,  0.0859,  0.1690,  34.3905,  11 Jun 2018 15:03:04
# 27.1562,  5.448440,  1.221,  0.0896,  0.1835,  34.3943,  11 Jun 2018 15:07:04
# 27.2080,  5.452155,  1.224,  0.0919,  0.3081,  34.3824,  11 Jun 2018 15:11:04
# 27.1950,  5.448794,  1.221,  0.0958,  0.1859,  34.3682,  11 Jun 2018 15:15:04
# 27.2454,  5.452815,  1.225,  0.0935,  0.1727,  34.3595,  11 Jun 2018 15:19:04
# 27.0704,  5.441172,  1.224,  0.0932,  0.2108,  34.4060,  11 Jun 2018 15:23:04
# 27.1358,  5.444844,  1.222,  0.0907,  0.1614,  34.3838,  11 Jun 2018 15:27:04
# 27.1610,  5.448778,  1.216,  0.0906,  0.1858,  34.3931,  11 Jun 2018 15:31:04
# 27.1621,  5.449518,  1.213,  0.0897,  0.1749,  34.3976,  11 Jun 2018 15:35:04
# 27.2027,  5.452265,  1.206,  0.0906,  0.1651,  34.3872,  11 Jun 2018 15:39:04
# 27.2301,  5.453933,  1.215,  0.0932,  0.1680,  34.3788,  11 Jun 2018 15:43:04
# 27.2380,  5.453091,  1.212,  0.0968,  0.1920,  34.3669,  11 Jun 2018 15:47:04
# 27.1974,  5.449407,  1.198,  0.1008,  0.1785,  34.3708,  11 Jun 2018 15:51:04
# 27.2367,  5.452374,  1.209,  0.1009,  0.1678,  34.3628,  11 Jun 2018 15:55:04
# 27.1988,  5.449872,  1.209,  0.0958,  0.1688,  34.3730,  11 Jun 2018 15:59:04
# 27.1436,  5.446142,  1.196,  0.0932,  0.1813,  34.3873,  11 Jun 2018 16:03:04
# 27.1462,  5.446512,  1.186,  0.1045,  0.1921,  34.3880,  11 Jun 2018 16:07:04
# 27.1033,  5.444672,  1.194,  0.1054,  0.1980,  34.4066,  11 Jun 2018 16:11:04
# 27.0913,  5.444711,  1.190,  0.1106,  0.2081,  34.4158,  11 Jun 2018 16:15:04
# 27.0385,  5.443398,  1.188,  0.1044,  0.2153,  34.4455,  11 Jun 2018 16:19:04
# 27.0570,  5.443783,  1.175,  0.1067,  0.2331,  34.4346,  11 Jun 2018 16:23:04
# 27.0511,  5.443437,  1.170,  0.1057,  0.1907,  34.4364,  11 Jun 2018 16:27:04
# 27.0254,  5.441857,  1.166,  0.1118,  0.2089,  34.4442,  11 Jun 2018 16:31:04
# 27.0722,  5.446632,  1.169,  0.1119,  0.2367,  34.4436,  11 Jun 2018 16:35:04
# 27.0543,  5.446978,  1.139,  0.1119,  0.2309,  34.4593,  11 Jun 2018 16:39:04
# 27.0360,  5.445279,  1.154,  0.1070,  0.2252,  34.4608,  11 Jun 2018 16:43:04
# 26.9782,  5.441189,  1.163,  0.1085,  0.2252,  34.4745,  11 Jun 2018 16:47:04
# 26.9557,  5.438287,  1.138,  0.1044,  0.2191,  34.4705,  11 Jun 2018 16:51:04
# 26.9821,  5.438829,  1.135,  0.1083,  0.2251,  34.4548,  11 Jun 2018 16:55:04
# 27.0177,  5.439961,  1.129,  0.1156,  0.2106,  34.4365,  11 Jun 2018 16:59:04
# 27.0098,  5.439277,  1.131,  0.1156,  0.2153,  34.4374,  11 Jun 2018 17:03:04
# 26.9735,  5.437713,  1.107,  0.1145,  0.2229,  34.4532,  11 Jun 2018 17:07:04
# 26.9592,  5.437084,  1.118,  0.1094,  0.2007,  34.4593,  11 Jun 2018 17:11:04
# 26.9578,  5.436895,  1.121,  0.1056,  0.1958,  34.4590,  11 Jun 2018 17:15:04
# 27.0235,  5.435235,  1.130,  0.1231,  0.2286,  34.3985,  11 Jun 2018 17:19:04
# 27.0254,  5.435990,  1.130,  0.1178,  0.2018,  34.4025,  11 Jun 2018 17:23:04
# 27.0554,  5.436721,  1.093,  0.1240,  0.2142,  34.3855,  11 Jun 2018 17:27:04
# 27.0048,  5.434968,  1.096,  0.1192,  0.2070,  34.4104,  11 Jun 2018 17:31:04
# 26.9177,  5.430269,  1.072,  0.1241,  0.2215,  34.4415,  11 Jun 2018 17:35:04
# 26.9322,  5.431102,  1.093,  0.1241,  0.2105,  34.4367,  11 Jun 2018 17:39:04
# 26.9889,  5.435519,  1.099,  0.1257,  0.2391,  34.4262,  11 Jun 2018 17:43:04
# 27.0138,  5.437555,  1.049,  0.1279,  0.2331,  34.4223,  11 Jun 2018 17:47:04
# 26.9275,  5.434679,  1.059,  0.1180,  0.2381,  34.4657,  11 Jun 2018 17:51:04
# 26.9538,  5.433169,  1.055,  0.1208,  0.2191,  34.4355,  11 Jun 2018 17:55:04
# 26.9554,  5.433200,  1.033,  0.1205,  0.2021,  34.4345,  11 Jun 2018 17:59:04
# 26.9076,  5.431040,  1.027,  0.1207,  0.2321,  34.4545,  11 Jun 2018 18:03:04
# 26.9087,  5.431071,  1.039,  0.1145,  0.2158,  34.4540,  11 Jun 2018 18:07:04
# 26.9023,  5.429240,  1.036,  0.1192,  0.2177,  34.4456,  11 Jun 2018 18:11:04
# 26.9127,  5.431613,  1.031,  0.1193,  0.2392,  34.4548,  11 Jun 2018 18:15:04
# 26.9220,  5.433617,  1.009,  0.1192,  0.2213,  34.4623,  11 Jun 2018 18:19:04
# 26.9035,  5.431464,  1.026,  0.1193,  0.2274,  34.4606,  11 Jun 2018 18:23:04
# 26.8785,  5.428651,  1.000,  0.1170,  0.2492,  34.4591,  11 Jun 2018 18:27:04
# 26.8760,  5.428101,  0.974,  0.1232,  0.2395,  34.4570,  11 Jun 2018 18:31:04
# 26.8681,  5.427017,  0.977,  0.1266,  0.2239,  34.4552,  11 Jun 2018 18:35:04
# 26.8538,  5.425768,  0.962,  0.1244,  0.2331,  34.4569,  11 Jun 2018 18:39:04
# 26.8359,  5.423529,  0.984,  0.1207,  0.2239,  34.4542,  11 Jun 2018 18:43:04
# 26.8209,  5.421998,  0.955,  0.1083,  0.1971,  34.4544,  11 Jun 2018 18:47:04
# 26.8022,  5.420208,  0.943,  0.1107,  0.2164,  34.4555,  11 Jun 2018 18:51:04
# 26.7971,  5.419384,  0.965,  0.1143,  0.2092,  34.4534,  11 Jun 2018 18:55:04
# 26.7692,  5.417900,  0.960,  0.1242,  0.2301,  34.4635,  11 Jun 2018 18:59:04
# 26.7599,  5.415569,  0.938,  0.1264,  0.2286,  34.4538,  11 Jun 2018 19:03:04
# 26.7673,  5.416252,  0.911,  0.1341,  0.2237,  34.4531,  11 Jun 2018 19:07:04
# 26.7538,  5.415318,  0.941,  0.1230,  0.2108,  34.4565,  11 Jun 2018 19:11:04
# 26.7585,  5.417335,  0.913,  0.1232,  0.2525,  34.4675,  11 Jun 2018 19:15:04
# 26.7876,  5.418897,  0.932,  0.1316,  0.2370,  34.4570,  11 Jun 2018 19:19:04
# 26.7884,  5.417421,  0.926,  0.1244,  0.2300,  34.4458,  11 Jun 2018 19:23:04
# 26.7650,  5.416503,  0.911,  0.1205,  0.2336,  34.4567,  11 Jun 2018 19:27:04
# 26.7302,  5.415240,  0.910,  0.1242,  0.2334,  34.4735,  11 Jun 2018 19:31:04
# 26.7184,  5.413584,  0.899,  0.1296,  0.2131,  34.4704,  11 Jun 2018 19:35:04
# 26.7126,  5.412760,  0.886,  0.1229,  0.2217,  34.4689,  11 Jun 2018 19:39:04
# 26.6853,  5.411426,  0.902,  0.1256,  0.2031,  34.4797,  11 Jun 2018 19:43:04
# 26.6711,  5.409888,  0.877,  0.1305,  0.2345,  34.4792,  11 Jun 2018 19:47:04
# 26.6822,  5.409716,  0.886,  0.1240,  0.2152,  34.4697,  11 Jun 2018 19:51:04
# 26.6644,  5.410501,  0.873,  0.1180,  0.2596,  34.4886,  11 Jun 2018 19:55:04
# 26.6472,  5.408775,  0.885,  0.1230,  0.2502,  34.4890,  11 Jun 2018 19:59:04
# 26.6579,  5.408704,  0.869,  0.1328,  0.2440,  34.4806,  11 Jun 2018 20:03:04
# 26.6796,  5.409057,  0.853,  0.1279,  0.2406,  34.4669,  11 Jun 2018 20:07:04
# 26.6667,  5.408822,  0.869,  0.1266,  0.2427,  34.4748,  11 Jun 2018 20:11:04
# 26.6001,  5.404312,  0.840,  0.1192,  0.2264,  34.4922,  11 Jun 2018 20:15:04
# 26.6125,  5.404077,  0.837,  0.1241,  0.2480,  34.4812,  11 Jun 2018 20:19:04
# 26.6040,  5.403826,  0.833,  0.1193,  0.2255,  34.4857,  11 Jun 2018 20:23:04
# 26.6192,  5.403222,  0.843,  0.1318,  0.2117,  34.4701,  11 Jun 2018 20:27:04
# 26.6053,  5.403191,  0.839,  0.1156,  0.2213,  34.4802,  11 Jun 2018 20:31:04
# 26.6206,  5.403442,  0.815,  0.1180,  0.2255,  34.4707,  11 Jun 2018 20:35:04
# 26.6271,  5.403865,  0.840,  0.1207,  0.2107,  34.4688,  11 Jun 2018 20:39:04
# 26.6113,  5.401419,  0.847,  0.1305,  0.2179,  34.4630,  11 Jun 2018 20:43:04
# 26.6090,  5.401160,  0.824,  0.1230,  0.2141,  34.4629,  11 Jun 2018 20:47:04
# 26.6140,  5.401238,  0.829,  0.1206,  0.2106,  34.4597,  11 Jun 2018 20:51:04
# 26.6010,  5.399890,  0.814,  0.1170,  0.2117,  34.4598,  11 Jun 2018 20:55:04
# 26.6032,  5.396794,  0.810,  0.1257,  0.2766,  34.4359,  11 Jun 2018 20:59:04
# 26.5900,  5.397241,  0.816,  0.1228,  0.2091,  34.4490,  11 Jun 2018 21:03:04
# 26.5663,  5.397445,  0.802,  0.1168,  0.2091,  34.4681,  11 Jun 2018 21:07:04
# 26.5684,  5.393840,  0.804,  0.1281,  0.2168,  34.4406,  11 Jun 2018 21:11:04
# 26.5413,  5.392265,  0.796,  0.1144,  0.2045,  34.4495,  11 Jun 2018 21:15:04
# 26.5420,  5.392257,  0.803,  0.1145,  0.2230,  34.4490,  11 Jun 2018 21:19:04
# 26.5344,  5.392540,  0.809,  0.1134,  0.2058,  34.4567,  11 Jun 2018 21:23:04
# 26.5087,  5.392423,  0.817,  0.1147,  0.2071,  34.4750,  11 Jun 2018 21:27:04
# 26.4857,  5.391773,  0.806,  0.1120,  0.2034,  34.4875,  11 Jun 2018 21:31:04
# 26.4996,  5.388670,  0.819,  0.1156,  0.2502,  34.4548,  11 Jun 2018 21:35:04
# 26.5017,  5.387942,  0.809,  0.1182,  0.2276,  34.4480,  11 Jun 2018 21:39:04
# 26.4875,  5.386149,  0.800,  0.1170,  0.2020,  34.4457,  11 Jun 2018 21:43:04
# 26.4847,  5.387519,  0.810,  0.1144,  0.2116,  34.4576,  11 Jun 2018 21:47:04
# 26.4935,  5.386814,  0.839,  0.1169,  0.2152,  34.4460,  11 Jun 2018 21:51:04
# 26.4900,  5.386125,  0.823,  0.1109,  0.2252,  34.4437,  11 Jun 2018 21:55:04
# 26.4952,  5.385013,  0.804,  0.1191,  0.2383,  34.4318,  11 Jun 2018 21:59:04
# 26.4811,  5.384959,  0.807,  0.1093,  0.2242,  34.4419,  11 Jun 2018 22:03:04
# 26.4542,  5.386791,  0.822,  0.1093,  0.2277,  34.4752,  11 Jun 2018 22:07:04
# 26.4384,  5.385359,  0.829,  0.1123,  0.2289,  34.4767,  11 Jun 2018 22:11:04
# 26.4324,  5.382391,  0.835,  0.1082,  0.2144,  34.4598,  11 Jun 2018 22:15:04
# 26.4305,  5.379746,  0.815,  0.1044,  0.2166,  34.4422,  11 Jun 2018 22:19:04
# 26.4310,  5.379370,  0.810,  0.1057,  0.1958,  34.4391,  11 Jun 2018 22:23:04
# 26.4199,  5.381664,  0.852,  0.1073,  0.2251,  34.4639,  11 Jun 2018 22:27:04
# 26.4066,  5.379128,  0.836,  0.1071,  0.2118,  34.4556,  11 Jun 2018 22:31:04
# 26.4196,  5.376396,  0.833,  0.1160,  0.2078,  34.4262,  11 Jun 2018 22:35:04
# 26.4104,  5.376475,  0.859,  0.1156,  0.2128,  34.4337,  11 Jun 2018 22:39:04
# 26.4135,  5.374159,  0.846,  0.1119,  0.2230,  34.4146,  11 Jun 2018 22:43:04
# 26.4133,  5.374409,  0.874,  0.1180,  0.2094,  34.4166,  11 Jun 2018 22:47:04
# 26.4173,  5.373587,  0.861,  0.1183,  0.2141,  34.4076,  11 Jun 2018 22:51:04
# 26.4158,  5.373963,  0.853,  0.1205,  0.2021,  34.4115,  11 Jun 2018 22:55:04
# 26.4015,  5.373815,  0.863,  0.1147,  0.2116,  34.4211,  11 Jun 2018 22:59:04
# 26.3916,  5.374112,  0.892,  0.1146,  0.2094,  34.4306,  11 Jun 2018 23:03:04
# 26.3741,  5.374723,  0.866,  0.1071,  0.2079,  34.4482,  11 Jun 2018 23:07:04
# 26.3595,  5.374386,  0.869,  0.1108,  0.2121,  34.4566,  11 Jun 2018 23:11:04
# 26.3526,  5.369240,  0.880,  0.1073,  0.2143,  34.4247,  11 Jun 2018 23:15:04
# 26.3657,  5.370561,  0.879,  0.1110,  0.2395,  34.4244,  11 Jun 2018 23:19:04
# 26.3455,  5.372697,  0.880,  0.1094,  0.2241,  34.4549,  11 Jun 2018 23:23:04
# 26.3357,  5.370507,  0.893,  0.1073,  0.2278,  34.4464,  11 Jun 2018 23:27:04
# 26.3534,  5.362055,  0.891,  0.1221,  0.2105,  34.3723,  11 Jun 2018 23:31:04
# 26.3498,  5.363274,  0.904,  0.1131,  0.1971,  34.3837,  11 Jun 2018 23:35:04
# 26.3478,  5.362782,  0.916,  0.1157,  0.2031,  34.3817,  11 Jun 2018 23:39:04
# 26.3519,  5.362727,  0.899,  0.1107,  0.2070,  34.3782,  11 Jun 2018 23:43:04
# 26.3507,  5.363571,  0.910,  0.1169,  0.2058,  34.3852,  11 Jun 2018 23:47:04
# 26.3465,  5.366120,  0.920,  0.1082,  0.1935,  34.4067,  11 Jun 2018 23:51:04
# 26.3430,  5.366104,  0.912,  0.1097,  0.2059,  34.4092,  11 Jun 2018 23:55:04
# 26.3476,  5.365893,  0.902,  0.1109,  0.2128,  34.4043,  11 Jun 2018 23:59:04
# 26.3517,  5.366190,  0.930,  0.1107,  0.2290,  34.4033,  12 Jun 2018 00:03:04
# 26.3445,  5.367973,  0.920,  0.1147,  0.2181,  34.4215,  12 Jun 2018 00:07:04
# 26.3391,  5.368325,  0.927,  0.1109,  0.2214,  34.4282,  12 Jun 2018 00:11:04
# 26.3242,  5.365808,  0.905,  0.1081,  0.1874,  34.4211,  12 Jun 2018 00:15:04
# 26.2972,  5.358047,  0.929,  0.1082,  0.1799,  34.3853,  12 Jun 2018 00:19:04
# 26.3215,  5.354601,  0.947,  0.1092,  0.1982,  34.3422,  12 Jun 2018 00:23:04
# 26.3332,  5.354906,  0.950,  0.1144,  0.2020,  34.3358,  12 Jun 2018 00:27:04
# 26.3138,  5.355383,  0.952,  0.1131,  0.1946,  34.3537,  12 Jun 2018 00:31:04
# 26.2893,  5.359954,  0.939,  0.1133,  0.2131,  34.4050,  12 Jun 2018 00:35:04
# 26.2826,  5.359594,  0.958,  0.1070,  0.2045,  34.4074,  12 Jun 2018 00:39:04
# 26.2920,  5.356633,  0.954,  0.1072,  0.2165,  34.3790,  12 Jun 2018 00:43:04
# 26.2855,  5.357313,  0.948,  0.1131,  0.2032,  34.3887,  12 Jun 2018 00:47:04
# 26.2971,  5.358500,  0.979,  0.1118,  0.2117,  34.3886,  12 Jun 2018 00:51:04
# 26.2768,  5.356477,  0.974,  0.1156,  0.2082,  34.3892,  12 Jun 2018 00:55:04
# 26.2662,  5.355235,  0.965,  0.1380,  0.3669,  34.3881,  12 Jun 2018 00:59:04
# 26.2451,  5.351338,  0.985,  0.1073,  0.1946,  34.3758,  12 Jun 2018 01:03:04
# 26.2819,  5.353649,  0.975,  0.1123,  0.2180,  34.3650,  12 Jun 2018 01:07:04
# 26.2818,  5.357243,  0.991,  0.1083,  0.2241,  34.3910,  12 Jun 2018 01:11:04
# 26.2600,  5.358517,  0.989,  0.1083,  0.1969,  34.4165,  12 Jun 2018 01:15:04
# 26.2501,  5.357642,  0.989,  0.1020,  0.2029,  34.4175,  12 Jun 2018 01:19:04
# 26.2559,  5.356134,  1.007,  0.1071,  0.2119,  34.4023,  12 Jun 2018 01:23:04
# 26.2697,  5.357204,  1.008,  0.1144,  0.2155,  34.3997,  12 Jun 2018 01:27:04
# 26.2766,  5.357266,  0.995,  0.1121,  0.2093,  34.3951,  12 Jun 2018 01:31:04
# 26.2820,  5.357493,  1.001,  0.1133,  0.2119,  34.3926,  12 Jun 2018 01:35:04
# 26.2650,  5.358384,  1.013,  0.1108,  0.2129,  34.4118,  12 Jun 2018 01:39:04
# 26.2804,  5.355891,  1.009,  0.1083,  0.2066,  34.3823,  12 Jun 2018 01:43:04
# 26.2821,  5.356149,  1.010,  0.1107,  0.2018,  34.3828,  12 Jun 2018 01:47:04
# 26.2755,  5.356586,  1.014,  0.1092,  0.2045,  34.3909,  12 Jun 2018 01:51:04
# 26.2646,  5.356704,  1.005,  0.1109,  0.2068,  34.3999,  12 Jun 2018 01:55:04
# 26.2533,  5.356665,  1.008,  0.1121,  0.2010,  34.4081,  12 Jun 2018 01:59:04
# 26.2578,  5.356352,  1.015,  0.1132,  0.2225,  34.4025,  12 Jun 2018 02:03:04
# 26.2673,  5.352665,  1.022,  0.1147,  0.2096,  34.3688,  12 Jun 2018 02:07:04
# 26.2614,  5.355384,  1.005,  0.1121,  0.2104,  34.3928,  12 Jun 2018 02:11:04
# 26.2584,  5.355110,  1.011,  0.1168,  0.2094,  34.3931,  12 Jun 2018 02:15:04
# 26.2358,  5.356931,  1.020,  0.1156,  0.1960,  34.4231,  12 Jun 2018 02:19:04
# 26.2407,  5.354150,  0.973,  0.1222,  0.2094,  34.3994,  12 Jun 2018 02:23:04
# 26.2407,  5.343321,  0.989,  0.1220,  0.2068,  34.3212,  12 Jun 2018 02:27:04
# 26.2409,  5.342143,  0.999,  0.1218,  0.1968,  34.3125,  12 Jun 2018 02:31:04
# 26.2258,  5.341230,  1.009,  0.1154,  0.1995,  34.3171,  12 Jun 2018 02:35:04
# 26.2488,  5.337532,  1.013,  0.1305,  0.1874,  34.2733,  12 Jun 2018 02:39:04
# 26.2520,  5.347060,  1.002,  0.1207,  0.2168,  34.3397,  12 Jun 2018 02:43:04
# 26.2508,  5.354454,  0.980,  0.1180,  0.2251,  34.3940,  12 Jun 2018 02:47:04
# 26.2284,  5.357228,  0.989,  0.1073,  0.1984,  34.4308,  12 Jun 2018 02:51:04
# 26.2442,  5.354712,  1.005,  0.1219,  0.2118,  34.4008,  12 Jun 2018 02:55:04
# 26.2284,  5.355478,  0.967,  0.1119,  0.2116,  34.4182,  12 Jun 2018 02:59:04
# 26.2114,  5.354994,  0.959,  0.1083,  0.2097,  34.4274,  12 Jun 2018 03:03:04
# 26.2152,  5.353479,  0.958,  0.1082,  0.1896,  34.4136,  12 Jun 2018 03:07:04
# 26.2507,  5.352736,  0.959,  0.1184,  0.2264,  34.3817,  12 Jun 2018 03:11:04
# 26.2300,  5.353814,  0.932,  0.1108,  0.2119,  34.4050,  12 Jun 2018 03:15:04
# 26.2190,  5.353385,  0.964,  0.1119,  0.2021,  34.4101,  12 Jun 2018 03:19:04
# 26.2373,  5.348785,  0.948,  0.1169,  0.2441,  34.3632,  12 Jun 2018 03:23:04
# 26.2434,  5.349769,  0.957,  0.1279,  0.1946,  34.3657,  12 Jun 2018 03:27:04
# 26.2305,  5.351690,  0.954,  0.1195,  0.2203,  34.3893,  12 Jun 2018 03:31:04
# 26.2423,  5.351674,  0.939,  0.1183,  0.2142,  34.3803,  12 Jun 2018 03:35:04
# 26.2298,  5.351791,  0.956,  0.1256,  0.2032,  34.3905,  12 Jun 2018 03:39:04
# 26.2321,  5.351534,  0.940,  0.1172,  0.1994,  34.3869,  12 Jun 2018 03:43:04
# 26.2311,  5.351502,  0.949,  0.1119,  0.2264,  34.3875,  12 Jun 2018 03:47:04
# 26.2466,  5.352494,  0.912,  0.1170,  0.1958,  34.3830,  12 Jun 2018 03:51:04
# 26.2228,  5.351831,  0.921,  0.1181,  0.2079,  34.3960,  12 Jun 2018 03:55:04
# 26.2188,  5.350550,  0.922,  0.1182,  0.1936,  34.3898,  12 Jun 2018 03:59:04
# 26.2005,  5.348153,  0.883,  0.1121,  0.1997,  34.3861,  12 Jun 2018 04:03:04
# 26.2198,  5.347403,  0.901,  0.1131,  0.1801,  34.3662,  12 Jun 2018 04:07:04
# 26.2371,  5.348918,  0.891,  0.1184,  0.2213,  34.3643,  12 Jun 2018 04:11:04
# 26.2249,  5.351643,  0.879,  0.1110,  0.2106,  34.3931,  12 Jun 2018 04:15:04
# 26.2089,  5.352331,  0.859,  0.1109,  0.2021,  34.4101,  12 Jun 2018 04:19:04
# 26.1706,  5.352956,  0.862,  0.1057,  0.2081,  34.4433,  12 Jun 2018 04:23:04
# 26.1801,  5.351230,  0.844,  0.1111,  0.2058,  34.4237,  12 Jun 2018 04:27:04
# 26.1976,  5.350425,  0.852,  0.1144,  0.2116,  34.4047,  12 Jun 2018 04:31:04
# 26.2267,  5.350526,  0.831,  0.1257,  0.2081,  34.3837,  12 Jun 2018 04:35:04
# 26.2511,  5.350596,  0.835,  0.1353,  0.2046,  34.3660,  12 Jun 2018 04:39:04
# 26.2296,  5.349550,  0.837,  0.1193,  0.1900,  34.3745,  12 Jun 2018 04:43:04
# 26.2077,  5.349191,  0.827,  0.1147,  0.2047,  34.3883,  12 Jun 2018 04:47:04
# 26.1985,  5.351120,  0.832,  0.1220,  0.2046,  34.4091,  12 Jun 2018 04:51:04
# 26.1557,  5.349950,  0.825,  0.1073,  0.2117,  34.4327,  12 Jun 2018 04:55:04
# 26.1436,  5.348357,  0.810,  0.1193,  0.2030,  34.4302,  12 Jun 2018 04:59:04
# 26.1673,  5.347498,  0.814,  0.1209,  0.2287,  34.4063,  12 Jun 2018 05:03:04
# 26.1711,  5.348247,  0.801,  0.1209,  0.2289,  34.4089,  12 Jun 2018 05:07:04
# 26.1712,  5.349403,  0.808,  0.1168,  0.2190,  34.4171,  12 Jun 2018 05:11:04
# 26.1357,  5.348068,  0.804,  0.1080,  0.2203,  34.4341,  12 Jun 2018 05:15:04
# 26.1246,  5.347085,  0.800,  0.1082,  0.1995,  34.4353,  12 Jun 2018 05:19:04
# 26.1138,  5.345071,  0.792,  0.1057,  0.2181,  34.4288,  12 Jun 2018 05:23:04
# 26.1155,  5.345095,  0.788,  0.1148,  0.2811,  34.4277,  12 Jun 2018 05:27:04
# 26.0970,  5.343885,  0.778,  0.1194,  0.2357,  34.4329,  12 Jun 2018 05:31:04
# 26.0971,  5.343370,  0.777,  0.1220,  0.2293,  34.4291,  12 Jun 2018 05:35:04
# 26.0920,  5.342481,  0.778,  0.1146,  0.2490,  34.4264,  12 Jun 2018 05:39:04
# 26.0955,  5.341575,  0.789,  0.1157,  0.2155,  34.4172,  12 Jun 2018 05:43:04
# 26.1022,  5.339508,  0.735,  0.1133,  0.2441,  34.3972,  12 Jun 2018 05:47:04
# 26.0799,  5.343066,  0.744,  0.1158,  0.2357,  34.4397,  12 Jun 2018 05:51:04
# 26.0537,  5.341607,  0.736,  0.1082,  0.2152,  34.4488,  12 Jun 2018 05:55:04
# 26.0530,  5.340336,  0.738,  0.1070,  0.2129,  34.4401,  12 Jun 2018 05:59:04
# 26.0505,  5.337777,  0.740,  0.1092,  0.2621,  34.4235,  12 Jun 2018 06:03:04
# 26.0673,  5.340632,  0.717,  0.1061,  0.2142,  34.4316,  12 Jun 2018 06:07:04
# 26.0584,  5.341139,  0.719,  0.1071,  0.2406,  34.4419,  12 Jun 2018 06:11:04
# 26.0412,  5.339290,  0.729,  0.1081,  0.2319,  34.4415,  12 Jun 2018 06:15:04
# 26.0570,  5.339142,  0.728,  0.1157,  0.2480,  34.4285,  12 Jun 2018 06:19:04
# 26.0574,  5.336427,  0.716,  0.1131,  0.2168,  34.4085,  12 Jun 2018 06:23:04
# 26.0521,  5.334782,  0.715,  0.1107,  0.2253,  34.4006,  12 Jun 2018 06:27:04
# 26.0468,  5.335086,  0.708,  0.1108,  0.2183,  34.4067,  12 Jun 2018 06:31:04
# 26.0260,  5.333581,  0.700,  0.1122,  0.2466,  34.4114,  12 Jun 2018 06:35:04
# 26.0680,  5.336349,  0.685,  0.1157,  0.2167,  34.4000,  12 Jun 2018 06:39:04
# 26.0793,  5.338697,  0.685,  0.1131,  0.2155,  34.4085,  12 Jun 2018 06:43:04
# 26.0384,  5.338854,  0.720,  0.1109,  0.2439,  34.4404,  12 Jun 2018 06:47:04
# 26.0314,  5.338261,  0.673,  0.1095,  0.2206,  34.4413,  12 Jun 2018 06:51:04
# 26.0361,  5.337832,  0.675,  0.1096,  0.2596,  34.4347,  12 Jun 2018 06:55:04
# 26.0392,  5.335991,  0.682,  0.1093,  0.1981,  34.4190,  12 Jun 2018 06:59:04
# 26.0408,  5.334384,  0.676,  0.1044,  0.2009,  34.4061,  12 Jun 2018 07:03:04
# 26.0461,  5.332092,  0.655,  0.1082,  0.2242,  34.3855,  12 Jun 2018 07:07:04
# 26.0578,  5.334400,  0.671,  0.1096,  0.2393,  34.3935,  12 Jun 2018 07:11:04
# 26.0596,  5.336560,  0.682,  0.1044,  0.2252,  34.4079,  12 Jun 2018 07:15:04
# 26.0586,  5.336677,  0.658,  0.1022,  0.2255,  34.4094,  12 Jun 2018 07:19:04
# 26.0546,  5.337176,  0.674,  0.1035,  0.2011,  34.4160,  12 Jun 2018 07:23:04
# 26.0619,  5.338346,  0.658,  0.1060,  0.2267,  34.4191,  12 Jun 2018 07:27:04
# 26.0719,  5.339454,  0.653,  0.1060,  0.2228,  34.4196,  12 Jun 2018 07:31:04
# 26.0631,  5.340242,  0.636,  0.1035,  0.2180,  34.4319,  12 Jun 2018 07:35:04
# 26.0588,  5.338627,  0.636,  0.1073,  0.2514,  34.4235,  12 Jun 2018 07:39:04
# 26.0652,  5.338245,  0.643,  0.1046,  0.2093,  34.4159,  12 Jun 2018 07:43:04
# 26.0697,  5.337886,  0.649,  0.1070,  0.2466,  34.4099,  12 Jun 2018 07:47:04
# 26.0598,  5.339118,  0.646,  0.1020,  0.2370,  34.4262,  12 Jun 2018 07:51:04
# 26.0673,  5.339688,  0.643,  0.1010,  0.2117,  34.4248,  12 Jun 2018 07:55:04
# 26.0677,  5.340039,  0.630,  0.0996,  0.1996,  34.4270,  12 Jun 2018 07:59:04
# 26.0659,  5.340093,  0.633,  0.0984,  0.2372,  34.4287,  12 Jun 2018 08:03:04
# 26.0750,  5.340335,  0.638,  0.0970,  0.2390,  34.4237,  12 Jun 2018 08:07:04
# 26.0774,  5.342083,  0.618,  0.0985,  0.2357,  34.4345,  12 Jun 2018 08:11:04
# 26.0966,  5.343347,  0.620,  0.1011,  0.2383,  34.4293,  12 Jun 2018 08:15:04
# 26.1069,  5.344314,  0.615,  0.0949,  0.2255,  34.4286,  12 Jun 2018 08:19:04
# 26.1252,  5.344322,  0.628,  0.0959,  0.2058,  34.4149,  12 Jun 2018 08:23:04
# 26.1314,  5.345461,  0.618,  0.0958,  0.2277,  34.4185,  12 Jun 2018 08:27:04
# 26.1172,  5.345422,  0.622,  0.0997,  0.2154,  34.4288,  12 Jun 2018 08:31:04
# 26.1223,  5.346133,  0.629,  0.0935,  0.2142,  34.4302,  12 Jun 2018 08:35:04
# 26.0988,  5.345641,  0.646,  0.0961,  0.2355,  34.4443,  12 Jun 2018 08:39:04
# 26.0978,  5.345735,  0.620,  0.0948,  0.2131,  34.4457,  12 Jun 2018 08:43:04
# 26.1086,  5.345001,  0.640,  0.0996,  0.2290,  34.4323,  12 Jun 2018 08:47:04
# 26.1153,  5.346078,  0.655,  0.1009,  0.2309,  34.4351,  12 Jun 2018 08:51:04
# 26.1419,  5.348357,  0.628,  0.0974,  0.2030,  34.4316,  12 Jun 2018 08:55:04
# 26.1339,  5.348771,  0.659,  0.0958,  0.2228,  34.4406,  12 Jun 2018 08:59:04
# 26.1561,  5.351074,  0.653,  0.0961,  0.2370,  34.4406,  12 Jun 2018 09:03:04
# 26.1567,  5.352128,  0.642,  0.0933,  0.2335,  34.4478,  12 Jun 2018 09:07:04
# 26.1475,  5.351433,  0.663,  0.0961,  0.2058,  34.4496,  12 Jun 2018 09:11:04
# 26.1572,  5.352331,  0.664,  0.0907,  0.2128,  34.4489,  12 Jun 2018 09:15:04
# 26.1736,  5.353268,  0.652,  0.0935,  0.2104,  34.4433,  12 Jun 2018 09:19:04
# 26.1927,  5.355369,  0.640,  0.0923,  0.2070,  34.4443,  12 Jun 2018 09:23:04
# 26.2006,  5.356642,  0.668,  0.0959,  0.2084,  34.4475,  12 Jun 2018 09:27:04
# 26.2345,  5.360181,  0.690,  0.0960,  0.2238,  34.4477,  12 Jun 2018 09:31:04
# 26.2280,  5.360369,  0.672,  0.0910,  0.2115,  34.4539,  12 Jun 2018 09:35:04
# 26.2157,  5.360275,  0.679,  0.0935,  0.2319,  34.4625,  12 Jun 2018 09:39:04
# 26.2197,  5.360744,  0.686,  0.0985,  0.1958,  34.4629,  12 Jun 2018 09:43:04
# 26.2497,  5.363729,  0.695,  0.0888,  0.2216,  34.4620,  12 Jun 2018 09:47:04
# 26.2573,  5.363417,  0.688,  0.0922,  0.2216,  34.4540,  12 Jun 2018 09:51:04
# 26.2793,  5.365738,  0.688,  0.0934,  0.2143,  34.4543,  12 Jun 2018 09:55:04
# 26.3332,  5.370577,  0.700,  0.0896,  0.2130,  34.4489,  12 Jun 2018 09:59:04
# 26.3300,  5.368919,  0.716,  0.0946,  0.2320,  34.4393,  12 Jun 2018 10:03:04
# 26.3544,  5.370827,  0.713,  0.0959,  0.2205,  34.4348,  12 Jun 2018 10:07:04
# 26.3513,  5.371148,  0.702,  0.0910,  0.2181,  34.4395,  12 Jun 2018 10:11:04
# 26.3458,  5.372165,  0.734,  0.0896,  0.2380,  34.4509,  12 Jun 2018 10:15:04
# 26.3365,  5.372361,  0.738,  0.0874,  0.2537,  34.4592,  12 Jun 2018 10:19:04
# 26.3857,  5.374175,  0.771,  0.0922,  0.2214,  34.4355,  12 Jun 2018 10:23:04
# 26.3595,  5.375896,  0.763,  0.0887,  0.2069,  34.4675,  12 Jun 2018 10:27:04
# 26.4293,  5.380763,  0.765,  0.0873,  0.2068,  34.4504,  12 Jun 2018 10:31:04
# 26.3971,  5.378494,  0.763,  0.0888,  0.2381,  34.4582,  12 Jun 2018 10:35:04
# 26.4498,  5.383558,  0.764,  0.0894,  0.2430,  34.4552,  12 Jun 2018 10:39:04
# 26.4402,  5.382869,  0.771,  0.0944,  0.2333,  34.4575,  12 Jun 2018 10:43:04
# 26.4446,  5.383777,  0.817,  0.0922,  0.2318,  34.4607,  12 Jun 2018 10:47:04
# 26.4616,  5.385397,  0.811,  0.0896,  0.2167,  34.4596,  12 Jun 2018 10:51:04
# 26.4319,  5.383472,  0.829,  0.0934,  0.2215,  34.4680,  12 Jun 2018 10:55:04
# 26.4382,  5.384701,  0.802,  0.0908,  0.2204,  34.4721,  12 Jun 2018 10:59:04
# 26.4680,  5.387418,  0.852,  0.0896,  0.2179,  34.4694,  12 Jun 2018 11:03:04
# 26.4998,  5.390472,  0.851,  0.0910,  0.2215,  34.4676,  12 Jun 2018 11:07:04
# 26.5553,  5.395697,  0.852,  0.0886,  0.2020,  34.4637,  12 Jun 2018 11:11:04
# 26.5125,  5.390683,  0.879,  0.0909,  0.2180,  34.4596,  12 Jun 2018 11:15:04
# 26.5207,  5.390707,  0.866,  0.0932,  0.2079,  34.4537,  12 Jun 2018 11:19:04
# 26.5215,  5.391537,  0.876,  0.0909,  0.2239,  34.4590,  12 Jun 2018 11:23:04
# 26.5513,  5.394788,  0.900,  0.0885,  0.2107,  34.4601,  12 Jun 2018 11:27:04
# 26.5218,  5.392571,  0.910,  0.0872,  0.2042,  34.4663,  12 Jun 2018 11:31:04
# 26.5753,  5.394725,  0.918,  0.0887,  0.2071,  34.4418,  12 Jun 2018 11:35:04
# 26.5510,  5.394232,  0.938,  0.0871,  0.2071,  34.4564,  12 Jun 2018 11:39:04
# 26.5430,  5.394663,  0.948,  0.0874,  0.2056,  34.4654,  12 Jun 2018 11:43:04
# 26.5868,  5.397899,  0.962,  0.0871,  0.1968,  34.4560,  12 Jun 2018 11:47:04
# 26.6197,  5.399388,  0.962,  0.0887,  0.2009,  34.4421,  12 Jun 2018 11:51:04
# 26.6194,  5.399804,  0.985,  0.0887,  0.2093,  34.4454,  12 Jun 2018 11:55:04
# 26.6334,  5.401685,  0.987,  0.0909,  0.2107,  34.4485,  12 Jun 2018 11:59:04
# 26.6562,  5.403457,  0.994,  0.0885,  0.2837,  34.4441,  12 Jun 2018 12:03:04
# 26.6673,  5.404005,  0.999,  0.0884,  0.1860,  34.4398,  12 Jun 2018 12:07:04
# 26.6691,  5.403919,  0.996,  0.0909,  0.1874,  34.4379,  12 Jun 2018 12:11:04
# 26.6847,  5.404821,  1.007,  0.0897,  0.1958,  34.4327,  12 Jun 2018 12:15:04
# 26.6825,  5.405252,  1.021,  0.0959,  0.1836,  34.4375,  12 Jun 2018 12:19:04
# 26.7106,  5.408562,  1.025,  0.0885,  0.1760,  34.4403,  12 Jun 2018 12:23:04
# 26.7149,  5.408985,  1.036,  0.0887,  0.1995,  34.4401,  12 Jun 2018 12:27:04
# 26.7454,  5.411103,  1.045,  0.0873,  0.1959,  34.4325,  12 Jun 2018 12:31:04
# 26.7695,  5.413559,  1.049,  0.0894,  0.1981,  34.4322,  12 Jun 2018 12:35:04
# 26.7555,  5.413144,  1.063,  0.0895,  0.1923,  34.4396,  12 Jun 2018 12:39:04
# 26.8176,  5.415678,  1.066,  0.0910,  0.1839,  34.4116,  12 Jun 2018 12:43:04
# 26.8618,  5.416446,  1.076,  0.0934,  0.1884,  34.3843,  12 Jun 2018 12:47:04
# 26.8327,  5.415976,  1.084,  0.0934,  0.1919,  34.4025,  12 Jun 2018 12:51:04
# 26.8177,  5.415890,  1.090,  0.0922,  0.1933,  34.4130,  12 Jun 2018 12:55:04
# 26.8319,  5.417562,  1.098,  0.0908,  0.1836,  34.4145,  12 Jun 2018 12:59:04
# 26.8067,  5.416793,  1.102,  0.0886,  0.2059,  34.4276,  12 Jun 2018 13:03:04
# 26.9111,  5.422900,  1.111,  0.0896,  0.2107,  34.3939,  12 Jun 2018 13:07:04
# 26.9755,  5.426418,  1.120,  0.0908,  0.1898,  34.3712,  12 Jun 2018 13:11:04
# 26.9541,  5.426300,  1.130,  0.0886,  0.1909,  34.3862,  12 Jun 2018 13:15:04
# 26.9491,  5.427448,  1.137,  0.0919,  0.1837,  34.3981,  12 Jun 2018 13:19:04
# 26.9978,  5.430449,  1.140,  0.0895,  0.1764,  34.3834,  12 Jun 2018 13:23:04
# 27.0209,  5.431784,  1.153,  0.0885,  0.1823,  34.3759,  12 Jun 2018 13:27:04
# 27.0694,  5.435132,  1.160,  0.0899,  0.1766,  34.3639,  12 Jun 2018 13:31:04
# 27.1037,  5.437074,  1.168,  0.0935,  0.1812,  34.3523,  12 Jun 2018 13:35:04
# 27.0918,  5.437687,  1.175,  0.0921,  0.1904,  34.3655,  12 Jun 2018 13:39:04
# 27.1531,  5.441847,  1.183,  0.0920,  0.1712,  34.3497,  12 Jun 2018 13:43:04
# 27.2004,  5.444796,  1.189,  0.0870,  0.1797,  34.3358,  12 Jun 2018 13:47:04
# 27.0839,  5.437774,  1.192,  0.0923,  0.1798,  34.3719,  12 Jun 2018 13:51:04
# 27.0734,  5.438167,  1.201,  0.0907,  0.1750,  34.3824,  12 Jun 2018 13:55:04
# 27.1730,  5.445489,  1.207,  0.0904,  0.1714,  34.3609,  12 Jun 2018 13:59:04
