# 27.3171,  6.690772,  1.019,  0.1144,  0.1958,  43.2496,  17 Aug 2018 14:00:08
# 27.3392,  6.693220,  1.044,  0.1131,  0.2152,  43.2470,  17 Aug 2018 14:04:08
# 27.3597,  6.695367,  0.967,  0.1157,  0.2078,  43.2437,  17 Aug 2018 14:08:08
# 27.3679,  6.696557,  1.024,  0.1093,  0.2179,  43.2448,  17 Aug 2018 14:12:08
# 27.3881,  6.699359,  0.974,  0.1155,  0.2093,  43.2466,  17 Aug 2018 14:16:08
# 27.3811,  6.698764,  1.025,  0.1122,  0.2118,  43.2487,  17 Aug 2018 14:20:08
# 27.3960,  6.699696,  0.961,  0.1093,  0.2276,  43.2418,  17 Aug 2018 14:24:08
# 27.4028,  6.701214,  0.949,  0.1121,  0.2309,  43.2465,  17 Aug 2018 14:28:08
# 27.4186,  6.702387,  0.974,  0.1091,  0.2275,  43.2404,  17 Aug 2018 14:32:08
# 27.4226,  6.703362,  0.982,  0.1129,  0.2068,  43.2439,  17 Aug 2018 14:36:08
# 27.4190,  6.702801,  0.950,  0.1157,  0.2355,  43.2431,  17 Aug 2018 14:40:08
# 27.4144,  6.702128,  0.972,  0.1155,  0.2265,  43.2424,  17 Aug 2018 14:44:08
# 27.4184,  6.702862,  1.000,  0.1082,  0.2016,  43.2441,  17 Aug 2018 14:48:08
# 27.4433,  6.705225,  0.987,  0.1192,  0.2176,  43.2383,  17 Aug 2018 14:52:08
# 27.4676,  6.707969,  0.974,  0.1132,  0.2204,  43.2359,  17 Aug 2018 14:56:08
# 27.4807,  6.708927,  0.973,  0.1157,  0.2346,  43.2306,  17 Aug 2018 15:00:08
# 27.5139,  6.712017,  0.945,  0.1155,  0.2319,  43.2224,  17 Aug 2018 15:04:08
# 27.5282,  6.713321,  1.037,  0.1083,  0.2139,  43.2187,  17 Aug 2018 15:08:08
# 27.5293,  6.714123,  0.950,  0.1156,  0.2154,  43.2236,  17 Aug 2018 15:12:08
# 27.6265,  6.720685,  0.909,  0.1191,  0.2055,  43.1814,  17 Aug 2018 15:16:08
# 27.6625,  6.725575,  0.967,  0.1217,  0.2202,  43.1837,  17 Aug 2018 15:20:08
# 27.6754,  6.728185,  0.971,  0.1115,  0.1970,  43.1908,  17 Aug 2018 15:24:08
# 27.6975,  6.730034,  0.972,  0.1069,  0.1941,  43.1838,  17 Aug 2018 15:28:08
# 27.6921,  6.729801,  0.984,  0.1120,  0.1887,  43.1872,  17 Aug 2018 15:32:08
# 27.6967,  6.730726,  0.964,  0.1105,  0.1993,  43.1897,  17 Aug 2018 15:36:08
# 27.6494,  6.725835,  0.956,  0.1168,  0.1898,  43.1977,  17 Aug 2018 15:40:08
# 27.6355,  6.723484,  0.961,  0.1229,  0.2237,  43.1935,  17 Aug 2018 15:44:08
# 27.6308,  6.723873,  0.940,  0.1180,  0.1972,  43.2006,  17 Aug 2018 15:48:08
# 27.6237,  6.723493,  0.993,  0.1168,  0.2005,  43.2045,  17 Aug 2018 15:52:08
# 27.6575,  6.725134,  0.935,  0.1190,  0.2102,  43.1851,  17 Aug 2018 15:56:08
# 27.7102,  6.729515,  0.959,  0.1218,  0.2127,  43.1683,  17 Aug 2018 16:00:08
# 27.6951,  6.729014,  1.020,  0.1231,  0.2798,  43.1786,  17 Aug 2018 16:04:08
# 27.7285,  6.732445,  0.946,  0.1231,  0.2141,  43.1727,  17 Aug 2018 16:08:08
# 27.7433,  6.734866,  0.942,  0.1179,  0.2081,  43.1767,  17 Aug 2018 16:12:08
# 27.6979,  6.730017,  0.954,  0.1167,  0.2030,  43.1833,  17 Aug 2018 16:16:08
# 27.6854,  6.728340,  0.901,  0.1254,  0.2032,  43.1827,  17 Aug 2018 16:20:08
# 27.6546,  6.726586,  0.977,  0.1279,  0.2166,  43.1985,  17 Aug 2018 16:24:08
# 27.6564,  6.725843,  0.888,  0.1278,  0.2127,  43.1914,  17 Aug 2018 16:28:08
# 27.6642,  6.725964,  0.970,  0.1305,  0.2251,  43.1850,  17 Aug 2018 16:32:08
# 27.6873,  6.729637,  0.987,  0.1178,  0.2006,  43.1904,  17 Aug 2018 16:36:08
# 27.6839,  6.729974,  0.926,  0.1240,  0.2286,  43.1960,  17 Aug 2018 16:40:08
# 27.6818,  6.729740,  0.879,  0.1278,  0.2308,  43.1963,  17 Aug 2018 16:44:08
# 27.6692,  6.728237,  0.966,  0.1278,  0.2155,  43.1970,  17 Aug 2018 16:48:08
# 27.6431,  6.725869,  0.959,  0.1276,  0.2248,  43.2038,  17 Aug 2018 16:52:08
# 27.6584,  6.726768,  0.923,  0.1303,  0.2847,  43.1962,  17 Aug 2018 16:56:08
# 27.6684,  6.729153,  0.981,  0.1192,  0.1887,  43.2044,  17 Aug 2018 17:00:08
# 27.6767,  6.729792,  0.976,  0.1302,  0.2152,  43.2014,  17 Aug 2018 17:04:08
# 27.6573,  6.726560,  0.921,  0.1326,  0.2344,  43.1957,  17 Aug 2018 17:08:08
# 27.6351,  6.724400,  0.944,  0.1339,  0.2441,  43.2005,  17 Aug 2018 17:12:08
# 27.5924,  6.720824,  0.937,  0.1231,  0.2226,  43.2140,  17 Aug 2018 17:16:08
# 27.5296,  6.712777,  1.007,  0.1180,  0.2092,  43.2133,  17 Aug 2018 17:20:08
# 27.5222,  6.711680,  1.047,  0.1156,  0.2190,  43.2122,  17 Aug 2018 17:24:08
# 27.5327,  6.712612,  0.894,  0.1215,  0.2042,  43.2094,  17 Aug 2018 17:28:08
# 27.5433,  6.714797,  0.947,  0.1170,  0.2092,  43.2155,  17 Aug 2018 17:32:08
# 27.5247,  6.712431,  0.954,  0.1167,  0.2103,  43.2155,  17 Aug 2018 17:36:08
# 27.5186,  6.712026,  0.972,  0.1083,  0.2152,  43.2181,  17 Aug 2018 17:40:08
# 27.5599,  6.715064,  0.967,  0.1194,  0.2115,  43.2020,  17 Aug 2018 17:44:08
# 27.5734,  6.716428,  0.948,  0.1279,  0.2300,  43.1995,  17 Aug 2018 17:48:08
# 27.5289,  6.711749,  0.947,  0.1241,  0.2153,  43.2065,  17 Aug 2018 17:52:08
# 27.5284,  6.711291,  0.964,  0.1232,  0.2177,  43.2036,  17 Aug 2018 17:56:08
# 27.5704,  6.712223,  0.980,  0.1181,  0.1959,  43.1714,  17 Aug 2018 18:00:08
# 27.5693,  6.711809,  0.915,  0.1291,  0.2175,  43.1694,  17 Aug 2018 18:04:08
# 27.5222,  6.708296,  0.960,  0.1327,  0.2081,  43.1874,  17 Aug 2018 18:08:08
# 27.5620,  6.708977,  0.973,  0.1328,  0.2226,  43.1554,  17 Aug 2018 18:12:08
# 27.5417,  6.707415,  1.030,  0.1339,  0.2152,  43.1627,  17 Aug 2018 18:16:08
# 27.5376,  6.706898,  0.964,  0.1353,  0.2214,  43.1628,  17 Aug 2018 18:20:08
# 27.5159,  6.705094,  1.024,  0.1277,  0.2391,  43.1697,  17 Aug 2018 18:24:08
# 27.5248,  6.704343,  0.989,  0.1290,  0.2344,  43.1560,  17 Aug 2018 18:28:08
# 27.5302,  6.707044,  0.997,  0.1181,  0.2367,  43.1707,  17 Aug 2018 18:32:08
# 27.5241,  6.708434,  0.937,  0.1253,  0.2367,  43.1867,  17 Aug 2018 18:36:08
# 27.5282,  6.709082,  1.010,  0.1170,  0.2102,  43.1876,  17 Aug 2018 18:40:08
# 27.5028,  6.706812,  1.011,  0.1180,  0.2016,  43.1946,  17 Aug 2018 18:44:08
# 27.4744,  6.702015,  0.992,  0.1254,  0.2104,  43.1857,  17 Aug 2018 18:48:08
# 27.4709,  6.699470,  0.989,  0.1278,  0.1948,  43.1703,  17 Aug 2018 18:52:08
# 27.4199,  6.695727,  0.991,  0.1229,  0.2228,  43.1903,  17 Aug 2018 18:56:08
# 27.3549,  6.689469,  0.966,  0.1157,  0.2276,  43.2048,  17 Aug 2018 19:00:08
# 27.3824,  6.691494,  1.020,  0.1231,  0.2154,  43.1941,  17 Aug 2018 19:04:08
# 27.3689,  6.690624,  1.007,  0.1217,  0.2153,  43.2003,  17 Aug 2018 19:08:08
# 27.3451,  6.687754,  0.988,  0.1166,  0.2780,  43.2013,  17 Aug 2018 19:12:08
# 27.2865,  6.682403,  1.001,  0.1254,  0.6130,  43.2166,  17 Aug 2018 19:16:08
# 27.3231,  6.681920,  0.971,  0.1254,  0.2042,  43.1788,  17 Aug 2018 19:20:08
# 27.4077,  6.688649,  1.021,  0.1304,  0.2321,  43.1496,  17 Aug 2018 19:24:08
# 27.3898,  6.689149,  1.051,  0.1216,  0.2203,  43.1699,  17 Aug 2018 19:28:08
# 27.4158,  6.689244,  1.004,  0.1256,  0.2179,  43.1465,  17 Aug 2018 19:32:08
# 27.4195,  6.690494,  1.085,  0.1274,  0.2067,  43.1521,  17 Aug 2018 19:36:08
# 27.4329,  6.690890,  1.022,  0.1277,  0.2454,  43.1426,  17 Aug 2018 19:40:08
# 27.4659,  6.692657,  1.007,  0.1302,  0.2105,  43.1249,  17 Aug 2018 19:44:08
# 27.4186,  6.691269,  1.007,  0.1326,  0.1968,  43.1587,  17 Aug 2018 19:48:08
# 27.3218,  6.682695,  1.042,  0.1158,  0.2164,  43.1858,  17 Aug 2018 19:52:08
# 27.2760,  6.677191,  1.049,  0.1216,  0.2202,  43.1879,  17 Aug 2018 19:56:08
# 27.2388,  6.674100,  1.056,  0.1157,  0.2070,  43.1998,  17 Aug 2018 20:00:08
# 27.2508,  6.674582,  0.975,  0.1302,  0.2190,  43.1922,  17 Aug 2018 20:04:08
# 27.2679,  6.677028,  0.999,  0.1203,  0.2190,  43.1943,  17 Aug 2018 20:08:08
# 27.2746,  6.677846,  1.020,  0.1155,  0.2301,  43.1941,  17 Aug 2018 20:12:08
# 27.3063,  6.679551,  1.042,  0.1255,  0.2166,  43.1771,  17 Aug 2018 20:16:08
# 27.3483,  6.681997,  0.986,  0.1257,  0.2276,  43.1560,  17 Aug 2018 20:20:08
# 27.3151,  6.681877,  1.014,  0.1218,  0.2369,  43.1860,  17 Aug 2018 20:24:08
# 27.3148,  6.682799,  1.066,  0.1292,  0.3799,  43.1930,  17 Aug 2018 20:28:08
# 27.3130,  6.682532,  0.995,  0.1241,  0.2212,  43.1928,  17 Aug 2018 20:32:08
# 27.3117,  6.682308,  1.046,  0.1167,  0.2190,  43.1923,  17 Aug 2018 20:36:08
# 27.3073,  6.680852,  1.032,  0.1326,  0.2266,  43.1858,  17 Aug 2018 20:40:08
# 27.3059,  6.679939,  1.026,  0.1255,  0.2164,  43.1803,  17 Aug 2018 20:44:08
# 27.2835,  6.678268,  1.083,  0.1203,  0.1995,  43.1889,  17 Aug 2018 20:48:08
# 27.2874,  6.676760,  1.026,  0.1279,  0.2406,  43.1741,  17 Aug 2018 20:52:08
# 27.2774,  6.679267,  0.982,  0.1202,  0.2847,  43.2020,  17 Aug 2018 20:56:08
# 27.2915,  6.680094,  0.992,  0.1253,  0.2251,  43.1949,  17 Aug 2018 21:00:08
# 27.3019,  6.680731,  1.031,  0.1241,  0.2177,  43.1899,  17 Aug 2018 21:04:08
# 27.3257,  6.680541,  1.032,  0.1206,  0.2216,  43.1663,  17 Aug 2018 21:08:08
# 27.3207,  6.680412,  1.062,  0.1304,  0.2153,  43.1699,  17 Aug 2018 21:12:08
# 27.2880,  6.677484,  1.056,  0.1192,  0.2042,  43.1789,  17 Aug 2018 21:16:08
# 27.2706,  6.675555,  1.051,  0.1169,  0.1992,  43.1809,  17 Aug 2018 21:20:08
# 27.2675,  6.674728,  1.003,  0.1265,  0.2252,  43.1777,  17 Aug 2018 21:24:08
# 27.2668,  6.675676,  1.079,  0.1217,  0.2403,  43.1853,  17 Aug 2018 21:28:08
# 27.2614,  6.675262,  1.011,  0.1169,  0.2177,  43.1874,  17 Aug 2018 21:32:08
# 27.2381,  6.673067,  1.042,  0.1265,  0.2286,  43.1929,  17 Aug 2018 21:36:08
# 27.2504,  6.672843,  1.027,  0.1179,  0.2300,  43.1798,  17 Aug 2018 21:40:08
# 27.2786,  6.675693,  1.098,  0.1255,  0.2215,  43.1745,  17 Aug 2018 21:44:08
# 27.2546,  6.675099,  0.988,  0.1158,  0.2191,  43.1925,  17 Aug 2018 21:48:08
# 27.2330,  6.673308,  1.066,  0.1141,  0.2319,  43.1995,  17 Aug 2018 21:52:08
# 27.2712,  6.674771,  1.065,  0.1218,  0.2426,  43.1745,  17 Aug 2018 21:56:08
# 27.2825,  6.677002,  1.040,  0.1180,  0.2045,  43.1805,  17 Aug 2018 22:00:08
# 27.3343,  6.680352,  1.017,  0.1342,  0.2463,  43.1569,  17 Aug 2018 22:04:08
# 27.3477,  6.681394,  1.045,  0.1304,  0.2390,  43.1521,  17 Aug 2018 22:08:08
# 27.3492,  6.679817,  1.017,  0.1326,  0.2263,  43.1390,  17 Aug 2018 22:12:08
# 27.3237,  6.679060,  1.041,  0.1315,  0.2252,  43.1572,  17 Aug 2018 22:16:08
# 27.3026,  6.677656,  1.041,  0.1203,  0.2167,  43.1666,  17 Aug 2018 22:20:08
# 27.2925,  6.676002,  0.987,  0.1167,  0.2275,  43.1638,  17 Aug 2018 22:24:08
# 27.2891,  6.676097,  1.023,  0.1231,  0.2080,  43.1676,  17 Aug 2018 22:28:08
# 27.2628,  6.674065,  0.997,  0.1156,  0.2538,  43.1772,  17 Aug 2018 22:32:08
# 27.2510,  6.671276,  0.997,  0.1144,  0.2152,  43.1677,  17 Aug 2018 22:36:08
# 27.2460,  6.669511,  1.020,  0.1218,  0.1970,  43.1593,  17 Aug 2018 22:40:08
# 27.2617,  6.669795,  0.975,  0.1217,  0.2380,  43.1467,  17 Aug 2018 22:44:08
# 27.2531,  6.671456,  1.066,  0.1291,  0.2117,  43.1670,  17 Aug 2018 22:48:08
# 27.2480,  6.670854,  1.080,  0.1231,  0.2142,  43.1674,  17 Aug 2018 22:52:08
# 27.2259,  6.670441,  1.055,  0.1129,  0.2321,  43.1849,  17 Aug 2018 22:56:08
# 27.2192,  6.669727,  0.990,  0.1168,  0.2165,  43.1859,  17 Aug 2018 23:00:08
# 27.2106,  6.671268,  1.004,  0.1155,  0.2249,  43.2054,  17 Aug 2018 23:04:08
# 27.2362,  6.670045,  1.042,  0.1203,  0.2369,  43.1724,  17 Aug 2018 23:08:08
# 27.2391,  6.670785,  0.978,  0.1257,  0.2275,  43.1752,  17 Aug 2018 23:12:08
# 27.2320,  6.669046,  1.001,  0.1206,  0.2302,  43.1689,  17 Aug 2018 23:16:08
# 27.2422,  6.670208,  1.027,  0.1240,  0.2104,  43.1680,  17 Aug 2018 23:20:08
# 27.2199,  6.668418,  1.026,  0.1204,  0.2380,  43.1756,  17 Aug 2018 23:24:08
# 27.1994,  6.667446,  1.007,  0.1219,  0.4091,  43.1875,  17 Aug 2018 23:28:08
# 27.2180,  6.667583,  0.961,  0.1243,  0.2274,  43.1712,  17 Aug 2018 23:32:08
# 27.2255,  6.667772,  0.965,  0.1180,  0.2416,  43.1656,  17 Aug 2018 23:36:08
# 27.2281,  6.667944,  0.996,  0.1255,  0.2354,  43.1645,  17 Aug 2018 23:40:08
# 27.2216,  6.667333,  1.009,  0.1218,  0.2441,  43.1660,  17 Aug 2018 23:44:08
# 27.2108,  6.666154,  0.978,  0.1181,  0.2166,  43.1674,  17 Aug 2018 23:48:08
# 27.2082,  6.665208,  0.902,  0.1241,  0.2155,  43.1629,  17 Aug 2018 23:52:08
# 27.2021,  6.666172,  0.928,  0.1231,  0.2214,  43.1757,  17 Aug 2018 23:56:08
# 27.1871,  6.665053,  0.951,  0.1143,  0.2129,  43.1814,  18 Aug 2018 00:00:08
# 27.1894,  6.664743,  0.936,  0.1267,  0.2200,  43.1770,  18 Aug 2018 00:04:08
# 27.2065,  6.665698,  1.015,  0.1203,  0.2276,  43.1680,  18 Aug 2018 00:08:08
# 27.2133,  6.665905,  1.039,  0.1218,  0.2155,  43.1632,  18 Aug 2018 00:12:08
# 27.2197,  6.665827,  0.971,  0.1202,  0.2118,  43.1567,  18 Aug 2018 00:16:08
# 27.2054,  6.665432,  0.969,  0.1167,  0.3054,  43.1671,  18 Aug 2018 00:20:08
# 27.1946,  6.664941,  0.928,  0.1156,  0.2308,  43.1736,  18 Aug 2018 00:24:08
# 27.1846,  6.664649,  0.907,  0.1120,  0.2286,  43.1808,  18 Aug 2018 00:28:08
# 27.1826,  6.662902,  0.858,  0.1156,  0.2476,  43.1698,  18 Aug 2018 00:32:08
# 27.2029,  6.664175,  0.982,  0.1183,  0.2264,  43.1602,  18 Aug 2018 00:36:08
# 27.2376,  6.663890,  0.880,  0.1268,  0.2289,  43.1257,  18 Aug 2018 00:40:08
# 27.2189,  6.665483,  0.944,  0.1229,  0.2347,  43.1549,  18 Aug 2018 00:44:08
# 27.2197,  6.665044,  0.932,  0.1230,  0.2237,  43.1510,  18 Aug 2018 00:48:08
# 27.2420,  6.664458,  0.855,  0.1254,  0.2055,  43.1259,  18 Aug 2018 00:52:08
# 27.2619,  6.665000,  0.957,  0.1279,  0.2177,  43.1113,  18 Aug 2018 00:56:08
# 27.2192,  6.664175,  0.861,  0.1204,  0.2168,  43.1450,  18 Aug 2018 01:00:08
# 27.1631,  6.662188,  0.892,  0.1167,  0.2164,  43.1827,  18 Aug 2018 01:04:08
# 27.1898,  6.662291,  0.933,  0.1231,  0.2090,  43.1585,  18 Aug 2018 01:08:08
# 27.1687,  6.660983,  0.818,  0.1180,  0.2203,  43.1686,  18 Aug 2018 01:12:08
# 27.1560,  6.659676,  0.848,  0.1094,  0.2033,  43.1708,  18 Aug 2018 01:16:08
# 27.1900,  6.660578,  0.886,  0.1182,  0.2265,  43.1457,  18 Aug 2018 01:20:08
# 27.1786,  6.660622,  0.882,  0.1230,  0.2066,  43.1567,  18 Aug 2018 01:24:08
# 27.1561,  6.659616,  0.919,  0.1193,  0.2227,  43.1702,  18 Aug 2018 01:28:08
# 27.1439,  6.658953,  0.840,  0.1070,  0.2190,  43.1767,  18 Aug 2018 01:32:08
# 27.1782,  6.657920,  0.932,  0.1231,  0.2250,  43.1370,  18 Aug 2018 01:36:08
# 27.2084,  6.659769,  0.823,  0.1291,  0.3015,  43.1226,  18 Aug 2018 01:40:08
# 27.2221,  6.656835,  0.747,  0.1231,  0.2264,  43.0882,  18 Aug 2018 01:44:08
# 27.2133,  6.658522,  0.819,  0.1254,  0.2078,  43.1088,  18 Aug 2018 01:48:08
# 27.1475,  6.658497,  0.838,  0.1144,  0.2381,  43.1700,  18 Aug 2018 01:52:08
# 27.1503,  6.656054,  0.842,  0.1142,  0.2264,  43.1494,  18 Aug 2018 01:56:08
# 27.1616,  6.655547,  0.820,  0.1256,  0.2332,  43.1351,  18 Aug 2018 02:00:08
# 27.1467,  6.656536,  0.796,  0.1183,  0.2162,  43.1563,  18 Aug 2018 02:04:08
# 27.1430,  6.656037,  0.822,  0.1106,  0.2476,  43.1561,  18 Aug 2018 02:08:08
# 27.1387,  6.655255,  0.834,  0.1054,  0.2267,  43.1543,  18 Aug 2018 02:12:08
# 27.1464,  6.654781,  0.772,  0.1168,  0.2229,  43.1436,  18 Aug 2018 02:16:08
# 27.1319,  6.654214,  0.811,  0.1118,  0.2475,  43.1530,  18 Aug 2018 02:20:08
# 27.1105,  6.652959,  0.821,  0.1133,  0.2559,  43.1637,  18 Aug 2018 02:24:08
# 27.1066,  6.652529,  0.856,  0.1092,  0.1971,  43.1642,  18 Aug 2018 02:28:08
# 27.0932,  6.651240,  0.863,  0.1120,  0.2645,  43.1671,  18 Aug 2018 02:32:08
# 27.0950,  6.650715,  0.764,  0.1117,  0.2417,  43.1616,  18 Aug 2018 02:36:08
# 27.0927,  6.649537,  0.765,  0.1106,  0.2379,  43.1550,  18 Aug 2018 02:40:08
# 27.1051,  6.648815,  0.744,  0.1170,  0.2477,  43.1381,  18 Aug 2018 02:44:08
# 27.1111,  6.650190,  0.788,  0.1158,  0.2476,  43.1427,  18 Aug 2018 02:48:08
# 27.1109,  6.646141,  0.791,  0.1156,  0.2331,  43.1130,  18 Aug 2018 02:52:08
# 27.1045,  6.645084,  0.739,  0.1157,  0.2118,  43.1111,  18 Aug 2018 02:56:08
# 27.1076,  6.647766,  0.788,  0.1192,  0.2290,  43.1280,  18 Aug 2018 03:00:08
# 27.1282,  6.645823,  0.720,  0.1192,  0.2235,  43.0945,  18 Aug 2018 03:04:08
# 27.1202,  6.645445,  0.776,  0.1180,  0.2152,  43.0991,  18 Aug 2018 03:08:08
# 27.0987,  6.646116,  0.718,  0.1131,  0.2181,  43.1242,  18 Aug 2018 03:12:08
# 27.0927,  6.646202,  0.725,  0.1131,  0.2129,  43.1304,  18 Aug 2018 03:16:08
# 27.0907,  6.645454,  0.805,  0.1142,  0.2287,  43.1267,  18 Aug 2018 03:20:08
# 27.0822,  6.644827,  0.757,  0.1119,  0.2500,  43.1300,  18 Aug 2018 03:24:08
# 27.0748,  6.643976,  0.773,  0.1081,  0.2229,  43.1306,  18 Aug 2018 03:28:08
# 27.0863,  6.644174,  0.773,  0.1081,  0.2477,  43.1214,  18 Aug 2018 03:32:08
# 27.0825,  6.643125,  0.759,  0.1070,  0.2238,  43.1172,  18 Aug 2018 03:36:08
# 27.0755,  6.631365,  0.830,  0.1081,  0.2299,  43.0366,  18 Aug 2018 03:40:08
# 27.0752,  6.635410,  0.786,  0.1103,  0.2214,  43.0669,  18 Aug 2018 03:44:08
# 27.1012,  6.641054,  0.727,  0.1145,  0.2254,  43.0844,  18 Aug 2018 03:48:08
# 27.0976,  6.640607,  0.793,  0.1181,  0.2606,  43.0844,  18 Aug 2018 03:52:08
# 27.0920,  6.642790,  0.769,  0.1131,  0.2609,  43.1058,  18 Aug 2018 03:56:08
# 27.0859,  6.641733,  0.747,  0.1141,  0.2228,  43.1037,  18 Aug 2018 04:00:08
# 27.0592,  6.641751,  0.779,  0.1083,  0.2181,  43.1287,  18 Aug 2018 04:04:08
# 27.0533,  6.639551,  0.770,  0.1094,  0.2306,  43.1180,  18 Aug 2018 04:08:08
# 27.0496,  6.638142,  0.743,  0.1119,  0.2405,  43.1110,  18 Aug 2018 04:12:08
# 27.0397,  6.640428,  0.816,  0.1059,  0.2408,  43.1372,  18 Aug 2018 04:16:08
# 27.0345,  6.639947,  0.758,  0.1035,  0.2200,  43.1385,  18 Aug 2018 04:20:08
# 27.0358,  6.638847,  0.815,  0.1045,  0.2692,  43.1291,  18 Aug 2018 04:24:08
# 27.0281,  6.637275,  0.759,  0.1044,  0.2538,  43.1246,  18 Aug 2018 04:28:08
# 27.0221,  6.636872,  0.805,  0.1059,  0.2585,  43.1273,  18 Aug 2018 04:32:08
# 27.0264,  6.634535,  0.864,  0.1058,  0.2368,  43.1060,  18 Aug 2018 04:36:08
# 27.0193,  6.631169,  0.825,  0.1007,  0.2367,  43.0876,  18 Aug 2018 04:40:08
# 27.0193,  6.630311,  0.832,  0.1057,  0.2213,  43.0813,  18 Aug 2018 04:44:08
# 27.0314,  6.632869,  0.738,  0.1083,  0.2153,  43.0890,  18 Aug 2018 04:48:08
# 27.0347,  6.635738,  0.820,  0.1055,  0.2142,  43.1071,  18 Aug 2018 04:52:08
# 27.0297,  6.636013,  0.718,  0.1046,  0.2201,  43.1139,  18 Aug 2018 04:56:08
# 27.0280,  6.635368,  0.841,  0.1044,  0.2058,  43.1106,  18 Aug 2018 05:00:08
# 27.0083,  6.636133,  0.855,  0.1019,  0.2167,  43.1347,  18 Aug 2018 05:04:08
# 26.9950,  6.630818,  0.830,  0.1044,  0.2239,  43.1078,  18 Aug 2018 05:08:08
# 26.9918,  6.627487,  0.820,  0.1106,  0.2368,  43.0861,  18 Aug 2018 05:12:08
# 26.9995,  6.630328,  0.816,  0.1070,  0.2287,  43.1000,  18 Aug 2018 05:16:08
# 26.9920,  6.625418,  0.881,  0.1057,  0.2129,  43.0706,  18 Aug 2018 05:20:08
# 26.9877,  6.625967,  0.862,  0.1006,  0.2164,  43.0787,  18 Aug 2018 05:24:08
# 26.9858,  6.621024,  0.874,  0.1069,  0.2128,  43.0438,  18 Aug 2018 05:28:08
# 26.9926,  6.624019,  0.848,  0.1094,  0.2393,  43.0597,  18 Aug 2018 05:32:08
# 26.9818,  6.624002,  0.849,  0.1035,  0.2155,  43.0696,  18 Aug 2018 05:36:08
# 26.9870,  6.625572,  0.913,  0.1071,  0.2104,  43.0764,  18 Aug 2018 05:40:08
# 26.9842,  6.626379,  0.927,  0.1072,  0.2501,  43.0850,  18 Aug 2018 05:44:08
# 26.9762,  6.625676,  0.838,  0.1070,  0.2396,  43.0873,  18 Aug 2018 05:48:08
# 26.9846,  6.627289,  0.919,  0.1057,  0.2277,  43.0913,  18 Aug 2018 05:52:08
# 26.9877,  6.627161,  0.945,  0.1094,  0.2288,  43.0875,  18 Aug 2018 05:56:08
# 26.9836,  6.626757,  0.934,  0.1070,  0.2042,  43.0884,  18 Aug 2018 06:00:08
# 26.9809,  6.624577,  0.932,  0.1037,  0.2115,  43.0747,  18 Aug 2018 06:04:08
# 26.9928,  6.625006,  0.951,  0.1109,  0.2143,  43.0667,  18 Aug 2018 06:08:08
# 26.9885,  6.624543,  0.936,  0.1070,  0.2213,  43.0673,  18 Aug 2018 06:12:08
# 26.9818,  6.621693,  0.875,  0.1040,  0.2380,  43.0525,  18 Aug 2018 06:16:08
# 26.9792,  6.622646,  0.890,  0.1084,  0.2264,  43.0620,  18 Aug 2018 06:20:08
# 26.9757,  6.624036,  0.911,  0.1093,  0.2300,  43.0755,  18 Aug 2018 06:24:08
# 26.9718,  6.624071,  0.915,  0.1045,  0.2380,  43.0795,  18 Aug 2018 06:28:08
# 26.9666,  6.622406,  0.993,  0.1084,  0.2077,  43.0720,  18 Aug 2018 06:32:08
# 26.9684,  6.623745,  0.917,  0.1060,  0.2166,  43.0803,  18 Aug 2018 06:36:08
# 26.9576,  6.623213,  0.902,  0.1070,  0.2289,  43.0864,  18 Aug 2018 06:40:08
# 26.9414,  6.620364,  0.993,  0.1071,  0.2127,  43.0804,  18 Aug 2018 06:44:08
# 26.9444,  6.617516,  0.944,  0.1082,  0.2345,  43.0565,  18 Aug 2018 06:48:08
# 26.9384,  6.620630,  0.900,  0.1082,  0.2129,  43.0851,  18 Aug 2018 06:52:08
# 26.9396,  6.613879,  0.997,  0.1091,  0.2117,  43.0339,  18 Aug 2018 06:56:08
# 26.9405,  6.618468,  0.942,  0.1085,  0.2106,  43.0672,  18 Aug 2018 07:00:08
# 26.9368,  6.621180,  1.006,  0.1055,  0.2033,  43.0907,  18 Aug 2018 07:04:08
# 26.9405,  6.620476,  1.018,  0.1108,  0.2212,  43.0821,  18 Aug 2018 07:08:08
# 26.9317,  6.620253,  0.978,  0.1096,  0.2380,  43.0886,  18 Aug 2018 07:12:08
# 26.9319,  6.621042,  1.000,  0.1057,  0.2265,  43.0943,  18 Aug 2018 07:16:08
# 26.9338,  6.620236,  1.041,  0.1057,  0.2656,  43.0865,  18 Aug 2018 07:20:08
# 26.9354,  6.620656,  1.033,  0.1069,  0.2006,  43.0882,  18 Aug 2018 07:24:08
# 26.9379,  6.620476,  1.047,  0.1056,  0.2142,  43.0845,  18 Aug 2018 07:28:08
# 26.9358,  6.619609,  1.058,  0.1031,  0.2022,  43.0800,  18 Aug 2018 07:32:08
# 26.9426,  6.616770,  1.049,  0.1044,  0.1922,  43.0526,  18 Aug 2018 07:36:08
# 26.9424,  6.615020,  1.036,  0.1069,  0.2090,  43.0398,  18 Aug 2018 07:40:08
# 26.9483,  6.614428,  1.052,  0.1135,  0.1957,  43.0299,  18 Aug 2018 07:44:08
# 26.9527,  6.612738,  1.075,  0.1092,  0.1823,  43.0133,  18 Aug 2018 07:48:08
# 26.9561,  6.610063,  1.078,  0.1009,  0.1763,  42.9902,  18 Aug 2018 07:52:08
# 26.9608,  6.607902,  1.069,  0.1020,  0.1958,  42.9699,  18 Aug 2018 07:56:08
# 26.9703,  6.608056,  1.050,  0.0996,  0.1858,  42.9622,  18 Aug 2018 08:00:08
# 26.9725,  6.608030,  1.113,  0.1036,  0.1895,  42.9599,  18 Aug 2018 08:04:08
# 26.9629,  6.619841,  1.109,  0.1057,  0.3063,  43.0564,  18 Aug 2018 08:08:08
# 26.9719,  6.621943,  1.090,  0.1071,  0.2249,  43.0635,  18 Aug 2018 08:12:08
# 26.9808,  6.620784,  1.117,  0.1034,  0.2300,  43.0466,  18 Aug 2018 08:16:08
# 26.9953,  6.621805,  1.109,  0.1009,  0.1933,  43.0406,  18 Aug 2018 08:20:08
# 27.0122,  6.622843,  1.163,  0.1008,  0.1859,  43.0325,  18 Aug 2018 08:24:08
# 27.0130,  6.624499,  1.098,  0.1007,  0.1984,  43.0440,  18 Aug 2018 08:28:08
# 27.0171,  6.625778,  1.176,  0.1006,  0.2057,  43.0497,  18 Aug 2018 08:32:08
# 27.0355,  6.626087,  1.123,  0.0969,  0.1968,  43.0348,  18 Aug 2018 08:36:08
# 27.0476,  6.624404,  1.128,  0.0981,  0.1908,  43.0111,  18 Aug 2018 08:40:08
# 27.0895,  6.621013,  1.217,  0.0981,  0.1787,  42.9470,  18 Aug 2018 08:44:08
# 27.1186,  6.621553,  1.168,  0.1070,  0.1848,  42.9239,  18 Aug 2018 08:48:08
# 27.1231,  6.626720,  1.185,  0.1045,  0.1773,  42.9579,  18 Aug 2018 08:52:08
# 27.0951,  6.628678,  1.158,  0.1021,  0.1993,  42.9984,  18 Aug 2018 08:56:08
# 27.0764,  6.630979,  1.211,  0.0997,  0.2142,  43.0329,  18 Aug 2018 09:00:08
# 27.1230,  6.632988,  1.171,  0.1020,  0.1909,  43.0043,  18 Aug 2018 09:04:08
# 27.1518,  6.633837,  1.214,  0.0972,  0.1774,  42.9837,  18 Aug 2018 09:08:08
# 27.1834,  6.634403,  1.172,  0.1009,  0.1714,  42.9586,  18 Aug 2018 09:12:08
# 27.1633,  6.636156,  1.149,  0.0959,  0.1800,  42.9902,  18 Aug 2018 09:16:08
# 27.1952,  6.638389,  1.204,  0.0945,  0.1711,  42.9770,  18 Aug 2018 09:20:08
# 27.2201,  6.640038,  1.220,  0.0972,  0.1728,  42.9660,  18 Aug 2018 09:24:08
# 27.2410,  6.642168,  1.314,  0.0945,  0.1797,  42.9623,  18 Aug 2018 09:28:08
# 27.2643,  6.645133,  1.257,  0.0994,  0.1689,  42.9625,  18 Aug 2018 09:32:08
# 27.3061,  6.648699,  1.264,  0.0958,  0.1714,  42.9500,  18 Aug 2018 09:36:08
# 27.3127,  6.650874,  1.253,  0.0934,  0.1711,  42.9599,  18 Aug 2018 09:40:08
# 27.2920,  6.650909,  1.242,  0.0946,  0.1699,  42.9793,  18 Aug 2018 09:44:08
# 27.2945,  6.652577,  1.301,  0.0957,  0.1724,  42.9893,  18 Aug 2018 09:48:08
# 27.3112,  6.655681,  1.231,  0.0944,  0.1738,  42.9966,  18 Aug 2018 09:52:08
# 27.3217,  6.657178,  1.228,  0.0932,  0.1726,  42.9979,  18 Aug 2018 09:56:08
# 27.3476,  6.660618,  1.274,  0.0896,  0.1650,  42.9992,  18 Aug 2018 10:00:08
# 27.3365,  6.659724,  1.184,  0.0970,  0.1784,  43.0030,  18 Aug 2018 10:04:08
# 27.3861,  6.664980,  1.254,  0.0920,  0.1749,  42.9956,  18 Aug 2018 10:08:08
# 27.4171,  6.667200,  1.273,  0.0895,  0.1966,  42.9831,  18 Aug 2018 10:12:08
# 27.4176,  6.668965,  1.338,  0.0983,  0.1783,  42.9956,  18 Aug 2018 10:16:08
# 27.4450,  6.670307,  1.344,  0.0934,  0.2238,  42.9801,  18 Aug 2018 10:20:08
# 27.4879,  6.674284,  1.235,  0.0943,  0.1917,  42.9696,  18 Aug 2018 10:24:08
# 27.5156,  6.677359,  1.204,  0.0935,  0.1897,  42.9665,  18 Aug 2018 10:28:08
# 27.4330,  6.673416,  1.305,  0.0957,  0.1849,  43.0140,  18 Aug 2018 10:32:08
# 27.5301,  6.678426,  1.215,  0.0918,  0.1675,  42.9609,  18 Aug 2018 10:36:08
# 27.5674,  6.684655,  1.241,  0.0919,  0.2031,  42.9720,  18 Aug 2018 10:40:08
# 27.5923,  6.686542,  1.244,  0.0967,  0.1775,  42.9628,  18 Aug 2018 10:44:08
# 27.5848,  6.686714,  1.262,  0.0908,  0.1618,  42.9710,  18 Aug 2018 10:48:08
# 27.5742,  6.687025,  1.254,  0.0907,  0.1663,  42.9831,  18 Aug 2018 10:52:08
# 27.5666,  6.686948,  1.289,  0.0959,  0.1906,  42.9896,  18 Aug 2018 10:56:08
# 27.4886,  6.685329,  1.324,  0.0944,  0.1848,  43.0499,  18 Aug 2018 11:00:08
# 27.6169,  6.670700,  1.247,  0.0931,  0.1822,  42.8243,  18 Aug 2018 11:04:08
# 27.6727,  6.679733,  1.248,  0.0929,  0.1748,  42.8389,  18 Aug 2018 11:08:08
# 27.6321,  6.677675,  1.225,  0.0934,  0.1883,  42.8613,  18 Aug 2018 11:12:08
# 27.6749,  6.680784,  1.240,  0.0907,  0.1749,  42.8446,  18 Aug 2018 11:16:08
# 27.7158,  6.685160,  1.262,  0.0920,  0.1691,  42.8389,  18 Aug 2018 11:20:08
# 27.6406,  6.682120,  1.229,  0.0943,  0.2102,  42.8860,  18 Aug 2018 11:24:08
# 27.7402,  6.688323,  1.276,  0.0969,  0.1957,  42.8395,  18 Aug 2018 11:28:08
# 27.6908,  6.688686,  1.266,  0.0983,  0.1714,  42.8876,  18 Aug 2018 11:32:08
# 27.7663,  6.692193,  1.240,  0.0931,  0.1801,  42.8438,  18 Aug 2018 11:36:08
# 27.6638,  6.688075,  1.258,  0.0946,  0.1726,  42.9081,  18 Aug 2018 11:40:08
# 27.7255,  6.693901,  1.238,  0.0919,  0.1860,  42.8938,  18 Aug 2018 11:44:08
# 27.6883,  6.691074,  1.231,  0.0958,  0.1689,  42.9074,  18 Aug 2018 11:48:08
# 27.5488,  6.682984,  1.270,  0.0957,  0.1579,  42.9770,  18 Aug 2018 11:52:08
# 27.7146,  6.693496,  1.207,  0.0945,  0.1723,  42.9009,  18 Aug 2018 11:56:08
# 27.6916,  6.689557,  1.251,  0.0932,  0.1700,  42.8933,  18 Aug 2018 12:00:08
# 27.8217,  6.702706,  1.254,  0.0945,  0.1652,  42.8695,  18 Aug 2018 12:04:08
# 27.8121,  6.702353,  1.239,  0.0931,  0.1762,  42.8758,  18 Aug 2018 12:08:08
# 27.8516,  6.706373,  1.222,  0.0944,  0.1863,  42.8688,  18 Aug 2018 12:12:08
# 27.8336,  6.702240,  1.223,  0.1009,  0.1785,  42.8552,  18 Aug 2018 12:16:08
# 27.7799,  6.697583,  1.236,  0.0983,  0.1672,  42.8706,  18 Aug 2018 12:20:08
# 27.8601,  6.703637,  1.262,  0.0943,  0.1677,  42.8411,  18 Aug 2018 12:24:08
# 27.8543,  6.701342,  1.174,  0.0946,  0.1593,  42.8297,  18 Aug 2018 12:28:08
# 27.9292,  6.706294,  1.191,  0.0995,  0.1772,  42.7971,  18 Aug 2018 12:32:08
# 27.9101,  6.705293,  1.228,  0.1019,  0.1957,  42.8072,  18 Aug 2018 12:36:08
# 27.8347,  6.695400,  1.238,  0.0983,  0.1895,  42.8043,  18 Aug 2018 12:40:08
# 27.9100,  6.702402,  1.240,  0.0983,  0.1735,  42.7863,  18 Aug 2018 12:44:08
# 27.9359,  6.703454,  1.154,  0.0967,  0.1872,  42.7702,  18 Aug 2018 12:48:08
# 27.8671,  6.700238,  1.283,  0.0957,  0.1849,  42.8099,  18 Aug 2018 12:52:08
# 27.9492,  6.703747,  1.213,  0.0980,  0.2026,  42.7602,  18 Aug 2018 12:56:08
# 27.9381,  6.702005,  1.237,  0.0958,  0.1556,  42.7577,  18 Aug 2018 13:00:08
# 27.7496,  6.686763,  1.246,  0.0919,  0.1870,  42.8195,  18 Aug 2018 13:04:08
# 27.9106,  6.698917,  1.172,  0.0945,  0.1724,  42.7604,  18 Aug 2018 13:08:08
# 27.9287,  6.704352,  1.195,  0.0919,  0.1663,  42.7834,  18 Aug 2018 13:12:08
# 27.8791,  6.699245,  1.178,  0.0967,  0.1847,  42.7917,  18 Aug 2018 13:16:08
# 27.9865,  6.706862,  1.176,  0.0931,  0.1749,  42.7487,  18 Aug 2018 13:20:08
# 28.0864,  6.717125,  1.201,  0.0945,  0.1701,  42.7319,  18 Aug 2018 13:24:08
# 28.0770,  6.716478,  1.157,  0.0931,  0.1616,  42.7358,  18 Aug 2018 13:28:08
# 28.1825,  6.727914,  1.152,  0.0909,  0.1554,  42.7224,  18 Aug 2018 13:32:08
# 28.1483,  6.723110,  1.147,  0.0968,  0.1955,  42.7188,  18 Aug 2018 13:36:08
# 28.1858,  6.727586,  1.158,  0.0968,  0.1663,  42.7171,  18 Aug 2018 13:40:08
# 28.0043,  6.712162,  1.112,  0.0944,  0.1691,  42.7709,  18 Aug 2018 13:44:08
# 28.0438,  6.717377,  1.177,  0.0956,  0.1553,  42.7727,  18 Aug 2018 13:48:08
# 27.9263,  6.709496,  1.165,  0.0919,  0.1785,  42.8230,  18 Aug 2018 13:52:08
# 27.9672,  6.711317,  1.093,  0.0944,  0.1701,  42.7988,  18 Aug 2018 13:56:08
