# 24.9755,  5.235570,  0.808,  0.0948,  0.2159,  34.4883,  03 May 2018 14:02:05
# 24.9612,  5.235268,  0.821,  0.0973,  0.2226,  34.4970,  03 May 2018 14:06:05
# 25.0285,  5.240373,  0.834,  0.0960,  0.2141,  34.4834,  03 May 2018 14:10:05
# 24.9850,  5.236753,  0.824,  0.0958,  0.2253,  34.4898,  03 May 2018 14:14:05
# 24.9788,  5.237032,  0.843,  0.0948,  0.2251,  34.4966,  03 May 2018 14:18:05
# 24.9830,  5.237295,  0.845,  0.1022,  0.2361,  34.4953,  03 May 2018 14:22:05
# 24.9855,  5.237852,  0.840,  0.0948,  0.2537,  34.4975,  03 May 2018 14:26:05
# 24.9755,  5.237465,  0.852,  0.0947,  0.2133,  34.5023,  03 May 2018 14:30:05
# 24.9678,  5.237589,  0.855,  0.0910,  0.2405,  34.5091,  03 May 2018 14:34:05
# 24.9826,  5.236931,  0.858,  0.0986,  0.2094,  34.4930,  03 May 2018 14:38:05
# 24.9483,  5.235957,  0.866,  0.1022,  0.2171,  34.5120,  03 May 2018 14:42:05
# 24.9338,  5.235949,  0.869,  0.0985,  0.2254,  34.5230,  03 May 2018 14:46:05
# 24.9226,  5.235864,  0.884,  0.0950,  0.2095,  34.5309,  03 May 2018 14:50:05
# 24.9269,  5.236011,  0.869,  0.1012,  0.2431,  34.5287,  03 May 2018 14:54:05
# 24.9393,  5.236205,  0.873,  0.0999,  0.2292,  34.5206,  03 May 2018 14:58:05
# 24.9278,  5.235671,  0.895,  0.0988,  0.2230,  34.5255,  03 May 2018 15:02:05
# 24.9293,  5.236375,  0.888,  0.0995,  0.2291,  34.5296,  03 May 2018 15:06:05
# 24.9716,  5.239438,  0.900,  0.0949,  0.2190,  34.5199,  03 May 2018 15:10:05
# 24.9741,  5.238842,  0.894,  0.0946,  0.2014,  34.5135,  03 May 2018 15:14:05
# 24.9693,  5.238804,  0.914,  0.0951,  0.1936,  34.5170,  03 May 2018 15:18:05
# 24.9823,  5.240320,  0.897,  0.0922,  0.1952,  34.5182,  03 May 2018 15:22:05
# 24.9844,  5.240181,  0.915,  0.0912,  0.1971,  34.5156,  03 May 2018 15:26:05
# 24.9965,  5.238494,  0.924,  0.0961,  0.1936,  34.4939,  03 May 2018 15:30:05
# 25.0217,  5.235886,  0.925,  0.1011,  0.2359,  34.4554,  03 May 2018 15:34:05
# 25.0288,  5.235283,  0.927,  0.1075,  0.2133,  34.4455,  03 May 2018 15:38:05
# 25.0101,  5.235832,  0.937,  0.1035,  0.2143,  34.4638,  03 May 2018 15:42:05
# 25.0033,  5.235105,  0.940,  0.1072,  0.2168,  34.4636,  03 May 2018 15:46:05
# 24.9979,  5.233086,  0.943,  0.1071,  0.2244,  34.4527,  03 May 2018 15:50:05
# 24.9851,  5.234262,  0.946,  0.1060,  0.1995,  34.4712,  03 May 2018 15:54:05
# 24.9585,  5.233420,  0.959,  0.1023,  0.2084,  34.4853,  03 May 2018 15:58:05
# 24.9616,  5.233474,  0.953,  0.0999,  0.1948,  34.4833,  03 May 2018 16:02:05
# 24.9777,  5.235090,  0.965,  0.0959,  0.1985,  34.4830,  03 May 2018 16:06:05
# 24.9764,  5.235283,  0.970,  0.1034,  0.2009,  34.4855,  03 May 2018 16:10:05
# 24.9148,  5.231951,  0.969,  0.1009,  0.2110,  34.5078,  03 May 2018 16:14:05
# 24.9077,  5.230621,  0.973,  0.1072,  0.2117,  34.5034,  03 May 2018 16:18:05
# 24.9095,  5.231433,  0.975,  0.1070,  0.2382,  34.5080,  03 May 2018 16:22:05
# 24.9059,  5.231356,  0.978,  0.1024,  0.2084,  34.5102,  03 May 2018 16:26:05
# 24.9012,  5.231371,  0.981,  0.1048,  0.2243,  34.5139,  03 May 2018 16:30:05
# 24.9236,  5.230250,  0.987,  0.1050,  0.2141,  34.4885,  03 May 2018 16:34:05
# 24.9393,  5.230373,  0.987,  0.1061,  0.1913,  34.4774,  03 May 2018 16:38:05
# 24.9901,  5.226754,  0.992,  0.1122,  0.1791,  34.4119,  03 May 2018 16:42:05
# 24.9893,  5.227326,  0.997,  0.1085,  0.1837,  34.4167,  03 May 2018 16:46:05
# 25.0039,  5.226630,  1.002,  0.1183,  0.1903,  34.4004,  03 May 2018 16:50:05
# 25.0207,  5.224489,  1.007,  0.1196,  0.2010,  34.3718,  03 May 2018 16:54:05
# 25.0492,  5.221058,  1.010,  0.1303,  0.1959,  34.3248,  03 May 2018 16:58:05
# 25.0279,  5.223144,  1.016,  0.1246,  0.2058,  34.3564,  03 May 2018 17:02:05
# 25.0181,  5.222441,  1.019,  0.1270,  0.2020,  34.3586,  03 May 2018 17:06:05
# 25.0272,  5.221251,  1.019,  0.1294,  0.2021,  34.3429,  03 May 2018 17:10:05
# 25.0210,  5.220958,  1.022,  0.1308,  0.1923,  34.3454,  03 May 2018 17:14:05
# 24.9764,  5.221461,  1.027,  0.1257,  0.2216,  34.3831,  03 May 2018 17:18:05
# 24.9734,  5.220727,  1.027,  0.1285,  0.1975,  34.3800,  03 May 2018 17:22:05
# 24.9506,  5.221369,  1.023,  0.1247,  0.1971,  34.4021,  03 May 2018 17:26:05
# 24.9307,  5.220882,  1.030,  0.1194,  0.1984,  34.4136,  03 May 2018 17:30:05
# 24.9210,  5.220859,  1.033,  0.1223,  0.1839,  34.4209,  03 May 2018 17:34:05
# 24.9469,  5.218696,  1.033,  0.1172,  0.1901,  34.3850,  03 May 2018 17:38:05
# 24.9524,  5.217143,  1.040,  0.1255,  0.1911,  34.3694,  03 May 2018 17:42:05
# 24.9057,  5.218789,  1.042,  0.1209,  0.1937,  34.4171,  03 May 2018 17:46:05
# 24.9401,  5.216796,  1.042,  0.1220,  0.1936,  34.3762,  03 May 2018 17:50:05
# 24.9740,  5.214579,  1.046,  0.1376,  0.1975,  34.3339,  03 May 2018 17:54:05
# 24.9515,  5.215096,  1.044,  0.1222,  0.1778,  34.3549,  03 May 2018 17:58:05
# 24.9413,  5.216456,  1.047,  0.1281,  0.2055,  34.3727,  03 May 2018 18:02:05
# 24.9621,  5.214015,  1.049,  0.1305,  0.1852,  34.3388,  03 May 2018 18:06:05
# 24.9765,  5.212702,  1.053,  0.1230,  0.1838,  34.3182,  03 May 2018 18:10:05
# 24.9824,  5.211451,  1.053,  0.1317,  0.1915,  34.3044,  03 May 2018 18:14:05
# 24.9853,  5.209498,  1.053,  0.1294,  0.1837,  34.2878,  03 May 2018 18:18:05
# 24.9436,  5.211653,  1.058,  0.1284,  0.1790,  34.3354,  03 May 2018 18:22:05
# 24.9612,  5.210055,  1.056,  0.1293,  0.2265,  34.3102,  03 May 2018 18:26:05
# 24.9381,  5.210302,  1.059,  0.1209,  0.1935,  34.3296,  03 May 2018 18:30:05
# 24.8978,  5.210303,  1.059,  0.1195,  0.2266,  34.3603,  03 May 2018 18:34:05
# 24.9245,  5.209090,  1.056,  0.1184,  0.1971,  34.3310,  03 May 2018 18:38:05
# 24.9059,  5.208049,  1.059,  0.1210,  0.1962,  34.3374,  03 May 2018 18:42:05
# 24.8827,  5.208767,  1.060,  0.1198,  0.1898,  34.3604,  03 May 2018 18:46:05
# 24.8802,  5.207084,  1.056,  0.1209,  0.1863,  34.3498,  03 May 2018 18:50:05
# 24.8555,  5.208497,  1.060,  0.1184,  0.2069,  34.3791,  03 May 2018 18:54:05
# 24.8480,  5.209308,  1.059,  0.1303,  0.1972,  34.3908,  03 May 2018 18:58:05
# 24.8615,  5.207988,  1.060,  0.1135,  0.1680,  34.3708,  03 May 2018 19:02:05
# 24.8598,  5.207556,  1.062,  0.1183,  0.1923,  34.3688,  03 May 2018 19:06:05
# 24.8227,  5.207942,  1.061,  0.1158,  0.1852,  34.4000,  03 May 2018 19:10:05
# 24.8026,  5.207935,  1.062,  0.1209,  0.2293,  34.4153,  03 May 2018 19:14:05
# 24.7993,  5.207472,  1.062,  0.1109,  0.2071,  34.4144,  03 May 2018 19:18:05
# 24.8151,  5.204871,  1.063,  0.1109,  0.1814,  34.3830,  03 May 2018 19:22:05
# 24.8125,  5.204277,  1.062,  0.1061,  0.1790,  34.3806,  03 May 2018 19:26:05
# 24.8159,  5.202811,  1.057,  0.1109,  0.1717,  34.3671,  03 May 2018 19:30:05
# 24.8280,  5.203065,  1.064,  0.1286,  0.2070,  34.3598,  03 May 2018 19:34:05
# 24.8189,  5.202009,  1.058,  0.1172,  0.1949,  34.3589,  03 May 2018 19:38:05
# 24.8039,  5.202873,  1.063,  0.1209,  0.1815,  34.3767,  03 May 2018 19:42:05
# 24.8024,  5.202572,  1.065,  0.1157,  0.1836,  34.3757,  03 May 2018 19:46:05
# 24.7958,  5.201631,  1.063,  0.1133,  0.1946,  34.3737,  03 May 2018 19:50:05
# 24.7766,  5.202318,  1.063,  0.1147,  0.1827,  34.3934,  03 May 2018 19:54:05
# 24.7760,  5.200899,  1.061,  0.1098,  0.1752,  34.3834,  03 May 2018 19:58:05
# 24.7525,  5.200282,  1.061,  0.1073,  0.1826,  34.3967,  03 May 2018 20:02:05
# 24.7494,  5.199873,  1.063,  0.1025,  0.1729,  34.3960,  03 May 2018 20:06:05
# 24.7428,  5.198539,  1.062,  0.0987,  0.1801,  34.3912,  03 May 2018 20:10:05
# 24.7533,  5.198215,  1.053,  0.1038,  0.2206,  34.3807,  03 May 2018 20:14:05
# 24.7664,  5.197999,  1.058,  0.1170,  0.1864,  34.3691,  03 May 2018 20:18:05
# 24.7732,  5.198546,  1.055,  0.1283,  0.1704,  34.3680,  03 May 2018 20:22:05
# 24.7541,  5.197367,  1.055,  0.1144,  0.1884,  34.3738,  03 May 2018 20:26:05
# 24.7524,  5.200089,  1.055,  0.1206,  0.1827,  34.3954,  03 May 2018 20:30:05
# 24.7560,  5.201154,  1.049,  0.1270,  0.1740,  34.4005,  03 May 2018 20:34:05
# 24.6941,  5.204518,  1.053,  0.1552,  0.1936,  34.4729,  03 May 2018 20:38:05
# 24.6912,  5.203369,  1.052,  0.1392,  0.2048,  34.4666,  03 May 2018 20:42:05
# 24.6841,  5.203199,  1.049,  0.1198,  0.1898,  34.4707,  03 May 2018 20:46:05
# 24.6800,  5.200653,  1.042,  0.1133,  0.1913,  34.4550,  03 May 2018 20:50:05
# 24.6772,  5.197291,  1.032,  0.1147,  0.1926,  34.4320,  03 May 2018 20:54:05
# 24.6787,  5.195448,  1.033,  0.1070,  0.1717,  34.4172,  03 May 2018 20:58:05
# 24.6900,  5.194646,  1.023,  0.1071,  0.1753,  34.4026,  03 May 2018 21:02:05
# 24.6778,  5.193467,  1.024,  0.1051,  0.1582,  34.4031,  03 May 2018 21:06:05
# 24.6891,  5.193906,  1.017,  0.1147,  0.1985,  34.3978,  03 May 2018 21:10:05
# 24.6783,  5.192688,  1.004,  0.1048,  0.2181,  34.3969,  03 May 2018 21:14:05
# 24.6809,  5.192866,  1.009,  0.1100,  0.1947,  34.3963,  03 May 2018 21:18:05
# 24.7118,  5.195031,  1.005,  0.1500,  0.2207,  34.3888,  03 May 2018 21:22:05
# 24.7085,  5.195471,  1.006,  0.1500,  0.2035,  34.3946,  03 May 2018 21:26:05
# 24.7215,  5.197229,  1.007,  0.1513,  0.2123,  34.3977,  03 May 2018 21:30:05
# 24.6967,  5.200476,  0.997,  0.1607,  0.2083,  34.4408,  03 May 2018 21:34:05
# 24.6973,  5.197908,  0.991,  0.1331,  0.1936,  34.4213,  03 May 2018 21:38:05
# 24.6717,  5.198317,  0.987,  0.1488,  0.2084,  34.4439,  03 May 2018 21:42:05
# 24.6562,  5.199998,  0.979,  0.1427,  0.2105,  34.4683,  03 May 2018 21:46:05
# 24.6304,  5.198225,  0.981,  0.1318,  0.1876,  34.4749,  03 May 2018 21:50:05
# 24.6252,  5.197516,  0.971,  0.1246,  0.2145,  34.4736,  03 May 2018 21:54:05
# 24.6128,  5.197007,  0.969,  0.1233,  0.2209,  34.4793,  03 May 2018 21:58:05
# 24.6224,  5.192998,  0.967,  0.1219,  0.1924,  34.4420,  03 May 2018 22:02:05
# 24.6512,  5.192203,  0.962,  0.1308,  0.1924,  34.4141,  03 May 2018 22:06:05
# 24.6380,  5.194632,  0.958,  0.1394,  0.1814,  34.4423,  03 May 2018 22:10:05
# 24.6471,  5.193421,  0.963,  0.1395,  0.1922,  34.4263,  03 May 2018 22:14:05
# 24.6522,  5.195017,  0.943,  0.1444,  0.2181,  34.4343,  03 May 2018 22:18:05
# 24.6370,  5.196027,  0.955,  0.1405,  0.1985,  34.4535,  03 May 2018 22:22:05
# 24.6312,  5.195989,  0.936,  0.1379,  0.1982,  34.4576,  03 May 2018 22:26:05
# 24.6516,  5.192866,  0.944,  0.1440,  0.2264,  34.4187,  03 May 2018 22:30:05
# 24.6248,  5.194485,  0.937,  0.1619,  0.2132,  34.4513,  03 May 2018 22:34:05
# 24.5908,  5.198349,  0.920,  0.1550,  0.2347,  34.5063,  03 May 2018 22:38:05
# 24.5624,  5.197771,  0.915,  0.1503,  0.2045,  34.5238,  03 May 2018 22:42:05
# 24.5798,  5.197370,  0.927,  0.1413,  0.2159,  34.5073,  03 May 2018 22:46:05
# 24.5717,  5.196907,  0.920,  0.1417,  0.2058,  34.5102,  03 May 2018 22:50:05
# 24.5952,  5.192127,  0.915,  0.1408,  0.2303,  34.4564,  03 May 2018 22:54:05
# 24.6094,  5.190647,  0.911,  0.1641,  0.2057,  34.4345,  03 May 2018 22:58:05
# 24.5886,  5.193037,  0.906,  0.1501,  0.2047,  34.4683,  03 May 2018 23:02:05
# 24.5909,  5.188821,  0.882,  0.1344,  0.2242,  34.4351,  03 May 2018 23:06:05
# 24.5830,  5.188829,  0.895,  0.1378,  0.2107,  34.4412,  03 May 2018 23:10:05
# 24.5775,  5.188968,  0.886,  0.1379,  0.1933,  34.4464,  03 May 2018 23:14:05
# 24.5627,  5.190394,  0.891,  0.1321,  0.1997,  34.4684,  03 May 2018 23:18:05
# 24.5681,  5.190632,  0.878,  0.1318,  0.1923,  34.4661,  03 May 2018 23:22:05
# 24.5778,  5.191079,  0.882,  0.1490,  0.2155,  34.4620,  03 May 2018 23:26:05
# 24.5686,  5.193916,  0.885,  0.1466,  0.2023,  34.4902,  03 May 2018 23:30:05
# 24.5604,  5.193685,  0.859,  0.1331,  0.2021,  34.4948,  03 May 2018 23:34:05
# 24.5437,  5.194032,  0.874,  0.1358,  0.2093,  34.5102,  03 May 2018 23:38:05
# 24.5438,  5.190093,  0.851,  0.1148,  0.1865,  34.4807,  03 May 2018 23:42:05
# 24.5592,  5.182936,  0.847,  0.1402,  0.1874,  34.4155,  03 May 2018 23:46:05
# 24.5417,  5.186680,  0.849,  0.1305,  0.2303,  34.4569,  03 May 2018 23:50:05
# 24.5502,  5.177970,  0.854,  0.1403,  0.2205,  34.3853,  03 May 2018 23:54:05
# 24.5654,  5.175883,  0.842,  0.1537,  0.2033,  34.3581,  03 May 2018 23:58:05
# 24.5592,  5.177677,  0.869,  0.1477,  0.2036,  34.3762,  04 May 2018 00:02:05
# 24.5437,  5.183776,  0.834,  0.1369,  0.2071,  34.4336,  04 May 2018 00:06:05
# 24.5380,  5.183121,  0.833,  0.1273,  0.1888,  34.4332,  04 May 2018 00:10:05
# 24.5213,  5.184562,  0.814,  0.1284,  0.2036,  34.4567,  04 May 2018 00:14:05
# 24.5211,  5.185063,  0.814,  0.1295,  0.2021,  34.4606,  04 May 2018 00:18:05
# 24.5098,  5.181990,  0.808,  0.1209,  0.2058,  34.4464,  04 May 2018 00:22:05
# 24.5072,  5.179934,  0.797,  0.1210,  0.1900,  34.4329,  04 May 2018 00:26:05
# 24.5076,  5.179910,  0.785,  0.1207,  0.1998,  34.4325,  04 May 2018 00:30:05
# 24.5288,  5.188260,  0.813,  0.1369,  0.1875,  34.4786,  04 May 2018 00:34:05
# 24.5068,  5.192144,  0.803,  0.1283,  0.2108,  34.5245,  04 May 2018 00:38:05
# 24.5087,  5.191481,  0.783,  0.1404,  0.2278,  34.5181,  04 May 2018 00:42:05
# 24.4957,  5.187151,  0.781,  0.1429,  0.2830,  34.4957,  04 May 2018 00:46:05
# 24.5198,  5.184778,  0.780,  0.1619,  0.1975,  34.4595,  04 May 2018 00:50:05
# 24.5150,  5.186272,  0.777,  0.1574,  0.2145,  34.4744,  04 May 2018 00:54:05
# 24.5020,  5.185471,  0.776,  0.1501,  0.2158,  34.4783,  04 May 2018 00:58:05
# 24.4946,  5.178425,  0.766,  0.1514,  0.2217,  34.4314,  04 May 2018 01:02:05
# 24.4829,  5.167413,  0.769,  0.1427,  0.2072,  34.3581,  04 May 2018 01:06:05
# 24.4768,  5.160454,  0.765,  0.1453,  0.2097,  34.3107,  04 May 2018 01:10:05
# 24.4662,  5.153161,  0.757,  0.1431,  0.1998,  34.2643,  04 May 2018 01:14:05
# 24.4657,  5.154859,  0.754,  0.1321,  0.2144,  34.2774,  04 May 2018 01:18:05
# 24.4716,  5.165114,  0.750,  0.1329,  0.1913,  34.3496,  04 May 2018 01:22:05
# 24.4771,  5.173622,  0.756,  0.1245,  0.1977,  34.4089,  04 May 2018 01:26:05
# 24.4760,  5.177178,  0.754,  0.1270,  0.1937,  34.4363,  04 May 2018 01:30:05
# 24.4528,  5.163191,  0.756,  0.1319,  0.1876,  34.3496,  04 May 2018 01:34:05
# 24.4467,  5.151387,  0.760,  0.1466,  0.1946,  34.2660,  04 May 2018 01:38:05
# 24.4578,  5.160723,  0.736,  0.1366,  0.1913,  34.3273,  04 May 2018 01:42:05
# 24.4786,  5.171744,  0.738,  0.1270,  0.1913,  34.3937,  04 May 2018 01:46:05
# 24.4758,  5.178625,  0.738,  0.1245,  0.1898,  34.4473,  04 May 2018 01:50:05
# 24.4685,  5.179357,  0.743,  0.1173,  0.2022,  34.4584,  04 May 2018 01:54:05
# 24.4569,  5.177563,  0.746,  0.1084,  0.1798,  34.4539,  04 May 2018 01:58:05
# 24.4543,  5.173422,  0.723,  0.1061,  0.1889,  34.4249,  04 May 2018 02:02:05
# 24.4572,  5.175754,  0.720,  0.1196,  0.1938,  34.4401,  04 May 2018 02:06:05
# 24.4672,  5.180596,  0.722,  0.1233,  0.2045,  34.4687,  04 May 2018 02:10:05
# 24.4644,  5.181775,  0.742,  0.1159,  0.1865,  34.4796,  04 May 2018 02:14:05
# 24.4558,  5.179003,  0.732,  0.1206,  0.1948,  34.4655,  04 May 2018 02:18:05
# 24.4364,  5.168429,  0.712,  0.1244,  0.2021,  34.4014,  04 May 2018 02:22:05
# 24.4435,  5.172330,  0.719,  0.1270,  0.4081,  34.4250,  04 May 2018 02:26:05
# 24.4487,  5.177140,  0.717,  0.1207,  0.2045,  34.4570,  04 May 2018 02:30:05
# 24.4484,  5.177933,  0.731,  0.1146,  0.1840,  34.4632,  04 May 2018 02:34:05
# 24.4386,  5.175839,  0.729,  0.1159,  0.2136,  34.4550,  04 May 2018 02:38:05
# 24.4487,  5.179711,  0.727,  0.1270,  0.2158,  34.4762,  04 May 2018 02:42:05
# 24.4469,  5.178880,  0.724,  0.1245,  0.2168,  34.4714,  04 May 2018 02:46:05
# 24.4448,  5.178949,  0.715,  0.1198,  0.2108,  34.4736,  04 May 2018 02:50:05
# 24.4341,  5.179180,  0.721,  0.1160,  0.1999,  34.4835,  04 May 2018 02:54:05
# 24.4302,  5.178495,  0.719,  0.1059,  0.1960,  34.4814,  04 May 2018 02:58:05
# 24.4366,  5.180959,  0.730,  0.1185,  0.2057,  34.4949,  04 May 2018 03:02:05
# 24.4369,  5.181259,  0.715,  0.1197,  0.1910,  34.4969,  04 May 2018 03:06:05
# 24.4302,  5.180158,  0.720,  0.1138,  0.1949,  34.4939,  04 May 2018 03:10:05
# 24.4281,  5.180874,  0.713,  0.1085,  0.1912,  34.5008,  04 May 2018 03:14:05
# 24.4201,  5.181937,  0.715,  0.1135,  0.1924,  34.5150,  04 May 2018 03:18:05
# 24.4211,  5.182669,  0.731,  0.1133,  0.2008,  34.5197,  04 May 2018 03:22:05
# 24.4452,  5.183739,  0.728,  0.1247,  0.2171,  34.5091,  04 May 2018 03:26:05
# 24.4462,  5.182322,  0.707,  0.1293,  0.2121,  34.4977,  04 May 2018 03:30:05
# 24.4300,  5.176455,  0.724,  0.1159,  0.2023,  34.4663,  04 May 2018 03:34:05
# 24.5002,  5.175838,  0.723,  0.1293,  0.2109,  34.4078,  04 May 2018 03:38:05
# 24.4767,  5.178879,  0.713,  0.1185,  0.2131,  34.4486,  04 May 2018 03:42:05
# 24.4567,  5.178325,  0.731,  0.1208,  0.1948,  34.4598,  04 May 2018 03:46:05
# 24.4445,  5.177779,  0.705,  0.1136,  0.1958,  34.4650,  04 May 2018 03:50:05
# 24.4064,  5.168083,  0.711,  0.1183,  0.2218,  34.4218,  04 May 2018 03:54:05
# 24.4040,  5.167630,  0.737,  0.1246,  0.1923,  34.4202,  04 May 2018 03:58:05
# 24.3820,  5.156274,  0.712,  0.1293,  0.2036,  34.3521,  04 May 2018 04:02:05
# 24.3855,  5.158357,  0.708,  0.1282,  0.1998,  34.3650,  04 May 2018 04:06:05
# 24.3929,  5.163338,  0.721,  0.1283,  0.2047,  34.3967,  04 May 2018 04:10:05
# 24.4023,  5.170399,  0.724,  0.1170,  0.2144,  34.4423,  04 May 2018 04:14:05
# 24.3902,  5.176102,  0.743,  0.1111,  0.2071,  34.4942,  04 May 2018 04:18:05
# 24.3751,  5.174047,  0.725,  0.1184,  0.2660,  34.4905,  04 May 2018 04:22:05
# 24.3454,  5.160333,  0.722,  0.1209,  0.2899,  34.4106,  04 May 2018 04:26:05
# 24.3396,  5.158865,  0.732,  0.1183,  0.2336,  34.4041,  04 May 2018 04:30:05
# 24.3650,  5.166361,  0.731,  0.1135,  0.2208,  34.4407,  04 May 2018 04:34:05
# 24.3873,  5.176487,  0.732,  0.1159,  0.2371,  34.4994,  04 May 2018 04:38:05
# 24.3819,  5.177064,  0.738,  0.1170,  0.2304,  34.5079,  04 May 2018 04:42:05
# 24.3742,  5.176695,  0.756,  0.1135,  0.2194,  34.5110,  04 May 2018 04:46:05
# 24.3675,  5.175925,  0.726,  0.1050,  0.2159,  34.5105,  04 May 2018 04:50:05
# 24.3622,  5.176156,  0.733,  0.1109,  0.2322,  34.5163,  04 May 2018 04:54:05
# 24.3538,  5.174601,  0.752,  0.1074,  0.1997,  34.5110,  04 May 2018 04:58:05
# 24.3508,  5.172693,  0.750,  0.1086,  0.2195,  34.4991,  04 May 2018 05:02:05
# 24.3445,  5.172177,  0.746,  0.1098,  0.2383,  34.5000,  04 May 2018 05:06:05
# 24.3373,  5.171831,  0.762,  0.1072,  0.2132,  34.5030,  04 May 2018 05:10:05
# 24.3324,  5.171116,  0.736,  0.1011,  0.2048,  34.5014,  04 May 2018 05:14:05
# 24.3216,  5.168300,  0.760,  0.1012,  0.2011,  34.4886,  04 May 2018 05:18:05
# 24.3252,  5.157843,  0.757,  0.1133,  0.2087,  34.4075,  04 May 2018 05:22:05
# 24.3216,  5.147096,  0.756,  0.1221,  0.2564,  34.3297,  04 May 2018 05:26:05
# 24.3275,  5.157482,  0.767,  0.1109,  0.2143,  34.4029,  04 May 2018 05:30:05
# 24.3239,  5.161810,  0.773,  0.1073,  0.2207,  34.4382,  04 May 2018 05:34:05
# 24.3179,  5.162333,  0.758,  0.1073,  0.2636,  34.4467,  04 May 2018 05:38:05
# 24.3151,  5.163132,  0.764,  0.1099,  0.2685,  34.4549,  04 May 2018 05:42:05
# 24.3250,  5.168139,  0.784,  0.1099,  0.2192,  34.4848,  04 May 2018 05:46:05
# 24.3261,  5.168523,  0.766,  0.1135,  0.2161,  34.4868,  04 May 2018 05:50:05
# 24.3258,  5.168677,  0.766,  0.1085,  0.2168,  34.4882,  04 May 2018 05:54:05
# 24.3274,  5.168562,  0.781,  0.1121,  0.2467,  34.4861,  04 May 2018 05:58:05
# 24.3273,  5.168500,  0.758,  0.1070,  0.2279,  34.4857,  04 May 2018 06:02:05
# 24.3286,  5.168392,  0.773,  0.1099,  0.2181,  34.4839,  04 May 2018 06:06:05
# 24.3150,  5.165155,  0.782,  0.1038,  0.2638,  34.4701,  04 May 2018 06:10:05
# 24.3093,  5.153763,  0.784,  0.1132,  0.2313,  34.3891,  04 May 2018 06:14:05
# 24.3031,  5.155000,  0.778,  0.1087,  0.2405,  34.4031,  04 May 2018 06:18:05
# 24.3096,  5.156691,  0.768,  0.1086,  0.2242,  34.4108,  04 May 2018 06:22:05
# 24.3181,  5.166485,  0.759,  0.1087,  0.2409,  34.4777,  04 May 2018 06:26:05
# 24.3230,  5.167939,  0.775,  0.1146,  0.2540,  34.4848,  04 May 2018 06:30:05
# 24.3274,  5.168108,  0.780,  0.1145,  0.2720,  34.4827,  04 May 2018 06:34:05
# 24.3252,  5.167739,  0.770,  0.1072,  0.2346,  34.4817,  04 May 2018 06:38:05
# 24.3259,  5.167700,  0.784,  0.1110,  0.2266,  34.4808,  04 May 2018 06:42:05
# 24.3412,  5.165408,  0.787,  0.1137,  0.2232,  34.4519,  04 May 2018 06:46:05
# 24.3549,  5.168323,  0.779,  0.1174,  0.2661,  34.4631,  04 May 2018 06:50:05
# 24.3512,  5.168646,  0.782,  0.1123,  0.2303,  34.4684,  04 May 2018 06:54:05
# 24.3442,  5.167561,  0.790,  0.1110,  0.2864,  34.4657,  04 May 2018 06:58:05
# 24.3441,  5.166946,  0.792,  0.1084,  0.3584,  34.4611,  04 May 2018 07:02:05
# 24.3445,  5.166185,  0.793,  0.1099,  0.2385,  34.4551,  04 May 2018 07:06:05
# 24.3448,  5.167708,  0.783,  0.1034,  0.2409,  34.4664,  04 May 2018 07:10:05
# 24.3504,  5.169254,  0.785,  0.1059,  0.2302,  34.4736,  04 May 2018 07:14:05
# 24.3658,  5.167900,  0.787,  0.1085,  0.2196,  34.4516,  04 May 2018 07:18:05
# 24.3737,  5.170238,  0.782,  0.1073,  0.2323,  34.4631,  04 May 2018 07:22:05
# 24.3692,  5.172693,  0.816,  0.1072,  0.2180,  34.4849,  04 May 2018 07:26:05
# 24.3679,  5.173416,  0.796,  0.1061,  0.2145,  34.4913,  04 May 2018 07:30:05
# 24.3619,  5.174109,  0.786,  0.1099,  0.2382,  34.5012,  04 May 2018 07:34:05
# 24.3629,  5.174209,  0.803,  0.0999,  0.2105,  34.5011,  04 May 2018 07:38:05
# 24.3802,  5.173908,  0.771,  0.1086,  0.2095,  34.4856,  04 May 2018 07:42:05
# 24.3846,  5.174616,  0.791,  0.1072,  0.2745,  34.4874,  04 May 2018 07:46:05
# 24.3761,  5.177018,  0.773,  0.1122,  0.2995,  34.5120,  04 May 2018 07:50:05
# 24.3776,  5.177457,  0.824,  0.1109,  0.2468,  34.5141,  04 May 2018 07:54:05
# 24.3765,  5.177434,  0.789,  0.1085,  0.2447,  34.5148,  04 May 2018 07:58:05
# 24.3761,  5.177172,  0.792,  0.1023,  0.2612,  34.5132,  04 May 2018 08:02:05
# 24.4112,  5.175986,  0.804,  0.1086,  0.2310,  34.4772,  04 May 2018 08:06:05
# 24.4181,  5.177672,  0.806,  0.1062,  0.2207,  34.4845,  04 May 2018 08:10:05
# 24.4126,  5.178603,  0.776,  0.1084,  0.2408,  34.4958,  04 May 2018 08:14:05
# 24.4068,  5.178934,  0.791,  0.1060,  0.2432,  34.5027,  04 May 2018 08:18:05
# 24.3879,  5.179027,  0.798,  0.1025,  0.2935,  34.5180,  04 May 2018 08:22:05
# 24.3992,  5.179612,  0.766,  0.0977,  0.2561,  34.5136,  04 May 2018 08:26:05
# 24.4015,  5.180328,  0.821,  0.0986,  0.2745,  34.5172,  04 May 2018 08:30:05
# 24.3982,  5.180806,  0.780,  0.1050,  0.2338,  34.5234,  04 May 2018 08:34:05
# 24.4103,  5.181298,  0.814,  0.1073,  0.2815,  34.5177,  04 May 2018 08:38:05
# 24.4166,  5.181806,  0.799,  0.1058,  0.2477,  34.5166,  04 May 2018 08:42:05
# 24.4305,  5.182923,  0.792,  0.1084,  0.2575,  34.5143,  04 May 2018 08:46:05
# 24.4426,  5.184070,  0.790,  0.1047,  0.2478,  34.5136,  04 May 2018 08:50:05
# 24.4390,  5.183839,  0.790,  0.1035,  0.2528,  34.5146,  04 May 2018 08:54:05
# 24.4385,  5.184263,  0.806,  0.1012,  0.2625,  34.5181,  04 May 2018 08:58:05
# 24.4507,  5.185125,  0.787,  0.0998,  0.2504,  34.5152,  04 May 2018 09:02:05
# 24.4884,  5.187474,  0.782,  0.0988,  0.2309,  34.5038,  04 May 2018 09:06:05
# 24.4874,  5.187806,  0.789,  0.1014,  0.2877,  34.5070,  04 May 2018 09:10:05
# 24.5120,  5.190040,  0.769,  0.0988,  0.2899,  34.5048,  04 May 2018 09:14:05
# 24.4946,  5.188561,  0.772,  0.1035,  0.2574,  34.5071,  04 May 2018 09:18:05
# 24.4613,  5.187721,  0.749,  0.1000,  0.2468,  34.5265,  04 May 2018 09:22:05
# 24.4588,  5.187698,  0.780,  0.1035,  0.3070,  34.5282,  04 May 2018 09:26:05
# 24.4851,  5.189478,  0.766,  0.1025,  0.2457,  34.5213,  04 May 2018 09:30:05
# 24.4927,  5.190295,  0.763,  0.0999,  0.2208,  34.5216,  04 May 2018 09:34:05
# 24.5267,  5.191851,  0.769,  0.0999,  0.2229,  34.5070,  04 May 2018 09:38:05
# 24.5376,  5.193593,  0.780,  0.0961,  0.2684,  34.5116,  04 May 2018 09:42:05
# 24.5083,  5.192398,  0.772,  0.1011,  0.2291,  34.5253,  04 May 2018 09:46:05
# 24.5025,  5.192375,  0.769,  0.0964,  0.2550,  34.5296,  04 May 2018 09:50:05
# 24.5403,  5.194903,  0.766,  0.0961,  0.2613,  34.5194,  04 May 2018 09:54:05
# 24.5481,  5.195443,  0.748,  0.0958,  0.2576,  34.5174,  04 May 2018 09:58:05
# 24.5828,  5.199105,  0.747,  0.0948,  0.2502,  34.5181,  04 May 2018 10:02:05
# 24.5790,  5.199282,  0.771,  0.0962,  0.2527,  34.5223,  04 May 2018 10:06:05
# 24.6059,  5.202112,  0.748,  0.0922,  0.2589,  34.5227,  04 May 2018 10:10:05
# 24.6205,  5.203678,  0.735,  0.0922,  0.2888,  34.5233,  04 May 2018 10:14:05
# 24.5877,  5.202298,  0.772,  0.0935,  0.2539,  34.5381,  04 May 2018 10:18:05
# 24.6166,  5.205275,  0.732,  0.0924,  0.2419,  34.5381,  04 May 2018 10:22:05
# 24.6415,  5.207876,  0.760,  0.0913,  0.2477,  34.5384,  04 May 2018 10:26:05
# 24.6475,  5.207644,  0.753,  0.0948,  0.2651,  34.5321,  04 May 2018 10:30:05
# 24.6643,  5.208979,  0.733,  0.0884,  0.2526,  34.5291,  04 May 2018 10:34:05
# 24.6787,  5.210461,  0.755,  0.0914,  0.2407,  34.5291,  04 May 2018 10:38:05
# 24.6822,  5.211063,  0.756,  0.0935,  0.2995,  34.5309,  04 May 2018 10:42:05
# 24.6741,  5.210916,  0.735,  0.1048,  0.3622,  34.5360,  04 May 2018 10:46:05
# 24.7077,  5.213819,  0.749,  0.0934,  0.3065,  34.5318,  04 May 2018 10:50:05
# 24.7316,  5.217479,  0.741,  0.0899,  0.2730,  34.5407,  04 May 2018 10:54:05
# 24.6872,  5.214406,  0.728,  0.0924,  0.2456,  34.5519,  04 May 2018 10:58:05
# 24.7012,  5.216066,  0.731,  0.0910,  0.2491,  34.5535,  04 May 2018 11:02:05
# 24.7295,  5.217919,  0.720,  0.0937,  0.2504,  34.5456,  04 May 2018 11:06:05
# 24.7383,  5.219340,  0.738,  0.0924,  0.2673,  34.5494,  04 May 2018 11:10:05
# 24.7727,  5.222353,  0.750,  0.0922,  0.2502,  34.5455,  04 May 2018 11:14:05
# 24.7737,  5.221982,  0.751,  0.0922,  0.2444,  34.5420,  04 May 2018 11:18:05
# 24.7797,  5.222839,  0.759,  0.0923,  0.2380,  34.5437,  04 May 2018 11:22:05
# 24.7684,  5.221750,  0.776,  0.0923,  0.2564,  34.5443,  04 May 2018 11:26:05
# 24.8312,  5.228303,  0.761,  0.0861,  0.3367,  34.5448,  04 May 2018 11:30:05
# 24.8311,  5.228380,  0.752,  0.0873,  0.2430,  34.5455,  04 May 2018 11:34:05
# 24.7755,  5.224485,  0.741,  0.0887,  0.2658,  34.5591,  04 May 2018 11:38:05
# 24.7665,  5.223520,  0.774,  0.0960,  0.2551,  34.5589,  04 May 2018 11:42:05
# 24.8253,  5.228999,  0.763,  0.0900,  0.2382,  34.5546,  04 May 2018 11:46:05
# 24.8034,  5.227329,  0.773,  0.0900,  0.3146,  34.5589,  04 May 2018 11:50:05
# 24.8316,  5.229826,  0.761,  0.0886,  0.2432,  34.5558,  04 May 2018 11:54:05
# 24.8411,  5.230700,  0.752,  0.0899,  0.2685,  34.5550,  04 May 2018 11:58:05
# 24.8614,  5.232810,  0.791,  0.0911,  0.2230,  34.5552,  04 May 2018 12:02:05
# 24.8609,  5.233313,  0.757,  0.0921,  0.2613,  34.5592,  04 May 2018 12:06:05
# 24.8687,  5.234241,  0.753,  0.0898,  0.2442,  34.5602,  04 May 2018 12:10:05
# 24.8909,  5.236863,  0.757,  0.0925,  0.2280,  34.5626,  04 May 2018 12:14:05
# 24.9304,  5.240158,  0.749,  0.0885,  0.2599,  34.5568,  04 May 2018 12:18:05
# 24.9141,  5.239973,  0.753,  0.0877,  0.2325,  34.5679,  04 May 2018 12:22:05
# 24.9204,  5.240816,  0.764,  0.0924,  0.2396,  34.5693,  04 May 2018 12:26:05
# 24.9264,  5.241776,  0.772,  0.0922,  0.2539,  34.5719,  04 May 2018 12:30:05
# 24.9479,  5.243997,  0.759,  0.0912,  0.2358,  34.5718,  04 May 2018 12:34:05
# 24.9785,  5.248371,  0.776,  0.0848,  0.2242,  34.5809,  04 May 2018 12:38:05
# 24.9645,  5.247209,  0.764,  0.0923,  0.2588,  34.5829,  04 May 2018 12:42:05
# 24.9831,  5.248727,  0.760,  0.0900,  0.2636,  34.5800,  04 May 2018 12:46:05
# 25.0088,  5.251483,  0.765,  0.0875,  0.2431,  34.5807,  04 May 2018 12:50:05
# 25.0653,  5.257076,  0.779,  0.0849,  0.2612,  34.5789,  04 May 2018 12:54:05
# 25.0829,  5.259191,  0.776,  0.0864,  0.2335,  34.5810,  04 May 2018 12:58:05
# 25.0482,  5.255317,  0.783,  0.0898,  0.2444,  34.5790,  04 May 2018 13:02:05
# 25.0708,  5.257611,  0.770,  0.0912,  0.2455,  34.5786,  04 May 2018 13:06:05
# 25.1086,  5.261385,  0.771,  0.0884,  0.2467,  34.5776,  04 May 2018 13:10:05
# 25.1398,  5.264361,  0.765,  0.0848,  0.2217,  34.5757,  04 May 2018 13:14:05
# 25.1530,  5.266028,  0.782,  0.0875,  0.2135,  34.5780,  04 May 2018 13:18:05
# 25.1229,  5.262974,  0.796,  0.0909,  0.2157,  34.5784,  04 May 2018 13:22:05
# 25.1535,  5.266393,  0.794,  0.0864,  0.2245,  34.5803,  04 May 2018 13:26:05
# 25.1991,  5.271216,  0.760,  0.0861,  0.2383,  34.5811,  04 May 2018 13:30:05
# 25.1557,  5.266997,  0.776,  0.0874,  0.2205,  34.5831,  04 May 2018 13:34:05
# 25.1968,  5.271085,  0.830,  0.0874,  0.2119,  34.5819,  04 May 2018 13:38:05
# 25.2142,  5.272985,  0.797,  0.0897,  0.2755,  34.5826,  04 May 2018 13:42:05
# 25.2363,  5.275026,  0.781,  0.0823,  0.2660,  34.5808,  04 May 2018 13:46:05
# 25.2889,  5.280334,  0.802,  0.0838,  0.2293,  34.5797,  04 May 2018 13:50:05
# 25.3271,  5.284193,  0.810,  0.0861,  0.2206,  34.5790,  04 May 2018 13:54:05
# 25.3037,  5.282096,  0.812,  0.0780,  0.2242,  34.5815,  04 May 2018 13:58:05
