# 28.0869,  6.721626,  1.106,  0.0910,  0.1568,  42.7642,  18 Aug 2018 14:00:08
# 28.1604,  6.728183,  1.087,  0.0932,  0.1702,  42.7446,  18 Aug 2018 14:04:08
# 28.1206,  6.727026,  1.079,  0.0968,  0.1772,  42.7725,  18 Aug 2018 14:08:08
# 28.1869,  6.730793,  1.050,  0.0970,  0.1787,  42.7393,  18 Aug 2018 14:12:08
# 28.2412,  6.734691,  1.063,  0.0981,  0.1715,  42.7180,  18 Aug 2018 14:16:08
# 28.2314,  6.735106,  1.047,  0.0990,  0.1724,  42.7299,  18 Aug 2018 14:20:08
# 28.2616,  6.737847,  1.099,  0.0983,  0.1613,  42.7222,  18 Aug 2018 14:24:08
# 28.1621,  6.728217,  1.065,  0.1019,  0.1737,  42.7433,  18 Aug 2018 14:28:08
# 28.0174,  6.716557,  1.060,  0.1066,  0.1942,  42.7909,  18 Aug 2018 14:32:08
# 27.9348,  6.707321,  1.049,  0.1066,  0.2054,  42.7994,  18 Aug 2018 14:36:08
# 28.0532,  6.718180,  1.035,  0.0985,  0.1812,  42.7700,  18 Aug 2018 14:40:08
# 28.1729,  6.733214,  0.972,  0.1030,  0.1739,  42.7696,  18 Aug 2018 14:44:08
# 28.1975,  6.732703,  1.091,  0.0994,  0.1762,  42.7434,  18 Aug 2018 14:48:08
# 28.2535,  6.739213,  1.009,  0.1007,  0.1674,  42.7395,  18 Aug 2018 14:52:08
# 28.2532,  6.739845,  1.058,  0.1029,  0.2786,  42.7444,  18 Aug 2018 14:56:08
# 28.2153,  6.737381,  1.007,  0.1007,  0.1933,  42.7611,  18 Aug 2018 15:00:08
# 28.2868,  6.743452,  1.036,  0.1043,  0.1833,  42.7399,  18 Aug 2018 15:04:08
# 28.2097,  6.737433,  0.965,  0.1006,  0.1970,  42.7666,  18 Aug 2018 15:08:08
# 28.2003,  6.734752,  0.951,  0.1044,  0.2103,  42.7558,  18 Aug 2018 15:12:08
# 28.1147,  6.726023,  0.991,  0.1020,  0.1795,  42.7707,  18 Aug 2018 15:16:08
# 28.0416,  6.721264,  1.032,  0.1083,  0.1943,  42.8030,  18 Aug 2018 15:20:08
# 28.2132,  6.736265,  0.999,  0.0983,  0.1920,  42.7549,  18 Aug 2018 15:24:08
# 28.3475,  6.744999,  0.961,  0.1066,  0.1677,  42.6958,  18 Aug 2018 15:28:08
# 28.1445,  6.727034,  0.990,  0.1167,  0.1953,  42.7508,  18 Aug 2018 15:32:08
# 28.0751,  6.720408,  0.958,  0.1106,  0.1737,  42.7661,  18 Aug 2018 15:36:08
# 28.0070,  6.713906,  0.940,  0.1083,  0.1798,  42.7812,  18 Aug 2018 15:40:08
# 28.0222,  6.716004,  1.001,  0.1056,  0.1797,  42.7825,  18 Aug 2018 15:44:08
# 27.9667,  6.715945,  0.937,  0.1067,  0.1772,  42.8330,  18 Aug 2018 15:48:08
# 27.9923,  6.716583,  0.953,  0.1042,  0.1785,  42.8141,  18 Aug 2018 15:52:08
# 27.9101,  6.710230,  0.956,  0.1045,  0.1834,  42.8432,  18 Aug 2018 15:56:08
# 28.0030,  6.717429,  0.930,  0.1042,  0.1786,  42.8105,  18 Aug 2018 16:00:08
# 27.9859,  6.714571,  0.908,  0.1093,  0.1786,  42.8054,  18 Aug 2018 16:04:08
# 27.9995,  6.716678,  0.939,  0.1131,  0.1884,  42.8082,  18 Aug 2018 16:08:08
# 28.1132,  6.729238,  0.850,  0.1141,  0.2277,  42.7954,  18 Aug 2018 16:12:08
# 28.0612,  6.719415,  0.911,  0.1254,  0.1785,  42.7717,  18 Aug 2018 16:16:08
# 28.0430,  6.719165,  1.006,  0.1155,  0.2091,  42.7864,  18 Aug 2018 16:20:08
# 28.0713,  6.721704,  0.943,  0.1218,  0.1897,  42.7790,  18 Aug 2018 16:24:08
# 28.0918,  6.726827,  0.945,  0.1141,  0.1750,  42.7974,  18 Aug 2018 16:28:08
# 28.0029,  6.716039,  0.899,  0.1193,  0.2042,  42.8005,  18 Aug 2018 16:32:08
# 27.9635,  6.712655,  0.914,  0.1230,  0.1871,  42.8120,  18 Aug 2018 16:36:08
# 27.8960,  6.706579,  0.898,  0.1254,  0.1981,  42.8296,  18 Aug 2018 16:40:08
# 27.9208,  6.709012,  0.869,  0.1130,  0.1798,  42.8246,  18 Aug 2018 16:44:08
# 27.9427,  6.710238,  0.920,  0.1101,  0.1996,  42.8135,  18 Aug 2018 16:48:08
# 27.9397,  6.710929,  0.907,  0.1191,  0.1749,  42.8212,  18 Aug 2018 16:52:08
# 27.8164,  6.699600,  0.905,  0.1192,  0.1836,  42.8519,  18 Aug 2018 16:56:08
# 27.9251,  6.708149,  0.870,  0.1180,  0.1933,  42.8144,  18 Aug 2018 17:00:08
# 28.0386,  6.716833,  0.903,  0.1141,  0.1861,  42.7736,  18 Aug 2018 17:04:08
# 27.8732,  6.707822,  0.894,  0.1279,  0.1884,  42.8596,  18 Aug 2018 17:08:08
# 27.8488,  6.702550,  0.859,  0.1279,  0.1910,  42.8436,  18 Aug 2018 17:12:08
# 27.8094,  6.701170,  0.836,  0.1326,  0.2138,  42.8698,  18 Aug 2018 17:16:08
# 27.7973,  6.699834,  0.902,  0.1256,  0.1884,  42.8712,  18 Aug 2018 17:20:08
# 27.8546,  6.703715,  0.913,  0.1216,  0.1869,  42.8468,  18 Aug 2018 17:24:08
# 27.8432,  6.703301,  0.887,  0.1102,  0.1785,  42.8543,  18 Aug 2018 17:28:08
# 27.7830,  6.697660,  0.908,  0.1106,  0.1994,  42.8685,  18 Aug 2018 17:32:08
# 27.7612,  6.694306,  0.880,  0.1105,  0.1982,  42.8640,  18 Aug 2018 17:36:08
# 27.7357,  6.692194,  0.938,  0.1067,  0.1968,  42.8720,  18 Aug 2018 17:40:08
# 27.7494,  6.693452,  0.962,  0.1054,  0.1837,  42.8686,  18 Aug 2018 17:44:08
# 27.9075,  6.702135,  0.884,  0.1168,  0.1833,  42.7867,  18 Aug 2018 17:48:08
# 27.9566,  6.704170,  0.881,  0.1304,  0.1994,  42.7566,  18 Aug 2018 17:52:08
# 27.8615,  6.699056,  0.862,  0.1279,  0.2042,  42.8065,  18 Aug 2018 17:56:08
# 27.7674,  6.690305,  0.878,  0.1231,  0.1957,  42.8291,  18 Aug 2018 18:00:08
# 27.6159,  6.674936,  0.916,  0.1170,  0.2092,  42.8563,  18 Aug 2018 18:04:08
# 27.6749,  6.680000,  0.910,  0.1205,  0.1899,  42.8390,  18 Aug 2018 18:08:08
# 27.7195,  6.684927,  0.924,  0.1130,  0.1801,  42.8339,  18 Aug 2018 18:12:08
# 27.7300,  6.685194,  0.956,  0.1104,  0.1740,  42.8262,  18 Aug 2018 18:16:08
# 27.7079,  6.683049,  0.922,  0.1118,  0.2031,  42.8309,  18 Aug 2018 18:20:08
# 27.6733,  6.679939,  0.883,  0.1131,  0.1894,  42.8400,  18 Aug 2018 18:24:08
# 27.6435,  6.677407,  0.925,  0.1106,  0.2162,  42.8489,  18 Aug 2018 18:28:08
# 27.6530,  6.678053,  0.890,  0.1081,  0.1859,  42.8449,  18 Aug 2018 18:32:08
# 27.6638,  6.678484,  0.896,  0.1166,  0.1796,  42.8381,  18 Aug 2018 18:36:08
# 27.7888,  6.684150,  0.933,  0.1266,  0.1933,  42.7646,  18 Aug 2018 18:40:08
# 27.7604,  6.683616,  0.932,  0.1156,  0.1713,  42.7868,  18 Aug 2018 18:44:08
# 27.7810,  6.682953,  0.917,  0.1302,  0.2287,  42.7630,  18 Aug 2018 18:48:08
# 27.7627,  6.681876,  0.865,  0.1256,  0.1884,  42.7720,  18 Aug 2018 18:52:08
# 27.7302,  6.679869,  0.868,  0.1141,  0.2267,  42.7872,  18 Aug 2018 18:56:08
# 27.6910,  6.679672,  0.931,  0.1328,  0.2032,  42.8218,  18 Aug 2018 19:00:08
# 27.6130,  6.674600,  0.964,  0.1289,  0.2139,  42.8565,  18 Aug 2018 19:04:08
# 27.6094,  6.674471,  0.883,  0.1254,  0.2164,  42.8588,  18 Aug 2018 19:08:08
# 27.5822,  6.672155,  0.906,  0.1230,  0.2657,  42.8669,  18 Aug 2018 19:12:08
# 27.5991,  6.671578,  0.939,  0.1141,  0.1958,  42.8471,  18 Aug 2018 19:16:08
# 27.6048,  6.672525,  0.933,  0.1288,  0.1799,  42.8488,  18 Aug 2018 19:20:08
# 27.6240,  6.675151,  0.928,  0.1450,  0.2142,  42.8503,  18 Aug 2018 19:24:08
# 27.6260,  6.674910,  0.947,  0.1363,  0.2079,  42.8468,  18 Aug 2018 19:28:08
# 27.6028,  6.673713,  0.970,  0.1254,  0.1969,  42.8594,  18 Aug 2018 19:32:08
# 27.5889,  6.672646,  0.893,  0.1179,  0.2116,  42.8644,  18 Aug 2018 19:36:08
# 27.5655,  6.670175,  1.046,  0.1133,  0.2214,  42.8678,  18 Aug 2018 19:40:08
# 27.6268,  6.670708,  1.015,  0.1204,  0.1968,  42.8152,  18 Aug 2018 19:44:08
# 27.6419,  6.675263,  0.966,  0.1194,  0.1894,  42.8347,  18 Aug 2018 19:48:08
# 27.7098,  6.674762,  0.970,  0.1279,  0.1942,  42.7686,  18 Aug 2018 19:52:08
# 27.7373,  6.675450,  0.947,  0.1473,  0.1970,  42.7484,  18 Aug 2018 19:56:08
# 27.7090,  6.676243,  0.941,  0.1351,  0.2089,  42.7802,  18 Aug 2018 20:00:08
# 27.6891,  6.675537,  0.952,  0.1279,  0.2005,  42.7933,  18 Aug 2018 20:04:08
# 27.6312,  6.673816,  0.933,  0.1232,  0.1984,  42.8340,  18 Aug 2018 20:08:08
# 27.5952,  6.672904,  0.973,  0.1365,  0.3037,  42.8604,  18 Aug 2018 20:12:08
# 27.5655,  6.671208,  0.926,  0.1343,  0.2055,  42.8754,  18 Aug 2018 20:16:08
# 27.5496,  6.670365,  0.941,  0.1263,  0.2200,  42.8839,  18 Aug 2018 20:20:08
# 27.5134,  6.666329,  0.884,  0.1289,  0.2211,  42.8878,  18 Aug 2018 20:24:08
# 27.4988,  6.665571,  0.945,  0.1314,  0.2004,  42.8957,  18 Aug 2018 20:28:08
# 27.5105,  6.666587,  1.009,  0.1241,  0.1981,  42.8923,  18 Aug 2018 20:32:08
# 27.5631,  6.665501,  1.018,  0.1352,  0.1946,  42.8358,  18 Aug 2018 20:36:08
# 27.5448,  6.666268,  0.968,  0.1277,  0.2265,  42.8583,  18 Aug 2018 20:40:08
# 27.5411,  6.665923,  0.926,  0.1231,  0.1981,  42.8592,  18 Aug 2018 20:44:08
# 27.5285,  6.666148,  0.993,  0.1194,  0.2068,  42.8724,  18 Aug 2018 20:48:08
# 27.5181,  6.666415,  0.953,  0.1142,  0.1895,  42.8840,  18 Aug 2018 20:52:08
# 27.5582,  6.664598,  1.024,  0.1266,  0.2018,  42.8337,  18 Aug 2018 20:56:08
# 27.5461,  6.666336,  0.978,  0.1205,  0.2202,  42.8576,  18 Aug 2018 21:00:08
# 27.5437,  6.665837,  0.965,  0.1157,  0.1933,  42.8562,  18 Aug 2018 21:04:08
# 27.5404,  6.666044,  1.031,  0.1155,  0.1895,  42.8607,  18 Aug 2018 21:08:08
# 27.5199,  6.664951,  1.105,  0.1104,  0.1897,  42.8716,  18 Aug 2018 21:12:08
# 27.5451,  6.661139,  0.974,  0.1203,  0.1995,  42.8204,  18 Aug 2018 21:16:08
# 27.5628,  6.660054,  1.008,  0.1202,  0.1859,  42.7962,  18 Aug 2018 21:20:08
# 27.5687,  6.659013,  1.079,  0.1242,  0.1687,  42.7832,  18 Aug 2018 21:24:08
# 27.5496,  6.656209,  0.946,  0.1305,  0.2034,  42.7802,  18 Aug 2018 21:28:08
# 27.5734,  6.654910,  1.005,  0.1364,  0.1846,  42.7488,  18 Aug 2018 21:32:08
# 27.5199,  6.656545,  1.086,  0.1180,  0.2165,  42.8100,  18 Aug 2018 21:36:08
# 27.5110,  6.653406,  0.960,  0.1216,  0.2052,  42.7953,  18 Aug 2018 21:40:08
# 27.5536,  6.647954,  1.065,  0.1363,  0.1909,  42.7161,  18 Aug 2018 21:44:08
# 27.4933,  6.653931,  1.021,  0.1280,  0.1944,  42.8154,  18 Aug 2018 21:48:08
# 27.4775,  6.655523,  0.999,  0.1256,  0.1931,  42.8417,  18 Aug 2018 21:52:08
# 27.4782,  6.654955,  0.952,  0.1203,  0.2203,  42.8369,  18 Aug 2018 21:56:08
# 27.4705,  6.657355,  1.018,  0.1203,  0.1922,  42.8616,  18 Aug 2018 22:00:08
# 27.4673,  6.658551,  1.019,  0.1229,  0.1981,  42.8733,  18 Aug 2018 22:04:08
# 27.4650,  6.655626,  1.058,  0.1156,  0.2018,  42.8539,  18 Aug 2018 22:08:08
# 27.4655,  6.654508,  1.006,  0.1143,  0.1970,  42.8453,  18 Aug 2018 22:12:08
# 27.5006,  6.647302,  1.018,  0.1290,  0.1873,  42.7601,  18 Aug 2018 22:16:08
# 27.4760,  6.651421,  1.109,  0.1254,  0.1943,  42.8129,  18 Aug 2018 22:20:08
# 27.4776,  6.650664,  1.073,  0.1181,  0.1798,  42.8059,  18 Aug 2018 22:24:08
# 27.4682,  6.652332,  1.047,  0.1140,  0.1969,  42.8268,  18 Aug 2018 22:28:08
# 27.4686,  6.650578,  1.017,  0.1167,  0.1873,  42.8135,  18 Aug 2018 22:32:08
# 27.4817,  6.650225,  1.032,  0.1141,  0.1895,  42.7989,  18 Aug 2018 22:36:08
# 27.4985,  6.647380,  1.042,  0.1240,  0.1798,  42.7626,  18 Aug 2018 22:40:08
# 27.4881,  6.652194,  0.996,  0.1239,  0.1749,  42.8075,  18 Aug 2018 22:44:08
# 27.5006,  6.649116,  0.994,  0.1230,  0.1933,  42.7734,  18 Aug 2018 22:48:08
# 27.4550,  6.660581,  0.997,  0.1228,  0.1801,  42.8995,  18 Aug 2018 22:52:08
# 27.4470,  6.657510,  1.042,  0.1157,  0.1958,  42.8844,  18 Aug 2018 22:56:08
# 27.4841,  6.656460,  1.036,  0.1231,  0.2274,  42.8424,  18 Aug 2018 23:00:08
# 27.4763,  6.659531,  0.998,  0.1279,  0.2154,  42.8722,  18 Aug 2018 23:04:08
# 27.4827,  6.659239,  1.047,  0.1267,  0.1836,  42.8641,  18 Aug 2018 23:08:08
# 27.4794,  6.663093,  0.976,  0.1203,  0.2019,  42.8954,  18 Aug 2018 23:12:08
# 27.4749,  6.663248,  1.024,  0.1219,  0.2006,  42.9007,  18 Aug 2018 23:16:08
# 27.4413,  6.662371,  1.039,  0.1131,  0.2191,  42.9253,  18 Aug 2018 23:20:08
# 27.4320,  6.662458,  1.001,  0.1056,  0.2092,  42.9345,  18 Aug 2018 23:24:08
# 27.4349,  6.661064,  0.994,  0.1182,  0.2129,  42.9216,  18 Aug 2018 23:28:08
# 27.4394,  6.659403,  1.002,  0.1083,  0.1810,  42.9053,  18 Aug 2018 23:32:08
# 27.4479,  6.658414,  0.975,  0.1155,  0.1775,  42.8902,  18 Aug 2018 23:36:08
# 27.4538,  6.656676,  0.993,  0.1106,  0.1907,  42.8720,  18 Aug 2018 23:40:08
# 27.4654,  6.655394,  1.067,  0.1141,  0.1870,  42.8519,  18 Aug 2018 23:44:08
# 27.4989,  6.656099,  0.966,  0.1328,  0.2032,  42.8262,  18 Aug 2018 23:48:08
# 27.4801,  6.660779,  0.963,  0.1268,  0.2020,  42.8778,  18 Aug 2018 23:52:08
# 27.4027,  6.667243,  0.954,  0.1194,  0.2251,  42.9969,  18 Aug 2018 23:56:08
# 27.4012,  6.667235,  0.972,  0.1218,  0.2055,  42.9983,  19 Aug 2018 00:00:08
# 27.4246,  6.663335,  0.916,  0.1241,  0.2075,  42.9479,  19 Aug 2018 00:04:08
# 27.4139,  6.664644,  0.966,  0.1192,  0.2127,  42.9674,  19 Aug 2018 00:08:08
# 27.4097,  6.663534,  0.947,  0.1144,  0.1933,  42.9631,  19 Aug 2018 00:12:08
# 27.4069,  6.659283,  0.981,  0.1082,  0.1947,  42.9345,  19 Aug 2018 00:16:08
# 27.4173,  6.655653,  0.966,  0.1182,  0.1834,  42.8982,  19 Aug 2018 00:20:08
# 27.4381,  6.650321,  0.946,  0.1194,  0.1799,  42.8399,  19 Aug 2018 00:24:08
# 27.4601,  6.647621,  0.896,  0.1305,  0.1885,  42.7998,  19 Aug 2018 00:28:08
# 27.4269,  6.654044,  0.919,  0.1281,  0.1858,  42.8776,  19 Aug 2018 00:32:08
# 27.4161,  6.651929,  0.960,  0.1179,  0.1859,  42.8720,  19 Aug 2018 00:36:08
# 27.3990,  6.656660,  0.953,  0.1144,  0.1957,  42.9226,  19 Aug 2018 00:40:08
# 27.3845,  6.638720,  0.889,  0.1192,  0.2055,  42.8042,  19 Aug 2018 00:44:08
# 27.3749,  6.637869,  0.961,  0.1194,  0.1836,  42.8068,  19 Aug 2018 00:48:08
# 27.3789,  6.626208,  0.967,  0.1339,  0.1870,  42.7175,  19 Aug 2018 00:52:08
# 27.3705,  6.631016,  1.027,  0.1203,  0.1944,  42.7604,  19 Aug 2018 00:56:08
# 27.3645,  6.624217,  0.956,  0.1328,  0.1871,  42.7161,  19 Aug 2018 01:00:08
# 27.3508,  6.645586,  0.940,  0.1242,  0.2118,  42.8858,  19 Aug 2018 01:04:08
# 27.3514,  6.642320,  1.013,  0.1182,  0.2031,  42.8612,  19 Aug 2018 01:08:08
# 27.3451,  6.648440,  0.928,  0.1178,  0.2080,  42.9120,  19 Aug 2018 01:12:08
# 27.3382,  6.658227,  0.923,  0.1144,  0.1957,  42.9905,  19 Aug 2018 01:16:08
# 27.3380,  6.667193,  0.913,  0.1141,  0.1994,  43.0566,  19 Aug 2018 01:20:08
# 27.3364,  6.665919,  0.882,  0.1158,  0.1981,  43.0488,  19 Aug 2018 01:24:08
# 27.3344,  6.660343,  0.923,  0.1119,  0.1933,  43.0095,  19 Aug 2018 01:28:08
# 27.3367,  6.659319,  0.915,  0.1157,  0.1944,  42.9998,  19 Aug 2018 01:32:08
# 27.3243,  6.653514,  0.936,  0.1130,  0.2164,  42.9686,  19 Aug 2018 01:36:08
# 27.3222,  6.652129,  0.929,  0.1131,  0.2251,  42.9604,  19 Aug 2018 01:40:08
# 27.3285,  6.649962,  0.927,  0.1118,  0.1959,  42.9386,  19 Aug 2018 01:44:08
# 27.3359,  6.650022,  0.898,  0.1168,  0.2016,  42.9322,  19 Aug 2018 01:48:08
# 27.3200,  6.660593,  0.922,  0.1083,  0.1979,  43.0247,  19 Aug 2018 01:52:08
# 27.2916,  6.666824,  0.821,  0.1106,  0.2041,  43.0970,  19 Aug 2018 01:56:08
# 27.3095,  6.652688,  0.861,  0.1268,  0.2007,  42.9763,  19 Aug 2018 02:00:08
# 27.3104,  6.655088,  0.959,  0.1218,  0.1897,  42.9931,  19 Aug 2018 02:04:08
# 27.3041,  6.658993,  0.882,  0.1119,  0.2044,  43.0277,  19 Aug 2018 02:08:08
# 27.3053,  6.657789,  0.863,  0.1155,  0.2066,  43.0177,  19 Aug 2018 02:12:08
# 27.3044,  6.662004,  0.903,  0.1134,  0.2799,  43.0497,  19 Aug 2018 02:16:08
# 27.2940,  6.671800,  0.979,  0.1156,  0.2055,  43.1314,  19 Aug 2018 02:20:08
# 27.2904,  6.672308,  0.814,  0.1241,  0.2166,  43.1386,  19 Aug 2018 02:24:08
# 27.2812,  6.670526,  0.829,  0.1230,  0.1979,  43.1340,  19 Aug 2018 02:28:08
# 27.2866,  6.665042,  0.838,  0.1164,  0.1956,  43.0886,  19 Aug 2018 02:32:08
# 27.2884,  6.665085,  0.803,  0.1168,  0.2585,  43.0873,  19 Aug 2018 02:36:08
# 27.2970,  6.662082,  0.850,  0.1168,  0.1968,  43.0571,  19 Aug 2018 02:40:08
# 27.2854,  6.665172,  0.876,  0.1133,  0.1897,  43.0907,  19 Aug 2018 02:44:08
# 27.2982,  6.655053,  0.810,  0.1154,  0.1942,  43.0042,  19 Aug 2018 02:48:08
# 27.3034,  6.653273,  0.766,  0.1156,  0.1949,  42.9863,  19 Aug 2018 02:52:08
# 27.3020,  6.652628,  0.811,  0.1192,  0.1859,  42.9829,  19 Aug 2018 02:56:08
# 27.2915,  6.660499,  0.779,  0.1146,  0.1907,  43.0506,  19 Aug 2018 03:00:08
# 27.2810,  6.662065,  0.764,  0.1132,  0.2406,  43.0719,  19 Aug 2018 03:04:08
# 27.2862,  6.656464,  0.791,  0.1157,  0.2092,  43.0258,  19 Aug 2018 03:08:08
# 27.2732,  6.667427,  0.781,  0.1105,  0.2030,  43.1187,  19 Aug 2018 03:12:08
# 27.2688,  6.666652,  0.751,  0.1070,  0.1933,  43.1170,  19 Aug 2018 03:16:08
# 27.2786,  6.663855,  0.795,  0.1207,  0.2080,  43.0874,  19 Aug 2018 03:20:08
# 27.2454,  6.671904,  0.764,  0.1106,  0.2157,  43.1776,  19 Aug 2018 03:24:08
# 27.2398,  6.672111,  0.826,  0.1117,  0.2379,  43.1843,  19 Aug 2018 03:28:08
# 27.2285,  6.672223,  0.814,  0.1132,  0.2068,  43.1957,  19 Aug 2018 03:32:08
# 27.2287,  6.670914,  0.786,  0.1054,  0.2129,  43.1859,  19 Aug 2018 03:36:08
# 27.2432,  6.666954,  0.724,  0.1168,  0.2090,  43.1432,  19 Aug 2018 03:40:08
# 27.2415,  6.669235,  0.777,  0.1157,  0.2142,  43.1616,  19 Aug 2018 03:44:08
# 27.2458,  6.651967,  0.774,  0.1204,  0.1994,  43.0302,  19 Aug 2018 03:48:08
# 27.2536,  6.654633,  0.746,  0.1193,  0.1908,  43.0426,  19 Aug 2018 03:52:08
# 27.2507,  6.663554,  0.806,  0.1118,  0.2193,  43.1111,  19 Aug 2018 03:56:08
# 27.2475,  6.665964,  0.765,  0.1118,  0.1979,  43.1319,  19 Aug 2018 04:00:08
# 27.2393,  6.667290,  0.739,  0.1091,  0.2116,  43.1493,  19 Aug 2018 04:04:08
# 27.2229,  6.667505,  0.700,  0.1119,  0.2032,  43.1662,  19 Aug 2018 04:08:08
# 27.2109,  6.667290,  0.797,  0.1070,  0.2203,  43.1757,  19 Aug 2018 04:12:08
# 27.2097,  6.664924,  0.791,  0.1055,  0.2070,  43.1594,  19 Aug 2018 04:16:08
# 27.2150,  6.663719,  0.781,  0.1045,  0.1969,  43.1456,  19 Aug 2018 04:20:08
# 27.2126,  6.660802,  0.699,  0.1056,  0.1836,  43.1263,  19 Aug 2018 04:24:08
# 27.2121,  6.659821,  0.818,  0.1057,  0.2031,  43.1195,  19 Aug 2018 04:28:08
# 27.2090,  6.660870,  0.780,  0.1057,  0.2054,  43.1302,  19 Aug 2018 04:32:08
# 27.2083,  6.663073,  0.751,  0.1045,  0.2439,  43.1471,  19 Aug 2018 04:36:08
# 27.2031,  6.663116,  0.783,  0.1057,  0.2007,  43.1522,  19 Aug 2018 04:40:08
# 27.1924,  6.657997,  0.813,  0.1031,  0.2116,  43.1245,  19 Aug 2018 04:44:08
# 27.1943,  6.657318,  0.770,  0.1070,  0.2253,  43.1177,  19 Aug 2018 04:48:08
# 27.1944,  6.656819,  0.847,  0.1046,  0.2023,  43.1139,  19 Aug 2018 04:52:08
# 27.1907,  6.658049,  0.747,  0.1044,  0.2300,  43.1264,  19 Aug 2018 04:56:08
# 27.1854,  6.658428,  0.772,  0.1035,  0.2106,  43.1341,  19 Aug 2018 05:00:08
# 27.1818,  6.658608,  0.767,  0.1019,  0.2329,  43.1388,  19 Aug 2018 05:04:08
# 27.1815,  6.655735,  0.745,  0.1035,  0.2058,  43.1179,  19 Aug 2018 05:08:08
# 27.1788,  6.656768,  0.866,  0.1034,  0.1971,  43.1280,  19 Aug 2018 05:12:08
# 27.1733,  6.652296,  0.780,  0.1044,  0.2178,  43.1001,  19 Aug 2018 05:16:08
# 27.1735,  6.653276,  0.761,  0.1044,  0.2192,  43.1073,  19 Aug 2018 05:20:08
# 27.1683,  6.653912,  0.813,  0.1022,  0.2320,  43.1167,  19 Aug 2018 05:24:08
# 27.1621,  6.659744,  0.840,  0.1019,  0.2226,  43.1656,  19 Aug 2018 05:28:08
# 27.1567,  6.658635,  0.798,  0.1007,  0.2311,  43.1624,  19 Aug 2018 05:32:08
# 27.1533,  6.654713,  0.762,  0.0993,  0.1897,  43.1367,  19 Aug 2018 05:36:08
# 27.1535,  6.653758,  0.794,  0.1034,  0.2092,  43.1294,  19 Aug 2018 05:40:08
# 27.1481,  6.654953,  0.787,  0.1020,  0.2068,  43.1433,  19 Aug 2018 05:44:08
# 27.1329,  6.651849,  0.739,  0.1059,  0.2164,  43.1345,  19 Aug 2018 05:48:08
# 27.1255,  6.651119,  0.786,  0.1018,  0.2242,  43.1360,  19 Aug 2018 05:52:08
# 27.1220,  6.650749,  0.773,  0.1007,  0.2054,  43.1367,  19 Aug 2018 05:56:08
# 27.1163,  6.650672,  0.850,  0.1009,  0.2237,  43.1413,  19 Aug 2018 06:00:08
# 27.1155,  6.647585,  0.799,  0.1093,  0.2267,  43.1193,  19 Aug 2018 06:04:08
# 27.1140,  6.647310,  0.861,  0.1086,  0.2261,  43.1187,  19 Aug 2018 06:08:08
# 27.1046,  6.646786,  0.845,  0.1057,  0.2043,  43.1235,  19 Aug 2018 06:12:08
# 27.1024,  6.646571,  0.939,  0.1019,  0.2202,  43.1240,  19 Aug 2018 06:16:08
# 27.1049,  6.640057,  0.875,  0.1045,  0.2216,  43.0735,  19 Aug 2018 06:20:08
# 27.0982,  6.640504,  0.860,  0.1022,  0.2130,  43.0831,  19 Aug 2018 06:24:08
# 27.0961,  6.638958,  0.858,  0.1044,  0.2215,  43.0736,  19 Aug 2018 06:28:08
# 27.0984,  6.641896,  0.818,  0.1056,  0.1835,  43.0931,  19 Aug 2018 06:32:08
# 27.0969,  6.636243,  0.861,  0.1058,  0.1762,  43.0528,  19 Aug 2018 06:36:08
# 27.0902,  6.639551,  0.929,  0.1032,  0.1945,  43.0834,  19 Aug 2018 06:40:08
# 27.0851,  6.641029,  0.846,  0.1056,  0.1823,  43.0992,  19 Aug 2018 06:44:08
# 27.0843,  6.636802,  0.871,  0.1046,  0.1809,  43.0687,  19 Aug 2018 06:48:08
# 27.0621,  6.637206,  0.985,  0.1059,  0.1956,  43.0923,  19 Aug 2018 06:52:08
# 27.0810,  6.632070,  0.911,  0.1057,  0.1873,  43.0367,  19 Aug 2018 06:56:08
# 27.0927,  6.633744,  0.845,  0.1106,  0.1920,  43.0382,  19 Aug 2018 07:00:08
# 27.0875,  6.635101,  0.880,  0.1056,  0.1813,  43.0531,  19 Aug 2018 07:04:08
# 27.0674,  6.636605,  0.966,  0.1021,  0.2065,  43.0829,  19 Aug 2018 07:08:08
# 27.0496,  6.638701,  0.963,  0.1019,  0.1897,  43.1151,  19 Aug 2018 07:12:08
# 27.0489,  6.637936,  0.858,  0.1006,  0.2092,  43.1101,  19 Aug 2018 07:16:08
# 27.0497,  6.633590,  0.954,  0.1035,  0.2031,  43.0772,  19 Aug 2018 07:20:08
# 27.0404,  6.636640,  0.921,  0.1045,  0.1849,  43.1084,  19 Aug 2018 07:24:08
# 27.0230,  6.642981,  0.958,  0.1032,  0.2056,  43.1716,  19 Aug 2018 07:28:08
# 27.0316,  6.639131,  1.011,  0.1057,  0.1921,  43.1351,  19 Aug 2018 07:32:08
# 27.0424,  6.636373,  0.982,  0.1022,  0.1836,  43.1045,  19 Aug 2018 07:36:08
# 27.0508,  6.638916,  0.966,  0.1032,  0.1737,  43.1156,  19 Aug 2018 07:40:08
# 27.0458,  6.639492,  0.943,  0.1059,  0.2454,  43.1245,  19 Aug 2018 07:44:08
# 27.0565,  6.636399,  0.971,  0.0982,  0.1751,  43.0916,  19 Aug 2018 07:48:08
# 27.0622,  6.635875,  0.957,  0.1035,  0.1728,  43.0824,  19 Aug 2018 07:52:08
# 27.0709,  6.631417,  0.953,  0.0996,  0.2380,  43.0413,  19 Aug 2018 07:56:08
# 27.0798,  6.630223,  0.989,  0.0972,  0.1713,  43.0241,  19 Aug 2018 08:00:08
# 27.0692,  6.631958,  1.034,  0.1022,  0.1847,  43.0468,  19 Aug 2018 08:04:08
# 27.1119,  6.627613,  0.983,  0.0995,  0.1734,  42.9750,  19 Aug 2018 08:08:08
# 27.1041,  6.632601,  0.919,  0.1070,  0.2090,  43.0192,  19 Aug 2018 08:12:08
# 27.1202,  6.629501,  1.055,  0.0997,  0.1740,  42.9812,  19 Aug 2018 08:16:08
# 27.0998,  6.634379,  0.969,  0.1019,  0.1736,  43.0363,  19 Aug 2018 08:20:08
# 27.0874,  6.636235,  1.043,  0.0973,  0.1910,  43.0616,  19 Aug 2018 08:24:08
# 27.0897,  6.635238,  1.034,  0.0996,  0.2308,  43.0520,  19 Aug 2018 08:28:08
# 27.1064,  6.635831,  1.035,  0.0982,  0.1762,  43.0408,  19 Aug 2018 08:32:08
# 27.1298,  6.634817,  1.007,  0.0958,  0.1676,  43.0115,  19 Aug 2018 08:36:08
# 27.1266,  6.636071,  0.976,  0.0994,  0.1821,  43.0238,  19 Aug 2018 08:40:08
# 27.1540,  6.636809,  1.055,  0.1042,  0.1907,  43.0037,  19 Aug 2018 08:44:08
# 27.1605,  6.642084,  1.058,  0.1020,  0.2019,  43.0366,  19 Aug 2018 08:48:08
# 27.1743,  6.645066,  1.040,  0.1009,  0.2276,  43.0458,  19 Aug 2018 08:52:08
# 27.1780,  6.648564,  1.026,  0.0996,  0.2070,  43.0681,  19 Aug 2018 08:56:08
# 27.1363,  6.652563,  1.069,  0.1019,  0.1933,  43.1366,  19 Aug 2018 09:00:08
# 27.1403,  6.653526,  1.149,  0.0970,  0.1812,  43.1399,  19 Aug 2018 09:04:08
# 27.1602,  6.656682,  1.068,  0.0967,  0.1724,  43.1447,  19 Aug 2018 09:08:08
# 27.1386,  6.656734,  1.097,  0.0945,  0.1895,  43.1653,  19 Aug 2018 09:12:08
# 27.2080,  6.657395,  1.141,  0.0981,  0.1858,  43.1053,  19 Aug 2018 09:16:08
# 27.2458,  6.658831,  1.033,  0.0978,  0.1714,  43.0807,  19 Aug 2018 09:20:08
# 27.2337,  6.657971,  1.115,  0.0959,  0.1642,  43.0856,  19 Aug 2018 09:24:08
# 27.2496,  6.660775,  1.124,  0.0969,  0.1565,  43.0915,  19 Aug 2018 09:28:08
# 27.3008,  6.665395,  1.074,  0.0970,  0.1691,  43.0779,  19 Aug 2018 09:32:08
# 27.3403,  6.669173,  1.103,  0.0943,  0.1786,  43.0689,  19 Aug 2018 09:36:08
# 27.2909,  6.667995,  1.083,  0.0935,  0.1701,  43.1062,  19 Aug 2018 09:40:08
# 27.3396,  6.672273,  1.197,  0.0932,  0.1750,  43.0924,  19 Aug 2018 09:44:08
# 27.3356,  6.676639,  1.178,  0.0934,  0.1665,  43.1282,  19 Aug 2018 09:48:08
# 27.3916,  6.680445,  1.067,  0.0944,  0.1701,  43.1042,  19 Aug 2018 09:52:08
# 27.3417,  6.680438,  1.180,  0.0996,  0.2547,  43.1506,  19 Aug 2018 09:56:08
# 27.4034,  6.683805,  1.165,  0.0993,  0.1675,  43.1179,  19 Aug 2018 10:00:08
# 27.4380,  6.690243,  1.156,  0.1018,  0.1603,  43.1331,  19 Aug 2018 10:04:08
# 27.4850,  6.696287,  1.148,  0.1019,  0.1970,  43.1338,  19 Aug 2018 10:08:08
# 27.5073,  6.698020,  1.167,  0.0995,  0.1898,  43.1257,  19 Aug 2018 10:12:08
# 27.5559,  6.703799,  1.242,  0.0983,  0.1736,  43.1230,  19 Aug 2018 10:16:08
# 27.5439,  6.705612,  1.204,  0.0982,  0.1849,  43.1474,  19 Aug 2018 10:20:08
# 27.5238,  6.705767,  1.224,  0.0969,  0.1677,  43.1672,  19 Aug 2018 10:24:08
# 27.5482,  6.706129,  1.128,  0.0996,  0.1737,  43.1473,  19 Aug 2018 10:28:08
# 27.5232,  6.706544,  1.284,  0.0995,  0.1689,  43.1735,  19 Aug 2018 10:32:08
# 27.4475,  6.699721,  1.200,  0.0943,  0.1725,  43.1938,  19 Aug 2018 10:36:08
# 27.5083,  6.704896,  1.198,  0.1006,  0.1715,  43.1753,  19 Aug 2018 10:40:08
# 27.5558,  6.710523,  1.195,  0.0970,  0.1615,  43.1724,  19 Aug 2018 10:44:08
# 27.4677,  6.703214,  1.171,  0.0955,  0.1701,  43.2007,  19 Aug 2018 10:48:08
# 27.5101,  6.706847,  1.248,  0.0980,  0.1846,  43.1879,  19 Aug 2018 10:52:08
# 27.5182,  6.709401,  1.234,  0.1019,  0.1784,  43.1991,  19 Aug 2018 10:56:08
# 27.6022,  6.716393,  1.169,  0.0993,  0.1725,  43.1724,  19 Aug 2018 11:00:08
# 27.5786,  6.714235,  1.214,  0.1020,  0.1740,  43.1784,  19 Aug 2018 11:04:08
# 27.5870,  6.715331,  1.200,  0.1056,  0.1813,  43.1787,  19 Aug 2018 11:08:08
# 27.6002,  6.721973,  1.234,  0.1131,  0.1712,  43.2151,  19 Aug 2018 11:12:08
# 27.6234,  6.723675,  1.254,  0.1093,  0.1726,  43.2060,  19 Aug 2018 11:16:08
# 27.6342,  6.723977,  1.201,  0.1059,  0.1824,  43.1981,  19 Aug 2018 11:20:08
# 27.6301,  6.724081,  1.246,  0.1083,  0.1653,  43.2027,  19 Aug 2018 11:24:08
# 27.5995,  6.722043,  1.211,  0.1044,  0.1869,  43.2163,  19 Aug 2018 11:28:08
# 27.6127,  6.722967,  1.245,  0.1092,  0.1833,  43.2107,  19 Aug 2018 11:32:08
# 27.6726,  6.728453,  1.220,  0.1020,  0.1747,  43.1953,  19 Aug 2018 11:36:08
# 27.6239,  6.725559,  1.209,  0.0996,  0.1662,  43.2193,  19 Aug 2018 11:40:08
# 27.6232,  6.725066,  1.207,  0.0994,  0.1810,  43.2164,  19 Aug 2018 11:44:08
# 27.6494,  6.727434,  1.310,  0.0983,  0.1762,  43.2093,  19 Aug 2018 11:48:08
# 27.7074,  6.734711,  1.329,  0.1032,  0.1860,  43.2087,  19 Aug 2018 11:52:08
# 27.7272,  6.737625,  1.312,  0.0980,  0.1676,  43.2117,  19 Aug 2018 11:56:08
# 27.6538,  6.729689,  1.214,  0.1020,  0.1884,  43.2218,  19 Aug 2018 12:00:08
# 27.6679,  6.730043,  1.245,  0.0958,  0.1629,  43.2112,  19 Aug 2018 12:04:08
# 27.6703,  6.731539,  1.277,  0.0958,  0.1628,  43.2200,  19 Aug 2018 12:08:08
# 27.6400,  6.731107,  1.284,  0.0970,  0.1810,  43.2450,  19 Aug 2018 12:12:08
# 27.6793,  6.732671,  1.206,  0.0969,  0.1726,  43.2200,  19 Aug 2018 12:16:08
# 27.7096,  6.736216,  1.264,  0.1032,  0.1738,  43.2177,  19 Aug 2018 12:20:08
# 27.6794,  6.733190,  1.258,  0.1054,  0.1784,  43.2236,  19 Aug 2018 12:24:08
# 27.6668,  6.732014,  1.219,  0.0980,  0.1834,  43.2267,  19 Aug 2018 12:28:08
# 27.6751,  6.734444,  1.180,  0.0970,  0.1774,  43.2368,  19 Aug 2018 12:32:08
# 27.7017,  6.736718,  1.223,  0.0993,  0.1820,  43.2288,  19 Aug 2018 12:36:08
# 27.7242,  6.738291,  1.260,  0.0968,  0.1713,  43.2193,  19 Aug 2018 12:40:08
# 27.6955,  6.735377,  1.231,  0.0995,  0.1759,  43.2247,  19 Aug 2018 12:44:08
# 27.6869,  6.734634,  1.235,  0.0957,  0.1748,  43.2272,  19 Aug 2018 12:48:08
# 27.7340,  6.740047,  1.229,  0.0934,  0.1582,  43.2231,  19 Aug 2018 12:52:08
# 27.7847,  6.743030,  1.199,  0.0970,  0.1714,  43.1979,  19 Aug 2018 12:56:08
# 27.7852,  6.741802,  1.339,  0.1008,  0.1783,  43.1884,  19 Aug 2018 13:00:08
# 27.8075,  6.742943,  1.167,  0.1044,  0.1784,  43.1761,  19 Aug 2018 13:04:08
# 27.7209,  6.740748,  1.155,  0.0993,  0.1943,  43.2404,  19 Aug 2018 13:08:08
# 27.8414,  6.749563,  1.283,  0.1028,  0.1674,  43.1930,  19 Aug 2018 13:12:08
# 27.8324,  6.746836,  1.260,  0.1009,  0.1748,  43.1815,  19 Aug 2018 13:16:08
# 27.7656,  6.742529,  1.200,  0.1029,  0.2057,  43.2119,  19 Aug 2018 13:20:08
# 27.6984,  6.737314,  1.313,  0.1008,  0.1983,  43.2362,  19 Aug 2018 13:24:08
# 27.8086,  6.744552,  1.205,  0.0993,  0.1689,  43.1868,  19 Aug 2018 13:28:08
# 27.8124,  6.746560,  1.270,  0.1007,  0.1859,  43.1979,  19 Aug 2018 13:32:08
# 27.8905,  6.749986,  1.183,  0.1020,  0.2392,  43.1507,  19 Aug 2018 13:36:08
# 27.8668,  6.748428,  1.245,  0.1042,  0.1724,  43.1612,  19 Aug 2018 13:40:08
# 27.8742,  6.753224,  1.230,  0.0995,  0.1907,  43.1894,  19 Aug 2018 13:44:08
# 27.8353,  6.749355,  1.227,  0.0982,  0.1772,  43.1971,  19 Aug 2018 13:48:08
# 27.8555,  6.749813,  1.173,  0.0983,  0.1702,  43.1818,  19 Aug 2018 13:52:08
# 27.8729,  6.754133,  1.162,  0.0958,  0.1688,  43.1972,  19 Aug 2018 13:56:08
