# 23.6309,  4.866174,  0.828,  0.1187,  0.5554,  32.7376,  14 Feb 2018 14:01:23
# 23.6372,  4.859220,  0.832,  0.1208,  0.5607,  32.6805,  14 Feb 2018 14:05:23
# 23.6475,  4.863274,  0.833,  0.1186,  0.5317,  32.7035,  14 Feb 2018 14:09:23
# 23.6511,  4.892734,  0.838,  0.1162,  0.4854,  32.9230,  14 Feb 2018 14:13:23
# 23.6676,  4.890878,  0.853,  0.1174,  0.5160,  32.8967,  14 Feb 2018 14:17:23
# 23.6798,  4.874303,  0.829,  0.1147,  0.5173,  32.7628,  14 Feb 2018 14:21:23
# 23.6828,  4.888910,  0.854,  0.1233,  0.5589,  32.8706,  14 Feb 2018 14:25:23
# 23.6915,  4.889330,  0.836,  0.1198,  0.5628,  32.8674,  14 Feb 2018 14:29:23
# 23.6909,  4.919438,  0.857,  0.1173,  0.5690,  33.0948,  14 Feb 2018 14:33:23
# 23.6984,  4.907282,  0.857,  0.1162,  0.5075,  32.9976,  14 Feb 2018 14:37:23
# 23.7098,  4.867980,  0.852,  0.1183,  0.5380,  32.6930,  14 Feb 2018 14:41:23
# 23.7091,  4.898761,  0.854,  0.1135,  0.4903,  32.9254,  14 Feb 2018 14:45:23
# 23.7196,  4.882669,  0.865,  0.1223,  0.5330,  32.7964,  14 Feb 2018 14:49:23
# 23.7281,  4.873567,  0.865,  0.1209,  0.5736,  32.7216,  14 Feb 2018 14:53:23
# 23.7227,  4.919995,  0.864,  0.1209,  0.5375,  33.0753,  14 Feb 2018 14:57:23
# 23.7304,  4.912895,  0.860,  0.1247,  0.5367,  33.0161,  14 Feb 2018 15:01:23
# 23.7283,  4.935611,  0.871,  0.1223,  0.5146,  33.1889,  14 Feb 2018 15:05:23
# 23.7421,  4.896603,  0.863,  0.1236,  0.5306,  32.8847,  14 Feb 2018 15:09:23
# 23.7431,  4.905829,  0.875,  0.1197,  0.4952,  32.9534,  14 Feb 2018 15:13:23
# 23.7489,  4.897565,  0.858,  0.1262,  0.5099,  32.8869,  14 Feb 2018 15:17:23
# 23.7588,  4.872591,  0.884,  0.1246,  0.5379,  32.6917,  14 Feb 2018 15:21:23
# 23.7593,  4.887069,  0.858,  0.1223,  0.5541,  32.8002,  14 Feb 2018 15:25:23
# 23.7572,  4.892687,  0.884,  0.1235,  0.5077,  32.8441,  14 Feb 2018 15:29:23
# 23.7528,  4.917532,  0.851,  0.1270,  0.4964,  33.0344,  14 Feb 2018 15:33:23
# 23.7566,  4.888308,  0.882,  0.1234,  0.4968,  32.8115,  14 Feb 2018 15:37:23
# 23.7511,  4.919949,  0.873,  0.1198,  0.5160,  33.0538,  14 Feb 2018 15:41:23
# 23.7607,  4.913624,  0.872,  0.1298,  0.5187,  32.9991,  14 Feb 2018 15:45:23
# 23.7709,  4.878848,  0.873,  0.1323,  0.5652,  32.7299,  14 Feb 2018 15:49:23
# 23.7654,  4.900985,  0.878,  0.1210,  0.5422,  32.9004,  14 Feb 2018 15:53:23
# 23.7595,  4.927415,  0.859,  0.1309,  0.5148,  33.1038,  14 Feb 2018 15:57:23
# 23.7606,  4.913835,  0.873,  0.1247,  0.5492,  33.0008,  14 Feb 2018 16:01:23
# 23.7653,  4.896054,  0.870,  0.1246,  0.5158,  32.8634,  14 Feb 2018 16:05:23
# 23.7560,  4.890877,  0.882,  0.1333,  0.6793,  32.8313,  14 Feb 2018 16:09:23
# 23.7607,  4.912955,  0.872,  0.1324,  0.5964,  32.9940,  14 Feb 2018 16:13:23
# 23.7677,  4.879583,  0.885,  0.1295,  0.5489,  32.7377,  14 Feb 2018 16:17:23
# 23.7616,  4.921493,  0.890,  0.1312,  0.5674,  33.0576,  14 Feb 2018 16:21:23
# 23.7669,  4.910983,  0.865,  0.1309,  0.5087,  32.9746,  14 Feb 2018 16:25:23
# 23.7601,  4.948234,  0.888,  0.1275,  0.5013,  33.2603,  14 Feb 2018 16:29:23
# 23.7647,  4.923158,  0.863,  0.1284,  0.5605,  33.0679,  14 Feb 2018 16:33:23
# 23.7611,  4.947978,  0.875,  0.1248,  0.4857,  33.2576,  14 Feb 2018 16:37:23
# 23.7757,  4.911667,  0.874,  0.1296,  0.4978,  32.9732,  14 Feb 2018 16:41:23
# 23.7712,  4.933974,  0.874,  0.1274,  0.5171,  33.1446,  14 Feb 2018 16:45:23
# 23.7759,  4.922367,  0.845,  0.1283,  0.5222,  33.0536,  14 Feb 2018 16:49:23
# 23.7710,  4.950016,  0.858,  0.1321,  0.5160,  33.2656,  14 Feb 2018 16:53:23
# 23.7751,  4.928259,  0.872,  0.1295,  0.5420,  33.0986,  14 Feb 2018 16:57:23
# 23.7709,  4.948514,  0.867,  0.1236,  0.4905,  33.2544,  14 Feb 2018 17:01:23
# 23.7710,  4.941660,  0.843,  0.1309,  0.5341,  33.2026,  14 Feb 2018 17:05:23
# 23.7714,  4.933664,  0.875,  0.1246,  0.4723,  33.1421,  14 Feb 2018 17:09:23
# 23.7692,  4.935889,  0.838,  0.1235,  0.4843,  33.1605,  14 Feb 2018 17:13:23
# 23.7614,  4.939510,  0.836,  0.1281,  0.5038,  33.1936,  14 Feb 2018 17:17:23
# 23.7580,  4.955167,  0.847,  0.1270,  0.4747,  33.3142,  14 Feb 2018 17:21:23
# 23.7496,  4.978693,  0.838,  0.1260,  0.5061,  33.4980,  14 Feb 2018 17:25:23
# 23.7496,  4.967995,  0.839,  0.1273,  0.4892,  33.4172,  14 Feb 2018 17:29:23
# 23.7489,  4.978633,  0.828,  0.1247,  0.4652,  33.4981,  14 Feb 2018 17:33:23
# 23.7520,  5.018617,  0.829,  0.1245,  0.4524,  33.7978,  14 Feb 2018 17:37:23
# 23.7567,  5.000044,  0.854,  0.1260,  0.4522,  33.6538,  14 Feb 2018 17:41:23
# 23.7654,  4.999263,  0.836,  0.1247,  0.4606,  33.6414,  14 Feb 2018 17:45:23
# 23.7700,  4.997125,  0.812,  0.1283,  0.5409,  33.6218,  14 Feb 2018 17:49:23
# 23.7764,  4.970838,  0.838,  0.1284,  0.5221,  33.4186,  14 Feb 2018 17:53:23
# 23.7783,  4.973569,  0.837,  0.1199,  0.4619,  33.4377,  14 Feb 2018 17:57:23
# 23.7780,  4.990167,  0.796,  0.1224,  0.5013,  33.5632,  14 Feb 2018 18:01:23
# 23.7705,  4.988424,  0.799,  0.1183,  0.4709,  33.5557,  14 Feb 2018 18:05:23
# 23.7695,  4.979783,  0.802,  0.1197,  0.4820,  33.4913,  14 Feb 2018 18:09:23
# 23.7653,  4.954593,  0.828,  0.1207,  0.4735,  33.3043,  14 Feb 2018 18:13:23
# 23.7641,  4.964478,  0.814,  0.1186,  0.5185,  33.3799,  14 Feb 2018 18:17:23
# 23.7727,  4.981494,  0.803,  0.1197,  0.5457,  33.5018,  14 Feb 2018 18:21:23
# 23.7371,  4.986947,  0.807,  0.1173,  0.4512,  33.5698,  14 Feb 2018 18:25:23
# 23.7298,  4.984887,  0.777,  0.1183,  0.4882,  33.5597,  14 Feb 2018 18:29:23
# 23.7346,  4.982744,  0.770,  0.1198,  0.4536,  33.5399,  14 Feb 2018 18:33:23
# 23.7420,  4.960729,  0.771,  0.1245,  0.4700,  33.3682,  14 Feb 2018 18:37:23
# 23.7388,  4.987288,  0.778,  0.1260,  0.5025,  33.5711,  14 Feb 2018 18:41:23
# 23.7272,  4.981737,  0.772,  0.1237,  0.5027,  33.5379,  14 Feb 2018 18:45:23
# 23.7163,  4.983426,  0.770,  0.1220,  0.4782,  33.5589,  14 Feb 2018 18:49:23
# 23.7215,  4.981275,  0.759,  0.1199,  0.4180,  33.5388,  14 Feb 2018 18:53:23
# 23.7184,  4.970037,  0.770,  0.1210,  0.4172,  33.4562,  14 Feb 2018 18:57:23
# 23.7048,  5.006835,  0.752,  0.1246,  0.4977,  33.7446,  14 Feb 2018 19:01:23
# 23.6887,  4.973835,  0.730,  0.1274,  0.5003,  33.5073,  14 Feb 2018 19:05:23
# 23.6866,  4.963602,  0.748,  0.1332,  0.5319,  33.4315,  14 Feb 2018 19:09:23
# 23.6824,  4.963814,  0.731,  0.1222,  0.5183,  33.4363,  14 Feb 2018 19:13:23
# 23.6763,  4.964699,  0.736,  0.1236,  0.5789,  33.4476,  14 Feb 2018 19:17:23
# 23.6787,  4.999575,  0.732,  0.1209,  0.4857,  33.7096,  14 Feb 2018 19:21:23
# 23.6715,  4.977930,  0.727,  0.1223,  0.4953,  33.5512,  14 Feb 2018 19:25:23
# 23.6746,  4.976757,  0.743,  0.1244,  0.5014,  33.5401,  14 Feb 2018 19:29:23
# 23.6655,  4.982442,  0.724,  0.1247,  0.5257,  33.5899,  14 Feb 2018 19:33:23
# 23.6659,  4.974169,  0.703,  0.1323,  0.4844,  33.5270,  14 Feb 2018 19:37:23
# 23.6713,  5.003512,  0.712,  0.1260,  0.5024,  33.7450,  14 Feb 2018 19:41:23
# 23.6694,  4.944522,  0.696,  0.1234,  0.4471,  33.3003,  14 Feb 2018 19:45:23
# 23.6636,  4.984934,  0.710,  0.1173,  0.4391,  33.6102,  14 Feb 2018 19:49:23
# 23.6586,  4.986585,  0.708,  0.1222,  0.5272,  33.6265,  14 Feb 2018 19:53:23
# 23.6536,  5.007792,  0.724,  0.1260,  0.5051,  33.7909,  14 Feb 2018 19:57:23
# 23.6368,  4.981163,  0.687,  0.1175,  0.4530,  33.6020,  14 Feb 2018 20:01:23
# 23.6402,  4.986169,  0.690,  0.1235,  0.5410,  33.6373,  14 Feb 2018 20:05:23
# 23.6195,  4.978801,  0.705,  0.1160,  0.4930,  33.5973,  14 Feb 2018 20:09:23
# 23.6250,  4.938230,  0.687,  0.1135,  0.4663,  33.2861,  14 Feb 2018 20:13:23
# 23.6283,  5.002511,  0.687,  0.1138,  0.5173,  33.7701,  14 Feb 2018 20:17:23
# 23.6147,  5.031812,  0.672,  0.1173,  0.4829,  34.0027,  14 Feb 2018 20:21:23
# 23.6218,  4.959559,  0.701,  0.1147,  0.4756,  33.4499,  14 Feb 2018 20:25:23
# 23.6261,  5.007511,  0.683,  0.1149,  0.4619,  33.8097,  14 Feb 2018 20:29:23
# 23.6142,  5.026263,  0.686,  0.1173,  0.4594,  33.9610,  14 Feb 2018 20:33:23
# 23.6211,  5.004454,  0.678,  0.1186,  0.4179,  33.7903,  14 Feb 2018 20:37:23
# 23.6163,  5.022866,  0.691,  0.1196,  0.4450,  33.9336,  14 Feb 2018 20:41:23
# 23.6158,  5.008399,  0.675,  0.1197,  0.5209,  33.8243,  14 Feb 2018 20:45:23
# 23.6126,  5.016181,  0.666,  0.1149,  0.4485,  33.8858,  14 Feb 2018 20:49:23
# 23.6031,  5.014465,  0.702,  0.1149,  0.4099,  33.8800,  14 Feb 2018 20:53:23
# 23.6006,  5.015262,  0.706,  0.1123,  0.4056,  33.8880,  14 Feb 2018 20:57:23
# 23.5986,  5.016811,  0.668,  0.1086,  0.4193,  33.9013,  14 Feb 2018 21:01:23
# 23.5829,  5.011003,  0.682,  0.1137,  0.4170,  33.8692,  14 Feb 2018 21:05:23
# 23.5843,  5.006055,  0.674,  0.1124,  0.4243,  33.8306,  14 Feb 2018 21:09:23
# 23.5840,  4.999433,  0.678,  0.1138,  0.3748,  33.7806,  14 Feb 2018 21:13:23
# 23.5842,  5.008407,  0.704,  0.1161,  0.3710,  33.8485,  14 Feb 2018 21:17:23
# 23.5689,  4.983799,  0.684,  0.1138,  0.4570,  33.6736,  14 Feb 2018 21:21:23
# 23.5695,  5.004523,  0.668,  0.1162,  0.4208,  33.8303,  14 Feb 2018 21:25:23
# 23.5667,  5.001792,  0.672,  0.1125,  0.4156,  33.8116,  14 Feb 2018 21:29:23
# 23.5566,  4.983451,  0.693,  0.1112,  0.3937,  33.6802,  14 Feb 2018 21:33:23
# 23.5591,  4.979900,  0.679,  0.1197,  0.4012,  33.6514,  14 Feb 2018 21:37:23
# 23.5611,  4.997659,  0.685,  0.1122,  0.3792,  33.7846,  14 Feb 2018 21:41:23
# 23.5516,  4.970471,  0.703,  0.1122,  0.3672,  33.5856,  14 Feb 2018 21:45:23
# 23.5474,  4.978969,  0.695,  0.1124,  0.4047,  33.6532,  14 Feb 2018 21:49:23
# 23.5454,  4.976426,  0.701,  0.1147,  0.3959,  33.6355,  14 Feb 2018 21:53:23
# 23.5486,  4.970728,  0.690,  0.1112,  0.4194,  33.5898,  14 Feb 2018 21:57:23
# 23.5463,  4.968414,  0.700,  0.1148,  0.3768,  33.5740,  14 Feb 2018 22:01:23
# 23.5473,  4.988405,  0.717,  0.1137,  0.4035,  33.7249,  14 Feb 2018 22:05:23
# 23.5477,  4.963219,  0.686,  0.1098,  0.3747,  33.5336,  14 Feb 2018 22:09:23
# 23.5496,  4.964754,  0.693,  0.1176,  0.3674,  33.5438,  14 Feb 2018 22:13:23
# 23.5482,  4.973474,  0.717,  0.1112,  0.3845,  33.6109,  14 Feb 2018 22:17:23
# 23.5462,  4.987473,  0.728,  0.1112,  0.3913,  33.7186,  14 Feb 2018 22:21:23
# 23.5375,  4.983398,  0.728,  0.1122,  0.4180,  33.6944,  14 Feb 2018 22:25:23
# 23.5333,  4.978901,  0.711,  0.1090,  0.4205,  33.6634,  14 Feb 2018 22:29:23
# 23.5284,  4.956516,  0.724,  0.1101,  0.3819,  33.4973,  14 Feb 2018 22:33:23
# 23.5266,  4.917362,  0.719,  0.1124,  0.3757,  33.2020,  14 Feb 2018 22:37:23
# 23.5285,  4.954808,  0.732,  0.1097,  0.3928,  33.4843,  14 Feb 2018 22:41:23
# 23.5289,  4.952044,  0.711,  0.1099,  0.3843,  33.4631,  14 Feb 2018 22:45:23
# 23.5334,  4.970449,  0.729,  0.1183,  0.3648,  33.5992,  14 Feb 2018 22:49:23
# 23.5336,  4.978598,  0.738,  0.1136,  0.3561,  33.6609,  14 Feb 2018 22:53:23
# 23.5319,  4.977122,  0.740,  0.1126,  0.3734,  33.6510,  14 Feb 2018 22:57:23
# 23.5329,  4.979726,  0.752,  0.1098,  0.3465,  33.6700,  14 Feb 2018 23:01:23
# 23.5273,  4.959085,  0.761,  0.1162,  0.3571,  33.5177,  14 Feb 2018 23:05:23
# 23.5276,  4.984747,  0.768,  0.1098,  0.3793,  33.7121,  14 Feb 2018 23:09:23
# 23.5249,  4.984111,  0.757,  0.1109,  0.3428,  33.7094,  14 Feb 2018 23:13:23
# 23.5240,  4.981922,  0.772,  0.1125,  0.3600,  33.6934,  14 Feb 2018 23:17:23
# 23.5188,  4.972469,  0.765,  0.1099,  0.3503,  33.6257,  14 Feb 2018 23:21:23
# 23.5170,  4.978122,  0.768,  0.1085,  0.3245,  33.6699,  14 Feb 2018 23:25:23
# 23.5098,  4.978750,  0.783,  0.1097,  0.3553,  33.6801,  14 Feb 2018 23:29:23
# 23.5071,  4.977130,  0.799,  0.1110,  0.3355,  33.6699,  14 Feb 2018 23:33:23
# 23.5071,  4.978523,  0.795,  0.1096,  0.3416,  33.6805,  14 Feb 2018 23:37:23
# 23.5059,  4.975897,  0.799,  0.1112,  0.3235,  33.6614,  14 Feb 2018 23:41:23
# 23.5039,  4.973021,  0.793,  0.1099,  0.3703,  33.6411,  14 Feb 2018 23:45:23
# 23.5020,  4.972870,  0.794,  0.1074,  0.3378,  33.6414,  14 Feb 2018 23:49:23
# 23.5028,  4.981392,  0.806,  0.1051,  0.3733,  33.7055,  14 Feb 2018 23:53:23
# 23.5025,  4.981385,  0.831,  0.1063,  0.3468,  33.7057,  14 Feb 2018 23:57:23
# 23.5021,  4.990618,  0.820,  0.1074,  0.3304,  33.7761,  15 Feb 2018 00:01:23
# 23.4990,  4.994142,  0.837,  0.1062,  0.3442,  33.8053,  15 Feb 2018 00:05:23
# 23.4977,  4.991641,  0.851,  0.1101,  0.3344,  33.7872,  15 Feb 2018 00:09:23
# 23.4947,  4.995257,  0.847,  0.1062,  0.3499,  33.8170,  15 Feb 2018 00:13:23
# 23.4907,  4.992005,  0.850,  0.1060,  0.3077,  33.7954,  15 Feb 2018 00:17:23
# 23.4899,  4.985762,  0.865,  0.1051,  0.3577,  33.7486,  15 Feb 2018 00:21:23
# 23.4892,  4.995439,  0.868,  0.1062,  0.3454,  33.8226,  15 Feb 2018 00:25:23
# 23.4868,  4.979561,  0.857,  0.1026,  0.3284,  33.7038,  15 Feb 2018 00:29:23
# 23.4872,  4.992399,  0.872,  0.1112,  0.3551,  33.8010,  15 Feb 2018 00:33:23
# 23.4823,  4.995151,  0.872,  0.1086,  0.3317,  33.8257,  15 Feb 2018 00:37:23
# 23.4778,  4.985914,  0.889,  0.1074,  0.3590,  33.7589,  15 Feb 2018 00:41:23
# 23.4786,  4.988080,  0.888,  0.1048,  0.3390,  33.7747,  15 Feb 2018 00:45:23
# 23.4723,  4.993991,  0.904,  0.1074,  0.3233,  33.8245,  15 Feb 2018 00:49:23
# 23.4690,  4.999245,  0.904,  0.1001,  0.3308,  33.8670,  15 Feb 2018 00:53:23
# 23.4641,  4.995432,  0.922,  0.1014,  0.3597,  33.8417,  15 Feb 2018 00:57:23
# 23.4620,  5.002613,  0.928,  0.1013,  0.3443,  33.8979,  15 Feb 2018 01:01:23
# 23.4615,  4.992650,  0.921,  0.1040,  0.3577,  33.8225,  15 Feb 2018 01:05:23
# 23.4660,  4.985763,  0.926,  0.1064,  0.3563,  33.7667,  15 Feb 2018 01:09:23
# 23.4655,  4.994272,  0.944,  0.1039,  0.3058,  33.8318,  15 Feb 2018 01:13:23
# 23.4694,  5.011430,  0.952,  0.1062,  0.3147,  33.9593,  15 Feb 2018 01:17:23
# 23.4677,  5.002537,  0.948,  0.1062,  0.3452,  33.8930,  15 Feb 2018 01:21:23
# 23.4660,  5.014156,  0.965,  0.1049,  0.3210,  33.9826,  15 Feb 2018 01:25:23
# 23.4606,  5.014801,  0.969,  0.1040,  0.3146,  33.9918,  15 Feb 2018 01:29:23
# 23.4591,  5.014285,  0.966,  0.1025,  0.2950,  33.9890,  15 Feb 2018 01:33:23
# 23.4530,  5.015561,  0.980,  0.1037,  0.3033,  34.0033,  15 Feb 2018 01:37:23
# 23.4492,  5.020262,  0.989,  0.1001,  0.3123,  34.0420,  15 Feb 2018 01:41:23
# 23.4524,  5.021751,  0.996,  0.0988,  0.3174,  34.0509,  15 Feb 2018 01:45:23
# 23.4454,  5.005003,  0.994,  0.1000,  0.3318,  33.9289,  15 Feb 2018 01:49:23
# 23.4518,  5.015629,  1.000,  0.1012,  0.3123,  34.0048,  15 Feb 2018 01:53:23
# 23.4530,  5.016806,  1.010,  0.1035,  0.3233,  34.0128,  15 Feb 2018 01:57:23
# 23.4599,  5.020050,  1.008,  0.1001,  0.3163,  34.0322,  15 Feb 2018 02:01:23
# 23.4599,  5.023772,  1.019,  0.1025,  0.2962,  34.0605,  15 Feb 2018 02:05:23
# 23.4605,  5.027155,  1.019,  0.1039,  0.3293,  34.0858,  15 Feb 2018 02:09:23
# 23.4561,  5.032264,  1.028,  0.1025,  0.3515,  34.1281,  15 Feb 2018 02:13:23
# 23.4481,  5.029032,  1.029,  0.1002,  0.3183,  34.1097,  15 Feb 2018 02:17:23
# 23.4477,  5.029466,  1.038,  0.1002,  0.3175,  34.1133,  15 Feb 2018 02:21:23
# 23.4437,  5.028789,  1.038,  0.0990,  0.3709,  34.1112,  15 Feb 2018 02:25:23
# 23.4448,  5.022071,  1.039,  0.0963,  0.3490,  34.0592,  15 Feb 2018 02:29:23
# 23.4479,  5.022625,  1.047,  0.1013,  0.3210,  34.0611,  15 Feb 2018 02:33:23
# 23.4484,  5.028668,  1.052,  0.1012,  0.3441,  34.1067,  15 Feb 2018 02:37:23
# 23.4442,  5.029101,  1.058,  0.1015,  0.3172,  34.1132,  15 Feb 2018 02:41:23
# 23.4464,  5.022169,  1.056,  0.1026,  0.3044,  34.0587,  15 Feb 2018 02:45:23
# 23.4458,  5.024153,  1.070,  0.1025,  0.2998,  34.0743,  15 Feb 2018 02:49:23
# 23.4413,  5.023469,  1.069,  0.1014,  0.3258,  34.0726,  15 Feb 2018 02:53:23
# 23.4393,  5.021243,  1.074,  0.0986,  0.3478,  34.0571,  15 Feb 2018 02:57:23
# 23.4413,  5.015105,  1.077,  0.1041,  0.3285,  34.0089,  15 Feb 2018 03:01:23
# 23.4426,  5.025240,  1.078,  0.1028,  0.3723,  34.0850,  15 Feb 2018 03:05:23
# 23.4439,  5.025445,  1.086,  0.1002,  0.3428,  34.0856,  15 Feb 2018 03:09:23
# 23.4420,  5.025711,  1.091,  0.0986,  0.2963,  34.0891,  15 Feb 2018 03:13:23
# 23.4422,  5.028873,  1.095,  0.1001,  0.3184,  34.1130,  15 Feb 2018 03:17:23
# 23.4418,  5.029747,  1.095,  0.1026,  0.3221,  34.1200,  15 Feb 2018 03:21:23
# 23.4400,  5.028850,  1.104,  0.0976,  0.3146,  34.1145,  15 Feb 2018 03:25:23
# 23.4355,  5.033945,  1.106,  0.0985,  0.3501,  34.1568,  15 Feb 2018 03:29:23
# 23.4411,  5.029215,  1.108,  0.1035,  0.3137,  34.1165,  15 Feb 2018 03:33:23
# 23.4381,  5.022891,  1.098,  0.1012,  0.3075,  34.0706,  15 Feb 2018 03:37:23
# 23.4361,  5.024335,  1.106,  0.0963,  0.3391,  34.0831,  15 Feb 2018 03:41:23
# 23.4361,  5.024753,  1.117,  0.1012,  0.3368,  34.0863,  15 Feb 2018 03:45:23
# 23.4347,  5.030348,  1.121,  0.1003,  0.3416,  34.1300,  15 Feb 2018 03:49:23
# 23.4300,  5.030477,  1.118,  0.0987,  0.3256,  34.1346,  15 Feb 2018 03:53:23
# 23.4230,  5.010907,  1.125,  0.1013,  0.3833,  33.9909,  15 Feb 2018 03:57:23
# 23.4262,  5.022945,  1.128,  0.0972,  0.3255,  34.0802,  15 Feb 2018 04:01:23
# 23.4263,  5.024928,  1.122,  0.1028,  0.3223,  34.0952,  15 Feb 2018 04:05:23
# 23.4187,  5.019199,  1.133,  0.0986,  0.3124,  34.0574,  15 Feb 2018 04:09:23
# 23.4175,  5.020233,  1.136,  0.0938,  0.3709,  34.0662,  15 Feb 2018 04:13:23
# 23.4204,  5.025384,  1.134,  0.1038,  0.4033,  34.1032,  15 Feb 2018 04:17:23
# 23.4173,  5.024944,  1.137,  0.1037,  0.3661,  34.1023,  15 Feb 2018 04:21:23
# 23.4080,  5.018273,  1.139,  0.0991,  0.3787,  34.0586,  15 Feb 2018 04:25:23
# 23.4057,  5.020202,  1.139,  0.0975,  0.3658,  34.0750,  15 Feb 2018 04:29:23
# 23.4013,  5.017901,  1.132,  0.0975,  0.3627,  34.0609,  15 Feb 2018 04:33:23
# 23.4002,  5.017438,  1.125,  0.0992,  0.3416,  34.0583,  15 Feb 2018 04:37:23
# 23.3979,  5.011462,  1.141,  0.1002,  0.3427,  34.0145,  15 Feb 2018 04:41:23
# 23.3937,  5.024534,  1.145,  0.0988,  0.3888,  34.1174,  15 Feb 2018 04:45:23
# 23.3836,  5.021358,  1.145,  0.1005,  0.3684,  34.1009,  15 Feb 2018 04:49:23
# 23.3765,  5.019276,  1.140,  0.0987,  0.3622,  34.0905,  15 Feb 2018 04:53:23
# 23.3812,  5.012176,  1.147,  0.1061,  0.3490,  34.0327,  15 Feb 2018 04:57:23
# 23.3558,  5.011599,  1.135,  0.1023,  0.3845,  34.0480,  15 Feb 2018 05:01:23
# 23.3540,  4.986515,  1.147,  0.1004,  0.4315,  33.8581,  15 Feb 2018 05:05:23
# 23.3571,  4.996502,  1.145,  0.0977,  0.4048,  33.9319,  15 Feb 2018 05:09:23
# 23.3655,  4.996806,  1.141,  0.1025,  0.3587,  33.9277,  15 Feb 2018 05:13:23
# 23.3460,  4.986409,  1.137,  0.1039,  0.3599,  33.8634,  15 Feb 2018 05:17:23
# 23.3378,  4.984099,  1.142,  0.1051,  0.3502,  33.8521,  15 Feb 2018 05:21:23
# 23.3364,  4.964931,  1.140,  0.1011,  0.3682,  33.7071,  15 Feb 2018 05:25:23
# 23.3463,  4.977814,  1.145,  0.1062,  0.3735,  33.7977,  15 Feb 2018 05:29:23
# 23.3301,  4.973266,  1.139,  0.1061,  0.3271,  33.7754,  15 Feb 2018 05:33:23
# 23.3292,  4.968357,  1.140,  0.0989,  0.3948,  33.7387,  15 Feb 2018 05:37:23
# 23.3354,  4.969295,  1.131,  0.0986,  0.3807,  33.7411,  15 Feb 2018 05:41:23
# 23.3348,  4.963911,  1.135,  0.0976,  0.3553,  33.7005,  15 Feb 2018 05:45:23
# 23.3478,  4.964508,  1.123,  0.0989,  0.3632,  33.6952,  15 Feb 2018 05:49:23
# 23.3521,  4.961756,  1.112,  0.0990,  0.3651,  33.6710,  15 Feb 2018 05:53:23
# 23.3597,  4.957357,  1.127,  0.0963,  0.3418,  33.6317,  15 Feb 2018 05:57:23
# 23.3713,  4.958763,  1.126,  0.1003,  0.3378,  33.6335,  15 Feb 2018 06:01:23
# 23.3644,  4.956496,  1.113,  0.1013,  0.4010,  33.6215,  15 Feb 2018 06:05:23
# 23.3621,  4.959639,  1.121,  0.0986,  0.3722,  33.6472,  15 Feb 2018 06:09:23
# 23.3513,  4.938294,  1.113,  0.0986,  0.3330,  33.4929,  15 Feb 2018 06:13:23
# 23.3447,  4.911275,  1.112,  0.1003,  0.3611,  33.2924,  15 Feb 2018 06:17:23
# 23.3430,  4.919112,  1.089,  0.1050,  0.3792,  33.3534,  15 Feb 2018 06:21:23
# 23.3491,  4.943297,  1.077,  0.1024,  0.3552,  33.5327,  15 Feb 2018 06:25:23
# 23.3424,  4.939177,  1.086,  0.0989,  0.3574,  33.5064,  15 Feb 2018 06:29:23
# 23.3174,  4.881782,  1.083,  0.1012,  0.3844,  33.0888,  15 Feb 2018 06:33:23
# 23.3264,  4.901609,  1.076,  0.0991,  0.3649,  33.2328,  15 Feb 2018 06:37:23
# 23.3375,  4.925825,  1.070,  0.1025,  0.3625,  33.4085,  15 Feb 2018 06:41:23
# 23.3382,  4.924807,  1.063,  0.0989,  0.3661,  33.4003,  15 Feb 2018 06:45:23
# 23.3355,  4.921139,  1.052,  0.1025,  0.3246,  33.3744,  15 Feb 2018 06:49:23
# 23.3412,  4.934124,  1.063,  0.1002,  0.3537,  33.4689,  15 Feb 2018 06:53:23
# 23.3382,  4.927987,  1.039,  0.1013,  0.3565,  33.4245,  15 Feb 2018 06:57:23
# 23.3415,  4.928801,  1.008,  0.1013,  0.3575,  33.4282,  15 Feb 2018 07:01:23
# 23.3400,  4.927776,  1.033,  0.0989,  0.3698,  33.4215,  15 Feb 2018 07:05:23
# 23.3423,  4.935738,  1.020,  0.1012,  0.4045,  33.4803,  15 Feb 2018 07:09:23
# 23.3318,  4.908807,  1.026,  0.1015,  0.4218,  33.2835,  15 Feb 2018 07:13:23
# 23.3362,  4.914663,  1.013,  0.1024,  0.4498,  33.3247,  15 Feb 2018 07:17:23
# 23.3316,  4.907829,  1.002,  0.1011,  0.3793,  33.2762,  15 Feb 2018 07:21:23
# 23.3390,  4.924604,  1.002,  0.1009,  0.4047,  33.3982,  15 Feb 2018 07:25:23
# 23.3385,  4.922193,  0.973,  0.0977,  0.3477,  33.3802,  15 Feb 2018 07:29:23
# 23.3340,  4.903158,  0.980,  0.0987,  0.3598,  33.2389,  15 Feb 2018 07:33:23
# 23.3369,  4.904933,  0.958,  0.1026,  0.3912,  33.2502,  15 Feb 2018 07:37:23
# 23.3276,  4.882203,  0.962,  0.1038,  0.4022,  33.0844,  15 Feb 2018 07:41:23
# 23.3279,  4.884965,  0.939,  0.1012,  0.3702,  33.1051,  15 Feb 2018 07:45:23
# 23.3230,  4.867836,  0.928,  0.1012,  0.3650,  32.9787,  15 Feb 2018 07:49:23
# 23.3244,  4.869906,  0.950,  0.1027,  0.3662,  32.9934,  15 Feb 2018 07:53:23
# 23.3236,  4.870648,  0.924,  0.1003,  0.3526,  32.9996,  15 Feb 2018 07:57:23
# 23.3190,  4.856813,  0.906,  0.0986,  0.3464,  32.8980,  15 Feb 2018 08:01:23
# 23.3208,  4.864373,  0.909,  0.1000,  0.3674,  32.9540,  15 Feb 2018 08:05:23
# 23.3299,  4.882705,  0.904,  0.1023,  0.4085,  33.0865,  15 Feb 2018 08:09:23
# 23.3351,  4.889216,  0.891,  0.0977,  0.3439,  33.1321,  15 Feb 2018 08:13:23
# 23.3423,  4.904888,  0.907,  0.1026,  0.3381,  33.2457,  15 Feb 2018 08:17:23
# 23.3452,  4.904075,  0.902,  0.1024,  0.3212,  33.2374,  15 Feb 2018 08:21:23
# 23.3496,  4.905474,  0.874,  0.1038,  0.3564,  33.2448,  15 Feb 2018 08:25:23
# 23.3382,  4.858565,  0.883,  0.1048,  0.4133,  32.8970,  15 Feb 2018 08:29:23
# 23.3455,  4.895023,  0.878,  0.1061,  0.3406,  33.1684,  15 Feb 2018 08:33:23
# 23.3397,  4.890230,  0.859,  0.1036,  0.3623,  33.1363,  15 Feb 2018 08:37:23
# 23.3383,  4.895407,  0.865,  0.1039,  0.3552,  33.1768,  15 Feb 2018 08:41:23
# 23.3299,  4.867379,  0.838,  0.1024,  0.3576,  32.9701,  15 Feb 2018 08:45:23
# 23.3249,  4.876784,  0.853,  0.1015,  0.3611,  33.0453,  15 Feb 2018 08:49:23
# 23.3263,  4.870970,  0.849,  0.1011,  0.3638,  33.0001,  15 Feb 2018 08:53:23
# 23.3242,  4.870618,  0.836,  0.1025,  0.3796,  32.9990,  15 Feb 2018 08:57:23
# 23.3257,  4.868406,  0.829,  0.1014,  0.3404,  32.9810,  15 Feb 2018 09:01:23
# 23.3223,  4.850126,  0.824,  0.0988,  0.3793,  32.8448,  15 Feb 2018 09:05:23
# 23.3119,  4.800000,  0.820,  0.0987,  0.3636,  32.4723,  15 Feb 2018 09:09:23
# 23.3361,  4.898692,  0.814,  0.1002,  0.3355,  33.2034,  15 Feb 2018 09:13:23
# 23.3500,  4.929178,  0.805,  0.1001,  0.3075,  33.4247,  15 Feb 2018 09:17:23
# 23.3464,  4.919233,  0.811,  0.1001,  0.3539,  33.3518,  15 Feb 2018 09:21:23
# 23.3355,  4.910395,  0.803,  0.0963,  0.3528,  33.2928,  15 Feb 2018 09:25:23
# 23.3331,  4.906934,  0.802,  0.0963,  0.3284,  33.2683,  15 Feb 2018 09:29:23
# 23.3318,  4.901428,  0.802,  0.0975,  0.3539,  33.2274,  15 Feb 2018 09:33:23
# 23.3254,  4.878247,  0.802,  0.0976,  0.3430,  33.0560,  15 Feb 2018 09:37:23
# 23.3296,  4.889674,  0.782,  0.0964,  0.3122,  33.1397,  15 Feb 2018 09:41:23
# 23.3290,  4.869141,  0.786,  0.1015,  0.3368,  32.9842,  15 Feb 2018 09:45:23
# 23.3509,  4.943184,  0.789,  0.0990,  0.3099,  33.5306,  15 Feb 2018 09:49:23
# 23.3433,  4.930294,  0.788,  0.0987,  0.3429,  33.4383,  15 Feb 2018 09:53:23
# 23.3380,  4.888194,  0.775,  0.0952,  0.3259,  33.1222,  15 Feb 2018 09:57:23
# 23.3576,  4.908814,  0.787,  0.0953,  0.3101,  33.2641,  15 Feb 2018 10:01:23
# 23.3775,  4.908980,  0.762,  0.0911,  0.3088,  33.2504,  15 Feb 2018 10:05:23
# 23.3902,  4.909288,  0.783,  0.0948,  0.3008,  33.2432,  15 Feb 2018 10:09:23
# 23.3991,  4.913073,  0.761,  0.0912,  0.2830,  33.2652,  15 Feb 2018 10:13:23
# 23.4075,  4.856811,  0.772,  0.0937,  0.3138,  32.8322,  15 Feb 2018 10:17:23
# 23.4194,  4.849698,  0.757,  0.0914,  0.3392,  32.7695,  15 Feb 2018 10:21:23
# 23.4244,  4.896225,  0.771,  0.0949,  0.3007,  33.1184,  15 Feb 2018 10:25:23
# 23.4368,  4.901840,  0.767,  0.0939,  0.2926,  33.1517,  15 Feb 2018 10:29:23
# 23.4592,  4.913215,  0.764,  0.0938,  0.3124,  33.2211,  15 Feb 2018 10:33:23
# 23.4914,  4.847070,  0.751,  0.0963,  0.3758,  32.6963,  15 Feb 2018 10:37:23
# 23.4912,  4.897118,  0.765,  0.0946,  0.3445,  33.0752,  15 Feb 2018 10:41:23
# 23.5205,  4.876683,  0.754,  0.0948,  0.3526,  32.8987,  15 Feb 2018 10:45:23
# 23.5147,  4.905457,  0.763,  0.0924,  0.3173,  33.1208,  15 Feb 2018 10:49:23
# 23.5262,  4.923380,  0.746,  0.0925,  0.3861,  33.2479,  15 Feb 2018 10:53:23
# 23.5325,  4.936919,  0.754,  0.0948,  0.4070,  33.3457,  15 Feb 2018 10:57:23
# 23.5464,  4.940713,  0.755,  0.0952,  0.3246,  33.3640,  15 Feb 2018 11:01:23
# 23.5677,  4.911497,  0.759,  0.0915,  0.3257,  33.1269,  15 Feb 2018 11:05:23
# 23.5833,  4.950502,  0.773,  0.0940,  0.3307,  33.4103,  15 Feb 2018 11:09:23
# 23.5882,  4.946410,  0.755,  0.0964,  0.3477,  33.3756,  15 Feb 2018 11:13:23
# 23.5754,  4.967944,  0.755,  0.0988,  0.3367,  33.5484,  15 Feb 2018 11:17:23
# 23.5961,  4.940388,  0.752,  0.0938,  0.3650,  33.3241,  15 Feb 2018 11:21:23
# 23.6198,  4.908013,  0.764,  0.0964,  0.3637,  33.0616,  15 Feb 2018 11:25:23
# 23.6423,  4.943247,  0.765,  0.0964,  0.3220,  33.3110,  15 Feb 2018 11:29:23
# 23.6394,  4.945888,  0.739,  0.0949,  0.3269,  33.3332,  15 Feb 2018 11:33:23
# 23.6344,  4.965539,  0.755,  0.0950,  0.3220,  33.4855,  15 Feb 2018 11:37:23
# 23.6421,  4.944915,  0.750,  0.0948,  0.3114,  33.3237,  15 Feb 2018 11:41:23
# 23.6298,  4.970107,  0.744,  0.0951,  0.2889,  33.5236,  15 Feb 2018 11:45:23
# 23.6402,  4.966960,  0.770,  0.0925,  0.3044,  33.4919,  15 Feb 2018 11:49:23
# 23.6446,  4.975524,  0.769,  0.0903,  0.3231,  33.5534,  15 Feb 2018 11:53:23
# 23.6796,  4.952993,  0.748,  0.0950,  0.3820,  33.3567,  15 Feb 2018 11:57:23
# 23.6857,  4.959687,  0.764,  0.0915,  0.3394,  33.4026,  15 Feb 2018 12:01:23
# 23.7194,  4.913256,  0.756,  0.0926,  0.3294,  33.0270,  15 Feb 2018 12:05:23
# 23.6968,  4.957027,  0.759,  0.0948,  0.3245,  33.3742,  15 Feb 2018 12:09:23
# 23.7062,  4.964260,  0.753,  0.0936,  0.3069,  33.4217,  15 Feb 2018 12:13:23
# 23.7174,  4.972072,  0.746,  0.0939,  0.2913,  33.4723,  15 Feb 2018 12:17:23
# 23.7020,  4.993737,  0.758,  0.0912,  0.3007,  33.6477,  15 Feb 2018 12:21:23
# 23.7089,  4.998809,  0.772,  0.0925,  0.2911,  33.6808,  15 Feb 2018 12:25:23
# 23.7275,  4.996875,  0.768,  0.0891,  0.2959,  33.6521,  15 Feb 2018 12:29:23
# 23.7378,  4.995404,  0.768,  0.0901,  0.2674,  33.6332,  15 Feb 2018 12:33:23
# 23.7516,  5.000401,  0.770,  0.0903,  0.2780,  33.6605,  15 Feb 2018 12:37:23
# 23.7790,  4.993160,  0.768,  0.0900,  0.2806,  33.5850,  15 Feb 2018 12:41:23
# 23.7595,  5.005673,  0.775,  0.0924,  0.3101,  33.6943,  15 Feb 2018 12:45:23
# 23.7738,  5.015130,  0.761,  0.0874,  0.2866,  33.7549,  15 Feb 2018 12:49:23
# 23.8100,  5.007182,  0.766,  0.0838,  0.2663,  33.6674,  15 Feb 2018 12:53:23
# 23.8420,  5.001249,  0.774,  0.0875,  0.2924,  33.5984,  15 Feb 2018 12:57:23
# 23.8727,  4.992446,  0.778,  0.0874,  0.3208,  33.5090,  15 Feb 2018 13:01:23
# 23.8786,  4.997100,  0.784,  0.0827,  0.2725,  33.5396,  15 Feb 2018 13:05:23
# 23.8769,  5.007416,  0.784,  0.0900,  0.3030,  33.6186,  15 Feb 2018 13:09:23
# 23.8964,  4.996850,  0.789,  0.0864,  0.3269,  33.5243,  15 Feb 2018 13:13:23
# 23.8969,  5.001529,  0.790,  0.0887,  0.2873,  33.5591,  15 Feb 2018 13:17:23
# 23.8583,  5.016610,  0.782,  0.0889,  0.2747,  33.7020,  15 Feb 2018 13:21:23
# 23.8926,  5.011484,  0.811,  0.0902,  0.2708,  33.6374,  15 Feb 2018 13:25:23
# 23.9268,  5.009586,  0.799,  0.0864,  0.2579,  33.5972,  15 Feb 2018 13:29:23
# 23.9047,  5.017824,  0.790,  0.0852,  0.2660,  33.6759,  15 Feb 2018 13:33:23
# 23.9441,  5.015576,  0.797,  0.0901,  0.3074,  33.6293,  15 Feb 2018 13:37:23
# 23.9066,  5.031321,  0.799,  0.0887,  0.2626,  33.7762,  15 Feb 2018 13:41:23
# 23.9237,  5.029351,  0.821,  0.0902,  0.2434,  33.7484,  15 Feb 2018 13:45:23
# 23.9790,  5.018294,  0.806,  0.0853,  0.2528,  33.6234,  15 Feb 2018 13:49:23
# 23.9235,  5.030005,  0.824,  0.0888,  0.2604,  33.7535,  15 Feb 2018 13:53:23
# 23.9852,  5.017147,  0.812,  0.0852,  0.2866,  33.6101,  15 Feb 2018 13:57:23
