# 27.2043,  5.472151,  0.945,  0.0872,  0.2366,  34.5272,  30 Jun 2018 14:00:08
# 27.2417,  5.475392,  0.936,  0.0859,  0.2213,  34.5225,  30 Jun 2018 14:04:08
# 27.2483,  5.476456,  0.952,  0.0859,  0.2229,  34.5252,  30 Jun 2018 14:08:08
# 27.2022,  5.472388,  0.961,  0.0870,  0.2671,  34.5304,  30 Jun 2018 14:12:08
# 27.1979,  5.471954,  0.969,  0.0858,  0.2202,  34.5306,  30 Jun 2018 14:16:08
# 27.1720,  5.469747,  0.963,  0.0871,  0.2319,  34.5340,  30 Jun 2018 14:20:08
# 27.1950,  5.472230,  0.982,  0.0883,  0.2228,  34.5346,  30 Jun 2018 14:24:08
# 27.2142,  5.473531,  0.977,  0.0833,  0.2118,  34.5297,  30 Jun 2018 14:28:08
# 27.1951,  5.471568,  0.979,  0.0860,  0.2213,  34.5299,  30 Jun 2018 14:32:08
# 27.1778,  5.469321,  0.998,  0.0885,  0.2276,  34.5267,  30 Jun 2018 14:36:08
# 27.1747,  5.469164,  0.988,  0.0858,  0.2390,  34.5279,  30 Jun 2018 14:40:08
# 27.1977,  5.471733,  1.017,  0.0883,  0.2253,  34.5291,  30 Jun 2018 14:44:08
# 27.2463,  5.476244,  1.017,  0.0896,  0.2190,  34.5251,  30 Jun 2018 14:48:08
# 27.2290,  5.474375,  1.018,  0.0883,  0.3028,  34.5247,  30 Jun 2018 14:52:08
# 27.2108,  5.472396,  1.031,  0.0861,  0.2252,  34.5241,  30 Jun 2018 14:56:08
# 27.1599,  5.468186,  1.041,  0.0871,  0.2321,  34.5319,  30 Jun 2018 15:00:08
# 27.1903,  5.471016,  1.050,  0.0897,  0.2405,  34.5295,  30 Jun 2018 15:04:08
# 27.1855,  5.470109,  1.051,  0.0943,  0.3156,  34.5266,  30 Jun 2018 15:08:08
# 27.1888,  5.469952,  1.064,  0.0894,  0.2333,  34.5231,  30 Jun 2018 15:12:08
# 27.2053,  5.472191,  1.058,  0.0957,  0.2331,  34.5267,  30 Jun 2018 15:16:08
# 27.2031,  5.471544,  1.053,  0.0921,  0.2715,  34.5237,  30 Jun 2018 15:20:08
# 27.2134,  5.472388,  1.061,  0.0919,  0.2535,  34.5221,  30 Jun 2018 15:24:08
# 27.2285,  5.474122,  1.074,  0.0906,  0.2191,  34.5232,  30 Jun 2018 15:28:08
# 27.2375,  5.475439,  1.084,  0.0871,  0.2238,  34.5259,  30 Jun 2018 15:32:08
# 27.1889,  5.470173,  1.083,  0.0970,  0.2633,  34.5245,  30 Jun 2018 15:36:08
# 27.2139,  5.473192,  1.088,  0.0884,  0.2573,  34.5274,  30 Jun 2018 15:40:08
# 27.2346,  5.475589,  1.089,  0.0934,  0.2472,  34.5291,  30 Jun 2018 15:44:08
# 27.2458,  5.475739,  1.087,  0.0957,  0.2301,  34.5219,  30 Jun 2018 15:48:08
# 27.2260,  5.473846,  1.109,  0.0955,  0.2380,  34.5231,  30 Jun 2018 15:52:08
# 27.2215,  5.473476,  1.110,  0.0944,  0.2203,  34.5238,  30 Jun 2018 15:56:08
# 27.2225,  5.473602,  1.103,  0.0993,  0.2417,  34.5239,  30 Jun 2018 16:00:08
# 27.2242,  5.474619,  1.120,  0.0983,  0.2538,  34.5299,  30 Jun 2018 16:04:08
# 27.2492,  5.477924,  1.112,  0.0969,  0.2390,  34.5349,  30 Jun 2018 16:08:08
# 27.2819,  5.481852,  1.130,  0.0980,  0.2357,  34.5385,  30 Jun 2018 16:12:08
# 27.2728,  5.480819,  1.137,  0.0948,  0.2439,  34.5379,  30 Jun 2018 16:16:08
# 27.2118,  5.474233,  1.133,  0.1009,  0.2346,  34.5364,  30 Jun 2018 16:20:08
# 27.1678,  5.470843,  1.144,  0.0946,  0.2175,  34.5449,  30 Jun 2018 16:24:08
# 27.2006,  5.474139,  1.142,  0.0932,  0.2228,  34.5440,  30 Jun 2018 16:28:08
# 27.2037,  5.474769,  1.141,  0.0908,  0.2600,  34.5462,  30 Jun 2018 16:32:08
# 27.2114,  5.474241,  1.148,  0.0969,  0.3326,  34.5367,  30 Jun 2018 16:36:08
# 27.2139,  5.474225,  1.152,  0.1019,  0.2277,  34.5347,  30 Jun 2018 16:40:08
# 27.2204,  5.475179,  1.162,  0.0982,  0.2441,  34.5367,  30 Jun 2018 16:44:08
# 27.2209,  5.475424,  1.163,  0.0969,  0.2599,  34.5381,  30 Jun 2018 16:48:08
# 27.2211,  5.474675,  1.169,  0.0983,  0.2452,  34.5326,  30 Jun 2018 16:52:08
# 27.1980,  5.472522,  1.169,  0.0996,  0.2357,  34.5344,  30 Jun 2018 16:56:08
# 27.1914,  5.472522,  1.169,  0.0996,  0.2131,  34.5393,  30 Jun 2018 17:00:08
# 27.1727,  5.470843,  1.169,  0.0983,  0.2251,  34.5412,  30 Jun 2018 17:04:08
# 27.1705,  5.469692,  1.172,  0.1143,  0.2366,  34.5347,  30 Jun 2018 17:08:08
# 27.1731,  5.469771,  1.177,  0.1056,  0.2537,  34.5333,  30 Jun 2018 17:12:08
# 27.1749,  5.468738,  1.179,  0.1084,  0.2129,  34.5247,  30 Jun 2018 17:16:08
# 27.1726,  5.468896,  1.179,  0.1118,  0.2393,  34.5275,  30 Jun 2018 17:20:08
# 27.1729,  5.469006,  1.182,  0.1044,  0.2255,  34.5281,  30 Jun 2018 17:24:08
# 27.1567,  5.467603,  1.183,  0.1081,  0.2308,  34.5301,  30 Jun 2018 17:28:08
# 27.1756,  5.470102,  1.188,  0.1021,  0.2189,  34.5338,  30 Jun 2018 17:32:08
# 27.1739,  5.469140,  1.189,  0.1084,  0.2393,  34.5282,  30 Jun 2018 17:36:08
# 27.1571,  5.468794,  1.187,  0.1069,  0.2346,  34.5383,  30 Jun 2018 17:40:08
# 27.1395,  5.465759,  1.193,  0.1094,  0.2406,  34.5297,  30 Jun 2018 17:44:08
# 27.1473,  5.466106,  1.193,  0.1169,  0.2417,  34.5264,  30 Jun 2018 17:48:08
# 27.1437,  5.465594,  1.196,  0.1144,  0.2322,  34.5255,  30 Jun 2018 17:52:08
# 27.0863,  5.460118,  1.197,  0.1094,  0.4578,  34.5291,  30 Jun 2018 17:56:08
# 27.0445,  5.456346,  1.201,  0.1085,  0.2117,  34.5333,  30 Jun 2018 18:00:08
# 27.0468,  5.456512,  1.201,  0.1019,  0.2116,  34.5327,  30 Jun 2018 18:04:08
# 27.0607,  5.455803,  1.199,  0.1205,  0.2140,  34.5174,  30 Jun 2018 18:08:08
# 27.0458,  5.454913,  1.202,  0.1120,  0.2331,  34.5221,  30 Jun 2018 18:12:08
# 27.0499,  5.456071,  1.198,  0.1154,  0.2106,  34.5273,  30 Jun 2018 18:16:08
# 27.0395,  5.454449,  1.199,  0.1217,  0.2487,  34.5235,  30 Jun 2018 18:20:08
# 27.0253,  5.453378,  1.200,  0.1142,  0.2249,  34.5264,  30 Jun 2018 18:24:08
# 27.0149,  5.452197,  1.198,  0.1071,  0.2358,  34.5257,  30 Jun 2018 18:28:08
# 27.0082,  5.451080,  1.199,  0.1117,  0.2180,  34.5227,  30 Jun 2018 18:32:08
# 27.0009,  5.450111,  1.203,  0.1094,  0.2192,  34.5212,  30 Jun 2018 18:36:08
# 26.9908,  5.448868,  1.201,  0.1106,  0.2033,  34.5199,  30 Jun 2018 18:40:08
# 26.9496,  5.445036,  1.200,  0.1192,  0.2731,  34.5232,  30 Jun 2018 18:44:08
# 26.9453,  5.444690,  1.197,  0.1205,  0.2357,  34.5239,  30 Jun 2018 18:48:08
# 26.9435,  5.444399,  1.199,  0.1121,  0.2264,  34.5231,  30 Jun 2018 18:52:08
# 26.9425,  5.444006,  1.197,  0.1144,  0.2302,  34.5211,  30 Jun 2018 18:56:08
# 26.9528,  5.444415,  1.198,  0.1093,  0.2080,  34.5164,  30 Jun 2018 19:00:08
# 26.9592,  5.444674,  1.196,  0.1205,  0.2168,  34.5134,  30 Jun 2018 19:04:08
# 26.9426,  5.443652,  1.195,  0.1067,  0.2007,  34.5185,  30 Jun 2018 19:08:08
# 26.9538,  5.444462,  1.189,  0.1257,  0.2322,  34.5160,  30 Jun 2018 19:12:08
# 26.9485,  5.444045,  1.178,  0.1254,  0.2127,  34.5169,  30 Jun 2018 19:16:08
# 26.9629,  5.444359,  1.191,  0.1279,  0.2166,  34.5085,  30 Jun 2018 19:20:08
# 26.9758,  5.445406,  1.181,  0.1328,  0.2264,  34.5063,  30 Jun 2018 19:24:08
# 26.9511,  5.443069,  1.171,  0.1304,  0.2214,  34.5080,  30 Jun 2018 19:28:08
# 26.9437,  5.442141,  1.183,  0.1266,  0.2007,  34.5069,  30 Jun 2018 19:32:08
# 26.9316,  5.441394,  1.178,  0.1279,  0.1959,  34.5106,  30 Jun 2018 19:36:08
# 26.9165,  5.440215,  1.170,  0.1193,  0.2067,  34.5134,  30 Jun 2018 19:40:08
# 26.9126,  5.438956,  1.168,  0.1305,  0.2645,  34.5073,  30 Jun 2018 19:44:08
# 26.9374,  5.440702,  1.167,  0.1475,  0.2154,  34.5013,  30 Jun 2018 19:48:08
# 26.9214,  5.439405,  1.141,  0.1366,  0.2229,  34.5040,  30 Jun 2018 19:52:08
# 26.9260,  5.440875,  1.152,  0.1306,  0.2443,  34.5110,  30 Jun 2018 19:56:08
# 26.9197,  5.440073,  1.149,  0.1380,  0.2352,  34.5100,  30 Jun 2018 20:00:08
# 26.8832,  5.436873,  1.142,  0.1404,  0.2643,  34.5143,  30 Jun 2018 20:04:08
# 26.9489,  5.440198,  1.153,  0.1579,  0.2705,  34.4892,  30 Jun 2018 20:08:08
# 26.9547,  5.440827,  1.122,  0.1451,  0.2609,  34.4894,  30 Jun 2018 20:12:08
# 26.9141,  5.437714,  1.143,  0.1390,  0.2277,  34.4973,  30 Jun 2018 20:16:08
# 26.8929,  5.435426,  1.138,  0.1463,  0.2405,  34.4967,  30 Jun 2018 20:20:08
# 26.8817,  5.434255,  1.133,  0.1402,  0.2357,  34.4967,  30 Jun 2018 20:24:08
# 26.8648,  5.432832,  1.118,  0.1390,  0.2216,  34.4992,  30 Jun 2018 20:28:08
# 26.8468,  5.431496,  1.098,  0.1366,  0.2252,  34.5030,  30 Jun 2018 20:32:08
# 26.8572,  5.432204,  1.090,  0.1378,  0.2381,  34.5003,  30 Jun 2018 20:36:08
# 26.8555,  5.431551,  1.059,  0.1427,  0.2611,  34.4969,  30 Jun 2018 20:40:08
# 26.8533,  5.431693,  1.075,  0.1342,  0.2329,  34.4996,  30 Jun 2018 20:44:08
# 26.8644,  5.432266,  1.106,  0.1427,  0.2201,  34.4954,  30 Jun 2018 20:48:08
# 26.8687,  5.432510,  1.069,  0.1363,  0.2155,  34.4940,  30 Jun 2018 20:52:08
# 26.8572,  5.432353,  1.051,  0.1292,  0.2346,  34.5014,  30 Jun 2018 20:56:08
# 26.8557,  5.431724,  1.071,  0.1292,  0.2216,  34.4980,  30 Jun 2018 21:00:08
# 26.8451,  5.431324,  1.056,  0.1307,  0.2227,  34.5030,  30 Jun 2018 21:04:08
# 26.8367,  5.432055,  1.063,  0.1193,  0.2190,  34.5145,  30 Jun 2018 21:08:08
# 26.8455,  5.430129,  1.050,  0.1342,  0.2322,  34.4942,  30 Jun 2018 21:12:08
# 26.8675,  5.429044,  1.011,  0.1376,  0.2321,  34.4701,  30 Jun 2018 21:16:08
# 26.8522,  5.429925,  1.040,  0.1317,  0.2215,  34.4877,  30 Jun 2018 21:20:08
# 26.8398,  5.429249,  1.021,  0.1278,  0.2368,  34.4921,  30 Jun 2018 21:24:08
# 26.8410,  5.425273,  0.996,  0.1281,  0.2092,  34.4628,  30 Jun 2018 21:28:08
# 26.8286,  5.425572,  1.035,  0.1304,  0.2200,  34.4742,  30 Jun 2018 21:32:08
# 26.8373,  5.422980,  1.012,  0.1403,  0.2152,  34.4492,  30 Jun 2018 21:36:08
# 26.8422,  5.422901,  0.982,  0.1476,  0.2109,  34.4450,  30 Jun 2018 21:40:08
# 26.8497,  5.420129,  1.005,  0.1450,  0.2239,  34.4196,  30 Jun 2018 21:44:08
# 26.8415,  5.422775,  0.972,  0.1475,  0.2105,  34.4446,  30 Jun 2018 21:48:08
# 26.8106,  5.423687,  0.992,  0.1414,  0.2502,  34.4741,  30 Jun 2018 21:52:08
# 26.8337,  5.421770,  0.957,  0.1474,  0.2277,  34.4433,  30 Jun 2018 21:56:08
# 26.8311,  5.422823,  0.964,  0.1463,  0.2380,  34.4527,  30 Jun 2018 22:00:08
# 26.8211,  5.421849,  0.994,  0.1292,  0.2142,  34.4531,  30 Jun 2018 22:04:08
# 26.8370,  5.419069,  0.960,  0.1439,  0.2203,  34.4215,  30 Jun 2018 22:08:08
# 26.8255,  5.418551,  0.943,  0.1363,  0.2031,  34.4263,  30 Jun 2018 22:12:08
# 26.8079,  5.415544,  0.935,  0.1266,  0.2164,  34.4179,  30 Jun 2018 22:16:08
# 26.7876,  5.414509,  0.951,  0.1366,  0.2056,  34.4256,  30 Jun 2018 22:20:08
# 26.7860,  5.418237,  0.894,  0.1328,  0.2525,  34.4535,  30 Jun 2018 22:24:08
# 26.7539,  5.416715,  0.933,  0.1255,  0.2300,  34.4664,  30 Jun 2018 22:28:08
# 26.7517,  5.416511,  0.924,  0.1257,  0.2253,  34.4666,  30 Jun 2018 22:32:08
# 26.7527,  5.415804,  0.886,  0.1215,  0.2415,  34.4608,  30 Jun 2018 22:36:08
# 26.7558,  5.408883,  0.894,  0.1266,  0.2069,  34.4090,  30 Jun 2018 22:40:08
# 26.7611,  5.413567,  0.878,  0.1267,  0.2217,  34.4386,  30 Jun 2018 22:44:08
# 26.7410,  5.414125,  0.879,  0.1353,  0.2405,  34.4575,  30 Jun 2018 22:48:08
# 26.7236,  5.412446,  0.872,  0.1326,  0.2106,  34.4584,  30 Jun 2018 22:52:08
# 26.7239,  5.411669,  0.865,  0.1243,  0.2464,  34.4527,  30 Jun 2018 22:56:08
# 26.7250,  5.411779,  0.861,  0.1231,  0.2116,  34.4526,  30 Jun 2018 23:00:08
# 26.7292,  5.411025,  0.852,  0.1305,  0.2645,  34.4441,  30 Jun 2018 23:04:08
# 26.7181,  5.410915,  0.860,  0.1157,  0.2355,  34.4516,  30 Jun 2018 23:08:08
# 26.7292,  5.410154,  0.841,  0.1242,  0.2165,  34.4379,  30 Jun 2018 23:12:08
# 26.7262,  5.410115,  0.828,  0.1204,  0.2265,  34.4398,  30 Jun 2018 23:16:08
# 26.7059,  5.408680,  0.827,  0.1144,  0.1971,  34.4447,  30 Jun 2018 23:20:08
# 26.7122,  5.408907,  0.818,  0.1229,  0.2043,  34.4416,  30 Jun 2018 23:24:08
# 26.7259,  5.407346,  0.813,  0.1341,  0.2190,  34.4202,  30 Jun 2018 23:28:08
# 26.7100,  5.407142,  0.798,  0.1328,  0.2885,  34.4306,  30 Jun 2018 23:32:08
# 26.6895,  5.407315,  0.836,  0.1205,  0.2118,  34.4471,  30 Jun 2018 23:36:08
# 26.6970,  5.406977,  0.813,  0.1267,  0.2302,  34.4390,  30 Jun 2018 23:40:08
# 26.6844,  5.406821,  0.814,  0.1231,  0.2254,  34.4473,  30 Jun 2018 23:44:08
# 26.6880,  5.407150,  0.800,  0.1229,  0.2356,  34.4470,  30 Jun 2018 23:48:08
# 26.6844,  5.405338,  0.787,  0.1279,  0.2584,  34.4367,  30 Jun 2018 23:52:08
# 26.6796,  5.405040,  0.788,  0.1244,  0.2319,  34.4381,  30 Jun 2018 23:56:08
# 26.6979,  5.399927,  0.795,  0.1427,  0.2156,  34.3879,  01 Jul 2018 00:00:08
# 26.6809,  5.401958,  0.795,  0.1304,  0.2165,  34.4151,  01 Jul 2018 00:04:08
# 26.6725,  5.401723,  0.766,  0.1241,  0.2657,  34.4197,  01 Jul 2018 00:08:08
# 26.6813,  5.394402,  0.774,  0.1244,  0.2155,  34.3607,  01 Jul 2018 00:12:08
# 26.6790,  5.399207,  0.766,  0.1328,  0.2321,  34.3968,  01 Jul 2018 00:16:08
# 26.6720,  5.399418,  0.769,  0.1242,  0.2238,  34.4035,  01 Jul 2018 00:20:08
# 26.6628,  5.399936,  0.763,  0.1156,  0.2128,  34.4140,  01 Jul 2018 00:24:08
# 26.6545,  5.399834,  0.763,  0.1170,  0.2395,  34.4195,  01 Jul 2018 00:28:08
# 26.6528,  5.400038,  0.764,  0.1119,  0.2191,  34.4222,  01 Jul 2018 00:32:08
# 26.6490,  5.399082,  0.752,  0.1170,  0.2303,  34.4182,  01 Jul 2018 00:36:08
# 26.6470,  5.393948,  0.761,  0.1242,  0.2081,  34.3829,  01 Jul 2018 00:40:08
# 26.6291,  5.397585,  0.769,  0.1254,  0.2180,  34.4223,  01 Jul 2018 00:44:08
# 26.6141,  5.397428,  0.738,  0.1180,  0.2253,  34.4323,  01 Jul 2018 00:48:08
# 26.6114,  5.397420,  0.732,  0.1145,  0.2618,  34.4343,  01 Jul 2018 00:52:08
# 26.6031,  5.397475,  0.742,  0.1157,  0.2358,  34.4409,  01 Jul 2018 00:56:08
# 26.5969,  5.393643,  0.740,  0.1220,  0.2524,  34.4180,  01 Jul 2018 01:00:08
# 26.6049,  5.392672,  0.726,  0.1192,  0.2254,  34.4051,  01 Jul 2018 01:04:08
# 26.6003,  5.391316,  0.738,  0.1231,  0.2068,  34.3988,  01 Jul 2018 01:08:08
# 26.5895,  5.388042,  0.728,  0.1095,  0.2019,  34.3833,  01 Jul 2018 01:12:08
# 26.5999,  5.394113,  0.744,  0.1129,  0.2657,  34.4191,  01 Jul 2018 01:16:08
# 26.6032,  5.394803,  0.720,  0.1144,  0.2200,  34.4216,  01 Jul 2018 01:20:08
# 26.6004,  5.395649,  0.732,  0.1218,  0.2368,  34.4298,  01 Jul 2018 01:24:08
# 26.5933,  5.395062,  0.730,  0.1122,  0.2731,  34.4309,  01 Jul 2018 01:28:08
# 26.5779,  5.394082,  0.727,  0.1134,  0.2357,  34.4353,  01 Jul 2018 01:32:08
# 26.5589,  5.390338,  0.733,  0.1056,  0.2267,  34.4225,  01 Jul 2018 01:36:08
# 26.5552,  5.386563,  0.739,  0.1110,  0.2416,  34.3982,  01 Jul 2018 01:40:08
# 26.5633,  5.390667,  0.739,  0.1093,  0.2131,  34.4217,  01 Jul 2018 01:44:08
# 26.5716,  5.392876,  0.719,  0.1090,  0.2143,  34.4313,  01 Jul 2018 01:48:08
# 26.5614,  5.392531,  0.742,  0.1083,  0.2309,  34.4365,  01 Jul 2018 01:52:08
# 26.5633,  5.393871,  0.728,  0.1071,  0.2202,  34.4447,  01 Jul 2018 01:56:08
# 26.5550,  5.393331,  0.739,  0.1096,  0.2625,  34.4470,  01 Jul 2018 02:00:08
# 26.5435,  5.392406,  0.750,  0.1072,  0.2321,  34.4489,  01 Jul 2018 02:04:08
# 26.5372,  5.391803,  0.759,  0.1046,  0.2548,  34.4493,  01 Jul 2018 02:08:08
# 26.5355,  5.392124,  0.738,  0.1093,  0.2442,  34.4528,  01 Jul 2018 02:12:08
# 26.5359,  5.391639,  0.732,  0.1048,  0.2287,  34.4491,  01 Jul 2018 02:16:08
# 26.5416,  5.392618,  0.761,  0.1131,  0.2502,  34.4518,  01 Jul 2018 02:20:08
# 26.5230,  5.390088,  0.762,  0.1106,  0.2728,  34.4475,  01 Jul 2018 02:24:08
# 26.5322,  5.388936,  0.746,  0.1083,  0.2168,  34.4324,  01 Jul 2018 02:28:08
# 26.5329,  5.389265,  0.756,  0.1072,  0.2357,  34.4343,  01 Jul 2018 02:32:08
# 26.5257,  5.388960,  0.756,  0.1070,  0.3028,  34.4374,  01 Jul 2018 02:36:08
# 26.5109,  5.389524,  0.752,  0.1060,  0.2380,  34.4525,  01 Jul 2018 02:40:08
# 26.5022,  5.389430,  0.727,  0.1057,  0.2321,  34.4583,  01 Jul 2018 02:44:08
# 26.4897,  5.386955,  0.762,  0.1072,  0.2634,  34.4498,  01 Jul 2018 02:48:08
# 26.4854,  5.387143,  0.779,  0.1059,  0.2430,  34.4544,  01 Jul 2018 02:52:08
# 26.4817,  5.386877,  0.757,  0.1032,  0.2154,  34.4553,  01 Jul 2018 02:56:08
# 26.4808,  5.386595,  0.775,  0.1035,  0.2254,  34.4540,  01 Jul 2018 03:00:08
# 26.4848,  5.386971,  0.771,  0.0999,  0.2080,  34.4536,  01 Jul 2018 03:04:08
# 26.4838,  5.386211,  0.790,  0.1035,  0.2103,  34.4489,  01 Jul 2018 03:08:08
# 26.5081,  5.385639,  0.777,  0.1182,  0.2329,  34.4267,  01 Jul 2018 03:12:08
# 26.4949,  5.385193,  0.760,  0.1121,  0.2308,  34.4333,  01 Jul 2018 03:16:08
# 26.4719,  5.384465,  0.769,  0.1093,  0.2367,  34.4453,  01 Jul 2018 03:20:08
# 26.4650,  5.384191,  0.783,  0.1071,  0.2202,  34.4484,  01 Jul 2018 03:24:08
# 26.4598,  5.383495,  0.773,  0.1073,  0.2191,  34.4473,  01 Jul 2018 03:28:08
# 26.4413,  5.381561,  0.768,  0.1059,  0.2239,  34.4472,  01 Jul 2018 03:32:08
# 26.4367,  5.380920,  0.803,  0.1036,  0.2852,  34.4460,  01 Jul 2018 03:36:08
# 26.4364,  5.381037,  0.787,  0.1068,  0.2660,  34.4470,  01 Jul 2018 03:40:08
# 26.4423,  5.382422,  0.778,  0.1055,  0.2381,  34.4527,  01 Jul 2018 03:44:08
# 26.4334,  5.381428,  0.771,  0.1059,  0.2441,  34.4521,  01 Jul 2018 03:48:08
# 26.4494,  5.383722,  0.797,  0.1035,  0.2406,  34.4567,  01 Jul 2018 03:52:08
# 26.4367,  5.381734,  0.773,  0.1058,  0.2419,  34.4519,  01 Jul 2018 03:56:08
# 26.4443,  5.381929,  0.804,  0.1073,  0.2287,  34.4476,  01 Jul 2018 04:00:08
# 26.4409,  5.380872,  0.781,  0.1069,  0.3438,  34.4426,  01 Jul 2018 04:04:08
# 26.4343,  5.379847,  0.782,  0.1118,  0.2524,  34.4400,  01 Jul 2018 04:08:08
# 26.4185,  5.378587,  0.807,  0.1046,  0.2428,  34.4428,  01 Jul 2018 04:12:08
# 26.4271,  5.379010,  0.834,  0.1055,  0.2514,  34.4394,  01 Jul 2018 04:16:08
# 26.4283,  5.379433,  0.811,  0.1033,  0.2583,  34.4416,  01 Jul 2018 04:20:08
# 26.4326,  5.380560,  0.821,  0.1072,  0.2573,  34.4465,  01 Jul 2018 04:24:08
# 26.4183,  5.380278,  0.818,  0.1034,  0.2276,  34.4551,  01 Jul 2018 04:28:08
# 26.4523,  5.378164,  0.824,  0.1181,  0.2416,  34.4145,  01 Jul 2018 04:32:08
# 26.4892,  5.380833,  0.831,  0.1221,  0.2192,  34.4062,  01 Jul 2018 04:36:08
# 26.4910,  5.381255,  0.838,  0.1170,  0.2405,  34.4078,  01 Jul 2018 04:40:08
# 26.4559,  5.380324,  0.822,  0.1122,  0.2408,  34.4274,  01 Jul 2018 04:44:08
# 26.4317,  5.379315,  0.803,  0.1083,  0.2320,  34.4382,  01 Jul 2018 04:48:08
# 26.4240,  5.377476,  0.840,  0.1095,  0.2288,  34.4307,  01 Jul 2018 04:52:08
# 26.4204,  5.377327,  0.857,  0.1133,  0.2824,  34.4323,  01 Jul 2018 04:56:08
# 26.4205,  5.378650,  0.828,  0.1033,  0.2406,  34.4418,  01 Jul 2018 05:00:08
# 26.4072,  5.378588,  0.831,  0.1037,  0.2131,  34.4512,  01 Jul 2018 05:04:08
# 26.4100,  5.378384,  0.866,  0.1019,  0.2303,  34.4477,  01 Jul 2018 05:08:08
# 26.4226,  5.379276,  0.856,  0.1058,  0.2288,  34.4447,  01 Jul 2018 05:12:08
# 26.4143,  5.378642,  0.867,  0.1070,  0.2079,  34.4463,  01 Jul 2018 05:16:08
# 26.4102,  5.379339,  0.826,  0.1010,  0.2105,  34.4544,  01 Jul 2018 05:20:08
# 26.4091,  5.378846,  0.878,  0.1020,  0.2499,  34.4517,  01 Jul 2018 05:24:08
# 26.4215,  5.377946,  0.837,  0.1081,  0.2718,  34.4359,  01 Jul 2018 05:28:08
# 26.4190,  5.377954,  0.854,  0.1083,  0.2488,  34.4379,  01 Jul 2018 05:32:08
# 26.4274,  5.379127,  0.856,  0.1072,  0.2277,  34.4401,  01 Jul 2018 05:36:08
# 26.4186,  5.378157,  0.850,  0.1072,  0.2381,  34.4396,  01 Jul 2018 05:40:08
# 26.4138,  5.377860,  0.838,  0.1021,  0.2191,  34.4410,  01 Jul 2018 05:44:08
# 26.4297,  5.380231,  0.868,  0.1093,  0.2442,  34.4463,  01 Jul 2018 05:48:08
# 26.4328,  5.380638,  0.871,  0.1035,  0.2058,  34.4468,  01 Jul 2018 05:52:08
# 26.4304,  5.380716,  0.838,  0.1083,  0.2802,  34.4492,  01 Jul 2018 05:56:08
# 26.4441,  5.380442,  0.868,  0.1071,  0.2599,  34.4370,  01 Jul 2018 06:00:08
# 26.4374,  5.380833,  0.871,  0.1094,  0.2354,  34.4449,  01 Jul 2018 06:04:08
# 26.4465,  5.381240,  0.852,  0.1047,  0.2406,  34.4410,  01 Jul 2018 06:08:08
# 26.4396,  5.380309,  0.864,  0.1082,  0.2344,  34.4394,  01 Jul 2018 06:12:08
# 26.4425,  5.380802,  0.885,  0.1082,  0.2547,  34.4408,  01 Jul 2018 06:16:08
# 26.4552,  5.381021,  0.868,  0.1121,  0.2475,  34.4329,  01 Jul 2018 06:20:08
# 26.4438,  5.380669,  0.847,  0.1094,  0.2789,  34.4389,  01 Jul 2018 06:24:08
# 26.4298,  5.380278,  0.858,  0.1046,  0.2367,  34.4465,  01 Jul 2018 06:28:08
# 26.3911,  5.378564,  0.842,  0.1070,  0.2312,  34.4631,  01 Jul 2018 06:32:08
# 26.3668,  5.377015,  0.858,  0.1046,  0.2586,  34.4701,  01 Jul 2018 06:36:08
# 26.3839,  5.377367,  0.875,  0.1048,  0.2129,  34.4598,  01 Jul 2018 06:40:08
# 26.3809,  5.377633,  0.864,  0.1071,  0.2441,  34.4640,  01 Jul 2018 06:44:08
# 26.3791,  5.377688,  0.833,  0.1057,  0.2300,  34.4658,  01 Jul 2018 06:48:08
# 26.3792,  5.377884,  0.830,  0.1043,  0.2527,  34.4671,  01 Jul 2018 06:52:08
# 26.3830,  5.378142,  0.882,  0.1070,  0.2453,  34.4661,  01 Jul 2018 06:56:08
# 26.4436,  5.381452,  0.839,  0.1132,  0.2190,  34.4447,  01 Jul 2018 07:00:08
# 26.4318,  5.379487,  0.826,  0.1095,  0.2237,  34.4394,  01 Jul 2018 07:04:08
# 26.4149,  5.379840,  0.862,  0.1059,  0.2332,  34.4545,  01 Jul 2018 07:08:08
# 26.4009,  5.378838,  0.835,  0.1058,  0.2333,  34.4577,  01 Jul 2018 07:12:08
# 26.3985,  5.379942,  0.816,  0.1044,  0.2266,  34.4675,  01 Jul 2018 07:16:08
# 26.3817,  5.379112,  0.836,  0.1045,  0.2802,  34.4741,  01 Jul 2018 07:20:08
# 26.3999,  5.379707,  0.883,  0.1073,  0.2301,  34.4648,  01 Jul 2018 07:24:08
# 26.4338,  5.382141,  0.830,  0.1131,  0.2319,  34.4570,  01 Jul 2018 07:28:08
# 26.4044,  5.380646,  0.853,  0.1095,  0.2152,  34.4682,  01 Jul 2018 07:32:08
# 26.3650,  5.379034,  0.823,  0.0997,  0.2303,  34.4861,  01 Jul 2018 07:36:08
# 26.3542,  5.378549,  0.826,  0.0999,  0.2309,  34.4906,  01 Jul 2018 07:40:08
# 26.3704,  5.379308,  0.836,  0.1022,  0.2367,  34.4839,  01 Jul 2018 07:44:08
# 26.3394,  5.377642,  0.847,  0.0983,  0.2331,  34.4951,  01 Jul 2018 07:48:08
# 26.3440,  5.377744,  0.811,  0.1060,  0.2562,  34.4925,  01 Jul 2018 07:52:08
# 26.4073,  5.380991,  0.814,  0.1021,  0.2277,  34.4685,  01 Jul 2018 07:56:08
# 26.4065,  5.382173,  0.826,  0.1007,  0.2154,  34.4776,  01 Jul 2018 08:00:08
# 26.4243,  5.383519,  0.804,  0.1044,  0.2344,  34.4740,  01 Jul 2018 08:04:08
# 26.4475,  5.384724,  0.814,  0.1008,  0.2255,  34.4653,  01 Jul 2018 08:08:08
# 26.4916,  5.386650,  0.829,  0.1059,  0.2344,  34.4462,  01 Jul 2018 08:12:08
# 26.4311,  5.385155,  0.805,  0.1019,  0.2105,  34.4807,  01 Jul 2018 08:16:08
# 26.4361,  5.385915,  0.785,  0.1044,  0.2417,  34.4824,  01 Jul 2018 08:20:08
# 26.4441,  5.386651,  0.820,  0.1080,  0.2380,  34.4817,  01 Jul 2018 08:24:08
# 26.4570,  5.387645,  0.808,  0.1034,  0.2081,  34.4793,  01 Jul 2018 08:28:08
# 26.4609,  5.387661,  0.826,  0.1058,  0.2128,  34.4764,  01 Jul 2018 08:32:08
# 26.4487,  5.387536,  0.802,  0.1082,  0.3288,  34.4847,  01 Jul 2018 08:36:08
# 26.4544,  5.388256,  0.834,  0.0983,  0.2420,  34.4856,  01 Jul 2018 08:40:08
# 26.4705,  5.390143,  0.791,  0.0946,  0.2427,  34.4872,  01 Jul 2018 08:44:08
# 26.4546,  5.390183,  0.785,  0.0945,  0.2285,  34.4993,  01 Jul 2018 08:48:08
# 26.4503,  5.389768,  0.778,  0.0944,  0.2319,  34.4996,  01 Jul 2018 08:52:08
# 26.4342,  5.389220,  0.781,  0.0935,  0.2215,  34.5076,  01 Jul 2018 08:56:08
# 26.4745,  5.392407,  0.784,  0.0958,  0.2153,  34.5005,  01 Jul 2018 09:00:08
# 26.4754,  5.393050,  0.780,  0.0997,  0.2291,  34.5044,  01 Jul 2018 09:04:08
# 26.4869,  5.394202,  0.780,  0.0986,  0.2190,  34.5041,  01 Jul 2018 09:08:08
# 26.5066,  5.395322,  0.758,  0.0945,  0.2321,  34.4975,  01 Jul 2018 09:12:08
# 26.4928,  5.394797,  0.755,  0.0959,  0.2274,  34.5040,  01 Jul 2018 09:16:08
# 26.4971,  5.395181,  0.789,  0.0945,  0.2152,  34.5035,  01 Jul 2018 09:20:08
# 26.4778,  5.394774,  0.760,  0.0943,  0.2680,  34.5150,  01 Jul 2018 09:24:08
# 26.5489,  5.398558,  0.756,  0.0983,  0.2107,  34.4891,  01 Jul 2018 09:28:08
# 26.5690,  5.400032,  0.758,  0.1006,  0.2321,  34.4847,  01 Jul 2018 09:32:08
# 26.5476,  5.399609,  0.750,  0.0960,  0.2166,  34.4976,  01 Jul 2018 09:36:08
# 26.5212,  5.399092,  0.735,  0.0945,  0.2921,  34.5137,  01 Jul 2018 09:40:08
# 26.5303,  5.399515,  0.751,  0.0935,  0.2265,  34.5099,  01 Jul 2018 09:44:08
# 26.5486,  5.400832,  0.744,  0.0896,  0.2287,  34.5056,  01 Jul 2018 09:48:08
# 26.5778,  5.403497,  0.755,  0.0884,  0.2155,  34.5030,  01 Jul 2018 09:52:08
# 26.5982,  5.405528,  0.774,  0.0910,  0.2407,  34.5024,  01 Jul 2018 09:56:08
# 26.6393,  5.409402,  0.736,  0.0894,  0.2490,  34.4995,  01 Jul 2018 10:00:08
# 26.6064,  5.406234,  0.767,  0.0899,  0.2068,  34.5013,  01 Jul 2018 10:04:08
# 26.6512,  5.410124,  0.742,  0.0898,  0.2191,  34.4958,  01 Jul 2018 10:08:08
# 26.6314,  5.409010,  0.727,  0.0886,  0.2266,  34.5026,  01 Jul 2018 10:12:08
# 26.6463,  5.410752,  0.735,  0.0934,  0.2290,  34.5040,  01 Jul 2018 10:16:08
# 26.6872,  5.414149,  0.746,  0.0934,  0.2081,  34.4978,  01 Jul 2018 10:20:08
# 26.6327,  5.413044,  0.712,  0.0859,  0.2311,  34.5306,  01 Jul 2018 10:24:08
# 26.7111,  5.415931,  0.738,  0.0946,  0.2300,  34.4927,  01 Jul 2018 10:28:08
# 26.6955,  5.418294,  0.714,  0.0908,  0.2190,  34.5213,  01 Jul 2018 10:32:08
# 26.7003,  5.418160,  0.755,  0.0896,  0.2239,  34.5168,  01 Jul 2018 10:36:08
# 26.7395,  5.420311,  0.714,  0.0920,  0.2537,  34.5030,  01 Jul 2018 10:40:08
# 26.7651,  5.422635,  0.729,  0.0887,  0.2030,  34.5005,  01 Jul 2018 10:44:08
# 26.7108,  5.419770,  0.748,  0.0885,  0.2152,  34.5205,  01 Jul 2018 10:48:08
# 26.7565,  5.422086,  0.725,  0.0897,  0.2008,  34.5030,  01 Jul 2018 10:52:08
# 26.7873,  5.424968,  0.739,  0.0886,  0.2285,  34.5007,  01 Jul 2018 10:56:08
# 26.8107,  5.426908,  0.746,  0.0922,  0.2068,  34.4971,  01 Jul 2018 11:00:08
# 26.7861,  5.425046,  0.726,  0.0872,  0.2079,  34.5022,  01 Jul 2018 11:04:08
# 26.8371,  5.430553,  0.743,  0.0888,  0.2214,  34.5036,  01 Jul 2018 11:08:08
# 26.8435,  5.431449,  0.749,  0.0922,  0.2502,  34.5052,  01 Jul 2018 11:12:08
# 26.8993,  5.436794,  0.699,  0.0859,  0.2203,  34.5019,  01 Jul 2018 11:16:08
# 26.9322,  5.438751,  0.730,  0.0885,  0.2144,  34.4914,  01 Jul 2018 11:20:08
# 26.9339,  5.436896,  0.743,  0.0935,  0.2647,  34.4769,  01 Jul 2018 11:24:08
# 26.9272,  5.437383,  0.753,  0.0896,  0.2522,  34.4854,  01 Jul 2018 11:28:08
# 26.9520,  5.440143,  0.760,  0.0848,  0.2287,  34.4866,  01 Jul 2018 11:32:08
# 26.9192,  5.439428,  0.744,  0.0848,  0.2380,  34.5059,  01 Jul 2018 11:36:08
# 26.9450,  5.442165,  0.732,  0.0872,  0.2319,  34.5063,  01 Jul 2018 11:40:08
# 26.9885,  5.446184,  0.730,  0.0873,  0.2154,  34.5026,  01 Jul 2018 11:44:08
# 26.9900,  5.446562,  0.739,  0.0898,  0.2203,  34.5042,  01 Jul 2018 11:48:08
# 26.9800,  5.446696,  0.741,  0.0858,  0.2238,  34.5126,  01 Jul 2018 11:52:08
# 27.0627,  5.454275,  0.722,  0.0886,  0.2042,  34.5052,  01 Jul 2018 11:56:08
# 27.0859,  5.457290,  0.756,  0.0871,  0.2501,  34.5094,  01 Jul 2018 12:00:08
# 27.0601,  5.455448,  0.741,  0.0887,  0.2215,  34.5155,  01 Jul 2018 12:04:08
# 27.0479,  5.455102,  0.762,  0.0849,  0.2403,  34.5220,  01 Jul 2018 12:08:08
# 27.1105,  5.461189,  0.748,  0.0884,  0.1958,  34.5189,  01 Jul 2018 12:12:08
# 27.1267,  5.460850,  0.737,  0.0832,  0.1969,  34.5044,  01 Jul 2018 12:16:08
# 27.1674,  5.464860,  0.753,  0.0849,  0.1849,  34.5028,  01 Jul 2018 12:20:08
# 27.1601,  5.464907,  0.784,  0.0885,  0.2203,  34.5086,  01 Jul 2018 12:24:08
# 27.1473,  5.463245,  0.777,  0.0872,  0.2166,  34.5062,  01 Jul 2018 12:28:08
# 27.1651,  5.466381,  0.752,  0.0884,  0.1960,  34.5153,  01 Jul 2018 12:32:08
# 27.2460,  5.469083,  0.772,  0.0919,  0.2045,  34.4746,  01 Jul 2018 12:36:08
# 27.2722,  5.475044,  0.770,  0.0871,  0.2006,  34.4975,  01 Jul 2018 12:40:08
# 27.2182,  5.470393,  0.758,  0.0897,  0.2055,  34.5045,  01 Jul 2018 12:44:08
# 27.1916,  5.468123,  0.777,  0.0856,  0.2042,  34.5080,  01 Jul 2018 12:48:08
# 27.1753,  5.467421,  0.804,  0.0872,  0.2090,  34.5152,  01 Jul 2018 12:52:08
# 27.1974,  5.469352,  0.766,  0.0883,  0.2068,  34.5125,  01 Jul 2018 12:56:08
# 27.1870,  5.469211,  0.784,  0.0871,  0.1981,  34.5192,  01 Jul 2018 13:00:08
# 27.1950,  5.470322,  0.808,  0.0847,  0.2609,  34.5211,  01 Jul 2018 13:04:08
# 27.1983,  5.469691,  0.811,  0.0883,  0.2106,  34.5142,  01 Jul 2018 13:08:08
# 27.1864,  5.468556,  0.782,  0.0897,  0.2165,  34.5150,  01 Jul 2018 13:12:08
# 27.2176,  5.472214,  0.825,  0.0897,  0.2031,  34.5178,  01 Jul 2018 13:16:08
# 27.1926,  5.470157,  0.812,  0.0871,  0.2454,  34.5217,  01 Jul 2018 13:20:08
# 27.1280,  5.463947,  0.809,  0.0920,  0.2021,  34.5255,  01 Jul 2018 13:24:08
# 27.1106,  5.461693,  0.813,  0.0934,  0.2105,  34.5224,  01 Jul 2018 13:28:08
# 27.1226,  5.462773,  0.806,  0.0907,  0.1980,  34.5212,  01 Jul 2018 13:32:08
# 27.1368,  5.462906,  0.825,  0.0961,  0.2238,  34.5116,  01 Jul 2018 13:36:08
# 27.1669,  5.464726,  0.837,  0.0933,  0.2155,  34.5022,  01 Jul 2018 13:40:08
# 27.1552,  5.464064,  0.846,  0.0932,  0.1920,  34.5062,  01 Jul 2018 13:44:08
# 27.1663,  5.466499,  0.847,  0.0908,  0.2004,  34.5153,  01 Jul 2018 13:48:08
# 27.1992,  5.469218,  0.832,  0.0871,  0.1922,  34.5102,  01 Jul 2018 13:52:08
# 27.1976,  5.470275,  0.851,  0.0872,  0.2079,  34.5188,  01 Jul 2018 13:56:08
