# 25.8342,  5.318521,  1.109,  0.0961,  0.2718,  34.4461,  26 May 2018 14:03:04
# 25.8557,  5.320616,  1.112,  0.0948,  0.2681,  34.4451,  26 May 2018 14:07:04
# 25.8672,  5.322033,  1.115,  0.0972,  0.2252,  34.4468,  26 May 2018 14:11:04
# 25.8741,  5.323186,  1.116,  0.1009,  0.2923,  34.4500,  26 May 2018 14:15:04
# 25.8712,  5.323288,  1.119,  0.0972,  0.2935,  34.4529,  26 May 2018 14:19:04
# 25.8788,  5.323693,  1.124,  0.0973,  0.2682,  34.4501,  26 May 2018 14:23:04
# 25.9181,  5.327846,  1.127,  0.1010,  0.2526,  34.4507,  26 May 2018 14:27:04
# 25.9368,  5.329622,  1.130,  0.0958,  0.2428,  34.4496,  26 May 2018 14:31:04
# 25.9651,  5.332818,  1.135,  0.0973,  0.2369,  34.4515,  26 May 2018 14:35:04
# 25.9940,  5.336085,  1.136,  0.0971,  0.2559,  34.4535,  26 May 2018 14:39:04
# 26.0064,  5.337778,  1.141,  0.0924,  0.2920,  34.4565,  26 May 2018 14:43:04
# 26.0178,  5.338862,  1.141,  0.0960,  0.2743,  34.4557,  26 May 2018 14:47:04
# 26.0299,  5.340406,  1.145,  0.0973,  0.2431,  34.4579,  26 May 2018 14:51:04
# 26.0596,  5.343488,  1.145,  0.0973,  0.2768,  34.4580,  26 May 2018 14:55:04
# 26.1292,  5.351387,  1.149,  0.0959,  0.2635,  34.4629,  26 May 2018 14:59:04
# 26.1466,  5.353581,  1.147,  0.0958,  0.2681,  34.4657,  26 May 2018 15:03:04
# 26.0948,  5.347827,  1.152,  0.1009,  0.2730,  34.4630,  26 May 2018 15:07:04
# 26.0699,  5.344190,  1.153,  0.1022,  0.2692,  34.4553,  26 May 2018 15:11:04
# 26.0729,  5.344760,  1.153,  0.0971,  0.3051,  34.4572,  26 May 2018 15:15:04
# 26.0668,  5.344323,  1.153,  0.0997,  0.2599,  34.4586,  26 May 2018 15:19:04
# 26.0612,  5.343254,  1.156,  0.0984,  0.2537,  34.4550,  26 May 2018 15:23:04
# 26.0476,  5.340617,  1.153,  0.1072,  0.2586,  34.4461,  26 May 2018 15:27:04
# 26.0467,  5.340812,  1.151,  0.1060,  0.2526,  34.4482,  26 May 2018 15:31:04
# 26.0474,  5.341483,  1.154,  0.1035,  0.2767,  34.4526,  26 May 2018 15:35:04
# 26.0332,  5.340586,  1.148,  0.1034,  0.2562,  34.4567,  26 May 2018 15:39:04
# 26.0200,  5.339837,  1.151,  0.1033,  0.2441,  34.4612,  26 May 2018 15:43:04
# 26.0215,  5.339899,  1.150,  0.1023,  0.2885,  34.4605,  26 May 2018 15:47:04
# 26.0231,  5.340048,  1.151,  0.1035,  0.2634,  34.4604,  26 May 2018 15:51:04
# 26.0232,  5.338971,  1.139,  0.1082,  0.2956,  34.4525,  26 May 2018 15:55:04
# 26.0199,  5.338924,  1.139,  0.1072,  0.2634,  34.4546,  26 May 2018 15:59:04
# 26.0566,  5.341483,  1.134,  0.1156,  0.2837,  34.4457,  26 May 2018 16:03:04
# 26.0415,  5.340711,  1.124,  0.1195,  0.3108,  34.4514,  26 May 2018 16:07:04
# 26.0402,  5.340851,  1.130,  0.1108,  0.2669,  34.4533,  26 May 2018 16:11:04
# 26.0338,  5.341093,  1.130,  0.1145,  0.2730,  34.4599,  26 May 2018 16:15:04
# 25.9998,  5.338106,  1.091,  0.1183,  0.2863,  34.4638,  26 May 2018 16:19:04
# 25.9980,  5.337934,  1.116,  0.1156,  0.2716,  34.4639,  26 May 2018 16:23:04
# 26.0183,  5.338534,  1.119,  0.1243,  0.2779,  34.4530,  26 May 2018 16:27:04
# 26.0168,  5.338222,  1.118,  0.1219,  0.2886,  34.4519,  26 May 2018 16:31:04
# 26.0127,  5.337973,  1.102,  0.1168,  0.2624,  34.4532,  26 May 2018 16:35:04
# 26.0278,  5.340235,  1.090,  0.1184,  0.2465,  34.4582,  26 May 2018 16:39:04
# 26.0208,  5.340399,  1.095,  0.1144,  0.2588,  34.4647,  26 May 2018 16:43:04
# 26.0095,  5.339307,  1.078,  0.1246,  0.2596,  34.4653,  26 May 2018 16:47:04
# 26.0212,  5.340430,  1.068,  0.1231,  0.2889,  34.4646,  26 May 2018 16:51:04
# 26.0079,  5.338433,  1.075,  0.1271,  0.3017,  34.4602,  26 May 2018 16:55:04
# 26.0012,  5.337981,  1.072,  0.1209,  0.2511,  34.4619,  26 May 2018 16:59:04
# 25.9884,  5.336460,  1.044,  0.1246,  0.2755,  34.4605,  26 May 2018 17:03:04
# 25.9560,  5.332203,  1.055,  0.1353,  0.2753,  34.4539,  26 May 2018 17:07:04
# 25.9311,  5.330737,  1.038,  0.1295,  0.2969,  34.4620,  26 May 2018 17:11:04
# 25.9564,  5.331789,  1.048,  0.1353,  0.3170,  34.4506,  26 May 2018 17:15:04
# 25.9583,  5.330183,  1.033,  0.1365,  0.2683,  34.4375,  26 May 2018 17:19:04
# 25.9494,  5.329794,  1.000,  0.1365,  0.2550,  34.4414,  26 May 2018 17:23:04
# 25.9294,  5.328890,  1.044,  0.1279,  0.2919,  34.4499,  26 May 2018 17:27:04
# 25.9215,  5.328516,  1.027,  0.1312,  0.2777,  34.4531,  26 May 2018 17:31:04
# 25.9176,  5.328742,  1.009,  0.1330,  0.3107,  34.4577,  26 May 2018 17:35:04
# 25.9092,  5.327674,  1.004,  0.1377,  0.2672,  34.4562,  26 May 2018 17:39:04
# 25.9012,  5.327176,  1.004,  0.1295,  0.2538,  34.4586,  26 May 2018 17:43:04
# 25.8900,  5.326334,  1.005,  0.1368,  0.2851,  34.4609,  26 May 2018 17:47:04
# 25.8803,  5.324900,  0.963,  0.1426,  0.2860,  34.4578,  26 May 2018 17:51:04
# 25.8764,  5.324565,  0.985,  0.1416,  0.2969,  34.4583,  26 May 2018 17:55:04
# 25.8725,  5.323919,  0.989,  0.1439,  0.3314,  34.4565,  26 May 2018 17:59:04
# 25.8683,  5.323592,  0.999,  0.1295,  0.2537,  34.4573,  26 May 2018 18:03:04
# 25.8584,  5.323054,  0.962,  0.1341,  0.2804,  34.4609,  26 May 2018 18:07:04
# 25.8525,  5.322275,  0.954,  0.1355,  0.2908,  34.4596,  26 May 2018 18:11:04
# 25.8509,  5.321208,  0.940,  0.1392,  0.2721,  34.4531,  26 May 2018 18:15:04
# 25.8569,  5.320483,  0.894,  0.1515,  0.3120,  34.4433,  26 May 2018 18:19:04
# 25.8430,  5.320413,  0.916,  0.1514,  0.3109,  34.4533,  26 May 2018 18:23:04
# 25.8338,  5.319993,  0.923,  0.1305,  0.2778,  34.4571,  26 May 2018 18:27:04
# 25.8395,  5.319822,  0.913,  0.1353,  0.3007,  34.4516,  26 May 2018 18:31:04
# 25.8222,  5.318295,  0.922,  0.1317,  0.2720,  34.4535,  26 May 2018 18:35:04
# 25.8286,  5.318996,  0.904,  0.1256,  0.2670,  34.4538,  26 May 2018 18:39:04
# 25.8216,  5.318015,  0.865,  0.1305,  0.2885,  34.4519,  26 May 2018 18:43:04
# 25.8219,  5.317322,  0.908,  0.1292,  0.2709,  34.4467,  26 May 2018 18:47:04
# 25.8181,  5.318326,  0.902,  0.1318,  0.2779,  34.4569,  26 May 2018 18:51:04
# 25.8136,  5.317509,  0.884,  0.1228,  0.2802,  34.4543,  26 May 2018 18:55:04
# 25.8177,  5.316816,  0.894,  0.1280,  0.3632,  34.4461,  26 May 2018 18:59:04
# 25.8138,  5.316652,  0.859,  0.1343,  0.2872,  34.4479,  26 May 2018 19:03:04
# 25.8048,  5.315897,  0.854,  0.1379,  0.2864,  34.4492,  26 May 2018 19:07:04
# 25.8082,  5.315913,  0.866,  0.1353,  0.2789,  34.4468,  26 May 2018 19:11:04
# 25.8227,  5.318326,  0.875,  0.1364,  0.3155,  34.4534,  26 May 2018 19:15:04
# 25.8042,  5.316606,  0.847,  0.1267,  0.3403,  34.4548,  26 May 2018 19:19:04
# 25.8179,  5.318194,  0.866,  0.1279,  0.2673,  34.4561,  26 May 2018 19:23:04
# 25.8223,  5.318910,  0.843,  0.1305,  0.2718,  34.4579,  26 May 2018 19:27:04
# 25.8163,  5.317594,  0.825,  0.1414,  0.2872,  34.4529,  26 May 2018 19:31:04
# 25.8050,  5.316434,  0.817,  0.1342,  0.2992,  34.4530,  26 May 2018 19:35:04
# 25.8103,  5.316987,  0.830,  0.1376,  0.2920,  34.4530,  26 May 2018 19:39:04
# 25.8123,  5.317306,  0.798,  0.1415,  0.3240,  34.4538,  26 May 2018 19:43:04
# 25.8118,  5.316559,  0.810,  0.1439,  0.2803,  34.4487,  26 May 2018 19:47:04
# 25.7980,  5.315523,  0.810,  0.1280,  0.2767,  34.4516,  26 May 2018 19:51:04
# 25.7910,  5.315742,  0.803,  0.1295,  0.2827,  34.4585,  26 May 2018 19:55:04
# 25.8083,  5.316808,  0.790,  0.1340,  0.2707,  34.4532,  26 May 2018 19:59:04
# 25.7968,  5.315072,  0.787,  0.1391,  0.2779,  34.4492,  26 May 2018 20:03:04
# 25.7935,  5.314924,  0.781,  0.1303,  0.2779,  34.4507,  26 May 2018 20:07:04
# 25.7814,  5.314200,  0.775,  0.1450,  0.2718,  34.4545,  26 May 2018 20:11:04
# 25.7828,  5.315485,  0.781,  0.1451,  0.3522,  34.4628,  26 May 2018 20:15:04
# 25.7825,  5.314262,  0.768,  0.1467,  0.2979,  34.4541,  26 May 2018 20:19:04
# 25.7773,  5.313048,  0.769,  0.1401,  0.2562,  34.4492,  26 May 2018 20:23:04
# 25.7731,  5.312846,  0.758,  0.1354,  0.2815,  34.4509,  26 May 2018 20:27:04
# 25.7722,  5.312892,  0.760,  0.1331,  0.2876,  34.4519,  26 May 2018 20:31:04
# 25.7685,  5.313157,  0.748,  0.1306,  0.3363,  34.4566,  26 May 2018 20:35:04
# 25.7723,  5.313118,  0.796,  0.1304,  0.2898,  34.4535,  26 May 2018 20:39:04
# 25.7649,  5.311663,  0.755,  0.1281,  0.3217,  34.4484,  26 May 2018 20:43:04
# 25.7614,  5.310729,  0.737,  0.1282,  0.2743,  34.4443,  26 May 2018 20:47:04
# 25.7591,  5.309787,  0.744,  0.1244,  0.2908,  34.4391,  26 May 2018 20:51:04
# 25.7536,  5.309297,  0.741,  0.1157,  0.3016,  34.4397,  26 May 2018 20:55:04
# 25.7437,  5.307344,  0.758,  0.1147,  0.2994,  34.4329,  26 May 2018 20:59:04
# 25.7476,  5.309149,  0.737,  0.1193,  0.2982,  34.4431,  26 May 2018 21:03:04
# 25.7458,  5.308931,  0.743,  0.1218,  0.3239,  34.4429,  26 May 2018 21:07:04
# 25.7447,  5.308106,  0.761,  0.1292,  0.2908,  34.4378,  26 May 2018 21:11:04
# 25.7462,  5.307779,  0.740,  0.1295,  0.3681,  34.4342,  26 May 2018 21:15:04
# 25.7378,  5.306931,  0.734,  0.1220,  0.3922,  34.4343,  26 May 2018 21:19:04
# 25.7296,  5.305749,  0.720,  0.1146,  0.3512,  34.4319,  26 May 2018 21:23:04
# 25.7299,  5.305640,  0.734,  0.1267,  0.3085,  34.4309,  26 May 2018 21:27:04
# 25.7241,  5.304862,  0.740,  0.1155,  0.3256,  34.4296,  26 May 2018 21:31:04
# 25.7203,  5.306286,  0.732,  0.1184,  0.2871,  34.4428,  26 May 2018 21:35:04
# 25.7125,  5.306621,  0.730,  0.1171,  0.2815,  34.4512,  26 May 2018 21:39:04
# 25.7051,  5.306115,  0.749,  0.1194,  0.2827,  34.4531,  26 May 2018 21:43:04
# 25.6975,  5.305617,  0.755,  0.1210,  0.2657,  34.4552,  26 May 2018 21:47:04
# 25.6934,  5.306714,  0.782,  0.1170,  0.2696,  34.4663,  26 May 2018 21:51:04
# 25.6867,  5.304357,  0.742,  0.1196,  0.2779,  34.4541,  26 May 2018 21:55:04
# 25.6823,  5.303268,  0.723,  0.1170,  0.2850,  34.4495,  26 May 2018 21:59:04
# 25.6731,  5.301658,  0.741,  0.1182,  0.2995,  34.4447,  26 May 2018 22:03:04
# 25.6675,  5.301160,  0.735,  0.1255,  0.2744,  34.4453,  26 May 2018 22:07:04
# 25.6614,  5.300398,  0.745,  0.1257,  0.3066,  34.4443,  26 May 2018 22:11:04
# 25.6609,  5.300624,  0.740,  0.1133,  0.2888,  34.4464,  26 May 2018 22:15:04
# 25.6545,  5.300640,  0.732,  0.1096,  0.2753,  34.4513,  26 May 2018 22:19:04
# 25.6534,  5.300826,  0.759,  0.1196,  0.2911,  34.4535,  26 May 2018 22:23:04
# 25.6537,  5.299691,  0.755,  0.1221,  0.2790,  34.4450,  26 May 2018 22:27:04
# 25.6486,  5.299108,  0.774,  0.1145,  0.3016,  34.4445,  26 May 2018 22:31:04
# 25.6442,  5.299606,  0.768,  0.1156,  0.3120,  34.4515,  26 May 2018 22:35:04
# 25.6358,  5.299699,  0.767,  0.1107,  0.3423,  34.4585,  26 May 2018 22:39:04
# 25.6270,  5.299396,  0.817,  0.1082,  0.2994,  34.4630,  26 May 2018 22:43:04
# 25.6211,  5.298028,  0.808,  0.1108,  0.2814,  34.4574,  26 May 2018 22:47:04
# 25.6101,  5.297289,  0.796,  0.1122,  0.2633,  34.4603,  26 May 2018 22:51:04
# 25.6145,  5.297312,  0.834,  0.1131,  0.2718,  34.4572,  26 May 2018 22:55:04
# 25.6065,  5.296022,  0.828,  0.1085,  0.2635,  34.4538,  26 May 2018 22:59:04
# 25.6189,  5.296745,  0.828,  0.1157,  0.2466,  34.4497,  26 May 2018 23:03:04
# 25.6247,  5.297538,  0.843,  0.1147,  0.3005,  34.4511,  26 May 2018 23:07:04
# 25.6198,  5.297382,  0.854,  0.1109,  0.2514,  34.4536,  26 May 2018 23:11:04
# 25.6100,  5.295602,  0.851,  0.1132,  0.3087,  34.4481,  26 May 2018 23:15:04
# 25.6084,  5.296628,  0.831,  0.1146,  0.2934,  34.4568,  26 May 2018 23:19:04
# 25.5999,  5.295664,  0.868,  0.1093,  0.2779,  34.4561,  26 May 2018 23:23:04
# 25.5858,  5.291709,  0.864,  0.1182,  0.3206,  34.4379,  26 May 2018 23:27:04
# 25.5845,  5.291709,  0.875,  0.1048,  0.2660,  34.4388,  26 May 2018 23:31:04
# 25.5895,  5.291592,  0.840,  0.1146,  0.2560,  34.4342,  26 May 2018 23:35:04
# 25.5988,  5.292330,  0.902,  0.1134,  0.2633,  34.4326,  26 May 2018 23:39:04
# 25.6003,  5.292353,  0.886,  0.1186,  0.2731,  34.4316,  26 May 2018 23:43:04
# 25.5943,  5.292221,  0.875,  0.1073,  0.2576,  34.4352,  26 May 2018 23:47:04
# 25.5866,  5.293053,  0.888,  0.1134,  0.2480,  34.4471,  26 May 2018 23:51:04
# 25.5740,  5.291888,  0.910,  0.1063,  0.2596,  34.4481,  26 May 2018 23:55:04
# 25.5734,  5.289191,  0.909,  0.1096,  0.2804,  34.4288,  26 May 2018 23:59:04
# 25.5677,  5.288733,  0.904,  0.1046,  0.2513,  34.4298,  27 May 2018 00:03:04
# 25.5625,  5.287902,  0.918,  0.1072,  0.2477,  34.4276,  27 May 2018 00:07:04
# 25.5735,  5.289766,  0.933,  0.1047,  0.2480,  34.4329,  27 May 2018 00:11:04
# 25.5772,  5.287622,  0.918,  0.1131,  0.2778,  34.4144,  27 May 2018 00:15:04
# 25.5816,  5.290527,  0.912,  0.1122,  0.2969,  34.4324,  27 May 2018 00:19:04
# 25.5818,  5.289976,  0.930,  0.1146,  0.2732,  34.4282,  27 May 2018 00:23:04
# 25.5745,  5.289292,  0.902,  0.1095,  0.2396,  34.4287,  27 May 2018 00:27:04
# 25.5677,  5.290761,  0.941,  0.1095,  0.2660,  34.4446,  27 May 2018 00:31:04
# 25.5571,  5.287102,  0.908,  0.1109,  0.2982,  34.4258,  27 May 2018 00:35:04
# 25.5648,  5.287909,  0.933,  0.1147,  0.3209,  34.4259,  27 May 2018 00:39:04
# 25.5496,  5.284927,  0.916,  0.1147,  0.2553,  34.4155,  27 May 2018 00:43:04
# 25.5471,  5.285012,  0.932,  0.1061,  0.2549,  34.4180,  27 May 2018 00:47:04
# 25.5424,  5.283925,  0.932,  0.1069,  0.2406,  34.4137,  27 May 2018 00:51:04
# 25.5495,  5.283560,  0.961,  0.1080,  0.2911,  34.4056,  27 May 2018 00:55:04
# 25.5562,  5.285874,  0.948,  0.1157,  0.2501,  34.4175,  27 May 2018 00:59:04
# 25.5579,  5.284663,  0.937,  0.1146,  0.3006,  34.4074,  27 May 2018 01:03:04
# 25.5630,  5.284896,  0.928,  0.1120,  0.2621,  34.4052,  27 May 2018 01:07:04
# 25.5580,  5.279879,  0.950,  0.1246,  0.2406,  34.3723,  27 May 2018 01:11:04
# 25.5539,  5.278684,  0.934,  0.1096,  0.2358,  34.3666,  27 May 2018 01:15:04
# 25.5579,  5.280438,  0.956,  0.1096,  0.2562,  34.3764,  27 May 2018 01:19:04
# 25.5543,  5.280834,  0.931,  0.1080,  0.2645,  34.3821,  27 May 2018 01:23:04
# 25.5464,  5.280741,  0.960,  0.1155,  0.2768,  34.3874,  27 May 2018 01:27:04
# 25.5387,  5.275735,  0.960,  0.1157,  0.2624,  34.3565,  27 May 2018 01:31:04
# 25.5291,  5.276425,  0.954,  0.1131,  0.2537,  34.3688,  27 May 2018 01:35:04
# 25.5352,  5.277644,  0.969,  0.1134,  0.2528,  34.3731,  27 May 2018 01:39:04
# 25.5424,  5.281906,  0.943,  0.1183,  0.2897,  34.3989,  27 May 2018 01:43:04
# 25.5440,  5.275090,  0.933,  0.1145,  0.2513,  34.3478,  27 May 2018 01:47:04
# 25.5375,  5.277302,  0.959,  0.1131,  0.2396,  34.3688,  27 May 2018 01:51:04
# 25.5320,  5.279313,  0.978,  0.1082,  0.2625,  34.3877,  27 May 2018 01:55:04
# 25.5263,  5.279026,  0.949,  0.1096,  0.2859,  34.3900,  27 May 2018 01:59:04
# 25.5145,  5.278234,  0.960,  0.1096,  0.2722,  34.3930,  27 May 2018 02:03:04
# 25.5149,  5.276309,  0.971,  0.1097,  0.2516,  34.3787,  27 May 2018 02:07:04
# 25.5195,  5.276232,  0.951,  0.1098,  0.2921,  34.3746,  27 May 2018 02:11:04
# 25.5271,  5.273686,  0.973,  0.1218,  0.2717,  34.3503,  27 May 2018 02:15:04
# 25.5168,  5.273120,  0.966,  0.1144,  0.2513,  34.3539,  27 May 2018 02:19:04
# 25.5142,  5.274004,  0.964,  0.1119,  0.2456,  34.3623,  27 May 2018 02:23:04
# 25.5164,  5.276767,  0.951,  0.1109,  0.2922,  34.3808,  27 May 2018 02:27:04
# 25.5151,  5.275122,  0.938,  0.1096,  0.3053,  34.3698,  27 May 2018 02:31:04
# 25.5122,  5.275549,  0.952,  0.1096,  0.2815,  34.3752,  27 May 2018 02:35:04
# 25.5005,  5.278809,  0.962,  0.1011,  0.2695,  34.4078,  27 May 2018 02:39:04
# 25.5030,  5.278452,  0.968,  0.1119,  0.2753,  34.4033,  27 May 2018 02:43:04
# 25.4985,  5.278095,  0.949,  0.1046,  0.2850,  34.4041,  27 May 2018 02:47:04
# 25.4948,  5.277140,  0.972,  0.1073,  0.2718,  34.3999,  27 May 2018 02:51:04
# 25.4826,  5.275503,  0.960,  0.1073,  0.2718,  34.3971,  27 May 2018 02:55:04
# 25.4783,  5.275332,  0.950,  0.1020,  0.2709,  34.3991,  27 May 2018 02:59:04
# 25.4694,  5.271864,  0.954,  0.1169,  0.2635,  34.3804,  27 May 2018 03:03:04
# 25.4821,  5.272825,  0.961,  0.1084,  0.2573,  34.3779,  27 May 2018 03:07:04
# 25.4913,  5.273873,  0.957,  0.1147,  0.2467,  34.3786,  27 May 2018 03:11:04
# 25.4844,  5.273997,  0.954,  0.1111,  0.2587,  34.3847,  27 May 2018 03:15:04
# 25.4707,  5.274952,  0.946,  0.1120,  0.2684,  34.4021,  27 May 2018 03:19:04
# 25.4590,  5.271848,  0.939,  0.1131,  0.3461,  34.3882,  27 May 2018 03:23:04
# 25.4639,  5.271274,  0.917,  0.1208,  0.3182,  34.3803,  27 May 2018 03:27:04
# 25.4711,  5.272275,  0.934,  0.1122,  0.2575,  34.3822,  27 May 2018 03:31:04
# 25.4684,  5.272756,  0.911,  0.1122,  0.2753,  34.3877,  27 May 2018 03:35:04
# 25.4643,  5.273935,  0.950,  0.1108,  0.2947,  34.3995,  27 May 2018 03:39:04
# 25.4616,  5.273191,  0.948,  0.1096,  0.2944,  34.3961,  27 May 2018 03:43:04
# 25.4536,  5.273098,  0.933,  0.1071,  0.2632,  34.4015,  27 May 2018 03:47:04
# 25.4388,  5.272803,  0.943,  0.1122,  0.2980,  34.4105,  27 May 2018 03:51:04
# 25.4141,  5.271624,  0.928,  0.1059,  0.2683,  34.4205,  27 May 2018 03:55:04
# 25.4144,  5.269219,  0.903,  0.1109,  0.2885,  34.4026,  27 May 2018 03:59:04
# 25.4184,  5.268474,  0.873,  0.1098,  0.2873,  34.3942,  27 May 2018 04:03:04
# 25.4346,  5.265015,  0.923,  0.1193,  0.2429,  34.3566,  27 May 2018 04:07:04
# 25.4319,  5.266845,  0.937,  0.1157,  0.2647,  34.3720,  27 May 2018 04:11:04
# 25.4080,  5.270181,  0.917,  0.1083,  0.2673,  34.4146,  27 May 2018 04:15:04
# 25.4081,  5.269592,  0.903,  0.1122,  0.2776,  34.4101,  27 May 2018 04:19:04
# 25.4031,  5.270011,  0.856,  0.1070,  0.2586,  34.4171,  27 May 2018 04:23:04
# 25.4186,  5.269281,  0.878,  0.1160,  0.2696,  34.4000,  27 May 2018 04:27:04
# 25.3961,  5.269863,  0.883,  0.1071,  0.2573,  34.4213,  27 May 2018 04:31:04
# 25.3839,  5.268529,  0.883,  0.1084,  0.2596,  34.4207,  27 May 2018 04:35:04
# 25.3866,  5.268366,  0.896,  0.1082,  0.2535,  34.4175,  27 May 2018 04:39:04
# 25.3916,  5.268002,  0.889,  0.1123,  0.2680,  34.4110,  27 May 2018 04:43:04
# 25.3926,  5.268677,  0.859,  0.1157,  0.3512,  34.4152,  27 May 2018 04:47:04
# 25.3894,  5.268607,  0.855,  0.1060,  0.2873,  34.4171,  27 May 2018 04:51:04
# 25.3879,  5.268467,  0.849,  0.1085,  0.2686,  34.4172,  27 May 2018 04:55:04
# 25.4232,  5.265845,  0.843,  0.1231,  0.2586,  34.3713,  27 May 2018 04:59:04
# 25.3971,  5.266513,  0.842,  0.1120,  0.2277,  34.3959,  27 May 2018 05:03:04
# 25.4004,  5.267637,  0.843,  0.1096,  0.2670,  34.4017,  27 May 2018 05:07:04
# 25.4003,  5.269607,  0.816,  0.1084,  0.2528,  34.4162,  27 May 2018 05:11:04
# 25.3932,  5.269770,  0.824,  0.1086,  0.2360,  34.4228,  27 May 2018 05:15:04
# 25.3999,  5.270104,  0.815,  0.1060,  0.2682,  34.4201,  27 May 2018 05:19:04
# 25.3906,  5.269057,  0.800,  0.1057,  0.2455,  34.4195,  27 May 2018 05:23:04
# 25.3850,  5.268188,  0.807,  0.1048,  0.2404,  34.4174,  27 May 2018 05:27:04
# 25.4050,  5.266194,  0.804,  0.1208,  0.2358,  34.3876,  27 May 2018 05:31:04
# 25.4034,  5.263108,  0.805,  0.1173,  0.2429,  34.3661,  27 May 2018 05:35:04
# 25.3913,  5.263806,  0.787,  0.1170,  0.2778,  34.3805,  27 May 2018 05:39:04
# 25.3697,  5.265109,  0.798,  0.1121,  0.2502,  34.4063,  27 May 2018 05:43:04
# 25.3871,  5.264008,  0.754,  0.1193,  0.3608,  34.3851,  27 May 2018 05:47:04
# 25.4154,  5.260798,  0.774,  0.1194,  0.2610,  34.3401,  27 May 2018 05:51:04
# 25.4010,  5.260496,  0.774,  0.1195,  0.2528,  34.3488,  27 May 2018 05:55:04
# 25.4021,  5.257907,  0.757,  0.1170,  0.2383,  34.3290,  27 May 2018 05:59:04
# 25.4114,  5.261131,  0.744,  0.1209,  0.2909,  34.3456,  27 May 2018 06:03:04
# 25.4011,  5.262411,  0.748,  0.1096,  0.2895,  34.3628,  27 May 2018 06:07:04
# 25.3800,  5.263768,  0.750,  0.1069,  0.2526,  34.3888,  27 May 2018 06:11:04
# 25.3715,  5.264373,  0.733,  0.1083,  0.2636,  34.3996,  27 May 2018 06:15:04
# 25.3780,  5.264373,  0.738,  0.1119,  0.2624,  34.3947,  27 May 2018 06:19:04
# 25.3785,  5.264241,  0.733,  0.1098,  0.2576,  34.3934,  27 May 2018 06:23:04
# 25.3819,  5.263574,  0.730,  0.1109,  0.2682,  34.3859,  27 May 2018 06:27:04
# 25.3793,  5.263225,  0.740,  0.1083,  0.2345,  34.3853,  27 May 2018 06:31:04
# 25.3948,  5.260388,  0.734,  0.1121,  0.2538,  34.3527,  27 May 2018 06:35:04
# 25.3935,  5.260767,  0.715,  0.1095,  0.2453,  34.3565,  27 May 2018 06:39:04
# 25.3864,  5.262620,  0.711,  0.1112,  0.2876,  34.3755,  27 May 2018 06:43:04
# 25.3798,  5.262054,  0.713,  0.1046,  0.2574,  34.3763,  27 May 2018 06:47:04
# 25.3722,  5.261799,  0.703,  0.1047,  0.2515,  34.3802,  27 May 2018 06:51:04
# 25.3650,  5.262822,  0.699,  0.1085,  0.2291,  34.3931,  27 May 2018 06:55:04
# 25.3833,  5.262659,  0.699,  0.1109,  0.2515,  34.3781,  27 May 2018 06:59:04
# 25.3722,  5.261822,  0.738,  0.1084,  0.2947,  34.3803,  27 May 2018 07:03:04
# 25.3619,  5.263590,  0.688,  0.1022,  0.2550,  34.4012,  27 May 2018 07:07:04
# 25.3681,  5.263652,  0.697,  0.1025,  0.2358,  34.3969,  27 May 2018 07:11:04
# 25.3805,  5.264163,  0.695,  0.1096,  0.2516,  34.3913,  27 May 2018 07:15:04
# 25.3839,  5.264217,  0.685,  0.1073,  0.2598,  34.3891,  27 May 2018 07:19:04
# 25.3765,  5.264326,  0.678,  0.1045,  0.2292,  34.3955,  27 May 2018 07:23:04
# 25.3722,  5.264908,  0.683,  0.1047,  0.2537,  34.4030,  27 May 2018 07:27:04
# 25.3771,  5.264737,  0.676,  0.1061,  0.2708,  34.3980,  27 May 2018 07:31:04
# 25.3804,  5.264264,  0.666,  0.1035,  0.2742,  34.3921,  27 May 2018 07:35:04
# 25.3806,  5.265016,  0.668,  0.1021,  0.2321,  34.3975,  27 May 2018 07:39:04
# 25.3804,  5.265582,  0.680,  0.1009,  0.2356,  34.4018,  27 May 2018 07:43:04
# 25.3820,  5.267226,  0.690,  0.0998,  0.2502,  34.4127,  27 May 2018 07:47:04
# 25.3879,  5.267691,  0.657,  0.0996,  0.2457,  34.4116,  27 May 2018 07:51:04
# 25.4030,  5.268583,  0.690,  0.1009,  0.2728,  34.4067,  27 May 2018 07:55:04
# 25.4053,  5.268630,  0.663,  0.0996,  0.2277,  34.4053,  27 May 2018 07:59:04
# 25.3822,  5.267924,  0.661,  0.0988,  0.2551,  34.4176,  27 May 2018 08:03:04
# 25.3893,  5.266629,  0.653,  0.1022,  0.2816,  34.4028,  27 May 2018 08:07:04
# 25.3967,  5.267769,  0.652,  0.0948,  0.2369,  34.4055,  27 May 2018 08:11:04
# 25.3916,  5.268901,  0.653,  0.1010,  0.2480,  34.4177,  27 May 2018 08:15:04
# 25.3885,  5.269219,  0.659,  0.1010,  0.2586,  34.4224,  27 May 2018 08:19:04
# 25.4271,  5.268443,  0.668,  0.1024,  0.2334,  34.3874,  27 May 2018 08:23:04
# 25.4533,  5.271266,  0.653,  0.0973,  0.2753,  34.3883,  27 May 2018 08:27:04
# 25.4624,  5.272096,  0.674,  0.1010,  0.2561,  34.3876,  27 May 2018 08:31:04
# 25.4769,  5.274059,  0.642,  0.1010,  0.2538,  34.3910,  27 May 2018 08:35:04
# 25.4759,  5.273400,  0.650,  0.1010,  0.2502,  34.3869,  27 May 2018 08:39:04
# 25.4990,  5.274268,  0.657,  0.1023,  0.2490,  34.3758,  27 May 2018 08:43:04
# 25.4981,  5.274439,  0.658,  0.1035,  0.2395,  34.3778,  27 May 2018 08:47:04
# 25.4844,  5.275689,  0.655,  0.1022,  0.3378,  34.3972,  27 May 2018 08:51:04
# 25.5007,  5.276503,  0.650,  0.0985,  0.2633,  34.3909,  27 May 2018 08:55:04
# 25.5086,  5.277093,  0.650,  0.0972,  0.3521,  34.3893,  27 May 2018 08:59:04
# 25.5008,  5.277706,  0.651,  0.0986,  0.2694,  34.3997,  27 May 2018 09:03:04
# 25.5012,  5.277210,  0.648,  0.1025,  0.2956,  34.3957,  27 May 2018 09:07:04
# 25.5063,  5.277101,  0.637,  0.0997,  0.2480,  34.3911,  27 May 2018 09:11:04
# 25.5049,  5.277737,  0.654,  0.0986,  0.2352,  34.3967,  27 May 2018 09:15:04
# 25.5166,  5.278413,  0.639,  0.0949,  0.3107,  34.3929,  27 May 2018 09:19:04
# 25.5076,  5.279267,  0.668,  0.0932,  0.2275,  34.4059,  27 May 2018 09:23:04
# 25.5383,  5.281890,  0.654,  0.0949,  0.2383,  34.4019,  27 May 2018 09:27:04
# 25.5602,  5.284119,  0.689,  0.0923,  0.2393,  34.4017,  27 May 2018 09:31:04
# 25.5741,  5.285858,  0.685,  0.0883,  0.2383,  34.4039,  27 May 2018 09:35:04
# 25.5556,  5.285191,  0.678,  0.0922,  0.2551,  34.4130,  27 May 2018 09:39:04
# 25.5758,  5.286581,  0.665,  0.0973,  0.2850,  34.4079,  27 May 2018 09:43:04
# 25.6039,  5.286060,  0.676,  0.0998,  0.2609,  34.3829,  27 May 2018 09:47:04
# 25.6119,  5.287699,  0.702,  0.0984,  0.2909,  34.3888,  27 May 2018 09:51:04
# 25.6534,  5.292601,  0.687,  0.0912,  0.2428,  34.3934,  27 May 2018 09:55:04
# 25.6690,  5.294606,  0.688,  0.0959,  0.2561,  34.3963,  27 May 2018 09:59:04
# 25.6982,  5.297241,  0.698,  0.0948,  0.2815,  34.3935,  27 May 2018 10:03:04
# 25.7159,  5.298702,  0.690,  0.0949,  0.2959,  34.3908,  27 May 2018 10:07:04
# 25.6771,  5.297428,  0.716,  0.0934,  0.3373,  34.4108,  27 May 2018 10:11:04
# 25.6970,  5.300359,  0.697,  0.0909,  0.3318,  34.4171,  27 May 2018 10:15:04
# 25.7406,  5.302847,  0.691,  0.0909,  0.2826,  34.4025,  27 May 2018 10:19:04
# 25.7166,  5.300281,  0.726,  0.1008,  0.3027,  34.4018,  27 May 2018 10:23:04
# 25.7286,  5.301603,  0.693,  0.0936,  0.2895,  34.4024,  27 May 2018 10:27:04
# 25.7393,  5.302933,  0.718,  0.0951,  0.2673,  34.4041,  27 May 2018 10:31:04
# 25.7598,  5.305546,  0.742,  0.0909,  0.2888,  34.4077,  27 May 2018 10:35:04
# 25.7244,  5.300988,  0.760,  0.0935,  0.2478,  34.4011,  27 May 2018 10:39:04
# 25.7231,  5.300164,  0.749,  0.0934,  0.2478,  34.3961,  27 May 2018 10:43:04
# 25.7133,  5.302287,  0.755,  0.0935,  0.3436,  34.4190,  27 May 2018 10:47:04
# 25.7137,  5.304038,  0.753,  0.0949,  0.2658,  34.4314,  27 May 2018 10:51:04
# 25.7331,  5.305749,  0.790,  0.0913,  0.2407,  34.4293,  27 May 2018 10:55:04
# 25.7790,  5.308526,  0.791,  0.0897,  0.2745,  34.4149,  27 May 2018 10:59:04
# 25.7721,  5.308899,  0.804,  0.0922,  0.2227,  34.4229,  27 May 2018 11:03:04
# 25.7756,  5.309724,  0.802,  0.0923,  0.2309,  34.4262,  27 May 2018 11:07:04
# 25.8019,  5.311818,  0.833,  0.0882,  0.2432,  34.4216,  27 May 2018 11:11:04
# 25.8125,  5.313429,  0.832,  0.0909,  0.2753,  34.4254,  27 May 2018 11:15:04
# 25.7914,  5.311724,  0.809,  0.0935,  0.7077,  34.4289,  27 May 2018 11:19:04
# 25.8268,  5.317189,  0.820,  0.0896,  0.2482,  34.4421,  27 May 2018 11:23:04
# 25.8351,  5.317454,  0.836,  0.0898,  0.2303,  34.4377,  27 May 2018 11:27:04
# 25.8309,  5.317197,  0.866,  0.0899,  0.2597,  34.4390,  27 May 2018 11:31:04
# 25.8289,  5.317750,  0.815,  0.0911,  0.2612,  34.4445,  27 May 2018 11:35:04
# 25.8491,  5.319237,  0.871,  0.0911,  0.2252,  34.4401,  27 May 2018 11:39:04
# 25.8810,  5.321402,  0.882,  0.0861,  0.2418,  34.4319,  27 May 2018 11:43:04
# 25.9018,  5.323606,  0.857,  0.0910,  0.2419,  34.4323,  27 May 2018 11:47:04
# 25.8708,  5.321979,  0.893,  0.0884,  0.2491,  34.4437,  27 May 2018 11:51:04
# 25.8923,  5.324121,  0.876,  0.0910,  0.2332,  34.4432,  27 May 2018 11:55:04
# 25.9204,  5.326770,  0.923,  0.0910,  0.3053,  34.4412,  27 May 2018 11:59:04
# 25.9256,  5.326949,  0.904,  0.0912,  0.2369,  34.4387,  27 May 2018 12:03:04
# 25.8878,  5.324417,  0.912,  0.0909,  0.2563,  34.4487,  27 May 2018 12:07:04
# 25.8811,  5.324261,  0.942,  0.0884,  0.2935,  34.4526,  27 May 2018 12:11:04
# 25.9204,  5.324962,  0.942,  0.0922,  0.3028,  34.4281,  27 May 2018 12:15:04
# 25.9165,  5.326396,  0.934,  0.0884,  0.2611,  34.4414,  27 May 2018 12:19:04
# 25.9189,  5.326154,  0.960,  0.0898,  0.2290,  34.4379,  27 May 2018 12:23:04
# 25.9057,  5.324604,  0.968,  0.0910,  0.2514,  34.4366,  27 May 2018 12:27:04
# 25.8906,  5.323544,  0.968,  0.0909,  0.2303,  34.4402,  27 May 2018 12:31:04
# 25.9065,  5.326271,  0.974,  0.0887,  0.2370,  34.4481,  27 May 2018 12:35:04
# 25.9335,  5.328282,  0.990,  0.0883,  0.2335,  34.4424,  27 May 2018 12:39:04
# 25.9446,  5.328321,  0.984,  0.0887,  0.2525,  34.4343,  27 May 2018 12:43:04
# 25.9651,  5.331158,  0.989,  0.0874,  0.2383,  34.4395,  27 May 2018 12:47:04
# 25.9511,  5.330051,  1.001,  0.0912,  0.2538,  34.4420,  27 May 2018 12:51:04
# 25.9729,  5.333200,  0.999,  0.0896,  0.2319,  34.4485,  27 May 2018 12:55:04
# 25.9793,  5.333621,  1.013,  0.0896,  0.3169,  34.4467,  27 May 2018 12:59:04
# 25.9917,  5.334424,  0.997,  0.0924,  0.2564,  34.4432,  27 May 2018 13:03:04
# 25.9919,  5.332763,  1.010,  0.0960,  0.2804,  34.4310,  27 May 2018 13:07:04
# 25.9791,  5.332163,  1.016,  0.0932,  0.2454,  34.4363,  27 May 2018 13:11:04
# 25.9037,  5.327152,  1.032,  0.0922,  0.2502,  34.4565,  27 May 2018 13:15:04
# 25.9248,  5.328547,  1.024,  0.0922,  0.2428,  34.4508,  27 May 2018 13:19:04
# 25.9100,  5.326903,  1.039,  0.0922,  0.2452,  34.4500,  27 May 2018 13:23:04
# 25.8783,  5.324106,  1.044,  0.0933,  0.2673,  34.4535,  27 May 2018 13:27:04
# 25.8790,  5.324067,  1.038,  0.0948,  0.2594,  34.4527,  27 May 2018 13:31:04
# 25.9155,  5.326848,  1.045,  0.0935,  0.2537,  34.4455,  27 May 2018 13:35:04
# 25.9316,  5.328453,  1.044,  0.0946,  0.2309,  34.4450,  27 May 2018 13:39:04
# 25.9352,  5.329155,  1.059,  0.0924,  0.2301,  34.4474,  27 May 2018 13:43:04
# 25.9356,  5.329420,  1.067,  0.0922,  0.2502,  34.4490,  27 May 2018 13:47:04
# 25.9028,  5.327168,  1.072,  0.0945,  0.2596,  34.4573,  27 May 2018 13:51:04
# 25.9202,  5.327729,  1.078,  0.0985,  0.2380,  34.4483,  27 May 2018 13:55:04
# 25.9231,  5.327775,  1.084,  0.0948,  0.2430,  34.4465,  27 May 2018 13:59:04
