# 28.7399,  5.65366,   1.092, 0.1118, 1.8656,  34.6701, 19 Sep 2018 14:00:12
# 28.8108,  5.65989,   1.036, 0.0900, 1.0756,  34.6615, 19 Sep 2018 14:04:12
# 28.8646,  5.66378,   1.054, 0.0926, 1.3304,  34.6492, 19 Sep 2018 14:08:12
# 28.9098,  5.66782,   1.040, 0.0838, 1.1176,  34.6442, 19 Sep 2018 14:12:12
# 28.9688,  5.67170,   1.025, 0.0860, 1.0404,  34.6280, 19 Sep 2018 14:16:12
# 28.9961,  5.67171,   1.061, 0.1154, 1.9644,  34.6084, 19 Sep 2018 14:20:12
# 29.0446,  5.67488,   1.081, 0.0899, 1.2214,  34.5950, 19 Sep 2018 14:24:12
# 29.1003,  5.67704,   1.141, 0.0899, 1.3535,  34.5695, 19 Sep 2018 14:28:12
# 29.1290,  5.67945,   1.026, 0.0961, 1.3281,  34.5653, 19 Sep 2018 14:32:12
# 29.1234,  5.67676,   1.100, 0.1252, 2.0320,  34.5509, 19 Sep 2018 14:36:12
# 29.1662,  5.67905,   1.028, 0.1096, 1.5753,  34.5357, 19 Sep 2018 14:40:12
# 29.2094,  5.68236,   0.998, 0.0927, 1.2946,  34.5272, 19 Sep 2018 14:44:12
# 29.2133,  5.68215,   1.055, 0.1011, 1.5330,  34.5230, 19 Sep 2018 14:48:12
# 29.2187,  5.68366,   1.016, 0.0875, 1.1418,  34.5295, 19 Sep 2018 14:52:12
# 29.2656,  5.68672,   0.974, 0.0973, 1.4170,  34.5166, 19 Sep 2018 14:56:12
# 29.2507,  5.68808,   1.066, 0.0875, 1.2724,  34.5366, 19 Sep 2018 15:00:12
# 29.3024,  5.69179,   0.985, 0.0961, 1.3557,  34.5247, 19 Sep 2018 15:04:12
# 29.3488,  5.69605,   1.015, 0.0947, 1.3185,  34.5204, 19 Sep 2018 15:08:12
# 29.3770,  5.70025,   1.032, 0.0900, 1.1672,  34.5288, 19 Sep 2018 15:12:12
# 29.3678,  5.70157,   0.959, 0.0900, 1.1150,  34.5445, 19 Sep 2018 15:16:12
# 29.3788,  5.70399,   0.993, 0.0888, 1.1648,  34.5531, 19 Sep 2018 15:20:12
# 29.4147,  5.70784,   1.006, 0.0874, 1.0909,  34.5535, 19 Sep 2018 15:24:12
# 29.4409,  5.71109,   1.013, 0.1129, 1.7018,  34.5568, 19 Sep 2018 15:28:12
# 29.4830,  5.71534,   0.982, 0.0901, 1.1530,  34.5555, 19 Sep 2018 15:32:12
# 29.5079,  5.71844,   0.989, 0.0853, 1.5976,  34.5587, 19 Sep 2018 15:36:12
# 29.4895,  5.71941,   0.960, 0.0900, 1.2337,  34.5786, 19 Sep 2018 15:40:12
# 29.4913,  5.72075,   0.932, 0.0827, 0.9986,  34.5864, 19 Sep 2018 15:44:12
# 29.5398,  5.72405,   0.923, 0.0930, 1.1202,  34.5740, 19 Sep 2018 15:48:12
# 29.5093,  5.72396,   0.894, 0.0912, 1.1707,  34.5953, 19 Sep 2018 15:52:12
# 29.4736,  5.72250,   0.906, 0.0948, 1.0869,  34.6111, 19 Sep 2018 15:56:12
# 29.4511,  5.72159,   0.902, 0.0877, 0.9502,  34.6210, 19 Sep 2018 16:00:12
# 29.4457,  5.72174,   0.919, 0.0875, 0.9780,  34.6260, 19 Sep 2018 16:04:12
# 29.4611,  5.72298,   0.958, 0.0874, 0.8975,  34.6234, 19 Sep 2018 16:08:12
# 29.4373,  5.72157,   0.916, 0.0851, 0.9062,  34.6309, 19 Sep 2018 16:12:12
# 29.4081,  5.71723,   0.885, 0.0900, 0.8602,  34.6224, 19 Sep 2018 16:16:12
# 29.3974,  5.71489,   0.924, 0.0828, 0.8083,  34.6141, 19 Sep 2018 16:20:12
# 29.4027,  5.71382,   0.962, 0.0853, 0.9815,  34.6029, 19 Sep 2018 16:24:12
# 29.4057,  5.71220,   0.859, 0.0852, 0.8097,  34.5898, 19 Sep 2018 16:28:12
# 29.4182,  5.71301,   0.876, 0.0853, 0.7865,  34.5863, 19 Sep 2018 16:32:12
# 29.4362,  5.71362,   0.879, 0.0839, 0.8674,  34.5775, 19 Sep 2018 16:36:12
# 29.3827,  5.70930,   0.946, 0.0877, 0.8218,  34.5866, 19 Sep 2018 16:40:12
# 29.3824,  5.70863,   0.849, 0.0875, 0.9068,  34.5822, 19 Sep 2018 16:44:12
# 29.3636,  5.70724,   0.837, 0.0852, 0.8192,  34.5863, 19 Sep 2018 16:48:12
# 29.2840,  5.69938,   0.838, 0.0861, 0.6872,  34.5900, 19 Sep 2018 16:52:12
# 29.2465,  5.69316,   0.899, 0.0860, 0.6716,  34.5744, 19 Sep 2018 16:56:12
# 29.2312,  5.69050,   0.838, 0.0814, 0.6285,  34.5672, 19 Sep 2018 17:00:12
# 29.1700,  5.68431,   0.833, 0.0814, 0.5754,  34.5691, 19 Sep 2018 17:04:12
# 29.0905,  5.67821,   0.813, 0.0899, 0.5766,  34.5846, 19 Sep 2018 17:08:12
# 29.0370,  5.67478,   0.839, 0.0814, 0.5524,  34.5998, 19 Sep 2018 17:12:12
# 28.9420,  5.66813,   0.807, 0.0802, 0.5200,  34.6230, 19 Sep 2018 17:16:12
# 28.8903,  5.66341,   0.785, 0.0801, 0.4450,  34.6281, 19 Sep 2018 17:20:12
# 28.8578,  5.66058,   0.874, 0.0841, 0.5016,  34.6321, 19 Sep 2018 17:24:12
# 28.8227,  5.65730,   0.796, 0.0830, 0.4653,  34.6350, 19 Sep 2018 17:28:12
# 28.7800,  5.65394,   0.762, 0.0815, 0.5090,  34.6429, 19 Sep 2018 17:32:12
# 28.7473,  5.65070,   0.832, 0.0827, 0.4665,  34.6443, 19 Sep 2018 17:36:12
# 28.7136,  5.64767,   0.772, 0.0861, 0.4710,  34.6480, 19 Sep 2018 17:40:12
# 28.6790,  5.64378,   0.852, 0.0803, 0.4713,  34.6463, 19 Sep 2018 17:44:12
# 28.6497,  5.63873,   0.799, 0.0803, 0.4328,  34.6327, 19 Sep 2018 17:48:12
# 28.6151,  5.63189,   0.753, 0.0812, 0.4222,  34.6106, 19 Sep 2018 17:52:12
# 28.5926,  5.62734,   0.830, 0.0814, 0.4954,  34.5955, 19 Sep 2018 17:56:12
# 28.5622,  5.61981,   0.753, 0.0813, 0.5560,  34.5654, 19 Sep 2018 18:00:12
# 28.5357,  5.61345,   0.759, 0.0815, 0.5521,  34.5407, 19 Sep 2018 18:04:12
# 28.4925,  5.60974,   0.844, 0.0812, 0.4388,  34.5464, 19 Sep 2018 18:08:12
# 28.4706,  5.60762,   0.761, 0.0815, 0.4182,  34.5477, 19 Sep 2018 18:12:12
# 28.4155,  5.60440,   0.748, 0.0815, 0.4305,  34.5655, 19 Sep 2018 18:16:12
# 28.4199,  5.60269,   0.746, 0.0802, 0.4523,  34.5504, 19 Sep 2018 18:20:12
# 28.3560,  5.59977,   0.762, 0.0815, 0.3676,  34.5767, 19 Sep 2018 18:24:12
# 28.3364,  5.59685,   0.774, 0.0841, 0.5892,  34.5707, 19 Sep 2018 18:28:12
# 28.2849,  5.59441,   0.712, 0.0816, 0.3808,  34.5914, 19 Sep 2018 18:32:12
# 28.2314,  5.59054,   0.780, 0.0794, 0.3835,  34.6036, 19 Sep 2018 18:36:12
# 28.1805,  5.58579,   0.779, 0.0852, 0.4548,  34.6078, 19 Sep 2018 18:40:12
# 28.1533,  5.58288,   0.716, 0.0829, 0.4379,  34.6074, 19 Sep 2018 18:44:12
# 28.0867,  5.58027,   0.754, 0.0854, 0.5051,  34.6380, 19 Sep 2018 18:48:12
# 28.0575,  5.57702,   0.715, 0.0838, 0.4194,  34.6367, 19 Sep 2018 18:52:12
# 28.0144,  5.57338,   0.731, 0.0829, 0.3903,  34.6430, 19 Sep 2018 18:56:12
# 27.9836,  5.57060,   0.750, 0.0839, 0.4013,  34.6462, 19 Sep 2018 19:00:12
# 27.9622,  5.56753,   0.729, 0.0851, 0.3748,  34.6403, 19 Sep 2018 19:04:12
# 27.9367,  5.56683,   0.830, 0.0828, 0.3976,  34.6543, 19 Sep 2018 19:08:12
# 27.9195,  5.56625,   0.795, 0.0890, 0.4638,  34.6628, 19 Sep 2018 19:12:12
# 27.9022,  5.56517,   0.766, 0.0838, 0.4180,  34.6680, 19 Sep 2018 19:16:12
# 27.8850,  5.56356,   0.735, 0.0863, 0.3610,  34.6694, 19 Sep 2018 19:20:12
# 27.8700,  5.56175,   0.748, 0.0877, 0.4112,  34.6678, 19 Sep 2018 19:24:12
# 27.8470,  5.55942,   0.735, 0.0851, 0.3639,  34.6683, 19 Sep 2018 19:28:12
# 27.8238,  5.55375,   0.793, 0.0865, 0.3902,  34.6457, 19 Sep 2018 19:32:12
# 27.7997,  5.55405,   0.756, 0.0849, 0.3975,  34.6656, 19 Sep 2018 19:36:12
# 27.7933,  5.55328,   0.737, 0.0863, 0.4242,  34.6649, 19 Sep 2018 19:40:12
# 27.7681,  5.54958,   0.755, 0.0864, 0.3835,  34.6574, 19 Sep 2018 19:44:12
# 27.7042,  5.54418,   0.774, 0.0877, 0.4402,  34.6667, 19 Sep 2018 19:48:12
# 27.6683,  5.54059,   0.817, 0.0840, 0.3879,  34.6679, 19 Sep 2018 19:52:12
# 27.6382,  5.53801,   0.750, 0.0851, 0.4125,  34.6720, 19 Sep 2018 19:56:12
# 27.6348,  5.53813,   0.797, 0.0851, 0.4083,  34.6753, 19 Sep 2018 20:00:12
# 27.5943,  5.53418,   0.740, 0.0866, 0.4267,  34.6775, 19 Sep 2018 20:04:12
# 27.5568,  5.53049,   0.719, 0.0829, 0.3835,  34.6792, 19 Sep 2018 20:08:12
# 27.4655,  5.52079,   0.752, 0.0877, 0.3577,  34.6783, 19 Sep 2018 20:12:12
# 27.4122,  5.51609,   0.762, 0.0864, 0.4112,  34.6847, 19 Sep 2018 20:16:12
# 27.3914,  5.51193,   0.771, 0.0864, 0.3281,  34.6706, 19 Sep 2018 20:20:12
# 27.3226,  5.50573,   0.738, 0.0826, 0.3416,  34.6778, 19 Sep 2018 20:24:12
# 27.3402,  5.50283,   0.708, 0.0829, 0.3380,  34.6442, 19 Sep 2018 20:28:12
# 27.3587,  5.50194,   0.740, 0.0838, 0.3540,  34.6241, 19 Sep 2018 20:32:12
# 27.3467,  5.50292,   0.761, 0.0837, 0.3880,  34.6400, 19 Sep 2018 20:36:12
# 27.3500,  5.50233,   0.761, 0.0852, 0.3723,  34.6333, 19 Sep 2018 20:40:12
# 27.2916,  5.49684,   0.745, 0.0851, 0.3783,  34.6378, 19 Sep 2018 20:44:12
# 27.2844,  5.49327,   0.735, 0.0875, 0.4858,  34.6178, 19 Sep 2018 20:48:12
# 27.2679,  5.49351,   0.792, 0.0851, 0.3890,  34.6317, 19 Sep 2018 20:52:12
# 27.1793,  5.48958,   0.752, 0.0864, 0.3368,  34.6697, 19 Sep 2018 20:56:12
# 27.1475,  5.48799,   0.802, 0.0839, 0.3246,  34.6820, 19 Sep 2018 21:00:12
# 27.1430,  5.48733,   0.749, 0.0852, 0.3529,  34.6807, 19 Sep 2018 21:04:12
# 27.1286,  5.48410,   0.766, 0.0838, 0.3381,  34.6685, 19 Sep 2018 21:08:12
# 27.0736,  5.48014,   0.761, 0.0851, 0.3771,  34.6812, 19 Sep 2018 21:12:12
# 27.0439,  5.47723,   0.749, 0.0804, 0.3652,  34.6827, 19 Sep 2018 21:16:12
# 27.0227,  5.47514,   0.797, 0.0818, 0.4144,  34.6836, 19 Sep 2018 21:20:12
# 27.0160,  5.47389,   0.720, 0.0829, 0.3951,  34.6797, 19 Sep 2018 21:24:12
# 27.0196,  5.47339,   0.775, 0.0838, 0.4183,  34.6734, 19 Sep 2018 21:28:12
# 27.0098,  5.47208,   0.876, 0.0817, 0.4046,  34.6714, 19 Sep 2018 21:32:12
# 27.0043,  5.47221,   0.776, 0.0826, 0.3797,  34.6764, 19 Sep 2018 21:36:12
# 27.0157,  5.47386,   0.782, 0.0837, 0.3787,  34.6796, 19 Sep 2018 21:40:12
# 27.0334,  5.47561,   0.793, 0.0817, 0.3440,  34.6789, 19 Sep 2018 21:44:12
# 27.0446,  5.47677,   0.790, 0.0827, 0.4314,  34.6788, 19 Sep 2018 21:48:12
# 27.0366,  5.47633,   0.851, 0.0838, 0.3823,  34.6816, 19 Sep 2018 21:52:12
# 27.0183,  5.47437,   0.820, 0.0826, 0.4294,  34.6814, 19 Sep 2018 21:56:12
# 27.0187,  5.47439,   0.731, 0.0826, 0.5220,  34.6812, 19 Sep 2018 22:00:12
# 27.0411,  5.47611,   0.848, 0.0826, 0.4846,  34.6767, 19 Sep 2018 22:04:12
# 27.0606,  5.47819,   0.841, 0.0890, 0.3552,  34.6770, 19 Sep 2018 22:08:12
# 27.0492,  5.47720,   0.800, 0.0826, 0.3835,  34.6785, 19 Sep 2018 22:12:12
# 27.0573,  5.47786,   0.841, 0.0818, 0.3941,  34.6771, 19 Sep 2018 22:16:12
# 27.0769,  5.47969,   0.820, 0.0826, 0.3965,  34.6756, 19 Sep 2018 22:20:12
# 27.0927,  5.48090,   0.872, 0.0804, 0.4170,  34.6724, 19 Sep 2018 22:24:12
# 27.0855,  5.48048,   0.839, 0.0826, 0.3967,  34.6748, 19 Sep 2018 22:28:12
# 27.1051,  5.48216,   0.856, 0.0817, 0.4123,  34.6721, 19 Sep 2018 22:32:12
# 27.0963,  5.48153,   0.804, 0.0826, 0.4209,  34.6742, 19 Sep 2018 22:36:12
# 27.1049,  5.48215,   0.896, 0.0827, 0.3824,  34.6722, 19 Sep 2018 22:40:12
# 27.1157,  5.48316,   0.802, 0.0851, 0.4857,  34.6714, 19 Sep 2018 22:44:12
# 27.1165,  5.48317,   0.787, 0.0817, 0.4170,  34.6709, 19 Sep 2018 22:48:12
# 27.1383,  5.48484,   0.934, 0.0876, 0.6201,  34.6664, 19 Sep 2018 22:52:12
# 27.1468,  5.48551,   0.877, 0.0838, 0.4365,  34.6649, 19 Sep 2018 22:56:12
# 27.1320,  5.48423,   0.851, 0.0864, 0.6764,  34.6668, 19 Sep 2018 23:00:12
# 27.1346,  5.48430,   0.865, 0.0838, 0.4713,  34.6654, 19 Sep 2018 23:04:12
# 27.1325,  5.48415,   0.818, 0.0818, 0.4013,  34.6659, 19 Sep 2018 23:08:12
# 27.1371,  5.48429,   0.903, 0.0838, 0.5286,  34.6634, 19 Sep 2018 23:12:12
# 27.1224,  5.48306,   0.822, 0.0826, 0.4401,  34.6656, 19 Sep 2018 23:16:12
# 27.1253,  5.48311,   0.947, 0.0838, 0.5755,  34.6638, 19 Sep 2018 23:20:12
# 27.1310,  5.48354,   0.901, 0.0948, 0.7394,  34.6627, 19 Sep 2018 23:24:12
# 27.1400,  5.48456,   0.866, 0.0827, 0.5585,  34.6631, 19 Sep 2018 23:28:12
# 27.1292,  5.48349,   0.880, 0.0839, 0.4478,  34.6636, 19 Sep 2018 23:32:12
# 27.1372,  5.48430,   0.965, 0.0827, 0.4894,  34.6634, 19 Sep 2018 23:36:12
# 27.1324,  5.48384,   0.910, 0.0836, 0.4546,  34.6637, 19 Sep 2018 23:40:12
# 27.1237,  5.48295,   0.883, 0.0838, 0.5006,  34.6639, 19 Sep 2018 23:44:12
# 27.1305,  5.48346,   0.907, 0.0835, 0.6248,  34.6624, 19 Sep 2018 23:48:12
# 27.1253,  5.48300,   0.867, 0.0815, 0.4486,  34.6631, 19 Sep 2018 23:52:12
# 27.1194,  5.48256,   0.838, 0.0818, 0.4726,  34.6643, 19 Sep 2018 23:56:12
# 27.1131,  5.48188,   0.857, 0.0826, 0.4846,  34.6642, 20 Sep 2018 00:00:12
# 27.1097,  5.48146,   0.889, 0.0838, 0.4783,  34.6637, 20 Sep 2018 00:04:12
# 27.0966,  5.48013,   0.894, 0.0839, 0.4931,  34.6640, 20 Sep 2018 00:08:12
# 27.1055,  5.48086,   0.922, 0.0838, 0.5767,  34.6626, 20 Sep 2018 00:12:12
# 27.1081,  5.48102,   0.815, 0.0864, 0.5116,  34.6617, 20 Sep 2018 00:16:12
# 27.1042,  5.48072,   0.877, 0.0852, 0.5101,  34.6626, 20 Sep 2018 00:20:12
# 27.1047,  5.48069,   0.890, 0.0851, 0.5187,  34.6619, 20 Sep 2018 00:24:12
# 27.1049,  5.48067,   0.954, 0.0818, 0.5006,  34.6616, 20 Sep 2018 00:28:12
# 27.0979,  5.47996,   0.834, 0.0862, 0.5852,  34.6619, 20 Sep 2018 00:32:12
# 27.0978,  5.47976,   0.931, 0.0890, 0.6837,  34.6605, 20 Sep 2018 00:36:12
# 27.1152,  5.48103,   0.839, 0.0840, 0.4895,  34.6566, 20 Sep 2018 00:40:12
# 27.1220,  5.48161,   0.918, 0.0828, 0.5163,  34.6556, 20 Sep 2018 00:44:12
# 27.1224,  5.48147,   0.970, 0.0889, 0.6909,  34.6543, 20 Sep 2018 00:48:12
# 27.1168,  5.48081,   0.893, 0.0851, 0.5659,  34.6538, 20 Sep 2018 00:52:12
# 27.1177,  5.48056,   0.861, 0.0851, 0.4688,  34.6514, 20 Sep 2018 00:56:12
# 27.1088,  5.47972,   0.837, 0.0818, 0.5248,  34.6520, 20 Sep 2018 01:00:12
# 27.1096,  5.47958,   0.922, 0.0851, 0.5040,  34.6504, 20 Sep 2018 01:04:12
# 27.1100,  5.47929,   0.874, 0.0838, 0.5501,  34.6481, 20 Sep 2018 01:08:12
# 27.1064,  5.47882,   0.840, 0.0838, 0.5102,  34.6474, 20 Sep 2018 01:12:12
# 27.1047,  5.47838,   0.864, 0.0851, 0.5535,  34.6455, 20 Sep 2018 01:16:12
# 27.1017,  5.47796,   0.890, 0.0838, 0.5831,  34.6447, 20 Sep 2018 01:20:12
# 27.0993,  5.47732,   0.919, 0.0816, 0.5162,  34.6419, 20 Sep 2018 01:24:12
# 27.1009,  5.47729,   0.910, 0.0838, 0.5851,  34.6405, 20 Sep 2018 01:28:12
# 27.1009,  5.47705,   0.840, 0.0851, 0.5019,  34.6389, 20 Sep 2018 01:32:12
# 27.1000,  5.47680,   0.816, 0.0900, 0.6825,  34.6378, 20 Sep 2018 01:36:12
# 27.0993,  5.47647,   0.955, 0.0853, 0.5437,  34.6359, 20 Sep 2018 01:40:12
# 27.0939,  5.47597,   0.843, 0.0826, 0.4546,  34.6364, 20 Sep 2018 01:44:12
# 27.0952,  5.47587,   0.856, 0.0851, 0.5396,  34.6347, 20 Sep 2018 01:48:12
# 27.0941,  5.47557,   0.899, 0.0865, 0.6581,  34.6334, 20 Sep 2018 01:52:12
# 27.0905,  5.47505,   0.851, 0.0839, 0.5830,  34.6323, 20 Sep 2018 01:56:12
# 27.0895,  5.47478,   0.872, 0.0851, 0.4908,  34.6311, 20 Sep 2018 02:00:12
# 27.0822,  5.47394,   0.859, 0.0850, 0.5937,  34.6306, 20 Sep 2018 02:04:12
# 27.0804,  5.47375,   0.837, 0.0852, 0.5586,  34.6307, 20 Sep 2018 02:08:12
# 27.0781,  5.47340,   0.880, 0.0864, 0.5222,  34.6299, 20 Sep 2018 02:12:12
# 27.0688,  5.47265,   0.807, 0.0826, 0.5272,  34.6315, 20 Sep 2018 02:16:12
# 27.0636,  5.47211,   0.819, 0.0838, 0.5595,  34.6315, 20 Sep 2018 02:20:12
# 27.0560,  5.47148,   0.840, 0.0839, 0.5536,  34.6326, 20 Sep 2018 02:24:12
# 27.0426,  5.47021,   0.798, 0.0852, 0.5259,  34.6335, 20 Sep 2018 02:28:12
# 27.0338,  5.46944,   0.848, 0.0828, 0.5413,  34.6346, 20 Sep 2018 02:32:12
# 27.0244,  5.46851,   0.808, 0.0875, 0.5816,  34.6350, 20 Sep 2018 02:36:12
# 27.0171,  5.46778,   0.830, 0.0864, 0.5487,  34.6353, 20 Sep 2018 02:40:12
# 27.0153,  5.46739,   0.806, 0.0851, 0.6069,  34.6338, 20 Sep 2018 02:44:12
# 26.9987,  5.46584,   0.821, 0.0900, 0.4487,  34.6351, 20 Sep 2018 02:48:12
# 26.9592,  5.46152,   0.784, 0.0826, 0.5584,  34.6338, 20 Sep 2018 02:52:12
# 26.8804,  5.45218,   0.779, 0.0852, 0.5396,  34.6259, 20 Sep 2018 02:56:12
# 26.8700,  5.45023,   0.762, 0.0866, 0.6034,  34.6197, 20 Sep 2018 03:00:12
# 26.8745,  5.45010,   0.817, 0.0825, 0.5026,  34.6154, 20 Sep 2018 03:04:12
# 26.8176,  5.44167,   0.744, 0.0838, 0.4652,  34.5976, 20 Sep 2018 03:08:12
# 26.7563,  5.43215,   0.799, 0.0838, 0.4651,  34.5752, 20 Sep 2018 03:12:12
# 26.6639,  5.41575,   0.829, 0.0837, 0.5089,  34.5266, 20 Sep 2018 03:16:12
# 26.5974,  5.40577,   0.791, 0.0817, 0.4872,  34.5046, 20 Sep 2018 03:20:12
# 26.5435,  5.39732,   0.795, 0.0826, 0.4715,  34.4842, 20 Sep 2018 03:24:12
# 26.4725,  5.38787,   0.771, 0.0865, 0.5584,  34.4693, 20 Sep 2018 03:28:12
# 26.4551,  5.38617,   0.775, 0.0841, 0.4825,  34.4700, 20 Sep 2018 03:32:12
# 26.4624,  5.38888,   0.748, 0.0826, 0.4002,  34.4842, 20 Sep 2018 03:36:12
# 26.4807,  5.39378,   0.792, 0.0826, 0.4086,  34.5057, 20 Sep 2018 03:40:12
# 26.4958,  5.39779,   0.774, 0.0839, 0.4573,  34.5233, 20 Sep 2018 03:44:12
# 26.5114,  5.40111,   0.708, 0.0826, 0.4172,  34.5355, 20 Sep 2018 03:48:12
# 26.5216,  5.40343,   0.775, 0.0923, 0.3976,  34.5445, 20 Sep 2018 03:52:12
# 26.5337,  5.40595,   0.755, 0.0824, 0.4025,  34.5536, 20 Sep 2018 03:56:12
# 26.5445,  5.40886,   0.767, 0.0817, 0.4183,  34.5664, 20 Sep 2018 04:00:12
# 26.5494,  5.41018,   0.743, 0.0865, 0.4640,  34.5723, 20 Sep 2018 04:04:12
# 26.5518,  5.41193,   0.800, 0.0853, 0.4723,  34.5830, 20 Sep 2018 04:08:12
# 26.5546,  5.41312,   0.709, 0.0826, 0.4316,  34.5895, 20 Sep 2018 04:12:12
# 26.5609,  5.41527,   0.728, 0.0823, 0.4391,  34.6003, 20 Sep 2018 04:16:12
# 26.5588,  5.41644,   0.711, 0.0806, 0.3429,  34.6102, 20 Sep 2018 04:20:12
# 26.5657,  5.41792,   0.714, 0.0816, 0.3281,  34.6158, 20 Sep 2018 04:24:12
# 26.5849,  5.42064,   0.804, 0.0816, 0.3208,  34.6208, 20 Sep 2018 04:28:12
# 26.6051,  5.42309,   0.714, 0.0817, 0.3651,  34.6234, 20 Sep 2018 04:32:12
# 26.6172,  5.42429,   0.704, 0.0827, 0.4184,  34.6229, 20 Sep 2018 04:36:12
# 26.6478,  5.42804,   0.759, 0.0796, 0.3416,  34.6269, 20 Sep 2018 04:40:12
# 26.6684,  5.43075,   0.719, 0.0805, 0.3065,  34.6310, 20 Sep 2018 04:44:12
# 26.6689,  5.43079,   0.722, 0.0802, 0.3198,  34.6309, 20 Sep 2018 04:48:12
# 26.6633,  5.43002,   0.735, 0.0818, 0.3051,  34.6295, 20 Sep 2018 04:52:12
# 26.6410,  5.42753,   0.717, 0.0802, 0.3257,  34.6283, 20 Sep 2018 04:56:12
# 26.6221,  5.42463,   0.726, 0.0852, 0.5041,  34.6217, 20 Sep 2018 05:00:12
# 26.6430,  5.42782,   0.688, 0.0803, 0.2789,  34.6289, 20 Sep 2018 05:04:12
# 26.6416,  5.42830,   0.732, 0.0803, 0.2863,  34.6334, 20 Sep 2018 05:08:12
# 26.6361,  5.42727,   0.723, 0.0803, 0.3041,  34.6302, 20 Sep 2018 05:12:12
# 26.6074,  5.42439,   0.673, 0.0804, 0.3135,  34.6309, 20 Sep 2018 05:16:12
# 26.6193,  5.42564,   0.734, 0.0796, 0.3134,  34.6310, 20 Sep 2018 05:20:12
# 26.5866,  5.42173,   0.678, 0.0804, 0.3005,  34.6275, 20 Sep 2018 05:24:12
# 26.5916,  5.42229,   0.712, 0.0803, 0.3197,  34.6277, 20 Sep 2018 05:28:12
# 26.5930,  5.42274,   0.701, 0.0805, 0.2960,  34.6299, 20 Sep 2018 05:32:12
# 26.5788,  5.42131,   0.688, 0.0804, 0.2885,  34.6303, 20 Sep 2018 05:36:12
# 26.5678,  5.42001,   0.670, 0.0796, 0.2718,  34.6292, 20 Sep 2018 05:40:12
# 26.5698,  5.42041,   0.729, 0.0771, 0.2826,  34.6305, 20 Sep 2018 05:44:12
# 26.5687,  5.42009,   0.722, 0.0816, 0.2740,  34.6290, 20 Sep 2018 05:48:12
# 26.5447,  5.41691,   0.716, 0.0822, 0.2872,  34.6242, 20 Sep 2018 05:52:12
# 26.5275,  5.41393,   0.680, 0.0818, 0.3135,  34.6157, 20 Sep 2018 05:56:12
# 26.5280,  5.41377,   0.756, 0.0797, 0.2921,  34.6141, 20 Sep 2018 06:00:12
# 26.5259,  5.41289,   0.728, 0.0802, 0.2849,  34.6094, 20 Sep 2018 06:04:12
# 26.5210,  5.41098,   0.706, 0.0801, 0.3066,  34.5993, 20 Sep 2018 06:08:12
# 26.5277,  5.41133,   0.731, 0.0838, 0.5876,  34.5969, 20 Sep 2018 06:12:12
# 26.5054,  5.40570,   0.746, 0.0826, 0.3479,  34.5730, 20 Sep 2018 06:16:12
# 26.5071,  5.40470,   0.740, 0.0824, 0.3267,  34.5645, 20 Sep 2018 06:20:12
# 26.5024,  5.40275,   0.676, 0.0839, 0.3403,  34.5540, 20 Sep 2018 06:24:12
# 26.5211,  5.40679,   0.719, 0.0803, 1.5589,  34.5691, 20 Sep 2018 06:28:12
# 26.5079,  5.40424,   0.729, 0.0802, 0.3306,  34.5606, 20 Sep 2018 06:32:12
# 26.4932,  5.40233,   0.748, 0.0876, 1.7563,  34.5579, 20 Sep 2018 06:36:12
# 26.4949,  5.40347,   0.707, 0.0827, 0.3415,  34.5648, 20 Sep 2018 06:40:12
# 26.4861,  5.40278,   0.696, 0.0801, 0.2994,  34.5665, 20 Sep 2018 06:44:12
# 26.4809,  5.40324,   0.730, 0.0816, 0.3358,  34.5737, 20 Sep 2018 06:48:12
# 26.4783,  5.40474,   0.705, 0.0852, 0.3811,  34.5864, 20 Sep 2018 06:52:12
# 26.4822,  5.40583,   0.706, 0.0826, 0.3160,  34.5914, 20 Sep 2018 06:56:12
# 26.4863,  5.40700,   0.769, 0.0839, 0.2994,  34.5967, 20 Sep 2018 07:00:12
# 26.4851,  5.40551,   0.755, 0.0826, 0.3072,  34.5869, 20 Sep 2018 07:04:12
# 26.4920,  5.40715,   0.801, 0.0825, 0.2847,  34.5935, 20 Sep 2018 07:08:12
# 26.4963,  5.40663,   0.781, 0.0828, 0.2777,  34.5865, 20 Sep 2018 07:12:12
# 26.5055,  5.40615,   0.733, 0.0816, 0.3015,  34.5762, 20 Sep 2018 07:16:12
# 26.5122,  5.40619,   0.763, 0.0804, 0.2719,  34.5714, 20 Sep 2018 07:20:12
# 26.5269,  5.41005,   0.827, 0.0825, 0.2968,  34.5882, 20 Sep 2018 07:24:12
# 26.5393,  5.41050,   0.805, 0.0826, 0.3316,  34.5821, 20 Sep 2018 07:28:12
# 26.5546,  5.41121,   0.722, 0.0802, 0.3355,  34.5758, 20 Sep 2018 07:32:12
# 26.5724,  5.41380,   0.721, 0.0819, 0.2898,  34.5811, 20 Sep 2018 07:36:12
# 26.5790,  5.41346,   0.789, 0.0816, 0.3539,  34.5737, 20 Sep 2018 07:40:12
# 26.5971,  5.41633,   0.782, 0.0815, 0.3305,  34.5808, 20 Sep 2018 07:44:12
# 26.6186,  5.42027,   0.791, 0.0797, 0.3053,  34.5930, 20 Sep 2018 07:48:12
# 26.6354,  5.42201,   0.800, 0.0826, 0.3186,  34.5929, 20 Sep 2018 07:52:12
# 26.6544,  5.42470,   0.748, 0.0758, 0.2752,  34.5980, 20 Sep 2018 07:56:12
# 26.6966,  5.43107,   0.787, 0.0816, 0.3197,  34.6121, 20 Sep 2018 08:00:12
# 26.7224,  5.43472,   0.724, 0.0803, 0.2815,  34.6190, 20 Sep 2018 08:04:12
# 26.7155,  5.43351,   0.768, 0.0730, 0.3403,  34.6155, 20 Sep 2018 08:08:12
# 26.7306,  5.43473,   0.775, 0.0803, 0.3641,  34.6130, 20 Sep 2018 08:12:12
# 26.7637,  5.43867,   0.830, 0.0743, 0.3243,  34.6163, 20 Sep 2018 08:16:12
# 26.7787,  5.44032,   0.782, 0.0795, 0.3905,  34.6170, 20 Sep 2018 08:20:12
# 26.8300,  5.44687,   0.814, 0.0825, 0.5974,  34.6256, 20 Sep 2018 08:24:12
# 26.8719,  5.45199,   0.814, 0.0771, 0.3396,  34.6309, 20 Sep 2018 08:28:12
# 26.9038,  5.45582,   0.813, 0.0758, 0.3146,  34.6344, 20 Sep 2018 08:32:12
# 26.9840,  5.46490,   0.892, 0.0709, 0.3481,  34.6394, 20 Sep 2018 08:36:12
# 27.0466,  5.47220,   0.859, 0.0733, 0.3661,  34.6448, 20 Sep 2018 08:40:12
# 27.0627,  5.47393,   0.897, 0.0758, 0.3664,  34.6451, 20 Sep 2018 08:44:12
# 27.0750,  5.47502,   0.830, 0.0826, 0.4219,  34.6438, 20 Sep 2018 08:48:12
# 27.1171,  5.47939,   0.879, 0.0724, 0.3562,  34.6435, 20 Sep 2018 08:52:12
# 27.1395,  5.48181,   0.866, 0.0756, 0.3951,  34.6440, 20 Sep 2018 08:56:12
# 27.1787,  5.48587,   0.818, 0.0758, 0.4121,  34.6437, 20 Sep 2018 09:00:12
# 27.2647,  5.49560,   0.893, 0.0972, 0.5273,  34.6488, 20 Sep 2018 09:04:12
# 27.3332,  5.50323,   0.977, 0.0803, 0.4630,  34.6521, 20 Sep 2018 09:08:12
# 27.3881,  5.50917,   0.873, 0.0824, 0.6059,  34.6535, 20 Sep 2018 09:12:12
# 27.4308,  5.51399,   0.859, 0.0826, 0.5174,  34.6559, 20 Sep 2018 09:16:12
# 27.4860,  5.51960,   0.871, 0.0805, 0.4608,  34.6546, 20 Sep 2018 09:20:12
# 27.5168,  5.52286,   0.885, 0.0745, 0.4535,  34.6548, 20 Sep 2018 09:24:12
# 27.5550,  5.52713,   0.908, 0.0817, 0.4620,  34.6568, 20 Sep 2018 09:28:12
# 27.5870,  5.53035,   0.902, 0.0816, 0.4184,  34.6558, 20 Sep 2018 09:32:12
# 27.6296,  5.53501,   0.957, 0.0851, 0.8045,  34.6572, 20 Sep 2018 09:36:12
# 27.6705,  5.53934,   0.865, 0.0801, 0.6615,  34.6574, 20 Sep 2018 09:40:12
# 27.7098,  5.54338,   0.923, 0.0771, 0.5521,  34.6568, 20 Sep 2018 09:44:12
# 27.7416,  5.54677,   0.941, 0.0803, 0.6602,  34.6572, 20 Sep 2018 09:48:12
# 27.7803,  5.55085,   0.897, 0.0797, 0.6725,  34.6574, 20 Sep 2018 09:52:12
# 27.8166,  5.55467,   0.916, 0.0794, 0.7612,  34.6574, 20 Sep 2018 09:56:12
# 27.8440,  5.55775,   0.982, 0.0745, 0.5986,  34.6588, 20 Sep 2018 10:00:12
# 27.8687,  5.56060,   0.992, 0.0795, 0.5939,  34.6606, 20 Sep 2018 10:04:12
# 27.9050,  5.56433,   1.013, 0.0696, 0.6677,  34.6600, 20 Sep 2018 10:08:12
# 27.9458,  5.56868,   1.043, 0.0829, 0.7491,  34.6605, 20 Sep 2018 10:12:12
# 27.9827,  5.57237,   0.931, 0.0803, 0.8844,  34.6592, 20 Sep 2018 10:16:12
# 28.0070,  5.57507,   1.058, 0.0828, 0.6556,  34.6602, 20 Sep 2018 10:20:12
# 28.0424,  5.57884,   0.976, 0.0935, 0.7687,  34.6605, 20 Sep 2018 10:24:12
# 28.0726,  5.58182,   1.004, 0.0735, 0.8158,  34.6592, 20 Sep 2018 10:28:12
# 28.0978,  5.58453,   0.949, 0.0838, 0.8856,  34.6596, 20 Sep 2018 10:32:12
# 28.1253,  5.58758,   1.040, 0.0816, 0.7160,  34.6607, 20 Sep 2018 10:36:12
# 28.1591,  5.59128,   0.989, 0.0836, 0.7995,  34.6618, 20 Sep 2018 10:40:12
# 28.1817,  5.59375,   1.127, 0.0826, 0.7480,  34.6623, 20 Sep 2018 10:44:12
# 28.2074,  5.59660,   1.013, 0.0757, 0.6145,  34.6634, 20 Sep 2018 10:48:12
# 28.2512,  5.60087,   1.117, 0.0926, 1.0585,  34.6610, 20 Sep 2018 10:52:12
# 28.2817,  5.60410,   1.079, 0.0815, 0.8071,  34.6611, 20 Sep 2018 10:56:12
# 28.3019,  5.60631,   1.015, 0.0784, 0.8498,  34.6618, 20 Sep 2018 11:00:12
# 28.3322,  5.60955,   1.027, 0.0900, 0.9962,  34.6621, 20 Sep 2018 11:04:12
# 28.3554,  5.61230,   1.090, 0.0747, 0.6483,  34.6643, 20 Sep 2018 11:08:12
# 28.3828,  5.61500,   1.064, 0.0829, 0.9390,  34.6630, 20 Sep 2018 11:12:12
# 28.4221,  5.61901,   1.020, 0.1363, 2.0829,  34.6621, 20 Sep 2018 11:16:12
# 28.4462,  5.62171,   1.039, 0.1118, 1.4718,  34.6632, 20 Sep 2018 11:20:12
# 28.4727,  5.62453,   1.286, 0.0911, 1.5341,  34.6634, 20 Sep 2018 11:24:12
# 28.4977,  5.62718,   1.105, 0.0840, 1.0402,  34.6635, 20 Sep 2018 11:28:12
# 28.5388,  5.63151,   1.053, 0.0877, 1.2279,  34.6635, 20 Sep 2018 11:32:12
# 28.5695,  5.63504,   1.062, 0.0961, 1.3747,  34.6655, 20 Sep 2018 11:36:12
# 28.6034,  5.63842,   1.099, 0.0948, 1.5091,  34.6642, 20 Sep 2018 11:40:12
# 28.6325,  5.64115,   1.187, 0.0887, 1.3998,  34.6618, 20 Sep 2018 11:44:12
# 28.6630,  5.64442,   1.233, 0.0963, 1.3689,  34.6622, 20 Sep 2018 11:48:12
# 28.6994,  5.64776,   1.136, 0.0999, 1.4935,  34.6588, 20 Sep 2018 11:52:12
# 28.7296,  5.65091,   1.334, 0.0927, 1.1202,  34.6585, 20 Sep 2018 11:56:12
# 28.7605,  5.65377,   1.135, 0.0926, 1.1431,  34.6558, 20 Sep 2018 12:00:12
# 28.7842,  5.65665,   1.181, 0.0900, 0.9924,  34.6585, 20 Sep 2018 12:04:12
# 28.8140,  5.65949,   1.152, 0.0877, 1.1658,  34.6564, 20 Sep 2018 12:08:12
# 28.8316,  5.66209,   1.144, 0.0999, 1.0823,  34.6615, 20 Sep 2018 12:12:12
# 28.8618,  5.66376,   1.232, 0.1047, 1.7369,  34.6510, 20 Sep 2018 12:16:12
# 28.8836,  5.66465,   1.190, 0.1083, 1.7577,  34.6413, 20 Sep 2018 12:20:12
# 28.9023,  5.66731,   1.267, 0.0887, 1.3497,  34.6461, 20 Sep 2018 12:24:12
# 28.9122,  5.67001,   1.165, 0.0997, 1.3643,  34.6575, 20 Sep 2018 12:28:12
# 28.9346,  5.67211,   1.165, 0.0961, 1.5377,  34.6557, 20 Sep 2018 12:32:12
# 28.9355,  5.67274,   1.204, 0.1265, 2.3231,  34.6594, 20 Sep 2018 12:36:12
# 28.9728,  5.67571,   1.158, 0.1096, 1.7039,  34.6527, 20 Sep 2018 12:40:12
# 29.0103,  5.67906,   1.144, 0.1010, 1.7745,  34.6485, 20 Sep 2018 12:44:12
# 29.0474,  5.68054,   1.200, 0.0948, 1.5151,  34.6318, 20 Sep 2018 12:48:12
# 29.0797,  5.68167,   1.129, 0.1116, 1.6150,  34.6162, 20 Sep 2018 12:52:12
# 29.0984,  5.68386,   1.319, 0.1640, 2.3232,  34.6176, 20 Sep 2018 12:56:12
# 29.1143,  5.68619,   1.192, 0.1023, 1.8450,  34.6222, 20 Sep 2018 13:00:12
# 29.1574,  5.68658,   1.171, 0.0935, 1.2190,  34.5936, 20 Sep 2018 13:04:12
# 29.1608,  5.68974,   1.275, 0.1459, 2.5385,  34.6128, 20 Sep 2018 13:08:12
# 29.1673,  5.69231,   1.302, 0.0984, 1.4096,  34.6257, 20 Sep 2018 13:12:12
# 29.2092,  5.69341,   1.315, 0.1309, 2.3919,  34.6029, 20 Sep 2018 13:16:12
# 29.2674,  5.69146,   1.321, 0.1118, 1.9067,  34.5476, 20 Sep 2018 13:20:12
# 29.3333,  5.68740,   1.221, 0.1707, 3.8263,  34.4724, 20 Sep 2018 13:24:12
# 29.3857,  5.68837,   1.275, 0.1192, 2.2123,  34.4414, 20 Sep 2018 13:28:12
# 29.4311,  5.69018,   1.241, 0.1277, 2.4913,  34.4213, 20 Sep 2018 13:32:12
# 29.4749,  5.69340,   1.168, 0.1243, 2.3280,  34.4119, 20 Sep 2018 13:36:12
# 29.5156,  5.69795,   1.310, 0.1193, 2.2596,  34.4137, 20 Sep 2018 13:40:12
# 29.5449,  5.70166,   1.245, 0.1190, 2.2860,  34.4179, 20 Sep 2018 13:44:12
# 29.5760,  5.70597,   1.187, 0.1131, 3.0006,  34.4251, 20 Sep 2018 13:48:12
# 29.5954,  5.70854,   1.130, 0.1181, 2.2269,  34.4286, 20 Sep 2018 13:52:12
# 29.6081,  5.71031,   1.147, 0.1255, 2.3946,  34.4316, 20 Sep 2018 13:56:12
