# 28.6515,  5.639331,  1.069, 0.1289, 1.0657,  34.6355, 23 Oct 2018 14:03:06
# 28.6964,  5.645174,  1.097, 0.1302, 1.3770,  34.6431, 23 Oct 2018 14:07:06
# 28.7262,  5.648415,  1.117, 0.1266, 1.1788,  34.6438, 23 Oct 2018 14:11:06
# 28.7006,  5.645780,  1.138, 0.1362, 1.2782,  34.6443, 23 Oct 2018 14:15:06
# 28.6995,  5.645726,  1.173, 0.1507, 1.5763,  34.6447, 23 Oct 2018 14:19:06
# 28.7347,  5.649169,  1.049, 0.1362, 1.4045,  34.6429, 23 Oct 2018 14:23:06
# 28.7674,  5.651626,  1.154, 0.1301, 1.1505,  34.6360, 23 Oct 2018 14:27:06
# 28.7759,  5.651563,  1.120, 0.1288, 1.1209,  34.6294, 23 Oct 2018 14:31:06
# 28.7826,  5.649448,  1.142, 0.1363, 1.2033,  34.6100, 23 Oct 2018 14:35:06
# 28.8095,  5.654028,  1.064, 0.1338, 1.3948,  34.6220, 23 Oct 2018 14:39:06
# 28.8545,  5.658212,  1.125, 0.1461, 1.4564,  34.6181, 23 Oct 2018 14:43:06
# 28.8912,  5.661410,  1.158, 0.1534, 1.4213,  34.6135, 23 Oct 2018 14:47:06
# 28.8977,  5.662834,  1.088, 0.1279, 1.0462,  34.6186, 23 Oct 2018 14:51:06
# 28.8782,  5.663379,  1.067, 0.1362, 1.1297,  34.6365, 23 Oct 2018 14:55:06
# 28.9469,  5.668236,  1.088, 0.1385, 1.0199,  34.6201, 23 Oct 2018 14:59:06
# 28.8817,  5.663815,  1.073, 0.1385, 1.1136,  34.6370, 23 Oct 2018 15:03:06
# 28.8778,  5.664025,  1.126, 0.1362, 1.2164,  34.6413, 23 Oct 2018 15:07:06
# 28.8562,  5.662679,  1.083, 0.1410, 1.3252,  34.6477, 23 Oct 2018 15:11:06
# 28.8255,  5.660252,  1.037, 0.1347, 1.1063,  34.6533, 23 Oct 2018 15:15:06
# 28.8139,  5.658890,  1.034, 0.1361, 1.1454,  34.6523, 23 Oct 2018 15:19:06
# 28.8142,  5.659279,  0.997, 0.1362, 1.2857,  34.6548, 23 Oct 2018 15:23:06
# 28.8210,  5.659388,  1.032, 0.1470, 1.1040,  34.6506, 23 Oct 2018 15:27:06
# 28.8664,  5.663520,  1.055, 0.1659, 1.6136,  34.6461, 23 Oct 2018 15:31:06
# 28.8939,  5.665224,  1.127, 0.1411, 1.0328,  34.6379, 23 Oct 2018 15:35:06
# 28.9079,  5.666609,  1.115, 0.1495, 1.1298,  34.6372, 23 Oct 2018 15:39:06
# 28.8865,  5.664695,  1.157, 0.1301, 1.0307,  34.6396, 23 Oct 2018 15:43:06
# 28.8266,  5.659855,  1.126, 0.1377, 1.1994,  34.6497, 23 Oct 2018 15:47:06
# 28.8027,  5.657311,  1.103, 0.1543, 1.1272,  34.6496, 23 Oct 2018 15:51:06
# 28.7250,  5.650258,  1.060, 0.1447, 1.2734,  34.6574, 23 Oct 2018 15:55:06
# 28.6822,  5.645096,  1.059, 0.1340, 1.1633,  34.6530, 23 Oct 2018 15:59:06
# 28.6786,  5.644436,  1.074, 0.1399, 1.2079,  34.6510, 23 Oct 2018 16:03:06
# 28.5317,  5.630021,  1.022, 0.1350, 1.1442,  34.6584, 23 Oct 2018 16:07:06
# 28.4388,  5.618638,  0.990, 0.1311, 0.9645,  34.6473, 23 Oct 2018 16:11:06
# 28.4789,  5.623013,  1.052, 0.1279, 0.9294,  34.6483, 23 Oct 2018 16:15:06
# 28.4831,  5.623579,  0.962, 0.1265, 1.0487,  34.6493, 23 Oct 2018 16:19:06
# 28.4633,  5.621438,  1.058, 0.1263, 0.8828,  34.6488, 23 Oct 2018 16:23:06
# 28.4284,  5.617591,  0.990, 0.1398, 0.8952,  34.6477, 23 Oct 2018 16:27:06
# 28.3776,  5.612303,  1.053, 0.1289, 0.8589,  34.6480, 23 Oct 2018 16:31:06
# 28.3368,  5.607722,  1.035, 0.1313, 0.8612,  34.6460, 23 Oct 2018 16:35:06
# 28.2962,  5.603732,  0.940, 0.1329, 0.7826,  34.6480, 23 Oct 2018 16:39:06
# 28.3216,  5.606211,  0.964, 0.1541, 1.0742,  34.6467, 23 Oct 2018 16:43:06
# 28.3383,  5.608342,  1.000, 0.1298, 0.8276,  34.6493, 23 Oct 2018 16:47:06
# 28.3637,  5.611427,  0.929, 0.1327, 0.8460,  34.6522, 23 Oct 2018 16:51:06
# 28.3411,  5.609086,  1.015, 0.1447, 1.1173,  34.6524, 23 Oct 2018 16:55:06
# 28.3393,  5.608962,  0.904, 0.1350, 0.9425,  34.6528, 23 Oct 2018 16:59:06
# 28.3221,  5.607289,  0.991, 0.1288, 0.7722,  34.6538, 23 Oct 2018 17:03:06
# 28.2817,  5.603004,  0.926, 0.1340, 0.7948,  34.6535, 23 Oct 2018 17:07:06
# 28.2173,  5.596088,  0.954, 0.1329, 0.8471,  34.6526, 23 Oct 2018 17:11:06
# 28.1502,  5.588542,  0.957, 0.1397, 0.8338,  34.6491, 23 Oct 2018 17:15:06
# 28.0622,  5.579120,  0.919, 0.1288, 0.7256,  34.6480, 23 Oct 2018 17:19:06
# 28.0051,  5.573137,  0.940, 0.1279, 0.8177,  34.6480, 23 Oct 2018 17:23:06
# 27.9486,  5.566638,  0.886, 0.1216, 0.6479,  34.6441, 23 Oct 2018 17:27:06
# 27.9095,  5.562460,  0.904, 0.1253, 0.7431,  34.6436, 23 Oct 2018 17:31:06
# 27.8878,  5.560105,  0.919, 0.1254, 0.6059,  34.6430, 23 Oct 2018 17:35:06
# 27.8584,  5.556685,  0.879, 0.1241, 0.6530,  34.6407, 23 Oct 2018 17:39:06
# 27.8625,  5.557102,  0.925, 0.1218, 0.6822,  34.6406, 23 Oct 2018 17:43:06
# 27.8248,  5.553451,  0.853, 0.1191, 0.7382,  34.6428, 23 Oct 2018 17:47:06
# 27.8173,  5.552178,  0.823, 0.1192, 0.5948,  34.6394, 23 Oct 2018 17:51:06
# 27.8458,  5.554940,  0.782, 0.1254, 0.6009,  34.6378, 23 Oct 2018 17:55:06
# 27.9073,  5.560050,  0.870, 0.1264, 0.5939,  34.6284, 23 Oct 2018 17:59:06
# 27.9954,  5.568561,  0.894, 0.1189, 0.5840,  34.6232, 23 Oct 2018 18:03:06
# 28.0789,  5.575439,  0.805, 0.1203, 0.6188,  34.6100, 23 Oct 2018 18:07:06
# 28.1042,  5.578338,  0.795, 0.1398, 0.6331,  34.6117, 23 Oct 2018 18:11:06
# 28.1388,  5.580712,  0.764, 0.1337, 0.7281,  34.6029, 23 Oct 2018 18:15:06
# 28.1627,  5.582591,  0.787, 0.1363, 0.7053,  34.5985, 23 Oct 2018 18:19:06
# 28.1786,  5.583349,  0.782, 0.1242, 0.6848,  34.5921, 23 Oct 2018 18:23:06
# 28.1436,  5.580805,  0.778, 0.1231, 0.6189,  34.6000, 23 Oct 2018 18:27:06
# 28.1217,  5.577812,  0.751, 0.1230, 0.5765,  34.5952, 23 Oct 2018 18:31:06
# 28.0620,  5.570817,  0.713, 0.1203, 0.5682,  34.5900, 23 Oct 2018 18:35:06
# 27.9770,  5.562289,  0.782, 0.1181, 0.5412,  34.5928, 23 Oct 2018 18:39:06
# 27.8549,  5.551567,  0.781, 0.1231, 0.5261,  34.6074, 23 Oct 2018 18:43:06
# 27.8011,  5.545635,  0.721, 0.1202, 0.4607,  34.6054, 23 Oct 2018 18:47:06
# 27.7431,  5.539675,  0.691, 0.1205, 0.4738,  34.6062, 23 Oct 2018 18:51:06
# 27.6920,  5.534842,  0.752, 0.1263, 0.4920,  34.6099, 23 Oct 2018 18:55:06
# 27.6607,  5.532508,  0.691, 0.1204, 0.4594,  34.6166, 23 Oct 2018 18:59:06
# 27.6185,  5.527608,  0.745, 0.1218, 0.4761,  34.6132, 23 Oct 2018 19:03:06
# 27.5859,  5.522780,  0.657, 0.1251, 0.4688,  34.6033, 23 Oct 2018 19:07:06
# 27.5604,  5.518977,  0.691, 0.1192, 0.5533,  34.5953, 23 Oct 2018 19:11:06
# 27.5083,  5.513075,  0.704, 0.1180, 0.4341,  34.5921, 23 Oct 2018 19:15:06
# 27.4764,  5.507291,  0.669, 0.1218, 0.5729,  34.5748, 23 Oct 2018 19:19:06
# 27.4427,  5.500887,  0.646, 0.1281, 0.4881,  34.5545, 23 Oct 2018 19:23:06
# 27.4078,  5.495569,  0.720, 0.1218, 0.4478,  34.5426, 23 Oct 2018 19:27:06
# 27.3710,  5.490561,  0.693, 0.1180, 0.4662,  34.5344, 23 Oct 2018 19:31:06
# 27.3412,  5.487298,  0.644, 0.1203, 0.4510,  34.5333, 23 Oct 2018 19:35:06
# 27.3064,  5.485793,  0.637, 0.1217, 0.4059,  34.5485, 23 Oct 2018 19:39:06
# 27.2691,  5.482301,  0.643, 0.1301, 0.4182,  34.5513, 23 Oct 2018 19:43:06
# 27.2517,  5.479868,  0.634, 0.1239, 0.3725,  34.5470, 23 Oct 2018 19:47:06
# 27.2131,  5.468508,  0.646, 0.1240, 0.3774,  34.4949, 23 Oct 2018 19:51:06
# 27.1869,  5.463809,  0.679, 0.1241, 0.3786,  34.4809, 23 Oct 2018 19:55:06
# 27.1546,  5.461143,  0.667, 0.1156, 0.3330,  34.4859, 23 Oct 2018 19:59:06
# 27.1268,  5.457733,  0.617, 0.1254, 0.3640,  34.4823, 23 Oct 2018 20:03:06
# 27.1035,  5.457619,  0.634, 0.1169, 0.3365,  34.4987, 23 Oct 2018 20:07:06
# 27.0859,  5.457964,  0.642, 0.1251, 0.3600,  34.5142, 23 Oct 2018 20:11:06
# 27.0645,  5.456938,  0.592, 0.1232, 0.3877,  34.5228, 23 Oct 2018 20:15:06
# 27.0591,  5.458562,  0.663, 0.1180, 0.3317,  34.5384, 23 Oct 2018 20:19:06
# 27.0351,  5.456716,  0.620, 0.1203, 0.3539,  34.5431, 23 Oct 2018 20:23:06
# 27.0114,  5.454947,  0.588, 0.1205, 0.3195,  34.5481, 23 Oct 2018 20:27:06
# 26.9879,  5.452772,  0.607, 0.1204, 0.3342,  34.5501, 23 Oct 2018 20:31:06
# 26.9608,  5.449304,  0.630, 0.1218, 0.3208,  34.5455, 23 Oct 2018 20:35:06
# 26.9388,  5.445852,  0.620, 0.1217, 0.3315,  34.5372, 23 Oct 2018 20:39:06
# 26.9068,  5.442164,  0.619, 0.1229, 0.3440,  34.5347, 23 Oct 2018 20:43:06
# 26.8872,  5.439089,  0.601, 0.1193, 0.3120,  34.5273, 23 Oct 2018 20:47:06
# 26.8595,  5.437437,  0.610, 0.1277, 0.3366,  34.5361, 23 Oct 2018 20:51:06
# 26.8429,  5.436481,  0.635, 0.1240, 0.3464,  34.5417, 23 Oct 2018 20:55:06
# 26.8250,  5.436894,  0.601, 0.1217, 0.3343,  34.5580, 23 Oct 2018 20:59:06
# 26.8052,  5.436459,  0.599, 0.1253, 0.3367,  34.5697, 23 Oct 2018 21:03:06
# 26.7930,  5.435717,  0.614, 0.1252, 0.3316,  34.5734, 23 Oct 2018 21:07:06
# 26.7979,  5.436092,  0.654, 0.1155, 0.3306,  34.5724, 23 Oct 2018 21:11:06
# 26.7686,  5.433989,  0.621, 0.1302, 0.3439,  34.5793, 23 Oct 2018 21:15:06
# 26.7767,  5.434073,  0.629, 0.1191, 0.3428,  34.5738, 23 Oct 2018 21:19:06
# 26.7594,  5.432865,  0.622, 0.1203, 0.3232,  34.5781, 23 Oct 2018 21:23:06
# 26.7384,  5.430549,  0.626, 0.1327, 0.3697,  34.5772, 23 Oct 2018 21:27:06
# 26.7207,  5.428807,  0.666, 0.1601, 0.4208,  34.5779, 23 Oct 2018 21:31:06
# 26.7105,  5.427974,  0.633, 0.1231, 0.3822,  34.5796, 23 Oct 2018 21:35:06
# 26.7005,  5.427125,  0.659, 0.1179, 0.3442,  34.5810, 23 Oct 2018 21:39:06
# 26.6844,  5.425742,  0.642, 0.1219, 0.3354,  34.5831, 23 Oct 2018 21:43:06
# 26.6761,  5.424917,  0.615, 0.1155, 0.3146,  34.5834, 23 Oct 2018 21:47:06
# 26.6729,  5.424520,  0.619, 0.1120, 0.3147,  34.5829, 23 Oct 2018 21:51:06
# 26.6554,  5.423183,  0.634, 0.1170, 0.3426,  34.5864, 23 Oct 2018 21:55:06
# 26.6667,  5.424016,  0.650, 0.1155, 0.3258,  34.5839, 23 Oct 2018 21:59:06
# 26.6815,  5.426362,  0.652, 0.1120, 0.3111,  34.5897, 23 Oct 2018 22:03:06
# 26.7048,  5.428807,  0.716, 0.1155, 0.3614,  34.5898, 23 Oct 2018 22:07:06
# 26.6961,  5.427920,  0.678, 0.1169, 0.3480,  34.5899, 23 Oct 2018 22:11:06
# 26.6487,  5.416568,  0.683, 0.1168, 0.3278,  34.5439, 23 Oct 2018 22:15:06
# 26.6505,  5.414163,  0.674, 0.1266, 0.3292,  34.5253, 23 Oct 2018 22:19:06
# 26.6112,  5.402266,  0.663, 0.1142, 0.3393,  34.4692, 23 Oct 2018 22:23:06
# 26.5762,  5.390815,  0.767, 0.1169, 0.3539,  34.4131, 23 Oct 2018 22:27:06
# 26.5542,  5.390084,  0.700, 0.1169, 0.3772,  34.4243, 23 Oct 2018 22:31:06
# 26.5531,  5.392027,  0.678, 0.1180, 0.3988,  34.4391, 23 Oct 2018 22:35:06
# 26.4944,  5.372387,  0.675, 0.1168, 0.3891,  34.3416, 23 Oct 2018 22:39:06
# 26.5080,  5.375393,  0.704, 0.1168, 0.3771,  34.3531, 23 Oct 2018 22:43:06
# 26.4972,  5.369701,  0.765, 0.1131, 0.4303,  34.3202, 23 Oct 2018 22:47:06
# 26.4772,  5.373248,  0.802, 0.1168, 0.4267,  34.3606, 23 Oct 2018 22:51:06
# 26.4837,  5.385818,  0.703, 0.1193, 0.4195,  34.4462, 23 Oct 2018 22:55:06
# 26.5212,  5.396640,  0.749, 0.1141, 0.3835,  34.4960, 23 Oct 2018 22:59:06
# 26.4681,  5.380739,  0.744, 0.1154, 0.4062,  34.4213, 23 Oct 2018 23:03:06
# 26.5108,  5.395237,  0.674, 0.1154, 0.4329,  34.4937, 23 Oct 2018 23:07:06
# 26.4948,  5.398188,  0.746, 0.1142, 0.3939,  34.5269, 23 Oct 2018 23:11:06
# 26.5026,  5.399912,  0.804, 0.1154, 0.3915,  34.5334, 23 Oct 2018 23:15:06
# 26.5003,  5.399736,  0.741, 0.1143, 0.3798,  34.5339, 23 Oct 2018 23:19:06
# 26.5163,  5.397037,  0.783, 0.1180, 0.5415,  34.5025, 23 Oct 2018 23:23:06
# 26.4682,  5.382909,  0.737, 0.1106, 0.4159,  34.4368, 23 Oct 2018 23:27:06
# 26.4892,  5.389087,  0.759, 0.1132, 0.4157,  34.4656, 23 Oct 2018 23:31:06
# 26.5056,  5.389696,  0.753, 0.1118, 0.4485,  34.4577, 23 Oct 2018 23:35:06
# 26.5021,  5.389498,  0.825, 0.1144, 0.4858,  34.4589, 23 Oct 2018 23:39:06
# 26.5221,  5.395679,  0.848, 0.1119, 0.4280,  34.4884, 23 Oct 2018 23:43:06
# 26.5334,  5.400086,  0.820, 0.1156, 0.4627,  34.5117, 23 Oct 2018 23:47:06
# 26.6130,  5.411225,  0.820, 0.1082, 0.4440,  34.5322, 23 Oct 2018 23:51:06
# 26.6415,  5.417462,  0.864, 0.1096, 0.4941,  34.5556, 23 Oct 2018 23:55:06
# 26.6248,  5.411568,  0.828, 0.1142, 0.5299,  34.5258, 23 Oct 2018 23:59:06
# 26.6415,  5.411911,  0.854, 0.1132, 0.5524,  34.5158, 24 Oct 2018 00:03:06
# 26.6122,  5.405257,  0.816, 0.1131, 0.5692,  34.4899, 24 Oct 2018 00:07:06
# 26.6159,  5.405867,  0.872, 0.1170, 0.5769,  34.4915, 24 Oct 2018 00:11:06
# 26.5732,  5.401108,  0.846, 0.1135, 0.7077,  34.4892, 24 Oct 2018 00:15:06
# 26.5564,  5.405319,  0.837, 0.1143, 0.6348,  34.5320, 24 Oct 2018 00:19:06
# 26.5258,  5.399553,  0.887, 0.1180, 0.6991,  34.5135, 24 Oct 2018 00:23:06
# 26.5260,  5.402573,  0.978, 0.1194, 0.9046,  34.5350, 24 Oct 2018 00:27:06
# 26.5126,  5.400125,  0.965, 0.1170, 0.7147,  34.5275, 24 Oct 2018 00:31:06
# 26.4907,  5.394285,  0.985, 0.1217, 0.7015,  34.5018, 24 Oct 2018 00:35:06
# 26.4185,  5.377519,  0.957, 0.1155, 0.6045,  34.4350, 24 Oct 2018 00:39:06
# 26.4185,  5.378509,  0.895, 0.1168, 0.7549,  34.4422, 24 Oct 2018 00:43:06
# 26.4335,  5.380808,  0.900, 0.1179, 0.6764,  34.4476, 24 Oct 2018 00:47:06
# 26.4333,  5.381836,  0.989, 0.1180, 0.7697,  34.4551, 24 Oct 2018 00:51:06
# 26.4846,  5.391899,  1.074, 0.1253, 0.8853,  34.4892, 24 Oct 2018 00:55:06
# 26.4491,  5.386063,  0.945, 0.1241, 1.2956,  34.4737, 24 Oct 2018 00:59:06
# 26.4172,  5.379384,  0.955, 0.1194, 0.9728,  34.4495, 24 Oct 2018 01:03:06
# 26.4135,  5.377641,  1.016, 0.1277, 1.0800,  34.4396, 24 Oct 2018 01:07:06
# 26.4321,  5.384845,  1.034, 0.1204, 0.9485,  34.4776, 24 Oct 2018 01:11:06
# 26.4034,  5.382644,  1.016, 0.1229, 0.8854,  34.4832, 24 Oct 2018 01:15:06
# 26.4382,  5.390025,  0.948, 0.1241, 1.1077,  34.5104, 24 Oct 2018 01:19:06
# 26.4667,  5.391869,  1.026, 0.1268, 1.1196,  34.5024, 24 Oct 2018 01:23:06
# 26.4978,  5.392585,  1.067, 0.1374, 1.5787,  34.4842, 24 Oct 2018 01:27:06
# 26.4754,  5.387274,  1.119, 0.1239, 1.0019,  34.4627, 24 Oct 2018 01:31:06
# 26.4989,  5.390527,  1.128, 0.1218, 1.1160,  34.4686, 24 Oct 2018 01:35:06
# 26.5533,  5.399766,  1.136, 0.1316, 1.5528,  34.4944, 24 Oct 2018 01:39:06
# 26.5817,  5.404258,  1.107, 0.1264, 1.2176,  34.5054, 24 Oct 2018 01:43:06
# 26.6000,  5.406669,  1.009, 0.1253, 1.1331,  34.5091, 24 Oct 2018 01:47:06
# 26.5727,  5.402672,  1.094, 0.1265, 1.1040,  34.5008, 24 Oct 2018 01:51:06
# 26.5613,  5.402336,  1.096, 0.1303, 1.0716,  34.5069, 24 Oct 2018 01:55:06
# 26.5028,  5.390017,  1.129, 0.1913, 1.2464,  34.4620, 24 Oct 2018 01:59:06
# 26.5545,  5.396281,  1.227, 0.1350, 1.4684,  34.4684, 24 Oct 2018 02:03:06
# 26.5977,  5.402625,  1.165, 0.1302, 1.3481,  34.4818, 24 Oct 2018 02:07:06
# 26.6117,  5.405776,  1.162, 0.1434, 1.9965,  34.4939, 24 Oct 2018 02:11:06
# 26.6280,  5.407317,  1.085, 0.1288, 1.2081,  34.4929, 24 Oct 2018 02:15:06
# 26.5861,  5.399133,  1.264, 0.1339, 1.3993,  34.4653, 24 Oct 2018 02:19:06
# 26.6144,  5.405410,  1.187, 0.1434, 1.7868,  34.4893, 24 Oct 2018 02:23:06
# 26.6448,  5.411240,  1.174, 0.1437, 2.0629,  34.5085, 24 Oct 2018 02:27:06
# 26.5964,  5.403144,  1.211, 0.1240, 1.2659,  34.4864, 24 Oct 2018 02:31:06
# 26.6318,  5.407805,  1.185, 0.1278, 1.4418,  34.4935, 24 Oct 2018 02:35:06
# 26.6214,  5.403830,  1.257, 0.1316, 1.4264,  34.4727, 24 Oct 2018 02:39:06
# 26.5888,  5.392370,  1.217, 0.1495, 2.0954,  34.4147, 24 Oct 2018 02:43:06
# 26.5813,  5.388842,  1.278, 0.1508, 1.8762,  34.3950, 24 Oct 2018 02:47:06
# 26.5078,  5.374001,  1.226, 0.1363, 1.7770,  34.3430, 24 Oct 2018 02:51:06
# 26.5177,  5.376360,  1.105, 0.1301, 1.6020,  34.3527, 24 Oct 2018 02:55:06
# 26.6426,  5.403807,  1.177, 0.1401, 1.8521,  34.4567, 24 Oct 2018 02:59:06
# 26.7080,  5.416255,  1.159, 0.1350, 1.6979,  34.4973, 24 Oct 2018 03:03:06
# 26.7024,  5.417965,  1.168, 0.1276, 1.3233,  34.5137, 24 Oct 2018 03:07:06
# 26.7404,  5.420447,  1.249, 0.1415, 2.2131,  34.5031, 24 Oct 2018 03:11:06
# 26.7615,  5.425222,  1.268, 0.1265, 1.4493,  34.5216, 24 Oct 2018 03:15:06
# 26.7139,  5.419050,  1.298, 0.1302, 1.4791,  34.5128, 24 Oct 2018 03:19:06
# 26.7283,  5.421272,  1.149, 0.1650, 2.9084,  34.5181, 24 Oct 2018 03:23:06
# 26.7257,  5.421097,  1.340, 0.1509, 1.9219,  34.5187, 24 Oct 2018 03:27:06
# 26.7404,  5.422800,  1.233, 0.1363, 1.8919,  34.5199, 24 Oct 2018 03:31:06
# 26.7215,  5.419057,  1.192, 0.1448, 2.1508,  34.5073, 24 Oct 2018 03:35:06
# 26.6707,  5.409255,  1.283, 0.1387, 2.0461,  34.4748, 24 Oct 2018 03:39:06
# 26.6918,  5.410048,  1.286, 0.1315, 1.6445,  34.4648, 24 Oct 2018 03:43:06
# 26.7170,  5.415208,  1.273, 0.1363, 1.8568,  34.4830, 24 Oct 2018 03:47:06
# 26.7035,  5.412323,  1.295, 0.1685, 2.7365,  34.4724, 24 Oct 2018 03:51:06
# 26.6906,  5.410132,  1.178, 0.1424, 2.0397,  34.4663, 24 Oct 2018 03:55:06
# 26.6473,  5.402442,  1.219, 0.1423, 2.0931,  34.4435, 24 Oct 2018 03:59:06
# 26.6688,  5.409384,  1.215, 0.1289, 1.5286,  34.4772, 24 Oct 2018 04:03:06
# 26.6671,  5.409072,  1.170, 0.1363, 1.8533,  34.4763, 24 Oct 2018 04:07:06
# 26.6680,  5.408140,  1.171, 0.1421, 2.0130,  34.4689, 24 Oct 2018 04:11:06
# 26.6523,  5.403067,  1.208, 0.1472, 2.2069,  34.4442, 24 Oct 2018 04:15:06
# 26.6076,  5.389611,  1.199, 0.1456, 2.2768,  34.3809, 24 Oct 2018 04:19:06
# 26.5837,  5.383692,  1.196, 0.1302, 1.7206,  34.3562, 24 Oct 2018 04:23:06
# 26.5958,  5.389984,  1.143, 0.1402, 1.8499,  34.3924, 24 Oct 2018 04:27:06
# 26.6025,  5.393970,  1.249, 0.1365, 1.7762,  34.4160, 24 Oct 2018 04:31:06
# 26.6116,  5.398957,  1.127, 0.1388, 1.8686,  34.4450, 24 Oct 2018 04:35:06
# 26.6335,  5.400626,  1.173, 0.1351, 1.9544,  34.4407, 24 Oct 2018 04:39:06
# 26.6328,  5.391333,  1.192, 0.1388, 1.9480,  34.3745, 24 Oct 2018 04:43:06
# 26.6653,  5.388596,  1.091, 0.1434, 1.9281,  34.3308, 24 Oct 2018 04:47:06
# 26.6783,  5.384909,  1.291, 0.1278, 1.7718,  34.2947, 24 Oct 2018 04:51:06
# 26.6764,  5.376571,  1.211, 0.1422, 2.0230,  34.2364, 24 Oct 2018 04:55:06
# 26.6706,  5.379403,  1.109, 0.1637, 2.6277,  34.2610, 24 Oct 2018 04:59:06
# 26.6481,  5.372522,  1.168, 0.1434, 1.7668,  34.2283, 24 Oct 2018 05:03:06
# 26.6337,  5.372507,  1.100, 0.1508, 2.5041,  34.2389, 24 Oct 2018 05:07:06
# 26.6231,  5.364945,  1.130, 0.1363, 1.5193,  34.1925, 24 Oct 2018 05:11:06
# 26.6290,  5.367592,  1.032, 0.1375, 1.7363,  34.2072, 24 Oct 2018 05:15:06
# 26.6308,  5.369966,  1.138, 0.1448, 2.0726,  34.2228, 24 Oct 2018 05:19:06
# 26.6326,  5.369829,  1.135, 0.1325, 1.5410,  34.2205, 24 Oct 2018 05:23:06
# 26.6366,  5.365287,  0.995, 0.1365, 1.7268,  34.1851, 24 Oct 2018 05:27:06
# 26.6380,  5.364154,  1.060, 0.1434, 1.8524,  34.1758, 24 Oct 2018 05:31:06
# 26.6319,  5.365455,  1.045, 0.1366, 1.9003,  34.1897, 24 Oct 2018 05:35:06
# 26.6329,  5.370825,  1.073, 0.1401, 2.1506,  34.2275, 24 Oct 2018 05:39:06
# 26.6210,  5.373580,  1.088, 0.1364, 1.6532,  34.2560, 24 Oct 2018 05:43:06
# 26.6073,  5.374083,  1.009, 0.1387, 1.6968,  34.2698, 24 Oct 2018 05:47:06
# 26.5785,  5.373627,  1.029, 0.1449, 1.9400,  34.2879, 24 Oct 2018 05:51:06
# 26.5664,  5.374799,  0.940, 0.1350, 1.7157,  34.3053, 24 Oct 2018 05:55:06
# 26.5654,  5.383882,  1.013, 0.1398, 1.7873,  34.3713, 24 Oct 2018 05:59:06
# 26.5597,  5.383829,  1.009, 0.1289, 1.4637,  34.3751, 24 Oct 2018 06:03:06
# 26.5395,  5.381415,  0.909, 0.1252, 1.3316,  34.3729, 24 Oct 2018 06:07:06
# 26.5347,  5.383365,  0.966, 0.1292, 1.1850,  34.3904, 24 Oct 2018 06:11:06
# 26.5288,  5.383807,  0.925, 0.1289, 1.3542,  34.3980, 24 Oct 2018 06:15:06
# 26.5014,  5.370158,  0.977, 0.1324, 1.3323,  34.3203, 24 Oct 2018 06:19:06
# 26.4812,  5.360522,  1.038, 0.1351, 1.4625,  34.2660, 24 Oct 2018 06:23:06
# 26.4632,  5.348903,  0.950, 0.1326, 1.2707,  34.1958, 24 Oct 2018 06:27:06
# 26.4496,  5.338980,  0.869, 0.1338, 1.2830,  34.1346, 24 Oct 2018 06:31:06
# 26.4364,  5.328374,  0.979, 0.1340, 1.1728,  34.0681, 24 Oct 2018 06:35:06
# 26.4138,  5.313907,  0.937, 0.1373, 1.3638,  33.9807, 24 Oct 2018 06:39:06
# 26.3799,  5.303247,  0.882, 0.1402, 1.4731,  33.9291, 24 Oct 2018 06:43:06
# 26.3368,  5.295758,  0.923, 0.1460, 1.7194,  33.9069, 24 Oct 2018 06:47:06
# 26.3285,  5.326352,  0.880, 0.1424, 1.5206,  34.1334, 24 Oct 2018 06:51:06
# 26.3511,  5.347082,  0.904, 0.1412, 1.3066,  34.2660, 24 Oct 2018 06:55:06
# 26.3706,  5.356199,  0.901, 0.1475, 1.4297,  34.3172, 24 Oct 2018 06:59:06
# 26.3929,  5.365900,  0.903, 0.1364, 1.0523,  34.3705, 24 Oct 2018 07:03:06
# 26.4102,  5.372138,  0.866, 0.1337, 1.0314,  34.4025, 24 Oct 2018 07:07:06
# 26.4108,  5.366059,  0.872, 0.1316, 0.9545,  34.3583, 24 Oct 2018 07:11:06
# 26.4165,  5.370593,  0.844, 0.1338, 0.9203,  34.3867, 24 Oct 2018 07:15:06
# 26.4288,  5.377542,  0.908, 0.1316, 0.8949,  34.4275, 24 Oct 2018 07:19:06
# 26.4351,  5.375836,  0.823, 0.1460, 0.8746,  34.4106, 24 Oct 2018 07:23:06
# 26.4427,  5.380869,  0.874, 0.1302, 0.8212,  34.4411, 24 Oct 2018 07:27:06
# 26.4414,  5.377039,  0.856, 0.1337, 0.7841,  34.4145, 24 Oct 2018 07:31:06
# 26.4340,  5.370851,  0.809, 0.1337, 0.7874,  34.3755, 24 Oct 2018 07:35:06
# 26.4423,  5.376887,  0.835, 0.1288, 0.7085,  34.4128, 24 Oct 2018 07:39:06
# 26.4395,  5.370783,  0.840, 0.1253, 0.7063,  34.3709, 24 Oct 2018 07:43:06
# 26.4482,  5.376392,  0.767, 0.1291, 0.6965,  34.4048, 24 Oct 2018 07:47:06
# 26.4584,  5.380564,  0.772, 0.1316, 0.6740,  34.4272, 24 Oct 2018 07:51:06
# 26.4783,  5.389422,  0.814, 0.1337, 0.6639,  34.4761, 24 Oct 2018 07:55:06
# 26.4882,  5.389849,  0.837, 0.1325, 0.6481,  34.4718, 24 Oct 2018 07:59:06
# 26.4898,  5.388150,  0.770, 0.1337, 0.5755,  34.4584, 24 Oct 2018 08:03:06
# 26.5089,  5.394917,  0.789, 0.1350, 0.5801,  34.4928, 24 Oct 2018 08:07:06
# 26.5127,  5.390123,  0.747, 0.1316, 0.5647,  34.4555, 24 Oct 2018 08:11:06
# 26.5222,  5.391426,  0.778, 0.1267, 0.5474,  34.4577, 24 Oct 2018 08:15:06
# 26.5507,  5.395122,  0.809, 0.1292, 0.5261,  34.4630, 24 Oct 2018 08:19:06
# 26.5697,  5.391684,  0.760, 0.1239, 0.4942,  34.4242, 24 Oct 2018 08:23:06
# 26.5958,  5.400154,  0.742, 0.1215, 0.4833,  34.4655, 24 Oct 2018 08:27:06
# 26.6234,  5.400314,  0.746, 0.1350, 0.5719,  34.4461, 24 Oct 2018 08:31:06
# 26.6660,  5.404867,  0.794, 0.1193, 0.5669,  34.4471, 24 Oct 2018 08:35:06
# 26.6751,  5.403623,  0.814, 0.1279, 0.5306,  34.4313, 24 Oct 2018 08:39:06
# 26.6624,  5.394007,  0.717, 0.1204, 0.4895,  34.3719, 24 Oct 2018 08:43:06
# 26.6462,  5.394915,  0.729, 0.1254, 0.4763,  34.3904, 24 Oct 2018 08:47:06
# 26.6571,  5.397911,  0.794, 0.1318, 0.4735,  34.4038, 24 Oct 2018 08:51:06
# 26.6783,  5.419119,  0.776, 0.1365, 0.4388,  34.5400, 24 Oct 2018 08:55:06
# 26.7019,  5.422266,  0.731, 0.1220, 0.4267,  34.5450, 24 Oct 2018 08:59:06
# 26.7205,  5.420798,  0.788, 0.1192, 0.4450,  34.5206, 24 Oct 2018 09:03:06
# 26.7226,  5.419446,  0.791, 0.1192, 0.4699,  34.5094, 24 Oct 2018 09:07:06
# 26.7111,  5.414506,  0.694, 0.1278, 0.4981,  34.4826, 24 Oct 2018 09:11:06
# 26.7227,  5.413948,  0.740, 0.1473, 0.5163,  34.4699, 24 Oct 2018 09:15:06
# 26.7310,  5.422349,  0.796, 0.1325, 0.4525,  34.5239, 24 Oct 2018 09:19:06
# 26.7057,  5.419859,  0.709, 0.1327, 0.4292,  34.5249, 24 Oct 2018 09:23:06
# 26.7278,  5.419943,  0.733, 0.1291, 0.4607,  34.5090, 24 Oct 2018 09:27:06
# 26.7669,  5.418773,  0.737, 0.1302, 0.5235,  34.4716, 24 Oct 2018 09:31:06
# 26.8208,  5.425801,  0.756, 0.1349, 0.4366,  34.4817, 24 Oct 2018 09:35:06
# 26.9083,  5.432167,  0.754, 0.1238, 0.3950,  34.4621, 24 Oct 2018 09:39:06
# 26.8968,  5.416236,  0.714, 0.1400, 0.4748,  34.3570, 24 Oct 2018 09:43:06
# 26.9340,  5.423247,  0.735, 0.1365, 0.4450,  34.3794, 24 Oct 2018 09:47:06
# 26.9959,  5.437496,  0.763, 0.1290, 0.4196,  34.4352, 24 Oct 2018 09:51:06
# 27.0553,  5.450558,  0.732, 0.1447, 0.3901,  34.4842, 24 Oct 2018 09:55:06
# 27.1356,  5.467888,  0.717, 0.1252, 0.3712,  34.5480, 24 Oct 2018 09:59:06
# 27.2096,  5.479723,  0.690, 0.1290, 0.3552,  34.5771, 24 Oct 2018 10:03:06
# 27.2080,  5.473378,  0.717, 0.1154, 0.3512,  34.5332, 24 Oct 2018 10:07:06
# 27.2284,  5.471997,  0.738, 0.1265, 0.3787,  34.5083, 24 Oct 2018 10:11:06
# 27.2268,  5.462912,  0.776, 0.1374, 0.3950,  34.4450, 24 Oct 2018 10:15:06
# 27.2151,  5.459111,  0.804, 0.1231, 0.4267,  34.4267, 24 Oct 2018 10:19:06
# 27.2022,  5.450548,  0.713, 0.1241, 0.4826,  34.3755, 24 Oct 2018 10:23:06
# 27.2350,  5.461938,  0.704, 0.1266, 0.4545,  34.4321, 24 Oct 2018 10:27:06
# 27.3291,  5.482960,  0.799, 0.1239, 0.4047,  34.5115, 24 Oct 2018 10:31:06
# 27.4404,  5.502455,  0.740, 0.1266, 0.4609,  34.5673, 24 Oct 2018 10:35:06
# 27.4799,  5.502478,  0.774, 0.1232, 0.3930,  34.5382, 24 Oct 2018 10:39:06
# 27.5229,  5.503907,  0.781, 0.1289, 0.3902,  34.5166, 24 Oct 2018 10:43:06
# 27.4997,  5.487395,  0.714, 0.1204, 0.3900,  34.4171, 24 Oct 2018 10:47:06
# 27.5678,  5.506067,  0.759, 0.1192, 0.3712,  34.4987, 24 Oct 2018 10:51:06
# 27.5524,  5.478535,  0.755, 0.1253, 0.4097,  34.3159, 24 Oct 2018 10:55:06
# 27.6160,  5.480368,  0.746, 0.1302, 0.6555,  34.2822, 24 Oct 2018 10:59:06
# 27.5841,  5.446017,  0.735, 0.1263, 0.4774,  34.0638, 24 Oct 2018 11:03:06
# 27.5962,  5.415582,  0.753, 0.1231, 0.5297,  33.8409, 24 Oct 2018 11:07:06
# 27.6292,  5.410421,  0.744, 0.1363, 0.5383,  33.7809, 24 Oct 2018 11:11:06
# 27.7776,  5.498852,  0.816, 0.1202, 0.4726,  34.2941, 24 Oct 2018 11:15:06
# 27.8887,  5.535532,  0.820, 0.1243, 0.4086,  34.4701, 24 Oct 2018 11:19:06
# 27.9209,  5.537243,  0.772, 0.1302, 0.3965,  34.4585, 24 Oct 2018 11:23:06
# 27.9909,  5.559825,  0.757, 0.1279, 0.3812,  34.5653, 24 Oct 2018 11:27:06
# 28.0190,  5.553115,  0.741, 0.1265, 0.3902,  34.4978, 24 Oct 2018 11:31:06
# 28.0458,  5.544420,  0.790, 0.1337, 0.4169,  34.4174, 24 Oct 2018 11:35:06
# 28.0697,  5.539353,  0.794, 0.1166, 0.4923,  34.3645, 24 Oct 2018 11:39:06
# 28.0882,  5.533887,  0.803, 0.1266, 0.4609,  34.3130, 24 Oct 2018 11:43:06
# 28.1206,  5.520130,  0.835, 0.1328, 0.5090,  34.1934, 24 Oct 2018 11:47:06
# 28.1532,  5.530611,  0.797, 0.1267, 0.5367,  34.2429, 24 Oct 2018 11:51:06
# 28.1713,  5.533408,  0.866, 0.1190, 0.4710,  34.2492, 24 Oct 2018 11:55:06
# 28.1932,  5.543892,  0.824, 0.1189, 0.6061,  34.3064, 24 Oct 2018 11:59:06
# 28.2274,  5.546399,  0.850, 0.1329, 0.5259,  34.2990, 24 Oct 2018 12:03:06
# 28.2558,  5.555226,  0.896, 0.1329, 0.7087,  34.3398, 24 Oct 2018 12:07:06
# 28.2971,  5.559850,  0.863, 0.1288, 0.5743,  34.3420, 24 Oct 2018 12:11:06
# 28.3284,  5.564824,  0.834, 0.1254, 0.4992,  34.3539, 24 Oct 2018 12:15:06
# 28.3427,  5.560374,  0.863, 0.1218, 0.6024,  34.3126, 24 Oct 2018 12:19:06
# 28.3374,  5.539926,  0.824, 0.1255, 0.5861,  34.1744, 24 Oct 2018 12:23:06
# 28.3526,  5.534191,  0.862, 0.1289, 0.6271,  34.1236, 24 Oct 2018 12:27:06
# 28.3481,  5.520249,  0.889, 0.1313, 0.5172,  34.0301, 24 Oct 2018 12:31:06
# 28.3471,  5.523983,  0.904, 0.1203, 0.6120,  34.0568, 24 Oct 2018 12:35:06
# 28.3817,  5.518916,  0.886, 0.1265, 0.6506,  33.9967, 24 Oct 2018 12:39:06
# 28.4178,  5.516553,  0.922, 0.1279, 0.5862,  33.9545, 24 Oct 2018 12:43:06
# 28.4479,  5.518561,  0.874, 0.1265, 0.5827,  33.9468, 24 Oct 2018 12:47:06
# 28.4662,  5.511427,  0.831, 0.1183, 0.5814,  33.8844, 24 Oct 2018 12:51:06
# 28.4848,  5.533433,  0.954, 0.1254, 0.6906,  34.0233, 24 Oct 2018 12:55:06
# 28.5186,  5.522301,  0.857, 0.1242, 0.6493,  33.9221, 24 Oct 2018 12:59:06
# 28.5662,  5.514880,  0.917, 0.1314, 0.7960,  33.8369, 24 Oct 2018 13:03:06
# 28.6061,  5.509271,  0.940, 0.1254, 0.7552,  33.7698, 24 Oct 2018 13:07:06
# 28.6527,  5.505286,  0.892, 0.1361, 0.7950,  33.7093, 24 Oct 2018 13:11:06
# 28.6777,  5.513878,  0.949, 0.1536, 1.5442,  33.7507, 24 Oct 2018 13:15:06
# 28.7406,  5.524769,  1.071, 0.1289, 1.0439,  33.7811, 24 Oct 2018 13:19:06
# 28.7900,  5.560714,  1.009, 0.1276, 0.9133,  33.9932, 24 Oct 2018 13:23:06
# 28.8243,  5.566932,  0.934, 0.1400, 1.0367,  34.0116, 24 Oct 2018 13:27:06
# 28.8437,  5.581388,  0.996, 0.1424, 1.0787,  34.0971, 24 Oct 2018 13:31:06
# 28.8578,  5.593429,  0.995, 0.1254, 0.9367,  34.1698, 24 Oct 2018 13:35:06
# 28.8561,  5.604125,  1.010, 0.1350, 0.9045,  34.2446, 24 Oct 2018 13:39:06
# 28.8461,  5.616986,  1.034, 0.1228, 0.8514,  34.3403, 24 Oct 2018 13:43:06
# 28.8680,  5.606852,  0.946, 0.1329, 0.9226,  34.2548, 24 Oct 2018 13:47:06
# 28.9010,  5.607286,  0.981, 0.1312, 1.0076,  34.2341, 24 Oct 2018 13:51:06
# 28.8970,  5.601203,  1.075, 0.1485, 1.2032,  34.1951, 24 Oct 2018 13:55:06
# 28.8817,  5.598415,  1.098, 0.1362, 1.3922,  34.1869, 24 Oct 2018 13:59:06
