# 29.0428,  5.69986,   1.013, 0.0876, 0.9416,  34.7679, 25 Sep 2018 14:00:12
# 29.0182,  5.69710,   1.062, 0.0829, 0.9488,  34.7668, 25 Sep 2018 14:04:12
# 28.9793,  5.69323,   1.131, 0.0974, 1.0656,  34.7685, 25 Sep 2018 14:08:12
# 28.9759,  5.69175,   1.004, 0.0948, 1.0597,  34.7609, 25 Sep 2018 14:12:12
# 28.9982,  5.69472,   1.016, 0.1469, 3.0243,  34.7650, 25 Sep 2018 14:16:12
# 28.9842,  5.69340,   1.122, 0.1034, 1.9529,  34.7661, 25 Sep 2018 14:20:12
# 28.9592,  5.69093,   1.111, 0.0935, 1.0706,  34.7674, 25 Sep 2018 14:24:12
# 28.8849,  5.68422,   1.049, 0.0949, 1.2955,  34.7753, 25 Sep 2018 14:28:12
# 28.7634,  5.67077,   1.067, 0.0862, 0.9141,  34.7712, 25 Sep 2018 14:32:12
# 28.5910,  5.65375,   1.124, 0.0935, 0.9829,  34.7795, 25 Sep 2018 14:36:12
# 28.6024,  5.65324,   1.179, 0.0899, 0.7258,  34.7676, 25 Sep 2018 14:40:12
# 28.4901,  5.64107,   1.019, 0.1022, 1.2274,  34.7655, 25 Sep 2018 14:44:12
# 28.4380,  5.63563,   1.049, 0.0935, 0.8902,  34.7659, 25 Sep 2018 14:48:12
# 28.4825,  5.63948,   1.148, 0.0851, 1.2551,  34.7600, 25 Sep 2018 14:52:12
# 28.5580,  5.64775,   1.149, 0.0876, 1.3842,  34.7621, 25 Sep 2018 14:56:12
# 28.5573,  5.64770,   1.133, 0.0888, 1.9016,  34.7622, 25 Sep 2018 15:00:12
# 28.5761,  5.64872,   1.143, 0.0928, 1.0475,  34.7556, 25 Sep 2018 15:04:12
# 28.6018,  5.65297,   1.099, 0.0888, 1.0765,  34.7661, 25 Sep 2018 15:08:12
# 28.6602,  5.65803,   1.061, 0.0935, 1.2226,  34.7585, 25 Sep 2018 15:12:12
# 28.6989,  5.66306,   1.282, 0.1032, 1.1065,  34.7649, 25 Sep 2018 15:16:12
# 28.5233,  5.64418,   1.126, 0.0912, 0.9815,  34.7627, 25 Sep 2018 15:20:12
# 28.5394,  5.64470,   1.216, 0.1205, 1.6169,  34.7545, 25 Sep 2018 15:24:12
# 28.5959,  5.65205,   1.045, 0.1083, 1.6701,  34.7642, 25 Sep 2018 15:28:12
# 28.5901,  5.65107,   1.171, 0.0983, 1.1656,  34.7616, 25 Sep 2018 15:32:12
# 28.5007,  5.64175,   1.139, 0.1423, 1.5077,  34.7624, 25 Sep 2018 15:36:12
# 28.4963,  5.64114,   1.116, 0.0927, 1.1877,  34.7614, 25 Sep 2018 15:40:12
# 28.4727,  5.63882,   1.125, 0.1202, 2.6148,  34.7626, 25 Sep 2018 15:44:12
# 28.4995,  5.64167,   1.112, 0.0962, 1.1578,  34.7628, 25 Sep 2018 15:48:12
# 28.5157,  5.64340,   1.125, 0.1266, 1.4899,  34.7629, 25 Sep 2018 15:52:12
# 28.5836,  5.64999,   1.241, 0.1012, 1.2538,  34.7588, 25 Sep 2018 15:56:12
# 28.5793,  5.65036,   1.136, 0.0913, 1.1542,  34.7646, 25 Sep 2018 16:00:12
# 28.6075,  5.65299,   1.129, 0.0927, 1.0196,  34.7621, 25 Sep 2018 16:04:12
# 28.6288,  5.65549,   1.145, 0.1116, 1.5008,  34.7639, 25 Sep 2018 16:08:12
# 28.7189,  5.66488,   1.145, 0.0973, 1.1542,  34.7629, 25 Sep 2018 16:12:12
# 28.7605,  5.66946,   1.071, 0.1020, 1.4141,  34.7642, 25 Sep 2018 16:16:12
# 28.7104,  5.66415,   1.139, 0.1157, 2.0005,  34.7641, 25 Sep 2018 16:20:12
# 28.6543,  5.65825,   1.113, 0.0998, 1.3519,  34.7643, 25 Sep 2018 16:24:12
# 28.6202,  5.65469,   1.090, 0.0962, 1.2994,  34.7646, 25 Sep 2018 16:28:12
# 28.5630,  5.64872,   1.052, 0.0960, 1.0729,  34.7652, 25 Sep 2018 16:32:12
# 28.5192,  5.64332,   1.074, 0.0948, 1.2432,  34.7598, 25 Sep 2018 16:36:12
# 28.5226,  5.64238,   1.148, 0.0914, 0.8985,  34.7508, 25 Sep 2018 16:40:12
# 28.5463,  5.64396,   1.031, 0.1022, 1.2869,  34.7444, 25 Sep 2018 16:44:12
# 28.5527,  5.64424,   1.043, 0.1047, 1.1632,  34.7416, 25 Sep 2018 16:48:12
# 28.5966,  5.64797,   1.022, 0.1069, 1.3038,  34.7353, 25 Sep 2018 16:52:12
# 28.5841,  5.64638,   1.041, 0.0999, 1.9510,  34.7335, 25 Sep 2018 16:56:12
# 28.6014,  5.64782,   1.079, 0.0962, 0.9742,  34.7308, 25 Sep 2018 17:00:12
# 28.6330,  5.65061,   1.067, 0.0974, 1.0929,  34.7270, 25 Sep 2018 17:04:12
# 28.6754,  5.65430,   1.140, 0.0997, 1.1402,  34.7216, 25 Sep 2018 17:08:12
# 28.6658,  5.65391,   1.005, 0.1058, 1.4166,  34.7259, 25 Sep 2018 17:12:12
# 28.6653,  5.65346,   1.126, 0.1035, 1.2527,  34.7231, 25 Sep 2018 17:16:12
# 28.6400,  5.65150,   1.088, 0.1023, 1.3544,  34.7280, 25 Sep 2018 17:20:12
# 28.6713,  5.65458,   1.033, 0.0949, 0.9656,  34.7265, 25 Sep 2018 17:24:12
# 28.6714,  5.65449,   0.990, 0.0935, 0.9131,  34.7258, 25 Sep 2018 17:28:12
# 28.6594,  5.65324,   0.943, 0.0912, 0.8366,  34.7259, 25 Sep 2018 17:32:12
# 28.6547,  5.65286,   1.042, 0.0933, 0.8650,  34.7267, 25 Sep 2018 17:36:12
# 28.6205,  5.64993,   1.010, 0.0926, 0.8721,  34.7315, 25 Sep 2018 17:40:12
# 28.5885,  5.64654,   0.986, 0.0928, 0.8495,  34.7314, 25 Sep 2018 17:44:12
# 28.5939,  5.64652,   0.992, 0.0900, 0.8129,  34.7273, 25 Sep 2018 17:48:12
# 28.6062,  5.64758,   0.943, 0.0926, 0.8743,  34.7257, 25 Sep 2018 17:52:12
# 28.5934,  5.64635,   0.944, 0.1071, 2.6272,  34.7265, 25 Sep 2018 17:56:12
# 28.5663,  5.64379,   0.978, 0.0901, 0.7465,  34.7286, 25 Sep 2018 18:00:12
# 28.5999,  5.64641,   0.938, 0.0960, 0.9913,  34.7222, 25 Sep 2018 18:04:12
# 28.5855,  5.64542,   0.873, 0.0913, 0.9828,  34.7258, 25 Sep 2018 18:08:12
# 28.6053,  5.64728,   0.969, 0.0928, 0.8423,  34.7243, 25 Sep 2018 18:12:12
# 28.6294,  5.64928,   0.936, 0.0912, 0.8808,  34.7205, 25 Sep 2018 18:16:12
# 28.6173,  5.64862,   0.978, 0.0903, 0.7911,  34.7247, 25 Sep 2018 18:20:12
# 28.6000,  5.64644,   0.931, 0.0927, 0.8842,  34.7222, 25 Sep 2018 18:24:12
# 28.5640,  5.64256,   0.901, 0.0887, 0.7353,  34.7217, 25 Sep 2018 18:28:12
# 28.5399,  5.63787,   0.930, 0.1227, 1.5198,  34.7069, 25 Sep 2018 18:32:12
# 28.5302,  5.63589,   0.936, 0.0887, 0.9509,  34.7002, 25 Sep 2018 18:36:12
# 28.4520,  5.62854,   0.959, 0.0887, 0.6989,  34.7064, 25 Sep 2018 18:40:12
# 28.4022,  5.62459,   0.920, 0.0862, 0.6898,  34.7155, 25 Sep 2018 18:44:12
# 28.3670,  5.62164,   0.839, 0.0900, 0.6836,  34.7208, 25 Sep 2018 18:48:12
# 28.3245,  5.61797,   0.810, 0.0877, 0.6046,  34.7265, 25 Sep 2018 18:52:12
# 28.2935,  5.61367,   0.858, 0.0900, 0.6333,  34.7192, 25 Sep 2018 18:56:12
# 28.2321,  5.60722,   0.792, 0.0877, 0.6665,  34.7194, 25 Sep 2018 19:00:12
# 28.1999,  5.60241,   0.876, 0.0883, 0.6945,  34.7095, 25 Sep 2018 19:04:12
# 28.1537,  5.59635,   0.855, 0.0863, 0.5402,  34.7011, 25 Sep 2018 19:08:12
# 28.1119,  5.59246,   0.814, 0.0888, 0.6081,  34.7047, 25 Sep 2018 19:12:12
# 28.0912,  5.59062,   0.832, 0.0862, 0.5474,  34.7070, 25 Sep 2018 19:16:12
# 28.0683,  5.58818,   0.833, 0.0876, 0.5028,  34.7068, 25 Sep 2018 19:20:12
# 28.0550,  5.58612,   0.835, 0.0887, 0.5963,  34.7022, 25 Sep 2018 19:24:12
# 28.0412,  5.58473,   0.850, 0.0877, 0.5546,  34.7027, 25 Sep 2018 19:28:12
# 28.0104,  5.58299,   0.771, 0.0852, 0.4582,  34.7132, 25 Sep 2018 19:32:12
# 27.9974,  5.58110,   0.805, 0.0886, 0.4691,  34.7096, 25 Sep 2018 19:36:12
# 27.9649,  5.57851,   0.731, 0.0897, 0.6036,  34.7154, 25 Sep 2018 19:40:12
# 27.9444,  5.57680,   0.788, 0.0863, 0.4833,  34.7185, 25 Sep 2018 19:44:12
# 27.9346,  5.57519,   0.767, 0.0851, 0.4364,  34.7144, 25 Sep 2018 19:48:12
# 27.9172,  5.57388,   0.753, 0.0889, 0.5718,  34.7181, 25 Sep 2018 19:52:12
# 27.9004,  5.57203,   0.749, 0.0851, 0.4547,  34.7175, 25 Sep 2018 19:56:12
# 27.8866,  5.57036,   0.732, 0.0915, 0.4726,  34.7159, 25 Sep 2018 20:00:12
# 27.8789,  5.56847,   0.763, 0.0878, 0.4097,  34.7084, 25 Sep 2018 20:04:12
# 27.8706,  5.56718,   0.723, 0.0877, 0.4353,  34.7054, 25 Sep 2018 20:08:12
# 27.8371,  5.56397,   0.731, 0.0876, 0.4330,  34.7077, 25 Sep 2018 20:12:12
# 27.8032,  5.56072,   0.752, 0.0851, 0.4097,  34.7099, 25 Sep 2018 20:16:12
# 27.7752,  5.55591,   0.708, 0.0864, 0.5149,  34.6967, 25 Sep 2018 20:20:12
# 27.7572,  5.55282,   0.777, 0.0850, 0.4399,  34.6883, 25 Sep 2018 20:24:12
# 27.7382,  5.54977,   0.704, 0.0865, 0.3610,  34.6809, 25 Sep 2018 20:28:12
# 27.7291,  5.54680,   0.686, 0.0852, 0.3823,  34.6667, 25 Sep 2018 20:32:12
# 27.7113,  5.54606,   0.720, 0.0838, 0.3659,  34.6747, 25 Sep 2018 20:36:12
# 27.7010,  5.54582,   0.682, 0.0864, 0.3269,  34.6806, 25 Sep 2018 20:40:12
# 27.6950,  5.54545,   0.768, 0.0877, 0.3291,  34.6824, 25 Sep 2018 20:44:12
# 27.6986,  5.54452,   0.706, 0.0838, 0.3465,  34.6732, 25 Sep 2018 20:48:12
# 27.6964,  5.54451,   0.681, 0.0887, 0.3737,  34.6748, 25 Sep 2018 20:52:12
# 27.6835,  5.54538,   0.654, 0.0862, 0.3307,  34.6904, 25 Sep 2018 20:56:12
# 27.6770,  5.54538,   0.666, 0.0849, 0.2957,  34.6952, 25 Sep 2018 21:00:12
# 27.6721,  5.54521,   0.688, 0.0838, 0.2920,  34.6977, 25 Sep 2018 21:04:12
# 27.6686,  5.54511,   0.688, 0.0828, 0.3378,  34.6996, 25 Sep 2018 21:08:12
# 27.6627,  5.54501,   0.688, 0.0836, 0.3066,  34.7032, 25 Sep 2018 21:12:12
# 27.6627,  5.54460,   0.665, 0.0853, 0.3342,  34.7003, 25 Sep 2018 21:16:12
# 27.6591,  5.54421,   0.664, 0.0838, 0.3281,  34.7002, 25 Sep 2018 21:20:12
# 27.6418,  5.54331,   0.644, 0.0851, 0.2875,  34.7067, 25 Sep 2018 21:24:12
# 27.6421,  5.54287,   0.677, 0.0838, 0.2871,  34.7034, 25 Sep 2018 21:28:12
# 27.6369,  5.54247,   0.669, 0.0828, 0.3675,  34.7044, 25 Sep 2018 21:32:12
# 27.6271,  5.54182,   0.648, 0.0840, 0.2775,  34.7071, 25 Sep 2018 21:36:12
# 27.6180,  5.54134,   0.632, 0.0836, 0.3651,  34.7105, 25 Sep 2018 21:40:12
# 27.5981,  5.54047,   0.640, 0.0838, 0.2930,  34.7190, 25 Sep 2018 21:44:12
# 27.5992,  5.54006,   0.634, 0.0816, 0.2834,  34.7154, 25 Sep 2018 21:48:12
# 27.5901,  5.53928,   0.616, 0.0864, 0.2933,  34.7165, 25 Sep 2018 21:52:12
# 27.5835,  5.53878,   0.609, 0.0829, 0.3051,  34.7180, 25 Sep 2018 21:56:12
# 27.5691,  5.53812,   0.631, 0.0865, 0.2921,  34.7240, 25 Sep 2018 22:00:12
# 27.5527,  5.53695,   0.646, 0.0865, 0.3306,  34.7278, 25 Sep 2018 22:04:12
# 27.5435,  5.53637,   0.690, 0.0817, 0.2774,  34.7306, 25 Sep 2018 22:08:12
# 27.5385,  5.53541,   0.659, 0.0887, 0.2812,  34.7276, 25 Sep 2018 22:12:12
# 27.5221,  5.53473,   0.624, 0.0829, 0.2946,  34.7349, 25 Sep 2018 22:16:12
# 27.5066,  5.53390,   0.643, 0.0841, 0.3052,  34.7405, 25 Sep 2018 22:20:12
# 27.4967,  5.53280,   0.639, 0.0837, 0.3120,  34.7401, 25 Sep 2018 22:24:12
# 27.4945,  5.53223,   0.654, 0.0851, 0.2717,  34.7377, 25 Sep 2018 22:28:12
# 27.4739,  5.53126,   0.600, 0.0829, 0.2945,  34.7462, 25 Sep 2018 22:32:12
# 27.4509,  5.52905,   0.654, 0.0838, 0.3169,  34.7476, 25 Sep 2018 22:36:12
# 27.4346,  5.52791,   0.701, 0.0817, 0.2813,  34.7516, 25 Sep 2018 22:40:12
# 27.4289,  5.52718,   0.640, 0.0816, 0.2825,  34.7507, 25 Sep 2018 22:44:12
# 27.4015,  5.52514,   0.645, 0.0818, 0.2911,  34.7567, 25 Sep 2018 22:48:12
# 27.3747,  5.52299,   0.575, 0.0817, 0.3030,  34.7615, 25 Sep 2018 22:52:12
# 27.3555,  5.52143,   0.633, 0.0818, 0.2826,  34.7647, 25 Sep 2018 22:56:12
# 27.3424,  5.51987,   0.610, 0.0782, 0.2666,  34.7633, 25 Sep 2018 23:00:12
# 27.3355,  5.51908,   0.639, 0.0795, 0.2596,  34.7628, 25 Sep 2018 23:04:12
# 27.3430,  5.51954,   0.628, 0.0803, 0.2871,  34.7605, 25 Sep 2018 23:08:12
# 27.3357,  5.51898,   0.667, 0.0796, 0.2765,  34.7620, 25 Sep 2018 23:12:12
# 27.3241,  5.51775,   0.646, 0.0826, 0.2776,  34.7619, 25 Sep 2018 23:16:12
# 27.3134,  5.51665,   0.673, 0.0805, 0.2464,  34.7621, 25 Sep 2018 23:20:12
# 27.3097,  5.51621,   0.643, 0.0782, 0.3146,  34.7618, 25 Sep 2018 23:24:12
# 27.3045,  5.51574,   0.653, 0.0795, 0.2777,  34.7623, 25 Sep 2018 23:28:12
# 27.3010,  5.51535,   0.650, 0.0784, 0.2825,  34.7621, 25 Sep 2018 23:32:12
# 27.2999,  5.51515,   0.700, 0.0817, 0.3196,  34.7615, 25 Sep 2018 23:36:12
# 27.2924,  5.51454,   0.651, 0.0797, 0.2633,  34.7627, 25 Sep 2018 23:40:12
# 27.2910,  5.51423,   0.658, 0.0781, 0.2980,  34.7616, 25 Sep 2018 23:44:12
# 27.2871,  5.51383,   0.725, 0.0805, 0.3015,  34.7616, 25 Sep 2018 23:48:12
# 27.2837,  5.51347,   0.678, 0.0817, 0.3066,  34.7616, 25 Sep 2018 23:52:12
# 27.2784,  5.51292,   0.712, 0.0783, 0.3066,  34.7617, 25 Sep 2018 23:56:12
# 27.2731,  5.51240,   0.700, 0.0781, 0.3006,  34.7619, 26 Sep 2018 00:00:12
# 27.2687,  5.51188,   0.717, 0.0816, 0.3342,  34.7616, 26 Sep 2018 00:04:12
# 27.2651,  5.51147,   0.753, 0.0783, 0.3071,  34.7612, 26 Sep 2018 00:08:12
# 27.2602,  5.51097,   0.727, 0.0782, 0.3317,  34.7614, 26 Sep 2018 00:12:12
# 27.2590,  5.51080,   0.806, 0.0803, 0.3005,  34.7611, 26 Sep 2018 00:16:12
# 27.2567,  5.51048,   0.789, 0.0794, 0.3675,  34.7606, 26 Sep 2018 00:20:12
# 27.2533,  5.51013,   0.717, 0.0801, 0.3637,  34.7605, 26 Sep 2018 00:24:12
# 27.2480,  5.50957,   0.796, 0.0803, 0.4450,  34.7605, 26 Sep 2018 00:28:12
# 27.2473,  5.50943,   0.799, 0.0805, 0.3688,  34.7601, 26 Sep 2018 00:32:12
# 27.2419,  5.50884,   0.757, 0.0819, 0.3503,  34.7599, 26 Sep 2018 00:36:12
# 27.2377,  5.50838,   0.762, 0.0816, 0.3698,  34.7598, 26 Sep 2018 00:40:12
# 27.2337,  5.50804,   0.812, 0.0817, 0.4342,  34.7603, 26 Sep 2018 00:44:12
# 27.2337,  5.50792,   0.832, 0.0836, 0.4209,  34.7594, 26 Sep 2018 00:48:12
# 27.2260,  5.50711,   0.812, 0.0816, 0.4062,  34.7595, 26 Sep 2018 00:52:12
# 27.2211,  5.50659,   0.789, 0.0838, 0.4654,  34.7594, 26 Sep 2018 00:56:12
# 27.2145,  5.50588,   0.835, 0.0816, 0.4257,  34.7593, 26 Sep 2018 01:00:12
# 27.2084,  5.50526,   0.939, 0.0816, 0.4027,  34.7594, 26 Sep 2018 01:04:12
# 27.2077,  5.50510,   0.846, 0.0803, 0.4424,  34.7588, 26 Sep 2018 01:08:12
# 27.2044,  5.50477,   0.867, 0.0839, 0.4594,  34.7589, 26 Sep 2018 01:12:12
# 27.2041,  5.50472,   0.940, 0.0825, 0.4786,  34.7588, 26 Sep 2018 01:16:12
# 27.2041,  5.50467,   0.890, 0.0828, 0.5370,  34.7584, 26 Sep 2018 01:20:12
# 27.2030,  5.50443,   0.884, 0.0877, 0.6131,  34.7575, 26 Sep 2018 01:24:12
# 27.2000,  5.50420,   0.951, 0.0826, 0.6284,  34.7581, 26 Sep 2018 01:28:12
# 27.1999,  5.50418,   0.910, 0.0839, 0.6566,  34.7581, 26 Sep 2018 01:32:12
# 27.1963,  5.50384,   0.944, 0.0817, 0.4440,  34.7583, 26 Sep 2018 01:36:12
# 27.1953,  5.50364,   0.955, 0.0828, 0.4392,  34.7576, 26 Sep 2018 01:40:12
# 27.1937,  5.50351,   0.957, 0.0829, 0.5499,  34.7580, 26 Sep 2018 01:44:12
# 27.1924,  5.50335,   0.947, 0.0829, 0.5114,  34.7578, 26 Sep 2018 01:48:12
# 27.1903,  5.50321,   0.947, 0.0817, 0.4571,  34.7583, 26 Sep 2018 01:52:12
# 27.1913,  5.50324,   0.943, 0.0851, 0.7368,  34.7578, 26 Sep 2018 01:56:12
# 27.1907,  5.50319,   0.963, 0.0901, 0.7052,  34.7579, 26 Sep 2018 02:00:12
# 27.1885,  5.50301,   1.070, 0.0851, 0.7588,  34.7582, 26 Sep 2018 02:04:12
# 27.1893,  5.50316,   0.950, 0.0876, 0.7196,  34.7587, 26 Sep 2018 02:08:12
# 27.1893,  5.50319,   1.023, 0.0914, 0.6749,  34.7589, 26 Sep 2018 02:12:12
# 27.1906,  5.50340,   0.954, 0.0838, 0.6494,  34.7594, 26 Sep 2018 02:16:12
# 27.1897,  5.50325,   1.019, 0.0922, 0.9166,  34.7590, 26 Sep 2018 02:20:12
# 27.1882,  5.50315,   1.048, 0.0916, 0.7936,  34.7594, 26 Sep 2018 02:24:12
# 27.1887,  5.50318,   1.070, 0.0863, 0.7308,  34.7593, 26 Sep 2018 02:28:12
# 27.1901,  5.50332,   1.153, 0.0828, 0.6360,  34.7592, 26 Sep 2018 02:32:12
# 27.1918,  5.50350,   0.970, 0.0864, 0.7590,  34.7592, 26 Sep 2018 02:36:12
# 27.1921,  5.50355,   1.038, 0.0876, 0.7828,  34.7594, 26 Sep 2018 02:40:12
# 27.1967,  5.50409,   1.021, 0.0864, 0.7407,  34.7598, 26 Sep 2018 02:44:12
# 27.2017,  5.50438,   1.150, 0.0852, 0.7589,  34.7580, 26 Sep 2018 02:48:12
# 27.2051,  5.50487,   1.099, 0.0938, 0.9633,  34.7590, 26 Sep 2018 02:52:12
# 27.2072,  5.50500,   1.113, 0.0888, 0.8515,  34.7584, 26 Sep 2018 02:56:12
# 27.2097,  5.50517,   1.040, 0.0875, 0.7973,  34.7578, 26 Sep 2018 03:00:12
# 27.2116,  5.50541,   1.019, 0.1009, 1.1915,  34.7580, 26 Sep 2018 03:04:12
# 27.2125,  5.50540,   1.182, 0.1022, 1.3317,  34.7572, 26 Sep 2018 03:08:12
# 27.2137,  5.50550,   1.110, 0.0902, 0.8528,  34.7571, 26 Sep 2018 03:12:12
# 27.2159,  5.50559,   1.031, 0.0963, 1.1295,  34.7561, 26 Sep 2018 03:16:12
# 27.2173,  5.50574,   1.244, 0.0974, 1.1791,  34.7561, 26 Sep 2018 03:20:12
# 27.2180,  5.50571,   1.108, 0.1020, 1.4765,  34.7554, 26 Sep 2018 03:24:12
# 27.2187,  5.50570,   1.157, 0.1048, 1.4627,  34.7548, 26 Sep 2018 03:28:12
# 27.2186,  5.50551,   1.210, 0.0973, 1.0730,  34.7535, 26 Sep 2018 03:32:12
# 27.2182,  5.50552,   1.158, 0.0900, 1.0845,  34.7539, 26 Sep 2018 03:36:12
# 27.2170,  5.50543,   1.049, 0.0875, 0.8238,  34.7541, 26 Sep 2018 03:40:12
# 27.2191,  5.50547,   1.159, 0.1010, 1.3063,  34.7529, 26 Sep 2018 03:44:12
# 27.2187,  5.50538,   1.089, 0.1036, 1.4615,  34.7525, 26 Sep 2018 03:48:12
# 27.2159,  5.50515,   1.138, 0.0923, 1.0755,  34.7529, 26 Sep 2018 03:52:12
# 27.2154,  5.50501,   1.106, 0.0875, 1.0147,  34.7524, 26 Sep 2018 03:56:12
# 27.2113,  5.50450,   1.204, 0.0916, 1.1160,  34.7517, 26 Sep 2018 04:00:12
# 27.2100,  5.50405,   1.189, 0.0924, 1.1113,  34.7496, 26 Sep 2018 04:04:12
# 27.2120,  5.50415,   1.187, 0.1169, 1.7813,  34.7488, 26 Sep 2018 04:08:12
# 27.2172,  5.50493,   1.042, 0.0902, 1.0316,  34.7505, 26 Sep 2018 04:12:12
# 27.2175,  5.50475,   1.089, 0.1037, 1.3746,  34.7490, 26 Sep 2018 04:16:12
# 27.2208,  5.50481,   1.102, 0.0889, 0.9969,  34.7469, 26 Sep 2018 04:20:12
# 27.2212,  5.50449,   1.193, 0.0916, 1.1028,  34.7443, 26 Sep 2018 04:24:12
# 27.2208,  5.50385,   1.046, 0.0924, 1.1829,  34.7401, 26 Sep 2018 04:28:12
# 27.2150,  5.50272,   1.112, 0.0935, 1.2236,  34.7364, 26 Sep 2018 04:32:12
# 27.2199,  5.50251,   1.137, 0.1020, 1.4506,  34.7313, 26 Sep 2018 04:36:12
# 27.2238,  5.50385,   1.128, 0.0914, 1.1633,  34.7378, 26 Sep 2018 04:40:12
# 27.2247,  5.50363,   1.154, 0.0949, 1.1038,  34.7356, 26 Sep 2018 04:44:12
# 27.2225,  5.50251,   0.955, 0.1067, 1.6628,  34.7293, 26 Sep 2018 04:48:12
# 27.2247,  5.50241,   1.035, 0.0901, 0.9815,  34.7270, 26 Sep 2018 04:52:12
# 27.2296,  5.50339,   1.037, 0.1001, 1.2453,  34.7303, 26 Sep 2018 04:56:12
# 27.2343,  5.50429,   1.109, 0.0936, 1.2020,  34.7331, 26 Sep 2018 05:00:12
# 27.2351,  5.50366,   1.108, 0.0922, 1.2918,  34.7280, 26 Sep 2018 05:04:12
# 27.2338,  5.50301,   1.019, 0.0914, 0.9886,  34.7245, 26 Sep 2018 05:08:12
# 27.2345,  5.50266,   1.064, 0.1020, 1.5187,  34.7214, 26 Sep 2018 05:12:12
# 27.2378,  5.50337,   1.021, 0.1001, 1.3541,  34.7240, 26 Sep 2018 05:16:12
# 27.2387,  5.50451,   1.030, 0.0914, 0.9548,  34.7314, 26 Sep 2018 05:20:12
# 27.2423,  5.50557,   1.098, 0.0888, 0.8961,  34.7363, 26 Sep 2018 05:24:12
# 27.2427,  5.50574,   1.047, 0.0925, 1.0955,  34.7371, 26 Sep 2018 05:28:12
# 27.2410,  5.50604,   0.951, 0.0950, 1.1064,  34.7406, 26 Sep 2018 05:32:12
# 27.2400,  5.50596,   1.037, 0.0915, 1.0693,  34.7408, 26 Sep 2018 05:36:12
# 27.2398,  5.50638,   1.015, 0.0901, 1.0500,  34.7440, 26 Sep 2018 05:40:12
# 27.2375,  5.50639,   0.967, 0.0914, 1.0109,  34.7457, 26 Sep 2018 05:44:12
# 27.2361,  5.50618,   1.059, 0.0926, 1.1788,  34.7452, 26 Sep 2018 05:48:12
# 27.2321,  5.50562,   0.968, 0.0914, 0.9464,  34.7443, 26 Sep 2018 05:52:12
# 27.2177,  5.50350,   0.960, 0.0925, 1.0185,  34.7400, 26 Sep 2018 05:56:12
# 27.1826,  5.49793,   1.032, 0.0950, 1.0573,  34.7265, 26 Sep 2018 06:00:12
# 27.1496,  5.49276,   0.958, 0.0922, 0.9776,  34.7144, 26 Sep 2018 06:04:12
# 27.1327,  5.49028,   0.952, 0.0924, 0.9168,  34.7094, 26 Sep 2018 06:08:12
# 27.1124,  5.48707,   1.087, 0.0937, 0.9623,  34.7016, 26 Sep 2018 06:12:12
# 27.1014,  5.48529,   1.059, 0.0935, 0.9191,  34.6971, 26 Sep 2018 06:16:12
# 27.0961,  5.48446,   0.949, 0.0900, 0.9826,  34.6952, 26 Sep 2018 06:20:12
# 27.0961,  5.48509,   0.989, 0.0916, 0.8938,  34.6997, 26 Sep 2018 06:24:12
# 27.0791,  5.48151,   0.956, 0.0900, 0.8447,  34.6868, 26 Sep 2018 06:28:12
# 27.0679,  5.47965,   0.933, 0.0916, 0.9282,  34.6819, 26 Sep 2018 06:32:12
# 27.0649,  5.48069,   0.967, 0.0950, 0.9263,  34.6915, 26 Sep 2018 06:36:12
# 27.0643,  5.48120,   1.014, 0.0916, 0.9622,  34.6956, 26 Sep 2018 06:40:12
# 27.0663,  5.48152,   0.910, 0.0901, 0.8305,  34.6964, 26 Sep 2018 06:44:12
# 27.0665,  5.48155,   0.889, 0.0914, 0.8168,  34.6965, 26 Sep 2018 06:48:12
# 27.0694,  5.48238,   0.980, 0.0925, 0.8402,  34.7003, 26 Sep 2018 06:52:12
# 27.0717,  5.48386,   0.943, 0.0888, 0.8782,  34.7091, 26 Sep 2018 06:56:12
# 27.0760,  5.48522,   0.859, 0.0901, 0.7599,  34.7157, 26 Sep 2018 07:00:12
# 27.0835,  5.48714,   0.845, 0.0923, 0.7294,  34.7237, 26 Sep 2018 07:04:12
# 27.0909,  5.48821,   0.818, 0.0876, 0.7281,  34.7258, 26 Sep 2018 07:08:12
# 27.0966,  5.48871,   0.837, 0.0876, 0.6358,  34.7251, 26 Sep 2018 07:12:12
# 27.1032,  5.48770,   0.803, 0.0851, 0.6176,  34.7130, 26 Sep 2018 07:16:12
# 27.1162,  5.48809,   0.843, 0.0864, 0.6297,  34.7061, 26 Sep 2018 07:20:12
# 27.1284,  5.48763,   0.830, 0.0889, 0.5731,  34.6936, 26 Sep 2018 07:24:12
# 27.1454,  5.48742,   0.901, 0.0838, 0.6371,  34.6795, 26 Sep 2018 07:28:12
# 27.1621,  5.48752,   0.831, 0.0838, 0.5915,  34.6678, 26 Sep 2018 07:32:12
# 27.1873,  5.49196,   0.863, 0.0951, 0.5963,  34.6806, 26 Sep 2018 07:36:12
# 27.2123,  5.49624,   0.790, 0.0864, 0.5535,  34.6924, 26 Sep 2018 07:40:12
# 27.2353,  5.50092,   0.817, 0.0851, 0.7015,  34.7086, 26 Sep 2018 07:44:12
# 27.2563,  5.50476,   0.811, 0.0828, 0.5189,  34.7202, 26 Sep 2018 07:48:12
# 27.2766,  5.50727,   0.797, 0.0816, 0.4597,  34.7229, 26 Sep 2018 07:52:12
# 27.2941,  5.50843,   0.746, 0.0805, 0.4231,  34.7181, 26 Sep 2018 07:56:12
# 27.3104,  5.50848,   0.795, 0.0817, 0.4363,  34.7063, 26 Sep 2018 08:00:12
# 27.3292,  5.50877,   0.815, 0.0816, 0.4512,  34.6944, 26 Sep 2018 08:04:12
# 27.3494,  5.50849,   0.741, 0.0862, 0.4572,  34.6774, 26 Sep 2018 08:08:12
# 27.3599,  5.50632,   0.781, 0.0758, 0.3698,  34.6542, 26 Sep 2018 08:12:12
# 27.3786,  5.50678,   0.757, 0.0817, 0.6082,  34.6436, 26 Sep 2018 08:16:12
# 27.3912,  5.50926,   0.746, 0.0780, 0.4001,  34.6518, 26 Sep 2018 08:20:12
# 27.4129,  5.51356,   0.755, 0.0782, 0.3761,  34.6662, 26 Sep 2018 08:24:12
# 27.4415,  5.51783,   0.770, 0.0806, 0.4699,  34.6751, 26 Sep 2018 08:28:12
# 27.4655,  5.52262,   0.807, 0.0852, 0.3526,  34.6913, 26 Sep 2018 08:32:12
# 27.4929,  5.52663,   0.720, 0.0781, 0.3866,  34.6994, 26 Sep 2018 08:36:12
# 27.5250,  5.52975,   0.795, 0.0804, 0.3600,  34.6975, 26 Sep 2018 08:40:12
# 27.5465,  5.53298,   0.746, 0.0771, 0.3368,  34.7044, 26 Sep 2018 08:44:12
# 27.5764,  5.53603,   0.709, 0.0782, 0.3429,  34.7037, 26 Sep 2018 08:48:12
# 27.6141,  5.53967,   0.747, 0.0780, 0.3652,  34.7015, 26 Sep 2018 08:52:12
# 27.6441,  5.54293,   0.780, 0.0783, 0.3306,  34.7023, 26 Sep 2018 08:56:12
# 27.6720,  5.54535,   0.781, 0.0772, 0.3208,  34.6987, 26 Sep 2018 09:00:12
# 27.6819,  5.54684,   0.720, 0.0757, 0.3208,  34.7018, 26 Sep 2018 09:04:12
# 27.7002,  5.54869,   0.678, 0.0696, 0.2860,  34.7014, 26 Sep 2018 09:08:12
# 27.7183,  5.54943,   0.705, 0.0746, 0.3513,  34.6932, 26 Sep 2018 09:12:12
# 27.7393,  5.55216,   0.711, 0.0771, 0.3017,  34.6969, 26 Sep 2018 09:16:12
# 27.7617,  5.55343,   0.664, 0.0829, 0.3220,  34.6893, 26 Sep 2018 09:20:12
# 27.8103,  5.55764,   0.704, 0.0758, 0.2800,  34.6830, 26 Sep 2018 09:24:12
# 27.8371,  5.55930,   0.689, 0.0723, 0.3097,  34.6749, 26 Sep 2018 09:28:12
# 27.8590,  5.56132,   0.682, 0.0757, 0.2849,  34.6729, 26 Sep 2018 09:32:12
# 27.8872,  5.56384,   0.734, 0.0770, 0.2632,  34.6697, 26 Sep 2018 09:36:12
# 27.9305,  5.56726,   0.684, 0.0686, 0.2682,  34.6619, 26 Sep 2018 09:40:12
# 27.9630,  5.57031,   0.765, 0.0781, 0.2827,  34.6593, 26 Sep 2018 09:44:12
# 27.9848,  5.57197,   0.729, 0.0772, 0.3183,  34.6549, 26 Sep 2018 09:48:12
# 27.9998,  5.57473,   0.710, 0.0783, 0.3063,  34.6632, 26 Sep 2018 09:52:12
# 28.0160,  5.57748,   0.648, 0.0708, 0.2186,  34.6706, 26 Sep 2018 09:56:12
# 28.0531,  5.58172,   0.716, 0.0804, 0.2525,  34.6729, 26 Sep 2018 10:00:12
# 28.0986,  5.58608,   0.692, 0.0801, 0.2847,  34.6699, 26 Sep 2018 10:04:12
# 28.1463,  5.59186,   0.700, 0.0709, 0.2512,  34.6753, 26 Sep 2018 10:08:12
# 28.2063,  5.59842,   0.700, 0.0755, 0.2260,  34.6770, 26 Sep 2018 10:12:12
# 28.2676,  5.60448,   0.695, 0.0758, 0.2618,  34.6742, 26 Sep 2018 10:16:12
# 28.3141,  5.60956,   0.722, 0.0735, 0.2910,  34.6756, 26 Sep 2018 10:20:12
# 28.3450,  5.61424,   0.682, 0.0723, 0.2729,  34.6855, 26 Sep 2018 10:24:12
# 28.3674,  5.61919,   0.686, 0.0782, 0.2775,  34.7035, 26 Sep 2018 10:28:12
# 28.3612,  5.62054,   0.730, 0.0771, 0.2416,  34.7174, 26 Sep 2018 10:32:12
# 28.3735,  5.62178,   0.705, 0.0877, 0.3075,  34.7170, 26 Sep 2018 10:36:12
# 28.4185,  5.62660,   0.710, 0.0850, 0.2129,  34.7175, 26 Sep 2018 10:40:12
# 28.4730,  5.63095,   0.698, 0.0623, 0.1907,  34.7078, 26 Sep 2018 10:44:12
# 28.4861,  5.63646,   0.713, 0.0684, 0.2286,  34.7365, 26 Sep 2018 10:48:12
# 28.5100,  5.63968,   0.766, 0.0721, 0.2571,  34.7413, 26 Sep 2018 10:52:12
# 28.5271,  5.64185,   0.716, 0.0756, 0.2507,  34.7439, 26 Sep 2018 10:56:12
# 28.5265,  5.64120,   0.689, 0.0735, 0.2454,  34.7398, 26 Sep 2018 11:00:12
# 28.4666,  5.63425,   0.711, 0.0771, 0.2460,  34.7355, 26 Sep 2018 11:04:12
# 28.4643,  5.63329,   0.666, 0.0768, 0.2307,  34.7305, 26 Sep 2018 11:08:12
# 28.5085,  5.63571,   0.674, 0.0745, 0.2453,  34.7149, 26 Sep 2018 11:12:12
# 28.5311,  5.63925,   0.700, 0.0802, 0.2827,  34.7229, 26 Sep 2018 11:16:12
# 28.5517,  5.64201,   0.685, 0.0756, 0.2511,  34.7270, 26 Sep 2018 11:20:12
# 28.5667,  5.64347,   0.687, 0.0697, 0.2693,  34.7261, 26 Sep 2018 11:24:12
# 28.5143,  5.63928,   0.702, 0.0782, 0.2355,  34.7354, 26 Sep 2018 11:28:12
# 28.5057,  5.63715,   0.741, 0.0733, 0.2343,  34.7269, 26 Sep 2018 11:32:12
# 28.5373,  5.63846,   0.743, 0.0721, 0.2330,  34.7129, 26 Sep 2018 11:36:12
# 28.4810,  5.63264,   0.707, 0.0736, 0.2572,  34.7137, 26 Sep 2018 11:40:12
# 28.4466,  5.62876,   0.725, 0.0735, 0.2825,  34.7119, 26 Sep 2018 11:44:12
# 28.3842,  5.61884,   0.751, 0.0771, 0.2523,  34.6887, 26 Sep 2018 11:48:12
# 28.3490,  5.60934,   0.730, 0.0794, 0.2885,  34.6485, 26 Sep 2018 11:52:12
# 28.3348,  5.60531,   0.735, 0.0722, 0.2498,  34.6307, 26 Sep 2018 11:56:12
# 28.3184,  5.60297,   0.727, 0.0770, 0.2619,  34.6266, 26 Sep 2018 12:00:12
# 28.3169,  5.60177,   0.753, 0.0721, 0.3030,  34.6193, 26 Sep 2018 12:04:12
# 28.3247,  5.60292,   0.725, 0.0756, 0.2750,  34.6216, 26 Sep 2018 12:08:12
# 28.3695,  5.60717,   0.763, 0.0758, 0.2921,  34.6184, 26 Sep 2018 12:12:12
# 28.3805,  5.60795,   0.715, 0.0782, 0.2956,  34.6157, 26 Sep 2018 12:16:12
# 28.3911,  5.60851,   0.813, 0.0756, 0.3039,  34.6118, 26 Sep 2018 12:20:12
# 28.4009,  5.60858,   0.759, 0.0758, 0.2992,  34.6052, 26 Sep 2018 12:24:12
# 28.4095,  5.60766,   0.834, 0.0794, 0.3467,  34.5925, 26 Sep 2018 12:28:12
# 28.3909,  5.60279,   0.766, 0.0816, 0.3256,  34.5722, 26 Sep 2018 12:32:12
# 28.3594,  5.59770,   0.805, 0.0803, 0.3834,  34.5598, 26 Sep 2018 12:36:12
# 28.2967,  5.57856,   0.800, 0.0877, 0.5368,  34.4725, 26 Sep 2018 12:40:12
# 28.3296,  5.57958,   0.822, 0.0802, 0.3575,  34.4556, 26 Sep 2018 12:44:12
# 28.3161,  5.57566,   0.793, 0.0816, 0.3589,  34.4382, 26 Sep 2018 12:48:12
# 28.2994,  5.57242,   0.829, 0.0756, 0.3231,  34.4278, 26 Sep 2018 12:52:12
# 28.3349,  5.57546,   0.817, 0.0745, 0.3368,  34.4230, 26 Sep 2018 12:56:12
# 28.3575,  5.58047,   0.829, 0.0803, 0.3417,  34.4415, 26 Sep 2018 13:00:12
# 28.4421,  5.58514,   0.849, 0.0796, 0.3687,  34.4124, 26 Sep 2018 13:04:12
# 28.5160,  5.59132,   0.864, 0.0781, 0.3892,  34.4016, 26 Sep 2018 13:08:12
# 28.5946,  5.59755,   0.830, 0.0793, 0.5077,  34.3878, 26 Sep 2018 13:12:12
# 28.6724,  5.60357,   0.867, 0.0831, 0.4508,  34.3732, 26 Sep 2018 13:16:12
# 28.6799,  5.60662,   0.905, 0.0771, 0.4884,  34.3888, 26 Sep 2018 13:20:12
# 28.7572,  5.61113,   0.885, 0.0815, 0.5618,  34.3640, 26 Sep 2018 13:24:12
# 28.7361,  5.61329,   0.868, 0.0829, 0.6725,  34.3942, 26 Sep 2018 13:28:12
# 28.7357,  5.61362,   0.935, 0.0815, 0.6750,  34.3968, 26 Sep 2018 13:32:12
# 28.6948,  5.61347,   0.939, 0.0802, 0.5633,  34.4253, 26 Sep 2018 13:36:12
# 28.7039,  5.61492,   0.976, 0.0831, 0.5668,  34.4287, 26 Sep 2018 13:40:12
# 28.7153,  5.61620,   0.911, 0.0842, 0.7356,  34.4293, 26 Sep 2018 13:44:12
# 28.7391,  5.61805,   0.942, 0.0878, 0.7014,  34.4249, 26 Sep 2018 13:48:12
# 28.7946,  5.62195,   0.887, 0.0900, 0.7877,  34.4117, 26 Sep 2018 13:52:12
# 28.8832,  5.62782,   0.893, 0.0915, 0.9356,  34.3881, 26 Sep 2018 13:56:12
