# 28.0691,  5.478672,  0.770, 0.1230, 0.6431,  33.9416, 28 Oct 2018 14:03:06
# 28.0482,  5.475902,  0.730, 0.1243, 0.6120,  33.9374, 28 Oct 2018 14:07:06
# 28.0539,  5.469590,  0.745, 0.1241, 0.5695,  33.8893, 28 Oct 2018 14:11:06
# 28.0321,  5.474061,  0.708, 0.1254, 0.5213,  33.9361, 28 Oct 2018 14:15:06
# 28.0183,  5.480729,  0.707, 0.1265, 0.5695,  33.9926, 28 Oct 2018 14:19:06
# 28.0188,  5.484583,  0.728, 0.1180, 0.5332,  34.0191, 28 Oct 2018 14:23:06
# 28.0262,  5.488606,  0.725, 0.1228, 0.5311,  34.0419, 28 Oct 2018 14:27:06
# 28.0324,  5.488775,  0.776, 0.1242, 0.6025,  34.0385, 28 Oct 2018 14:31:06
# 28.0242,  5.490549,  0.765, 0.1315, 0.5595,  34.0568, 28 Oct 2018 14:35:06
# 28.0438,  5.481750,  0.779, 0.1263, 0.5717,  33.9814, 28 Oct 2018 14:39:06
# 28.0561,  5.472090,  0.768, 0.1301, 0.5559,  33.9051, 28 Oct 2018 14:43:06
# 28.0613,  5.462406,  0.743, 0.1241, 0.5704,  33.8339, 28 Oct 2018 14:47:06
# 28.0839,  5.447914,  0.746, 0.1281, 0.6035,  33.7168, 28 Oct 2018 14:51:06
# 28.0922,  5.447937,  0.748, 0.1254, 0.6396,  33.7110, 28 Oct 2018 14:55:06
# 28.0990,  5.431886,  0.760, 0.1375, 0.6542,  33.5945, 28 Oct 2018 14:59:06
# 28.1212,  5.420888,  0.786, 0.1315, 0.6834,  33.5023, 28 Oct 2018 15:03:06
# 28.1154,  5.422584,  0.768, 0.1302, 0.7001,  33.5182, 28 Oct 2018 15:07:06
# 28.1123,  5.407459,  0.749, 0.1287, 0.7185,  33.4153, 28 Oct 2018 15:11:06
# 28.0707,  5.418048,  0.745, 0.1254, 0.6796,  33.5184, 28 Oct 2018 15:15:06
# 28.0245,  5.423174,  0.773, 0.1241, 0.7170,  33.5869, 28 Oct 2018 15:19:06
# 28.0036,  5.427714,  0.809, 0.1301, 0.6591,  33.6335, 28 Oct 2018 15:23:06
# 28.0205,  5.403767,  0.811, 0.1301, 0.7223,  33.4547, 28 Oct 2018 15:27:06
# 28.0166,  5.390302,  0.793, 0.1336, 0.7322,  33.3638, 28 Oct 2018 15:31:06
# 28.0258,  5.366731,  0.780, 0.1302, 0.7272,  33.1933, 28 Oct 2018 15:35:06
# 28.0257,  5.375961,  0.842, 0.1350, 0.7514,  33.2575, 28 Oct 2018 15:39:06
# 28.0120,  5.376159,  0.829, 0.1302, 0.7282,  33.2686, 28 Oct 2018 15:43:06
# 28.0128,  5.374050,  0.796, 0.1362, 0.7601,  33.2534, 28 Oct 2018 15:47:06
# 28.0264,  5.362031,  0.861, 0.1329, 0.9046,  33.1602, 28 Oct 2018 15:51:06
# 28.0399,  5.349483,  0.785, 0.1337, 0.9463,  33.0636, 28 Oct 2018 15:55:06
# 28.0202,  5.374515,  0.799, 0.1312, 0.7730,  33.2514, 28 Oct 2018 15:59:06
# 27.9685,  5.407621,  0.846, 0.1279, 0.6555,  33.5184, 28 Oct 2018 16:03:06
# 27.9132,  5.418333,  0.757, 0.1278, 0.6566,  33.6325, 28 Oct 2018 16:07:06
# 27.8645,  5.413959,  0.810, 0.1328, 0.7911,  33.6368, 28 Oct 2018 16:11:06
# 27.7751,  5.422124,  0.840, 0.1276, 0.6908,  33.7580, 28 Oct 2018 16:15:06
# 27.7623,  5.419260,  0.793, 0.1229, 0.6417,  33.7471, 28 Oct 2018 16:19:06
# 27.7177,  5.422240,  0.808, 0.1232, 0.6299,  33.8001, 28 Oct 2018 16:23:06
# 27.6799,  5.427811,  0.812, 0.1241, 0.6688,  33.8664, 28 Oct 2018 16:27:06
# 27.6319,  5.425283,  0.845, 0.1231, 0.6542,  33.8833, 28 Oct 2018 16:31:06
# 27.6147,  5.421891,  0.913, 0.1277, 0.7102,  33.8719, 28 Oct 2018 16:35:06
# 27.6125,  5.425673,  0.812, 0.1243, 0.6542,  33.9001, 28 Oct 2018 16:39:06
# 27.6022,  5.428012,  0.845, 0.1252, 0.6703,  33.9240, 28 Oct 2018 16:43:06
# 27.6000,  5.434128,  0.765, 0.1253, 0.5961,  33.9685, 28 Oct 2018 16:47:06
# 27.5785,  5.435053,  0.815, 0.1242, 0.6190,  33.9907, 28 Oct 2018 16:51:06
# 27.5612,  5.436071,  0.856, 0.1263, 0.9250,  34.0104, 28 Oct 2018 16:55:06
# 27.5609,  5.435926,  0.861, 0.1181, 0.5792,  34.0096, 28 Oct 2018 16:59:06
# 27.5509,  5.434335,  0.812, 0.1167, 0.6260,  34.0057, 28 Oct 2018 17:03:06
# 27.5677,  5.423870,  0.873, 0.1203, 0.6760,  33.9198, 28 Oct 2018 17:07:06
# 27.5264,  5.419631,  0.863, 0.1204, 0.7293,  33.9199, 28 Oct 2018 17:11:06
# 27.5406,  5.410468,  0.865, 0.1202, 0.7077,  33.8452, 28 Oct 2018 17:15:06
# 27.5477,  5.395997,  0.837, 0.1215, 0.8288,  33.7382, 28 Oct 2018 17:19:06
# 27.5594,  5.386310,  0.900, 0.1240, 0.8402,  33.6617, 28 Oct 2018 17:23:06
# 27.5288,  5.386219,  0.838, 0.1215, 0.8266,  33.6831, 28 Oct 2018 17:27:06
# 27.4850,  5.391828,  0.925, 0.1177, 0.7249,  33.7541, 28 Oct 2018 17:31:06
# 27.4785,  5.382648,  0.902, 0.1143, 0.7562,  33.6941, 28 Oct 2018 17:35:06
# 27.4770,  5.372994,  0.879, 0.1189, 0.8997,  33.6273, 28 Oct 2018 17:39:06
# 27.4464,  5.366163,  0.868, 0.1204, 0.8461,  33.6012, 28 Oct 2018 17:43:06
# 27.3573,  5.375356,  0.877, 0.1166, 0.7137,  33.7302, 28 Oct 2018 17:47:06
# 27.3056,  5.383169,  0.891, 0.1167, 0.6976,  33.8227, 28 Oct 2018 17:51:06
# 27.2655,  5.388304,  0.924, 0.1181, 0.9145,  33.8881, 28 Oct 2018 17:55:06
# 27.2305,  5.391025,  0.856, 0.1154, 0.7662,  33.9328, 28 Oct 2018 17:59:06
# 27.1658,  5.396758,  0.868, 0.1118, 0.7087,  34.0206, 28 Oct 2018 18:03:06
# 27.1256,  5.399069,  0.886, 0.1106, 0.5998,  34.0663, 28 Oct 2018 18:07:06
# 27.1083,  5.394388,  0.834, 0.1156, 0.7185,  34.0458, 28 Oct 2018 18:11:06
# 27.0785,  5.390845,  0.853, 0.1106, 0.6246,  34.0424, 28 Oct 2018 18:15:06
# 27.0431,  5.389710,  0.860, 0.1135, 0.6738,  34.0603, 28 Oct 2018 18:19:06
# 27.0048,  5.382435,  0.853, 0.1106, 0.6058,  34.0366, 28 Oct 2018 18:23:06
# 26.9555,  5.388568,  0.821, 0.1046, 0.6069,  34.1164, 28 Oct 2018 18:27:06
# 26.9156,  5.399889,  0.876, 0.1085, 0.6176,  34.2264, 28 Oct 2018 18:31:06
# 26.8981,  5.409838,  0.851, 0.1068, 0.5867,  34.3104, 28 Oct 2018 18:35:06
# 26.8865,  5.411686,  0.876, 0.1072, 0.6012,  34.3321, 28 Oct 2018 18:39:06
# 26.8850,  5.413273,  0.850, 0.1094, 0.6397,  34.3445, 28 Oct 2018 18:43:06
# 26.8851,  5.416717,  0.816, 0.1067, 0.4956,  34.3691, 28 Oct 2018 18:47:06
# 26.8885,  5.413525,  0.883, 0.1083, 0.5702,  34.3437, 28 Oct 2018 18:51:06
# 26.8968,  5.413945,  0.799, 0.1070, 0.5742,  34.3406, 28 Oct 2018 18:55:06
# 26.9195,  5.419619,  0.895, 0.1071, 0.5572,  34.3642, 28 Oct 2018 18:59:06
# 26.9452,  5.423919,  0.871, 0.1066, 0.6495,  34.3759, 28 Oct 2018 19:03:06
# 26.9561,  5.423323,  0.823, 0.1067, 0.5238,  34.3636, 28 Oct 2018 19:07:06
# 26.9586,  5.425035,  0.811, 0.1047, 0.5113,  34.3739, 28 Oct 2018 19:11:06
# 26.9636,  5.429383,  0.832, 0.1057, 0.5595,  34.4012, 28 Oct 2018 19:15:06
# 26.9542,  5.421658,  0.900, 0.1085, 0.5718,  34.3531, 28 Oct 2018 19:19:06
# 26.9454,  5.418343,  0.756, 0.1083, 0.5473,  34.3360, 28 Oct 2018 19:23:06
# 26.9516,  5.425340,  0.797, 0.1037, 0.5114,  34.3813, 28 Oct 2018 19:27:06
# 26.9526,  5.429376,  0.811, 0.1048, 0.5235,  34.4093, 28 Oct 2018 19:31:06
# 26.9407,  5.425172,  0.755, 0.1048, 0.5521,  34.3882, 28 Oct 2018 19:35:06
# 26.9394,  5.424408,  0.859, 0.1048, 0.5423,  34.3837, 28 Oct 2018 19:39:06
# 26.9277,  5.423087,  0.866, 0.1047, 0.5521,  34.3829, 28 Oct 2018 19:43:06
# 26.9251,  5.428566,  0.759, 0.1036, 0.4943,  34.4240, 28 Oct 2018 19:47:06
# 26.9243,  5.427580,  0.808, 0.1057, 0.4546,  34.4175, 28 Oct 2018 19:51:06
# 26.9169,  5.429629,  0.836, 0.1057, 0.4785,  34.4376, 28 Oct 2018 19:55:06
# 26.9142,  5.427550,  0.725, 0.1035, 0.4714,  34.4248, 28 Oct 2018 19:59:06
# 26.9177,  5.430875,  0.809, 0.1046, 0.4798,  34.4459, 28 Oct 2018 20:03:06
# 26.9204,  5.429850,  0.816, 0.1048, 0.4475,  34.4366, 28 Oct 2018 20:07:06
# 26.9148,  5.428788,  0.773, 0.1020, 0.4675,  34.4332, 28 Oct 2018 20:11:06
# 26.9048,  5.423989,  0.779, 0.1047, 0.4920,  34.4063, 28 Oct 2018 20:15:06
# 26.8985,  5.422713,  0.771, 0.1070, 0.4699,  34.4020, 28 Oct 2018 20:19:06
# 26.8895,  5.421407,  0.754, 0.1048, 0.4968,  34.3993, 28 Oct 2018 20:23:06
# 26.8824,  5.423110,  0.729, 0.1118, 0.4621,  34.4167, 28 Oct 2018 20:27:06
# 26.8838,  5.426419,  0.761, 0.1048, 0.4183,  34.4393, 28 Oct 2018 20:31:06
# 26.8817,  5.428131,  0.747, 0.1037, 0.4594,  34.4531, 28 Oct 2018 20:35:06
# 26.8808,  5.427818,  0.735, 0.1009, 0.4412,  34.4515, 28 Oct 2018 20:39:06
# 26.8815,  5.427031,  0.749, 0.1048, 0.4038,  34.4454, 28 Oct 2018 20:43:06
# 26.8803,  5.427581,  0.764, 0.1036, 0.4391,  34.4502, 28 Oct 2018 20:47:06
# 26.8593,  5.426206,  0.738, 0.1048, 0.4377,  34.4559, 28 Oct 2018 20:51:06
# 26.8522,  5.425396,  0.743, 0.1008, 0.4257,  34.4555, 28 Oct 2018 20:55:06
# 26.8520,  5.426519,  0.723, 0.1037, 0.4073,  34.4637, 28 Oct 2018 20:59:06
# 26.8532,  5.426924,  0.741, 0.1010, 0.4123,  34.4657, 28 Oct 2018 21:03:06
# 26.8574,  5.427963,  0.724, 0.1021, 0.4013,  34.4700, 28 Oct 2018 21:07:06
# 26.8683,  5.429660,  0.747, 0.1035, 0.4217,  34.4740, 28 Oct 2018 21:11:06
# 26.8691,  5.430325,  0.745, 0.1059, 0.4440,  34.4781, 28 Oct 2018 21:15:06
# 26.8774,  5.432045,  0.736, 0.1038, 0.3810,  34.4843, 28 Oct 2018 21:19:06
# 26.8935,  5.434958,  0.733, 0.1036, 0.4111,  34.4931, 28 Oct 2018 21:23:06
# 26.8959,  5.435884,  0.724, 0.1008, 0.3515,  34.4979, 28 Oct 2018 21:27:06
# 26.9020,  5.437000,  0.711, 0.1008, 0.4097,  34.5014, 28 Oct 2018 21:31:06
# 26.8987,  5.437153,  0.723, 0.0999, 0.3577,  34.5049, 28 Oct 2018 21:35:06
# 26.8780,  5.434286,  0.729, 0.1019, 0.3662,  34.4998, 28 Oct 2018 21:39:06
# 26.8537,  5.431434,  0.714, 0.1022, 0.3785,  34.4975, 28 Oct 2018 21:43:06
# 26.7831,  5.420117,  0.672, 0.1022, 0.3965,  34.4692, 28 Oct 2018 21:47:06
# 26.6602,  5.399985,  0.683, 0.1048, 0.4269,  34.4164, 28 Oct 2018 21:51:06
# 26.5917,  5.387302,  0.670, 0.1047, 0.4231,  34.3764, 28 Oct 2018 21:55:06
# 26.5557,  5.382511,  0.665, 0.1057, 0.3988,  34.3687, 28 Oct 2018 21:59:06
# 26.5275,  5.378773,  0.677, 0.1048, 0.3877,  34.3628, 28 Oct 2018 22:03:06
# 26.4957,  5.374442,  0.675, 0.1060, 0.3629,  34.3554, 28 Oct 2018 22:07:06
# 26.4897,  5.374709,  0.677, 0.1038, 0.3639,  34.3618, 28 Oct 2018 22:11:06
# 26.4802,  5.375774,  0.699, 0.1022, 0.3748,  34.3766, 28 Oct 2018 22:15:06
# 26.4709,  5.377061,  0.699, 0.1009, 0.3439,  34.3927, 28 Oct 2018 22:19:06
# 26.4650,  5.379901,  0.698, 0.1019, 0.3455,  34.4176, 28 Oct 2018 22:23:06
# 26.4695,  5.381965,  0.697, 0.1037, 0.3638,  34.4290, 28 Oct 2018 22:27:06
# 26.4725,  5.384356,  0.656, 0.1036, 0.3232,  34.4440, 28 Oct 2018 22:31:06
# 26.4716,  5.385179,  0.621, 0.1048, 0.3185,  34.4506, 28 Oct 2018 22:35:06
# 26.4752,  5.385910,  0.690, 0.1049, 0.3354,  34.4532, 28 Oct 2018 22:39:06
# 26.4788,  5.385956,  0.645, 0.1045, 0.3688,  34.4509, 28 Oct 2018 22:43:06
# 26.4804,  5.383640,  0.648, 0.1057, 0.3799,  34.4330, 28 Oct 2018 22:47:06
# 26.4896,  5.381995,  0.627, 0.1046, 0.3577,  34.4143, 28 Oct 2018 22:51:06
# 26.4912,  5.383800,  0.674, 0.1008, 0.3402,  34.4261, 28 Oct 2018 22:55:06
# 26.4939,  5.386953,  0.621, 0.1037, 0.3111,  34.4467, 28 Oct 2018 22:59:06
# 26.4951,  5.389567,  0.651, 0.1022, 0.3295,  34.4646, 28 Oct 2018 23:03:06
# 26.4967,  5.390969,  0.664, 0.1008, 0.3344,  34.4735, 28 Oct 2018 23:07:06
# 26.4966,  5.391670,  0.671, 0.1009, 0.3146,  34.4787, 28 Oct 2018 23:11:06
# 26.4950,  5.392554,  0.658, 0.0996, 0.3097,  34.4862, 28 Oct 2018 23:15:06
# 26.4997,  5.393972,  0.642, 0.1020, 0.2884,  34.4929, 28 Oct 2018 23:19:06
# 26.5049,  5.395375,  0.640, 0.1021, 0.2994,  34.4991, 28 Oct 2018 23:23:06
# 26.5040,  5.395565,  0.654, 0.1058, 0.3316,  34.5012, 28 Oct 2018 23:27:06
# 26.4983,  5.394833,  0.691, 0.1010, 0.3243,  34.5002, 28 Oct 2018 23:31:06
# 26.4993,  5.395131,  0.650, 0.1022, 0.3733,  34.5016, 28 Oct 2018 23:35:06
# 26.4931,  5.394864,  0.654, 0.1009, 0.3144,  34.5043, 28 Oct 2018 23:39:06
# 26.4880,  5.394521,  0.641, 0.1021, 0.3161,  34.5056, 28 Oct 2018 23:43:06
# 26.4812,  5.393706,  0.648, 0.1035, 0.2959,  34.5048, 28 Oct 2018 23:47:06
# 26.4818,  5.394224,  0.665, 0.1021, 0.3040,  34.5081, 28 Oct 2018 23:51:06
# 26.4826,  5.394902,  0.650, 0.1022, 0.3268,  34.5124, 28 Oct 2018 23:55:06
# 26.4844,  5.393439,  0.701, 0.1036, 0.3200,  34.5005, 28 Oct 2018 23:59:06
# 26.4875,  5.391426,  0.607, 0.1057, 0.3207,  34.4837, 29 Oct 2018 00:03:06
# 26.4878,  5.394948,  0.624, 0.1036, 0.2918,  34.5088, 29 Oct 2018 00:07:06
# 26.4896,  5.393850,  0.646, 0.1020, 0.3342,  34.4996, 29 Oct 2018 00:11:06
# 26.4887,  5.394643,  0.663, 0.1022, 0.3206,  34.5059, 29 Oct 2018 00:15:06
# 26.4895,  5.393393,  0.659, 0.1008, 0.3111,  34.4964, 29 Oct 2018 00:19:06
# 26.4877,  5.392600,  0.618, 0.0997, 0.3086,  34.4920, 29 Oct 2018 00:23:06
# 26.4880,  5.393637,  0.697, 0.1022, 0.3393,  34.4992, 29 Oct 2018 00:27:06
# 26.4894,  5.393804,  0.656, 0.0995, 0.3066,  34.4994, 29 Oct 2018 00:31:06
# 26.4924,  5.394788,  0.697, 0.1010, 0.3066,  34.5042, 29 Oct 2018 00:35:06
# 26.4901,  5.394734,  0.629, 0.1020, 0.3028,  34.5056, 29 Oct 2018 00:39:06
# 26.4892,  5.394933,  0.645, 0.1009, 0.2911,  34.5077, 29 Oct 2018 00:43:06
# 26.4948,  5.396221,  0.697, 0.1022, 0.3159,  34.5127, 29 Oct 2018 00:47:06
# 26.4972,  5.397266,  0.624, 0.1009, 0.4233,  34.5185, 29 Oct 2018 00:51:06
# 26.5384,  5.402580,  0.677, 0.0996, 0.3040,  34.5259, 29 Oct 2018 00:55:06
# 26.5627,  5.406402,  0.660, 0.0999, 0.3244,  34.5352, 29 Oct 2018 00:59:06
# 26.5844,  5.409737,  0.693, 0.1009, 0.3171,  34.5429, 29 Oct 2018 01:03:06
# 26.5999,  5.412095,  0.683, 0.0985, 0.3415,  34.5483, 29 Oct 2018 01:07:06
# 26.6192,  5.413988,  0.647, 0.0964, 0.3159,  34.5475, 29 Oct 2018 01:11:06
# 26.6270,  5.415446,  0.683, 0.0970, 0.3256,  34.5521, 29 Oct 2018 01:15:06
# 26.6327,  5.416691,  0.680, 0.0998, 0.3246,  34.5567, 29 Oct 2018 01:19:06
# 26.6419,  5.417706,  0.673, 0.1006, 0.3217,  34.5572, 29 Oct 2018 01:23:06
# 26.6849,  5.422358,  0.679, 0.1048, 0.3951,  34.5584, 29 Oct 2018 01:27:06
# 26.7288,  5.426957,  0.679, 0.0988, 0.3369,  34.5586, 29 Oct 2018 01:31:06
# 26.6985,  5.424825,  0.712, 0.0986, 0.3539,  34.5659, 29 Oct 2018 01:35:06
# 26.7275,  5.427912,  0.724, 0.0986, 0.3577,  34.5664, 29 Oct 2018 01:39:06
# 26.7336,  5.428692,  0.742, 0.0990, 0.3552,  34.5674, 29 Oct 2018 01:43:06
# 26.7595,  5.431795,  0.747, 0.0996, 0.3902,  34.5703, 29 Oct 2018 01:47:06
# 26.7725,  5.433676,  0.670, 0.1007, 0.4786,  34.5741, 29 Oct 2018 01:51:06
# 26.7811,  5.434907,  0.764, 0.1023, 0.5669,  34.5765, 29 Oct 2018 01:55:06
# 26.7836,  5.435411,  0.715, 0.1239, 0.3977,  34.5782, 29 Oct 2018 01:59:06
# 26.7896,  5.436314,  0.749, 0.0997, 0.3901,  34.5802, 29 Oct 2018 02:03:06
# 26.7801,  5.435664,  0.716, 0.0973, 0.3917,  34.5826, 29 Oct 2018 02:07:06
# 26.7799,  5.435435,  0.841, 0.0971, 0.3796,  34.5811, 29 Oct 2018 02:11:06
# 26.7852,  5.436000,  0.802, 0.0998, 0.4268,  34.5812, 29 Oct 2018 02:15:06
# 26.7930,  5.437071,  0.741, 0.1007, 0.4121,  34.5831, 29 Oct 2018 02:19:06
# 26.7975,  5.437668,  0.730, 0.1009, 0.3745,  34.5840, 29 Oct 2018 02:23:06
# 26.8022,  5.438417,  0.743, 0.0996, 0.3853,  34.5859, 29 Oct 2018 02:27:06
# 26.8018,  5.438341,  0.755, 0.0998, 0.4015,  34.5856, 29 Oct 2018 02:31:06
# 26.8003,  5.438348,  0.748, 0.1020, 0.3902,  34.5868, 29 Oct 2018 02:35:06
# 26.8058,  5.438723,  0.757, 0.0999, 0.4195,  34.5854, 29 Oct 2018 02:39:06
# 26.8082,  5.438777,  0.766, 0.1022, 0.4607,  34.5839, 29 Oct 2018 02:43:06
# 26.8107,  5.438884,  0.780, 0.1009, 0.4943,  34.5828, 29 Oct 2018 02:47:06
# 26.8117,  5.437889,  0.844, 0.1036, 0.4956,  34.5749, 29 Oct 2018 02:51:06
# 26.8079,  5.437958,  0.898, 0.1035, 0.5486,  34.5782, 29 Oct 2018 02:55:06
# 26.8127,  5.440796,  0.738, 0.0997, 0.4726,  34.5950, 29 Oct 2018 02:59:06
# 26.8195,  5.441515,  0.808, 0.1022, 0.5175,  34.5951, 29 Oct 2018 03:03:06
# 26.8270,  5.442410,  0.794, 0.1060, 0.5620,  34.5959, 29 Oct 2018 03:07:06
# 26.8167,  5.441546,  0.909, 0.1022, 0.5646,  34.5973, 29 Oct 2018 03:11:06
# 26.8150,  5.441209,  0.903, 0.1038, 0.6262,  34.5962, 29 Oct 2018 03:15:06
# 26.8209,  5.441821,  0.826, 0.1057, 0.7308,  34.5962, 29 Oct 2018 03:19:06
# 26.8371,  5.443558,  0.913, 0.1038, 0.5888,  34.5965, 29 Oct 2018 03:23:06
# 26.8462,  5.444469,  0.837, 0.1035, 0.6810,  34.5963, 29 Oct 2018 03:27:06
# 26.8564,  5.445387,  0.919, 0.1059, 0.7394,  34.5952, 29 Oct 2018 03:31:06
# 26.8607,  5.445831,  0.857, 0.1022, 0.6319,  34.5951, 29 Oct 2018 03:35:06
# 26.8594,  5.445639,  0.900, 0.1068, 0.7223,  34.5947, 29 Oct 2018 03:39:06
# 26.8581,  5.445456,  0.964, 0.1070, 0.7026,  34.5944, 29 Oct 2018 03:43:06
# 26.8602,  5.445731,  0.958, 0.1072, 0.7598,  34.5948, 29 Oct 2018 03:47:06
# 26.8606,  5.445831,  0.915, 0.1082, 0.8420,  34.5952, 29 Oct 2018 03:51:06
# 26.8655,  5.446443,  0.935, 0.1068, 0.7814,  34.5959, 29 Oct 2018 03:55:06
# 26.8695,  5.447009,  0.979, 0.1058, 0.6664,  34.5970, 29 Oct 2018 03:59:06
# 26.8727,  5.447277,  0.909, 0.1058, 0.8659,  34.5965, 29 Oct 2018 04:03:06
# 26.8805,  5.448196,  1.004, 0.1093, 0.9631,  34.5973, 29 Oct 2018 04:07:06
# 26.8863,  5.449030,  0.950, 0.1154, 1.0330,  34.5989, 29 Oct 2018 04:11:06
# 26.8927,  5.449887,  0.993, 0.1069, 0.7851,  34.6003, 29 Oct 2018 04:15:06
# 26.8998,  5.450768,  1.029, 0.1093, 0.8495,  34.6013, 29 Oct 2018 04:19:06
# 26.9013,  5.450967,  0.980, 0.1069, 0.7851,  34.6016, 29 Oct 2018 04:23:06
# 26.9072,  5.451733,  1.035, 0.1290, 1.0858,  34.6026, 29 Oct 2018 04:27:06
# 26.9080,  5.451863,  1.036, 0.1095, 0.9668,  34.6029, 29 Oct 2018 04:31:06
# 26.9050,  5.451534,  1.034, 0.1120, 1.1100,  34.6028, 29 Oct 2018 04:35:06
# 26.9036,  5.451281,  1.013, 0.1144, 1.1527,  34.6021, 29 Oct 2018 04:39:06
# 26.9004,  5.450921,  0.948, 0.1108, 1.3127,  34.6019, 29 Oct 2018 04:43:06
# 26.8946,  5.450408,  1.054, 0.1154, 1.2747,  34.6026, 29 Oct 2018 04:47:06
# 26.8889,  5.449750,  1.082, 0.1135, 1.2142,  34.6021, 29 Oct 2018 04:51:06
# 26.8850,  5.448969,  1.079, 0.1412, 1.3505,  34.5994, 29 Oct 2018 04:55:06
# 26.8812,  5.448885,  1.183, 0.1180, 1.2853,  34.6016, 29 Oct 2018 04:59:06
# 26.8720,  5.447170,  1.096, 0.1425, 2.3568,  34.5962, 29 Oct 2018 05:03:06
# 26.8734,  5.447675,  1.123, 0.1205, 1.4704,  34.5988, 29 Oct 2018 05:07:06
# 26.8652,  5.446849,  1.121, 0.1170, 1.4506,  34.5990, 29 Oct 2018 05:11:06
# 26.8619,  5.446114,  1.043, 0.1218, 1.4779,  34.5962, 29 Oct 2018 05:15:06
# 26.8409,  5.443099,  1.065, 0.1253, 1.8977,  34.5903, 29 Oct 2018 05:19:06
# 26.8518,  5.444316,  1.132, 0.1363, 1.6883,  34.5909, 29 Oct 2018 05:23:06
# 26.8620,  5.445655,  1.048, 0.1289, 1.7389,  34.5929, 29 Oct 2018 05:27:06
# 26.8594,  5.445004,  1.053, 0.1375, 2.0919,  34.5901, 29 Oct 2018 05:31:06
# 26.8662,  5.445800,  1.123, 0.1154, 1.3409,  34.5908, 29 Oct 2018 05:35:06
# 26.8740,  5.446688,  1.159, 0.1232, 1.5135,  34.5913, 29 Oct 2018 05:39:06
# 26.8718,  5.446359,  1.214, 0.1252, 1.5089,  34.5906, 29 Oct 2018 05:43:06
# 26.8632,  5.444920,  1.154, 0.1252, 1.5577,  34.5867, 29 Oct 2018 05:47:06
# 26.8648,  5.444614,  1.248, 0.1231, 1.7707,  34.5833, 29 Oct 2018 05:51:06
# 26.8589,  5.443611,  1.088, 0.1289, 1.7121,  34.5805, 29 Oct 2018 05:55:06
# 26.8607,  5.443895,  1.080, 0.1203, 1.5932,  34.5812, 29 Oct 2018 05:59:06
# 26.8563,  5.442280,  1.175, 0.1232, 1.7269,  34.5730, 29 Oct 2018 06:03:06
# 26.8680,  5.444185,  1.221, 0.1178, 1.3386,  34.5778, 29 Oct 2018 06:07:06
# 26.8773,  5.445746,  1.227, 0.1231, 1.6675,  34.5821, 29 Oct 2018 06:11:06
# 26.8833,  5.446466,  1.279, 0.1337, 2.1115,  34.5827, 29 Oct 2018 06:15:06
# 26.8897,  5.447269,  1.234, 0.2109, 1.9726,  34.5837, 29 Oct 2018 06:19:06
# 26.8875,  5.446986,  1.197, 0.1263, 1.7061,  34.5834, 29 Oct 2018 06:23:06
# 26.8801,  5.445846,  1.135, 0.1232, 1.3603,  34.5807, 29 Oct 2018 06:27:06
# 26.8680,  5.443550,  1.106, 0.1289, 1.6555,  34.5733, 29 Oct 2018 06:31:06
# 26.8656,  5.443856,  1.210, 0.1252, 1.5452,  34.5773, 29 Oct 2018 06:35:06
# 26.8606,  5.443083,  1.132, 0.1206, 1.4528,  34.5755, 29 Oct 2018 06:39:06
# 26.8434,  5.440528,  1.173, 0.1364, 1.9688,  34.5701, 29 Oct 2018 06:43:06
# 26.8291,  5.438141,  1.238, 0.1509, 2.5814,  34.5637, 29 Oct 2018 06:47:06
# 26.8090,  5.435105,  1.304, 0.1435, 2.1836,  34.5569, 29 Oct 2018 06:51:06
# 26.7917,  5.432636,  1.171, 0.1363, 1.7388,  34.5521, 29 Oct 2018 06:55:06
# 26.8009,  5.433370,  1.204, 0.1302, 1.7084,  34.5506, 29 Oct 2018 06:59:06
# 26.7925,  5.431573,  1.204, 0.1650, 2.6258,  34.5439, 29 Oct 2018 07:03:06
# 26.7879,  5.431153,  1.144, 0.1364, 1.8434,  34.5444, 29 Oct 2018 07:07:06
# 26.7923,  5.431634,  1.204, 0.1482, 2.2491,  34.5445, 29 Oct 2018 07:11:06
# 26.7940,  5.431963,  1.201, 0.1673, 2.2576,  34.5456, 29 Oct 2018 07:15:06
# 26.7928,  5.431772,  1.232, 0.1365, 1.8553,  34.5451, 29 Oct 2018 07:19:06
# 26.7939,  5.431726,  1.153, 0.1447, 2.2055,  34.5440, 29 Oct 2018 07:23:06
# 26.8001,  5.433048,  1.157, 0.1977, 3.9287,  34.5489, 29 Oct 2018 07:27:06
# 26.7901,  5.432078,  1.301, 0.1350, 1.6678,  34.5493, 29 Oct 2018 07:31:06
# 26.7755,  5.430067,  1.109, 0.1325, 1.5850,  34.5459, 29 Oct 2018 07:35:06
# 26.7608,  5.428317,  1.176, 0.1302, 1.6300,  34.5443, 29 Oct 2018 07:39:06
# 26.7506,  5.426789,  1.158, 0.1484, 1.9374,  34.5410, 29 Oct 2018 07:43:06
# 26.7422,  5.426284,  1.095, 0.1326, 1.6909,  34.5436, 29 Oct 2018 07:47:06
# 26.7267,  5.424642,  1.188, 0.1388, 1.5650,  34.5434, 29 Oct 2018 07:51:06
# 26.7339,  5.425879,  1.159, 0.1337, 1.4578,  34.5469, 29 Oct 2018 07:55:06
# 26.7535,  5.428760,  1.128, 0.1530, 2.1225,  34.5530, 29 Oct 2018 07:59:06
# 26.7804,  5.432766,  1.125, 0.1400, 1.5651,  34.5615, 29 Oct 2018 08:03:06
# 26.7955,  5.434540,  1.199, 0.1433, 1.5601,  34.5629, 29 Oct 2018 08:07:06
# 26.8081,  5.435572,  1.223, 0.1401, 1.5348,  34.5609, 29 Oct 2018 08:11:06
# 26.8321,  5.438547,  1.137, 0.1337, 1.4515,  34.5643, 29 Oct 2018 08:15:06
# 26.8526,  5.441239,  1.086, 0.1389, 1.4836,  34.5683, 29 Oct 2018 08:19:06
# 26.8755,  5.444537,  1.158, 0.1327, 1.2895,  34.5748, 29 Oct 2018 08:23:06
# 26.8993,  5.448295,  1.184, 0.1289, 1.1765,  34.5839, 29 Oct 2018 08:27:06
# 26.9202,  5.451265,  1.189, 0.1326, 1.1332,  34.5895, 29 Oct 2018 08:31:06
# 26.9342,  5.453256,  1.096, 0.1302, 1.2683,  34.5933, 29 Oct 2018 08:35:06
# 26.9476,  5.454650,  1.092, 0.1289, 1.2189,  34.5933, 29 Oct 2018 08:39:06
# 26.9646,  5.456748,  1.056, 0.1363, 1.0920,  34.5956, 29 Oct 2018 08:43:06
# 26.9785,  5.457721,  1.215, 0.1412, 1.4874,  34.5921, 29 Oct 2018 08:47:06
# 26.9962,  5.459138,  1.192, 0.1365, 1.3078,  34.5891, 29 Oct 2018 08:51:06
# 27.0187,  5.460525,  1.165, 0.1302, 1.0942,  34.5822, 29 Oct 2018 08:55:06
# 27.0327,  5.461590,  1.199, 0.1421, 1.6360,  34.5794, 29 Oct 2018 08:59:06
# 27.0513,  5.463367,  1.111, 0.1289, 1.2784,  34.5782, 29 Oct 2018 09:03:06
# 27.0632,  5.463735,  1.082, 0.1315, 1.0882,  34.5721, 29 Oct 2018 09:07:06
# 27.0755,  5.464057,  1.035, 0.1241, 1.0111,  34.5652, 29 Oct 2018 09:11:06
# 27.0897,  5.465153,  1.104, 0.1315, 1.1788,  34.5624, 29 Oct 2018 09:15:06
# 27.0976,  5.463788,  1.097, 0.1302, 1.1250,  34.5468, 29 Oct 2018 09:19:06
# 27.1097,  5.464623,  1.157, 0.1328, 1.2016,  34.5438, 29 Oct 2018 09:23:06
# 27.1202,  5.466264,  1.088, 0.1315, 1.1443,  34.5477, 29 Oct 2018 09:27:06
# 27.1325,  5.467850,  1.133, 0.1205, 0.8733,  34.5498, 29 Oct 2018 09:31:06
# 27.1440,  5.469338,  1.077, 0.1288, 1.0778,  34.5519, 29 Oct 2018 09:35:06
# 27.1528,  5.470043,  1.096, 0.1242, 0.8731,  34.5504, 29 Oct 2018 09:39:06
# 27.1612,  5.471615,  1.142, 0.1290, 1.2417,  34.5553, 29 Oct 2018 09:43:06
# 27.1700,  5.473272,  1.069, 0.1279, 0.9496,  34.5606, 29 Oct 2018 09:47:06
# 27.1834,  5.474928,  1.120, 0.1531, 1.8640,  34.5624, 29 Oct 2018 09:51:06
# 27.2005,  5.476946,  1.065, 0.1232, 1.0317,  34.5641, 29 Oct 2018 09:55:06
# 27.2123,  5.476915,  1.057, 0.1241, 0.7096,  34.5551, 29 Oct 2018 09:59:06
# 27.2309,  5.477920,  1.061, 0.1414, 1.1451,  34.5484, 29 Oct 2018 10:03:06
# 27.2434,  5.477398,  1.196, 0.1203, 0.8313,  34.5354, 29 Oct 2018 10:07:06
# 27.2593,  5.477704,  1.030, 0.1292, 0.8672,  34.5258, 29 Oct 2018 10:11:06
# 27.2718,  5.477681,  0.952, 0.1266, 0.9523,  34.5165, 29 Oct 2018 10:15:06
# 27.2846,  5.478924,  1.029, 0.1204, 0.7613,  34.5158, 29 Oct 2018 10:19:06
# 27.2986,  5.480712,  1.070, 0.1251, 0.8946,  34.5181, 29 Oct 2018 10:23:06
# 27.3196,  5.484365,  0.986, 0.1264, 0.7587,  34.5285, 29 Oct 2018 10:27:06
# 27.3338,  5.487513,  0.989, 0.1217, 0.6859,  34.5402, 29 Oct 2018 10:31:06
# 27.3509,  5.490769,  1.057, 0.1231, 0.6036,  34.5507, 29 Oct 2018 10:35:06
# 27.3689,  5.492935,  0.949, 0.1180, 0.7002,  34.5527, 29 Oct 2018 10:39:06
# 27.3850,  5.494832,  1.050, 0.1251, 0.7394,  34.5542, 29 Oct 2018 10:43:06
# 27.4035,  5.496561,  1.022, 0.1266, 0.8804,  34.5528, 29 Oct 2018 10:47:06
# 27.4231,  5.498889,  1.032, 0.1240, 0.7137,  34.5547, 29 Oct 2018 10:51:06
# 27.4351,  5.498950,  1.029, 0.1166, 0.6775,  34.5463, 29 Oct 2018 10:55:06
# 27.4373,  5.497329,  0.946, 0.1155, 0.6119,  34.5332, 29 Oct 2018 10:59:06
# 27.4372,  5.493832,  1.023, 0.1180, 0.8410,  34.5085, 29 Oct 2018 11:03:06
# 27.4438,  5.493717,  1.016, 0.1289, 0.8289,  34.5028, 29 Oct 2018 11:07:06
# 27.4547,  5.496737,  0.982, 0.1193, 0.6166,  34.5162, 29 Oct 2018 11:11:06
# 27.4634,  5.499334,  0.944, 0.1190, 0.6590,  34.5281, 29 Oct 2018 11:15:06
# 27.4650,  5.500925,  0.988, 0.1253, 0.6011,  34.5382, 29 Oct 2018 11:19:06
# 27.4685,  5.502547,  0.984, 0.1302, 1.0018,  34.5471, 29 Oct 2018 11:23:06
# 27.4726,  5.503493,  0.991, 0.1182, 0.5766,  34.5507, 29 Oct 2018 11:27:06
# 27.4901,  5.505322,  0.952, 0.1218, 0.5718,  34.5507, 29 Oct 2018 11:31:06
# 27.5126,  5.507045,  0.979, 0.1252, 0.5743,  34.5463, 29 Oct 2018 11:35:06
# 27.5352,  5.509059,  0.905, 0.1219, 0.5985,  34.5438, 29 Oct 2018 11:39:06
# 27.5498,  5.511167,  0.945, 0.1215, 0.6082,  34.5479, 29 Oct 2018 11:43:06
# 27.5630,  5.513082,  0.908, 0.1204, 0.4931,  34.5517, 29 Oct 2018 11:47:06
# 27.5877,  5.516183,  1.065, 0.1300, 0.5004,  34.5553, 29 Oct 2018 11:51:06
# 27.6102,  5.518569,  0.883, 0.1168, 0.5412,  34.5556, 29 Oct 2018 11:55:06
# 27.6283,  5.520108,  0.903, 0.1216, 0.5162,  34.5531, 29 Oct 2018 11:59:06
# 27.6512,  5.522294,  0.858, 0.1193, 0.5827,  34.5516, 29 Oct 2018 12:03:06
# 27.6730,  5.523787,  0.830, 0.1135, 0.4292,  34.5461, 29 Oct 2018 12:07:06
# 27.6975,  5.525458,  0.862, 0.1095, 0.4331,  34.5398, 29 Oct 2018 12:11:06
# 27.7316,  5.527845,  0.880, 0.1166, 0.4621,  34.5315, 29 Oct 2018 12:15:06
# 27.7682,  5.531589,  0.878, 0.1170, 0.5053,  34.5309, 29 Oct 2018 12:19:06
# 27.8018,  5.534887,  0.934, 0.1181, 0.5792,  34.5293, 29 Oct 2018 12:23:06
# 27.8371,  5.539187,  0.879, 0.1118, 0.4784,  34.5336, 29 Oct 2018 12:27:06
# 27.8750,  5.544068,  0.906, 0.1154, 0.5222,  34.5400, 29 Oct 2018 12:31:06
# 27.9157,  5.548410,  0.875, 0.1133, 0.4388,  34.5405, 29 Oct 2018 12:35:06
# 27.9427,  5.551851,  0.822, 0.1154, 0.4365,  34.5448, 29 Oct 2018 12:39:06
# 27.9760,  5.555316,  0.837, 0.1182, 0.4392,  34.5447, 29 Oct 2018 12:43:06
# 27.9976,  5.557624,  0.786, 0.1133, 0.4379,  34.5450, 29 Oct 2018 12:47:06
# 27.9995,  5.558813,  0.846, 0.1142, 0.4279,  34.5519, 29 Oct 2018 12:51:06
# 28.0271,  5.561346,  0.806, 0.1192, 0.5065,  34.5494, 29 Oct 2018 12:55:06
# 28.0346,  5.562844,  0.834, 0.1163, 0.4307,  34.5544, 29 Oct 2018 12:59:06
# 28.0476,  5.564342,  0.848, 0.1109, 0.4038,  34.5553, 29 Oct 2018 13:03:06
# 28.0567,  5.565447,  0.802, 0.1131, 0.3797,  34.5564, 29 Oct 2018 13:07:06
# 28.0633,  5.566374,  0.790, 0.1131, 0.3775,  34.5580, 29 Oct 2018 13:11:06
# 28.0655,  5.566953,  0.804, 0.1182, 0.3927,  34.5605, 29 Oct 2018 13:15:06
# 28.0787,  5.568367,  0.772, 0.1181, 0.4125,  34.5607, 29 Oct 2018 13:19:06
# 28.0962,  5.570306,  0.764, 0.1157, 0.3988,  34.5614, 29 Oct 2018 13:23:06
# 28.1231,  5.573289,  0.799, 0.1131, 0.3688,  34.5625, 29 Oct 2018 13:27:06
# 28.1474,  5.576080,  0.816, 0.1144, 0.3574,  34.5642, 29 Oct 2018 13:31:06
# 28.1499,  5.576868,  0.798, 0.1144, 0.3836,  34.5679, 29 Oct 2018 13:35:06
# 28.1454,  5.576706,  0.781, 0.1131, 0.3892,  34.5700, 29 Oct 2018 13:39:06
# 28.1390,  5.576180,  0.763, 0.1190, 0.3405,  34.5711, 29 Oct 2018 13:43:06
# 28.1509,  5.577355,  0.813, 0.1183, 0.3512,  34.5706, 29 Oct 2018 13:47:06
# 28.1681,  5.579010,  0.770, 0.1202, 0.4450,  34.5695, 29 Oct 2018 13:51:06
# 28.1761,  5.580193,  0.760, 0.1154, 0.3964,  34.5719, 29 Oct 2018 13:55:06
# 28.1867,  5.581407,  0.782, 0.1157, 0.3475,  34.5727, 29 Oct 2018 13:59:06
