# 27.6439,  5.47960,   1.015, 0.1135, 2.5528,  34.2564, 18 Sep 2018 14:00:12
# 27.6735,  5.47930,   0.939, 0.1191, 2.4649,  34.2327, 18 Sep 2018 14:04:12
# 27.7073,  5.49553,   0.982, 0.1192, 2.1781,  34.3220, 18 Sep 2018 14:08:12
# 27.7419,  5.49916,   0.994, 0.1168, 2.4292,  34.3223, 18 Sep 2018 14:12:12
# 27.7767,  5.50120,   0.992, 0.1854, 3.9900,  34.3112, 18 Sep 2018 14:16:12
# 27.8183,  5.50147,   0.968, 0.1191, 2.4024,  34.2827, 18 Sep 2018 14:20:12
# 27.8701,  5.50828,   0.945, 0.1108, 2.2002,  34.2927, 18 Sep 2018 14:24:12
# 27.9329,  5.52723,   1.028, 0.1182, 2.0872,  34.3795, 18 Sep 2018 14:28:12
# 27.9892,  5.53847,   0.936, 0.1083, 1.9237,  34.4171, 18 Sep 2018 14:32:12
# 28.0262,  5.54558,   0.940, 0.1011, 1.5879,  34.4397, 18 Sep 2018 14:36:12
# 28.0646,  5.54861,   0.921, 0.1095, 1.7986,  34.4329, 18 Sep 2018 14:40:12
# 28.1100,  5.54814,   0.937, 0.0985, 1.4938,  34.3965, 18 Sep 2018 14:44:12
# 28.1603,  5.55068,   0.933, 0.1011, 1.4364,  34.3776, 18 Sep 2018 14:48:12
# 28.2013,  5.54925,   1.062, 0.1106, 1.8909,  34.3377, 18 Sep 2018 14:52:12
# 28.2457,  5.54686,   0.961, 0.1215, 2.3115,  34.2890, 18 Sep 2018 14:56:12
# 28.2727,  5.54365,   0.908, 0.1169, 2.0972,  34.2470, 18 Sep 2018 15:00:12
# 28.3132,  5.54871,   0.934, 0.1144, 1.8923,  34.2529, 18 Sep 2018 15:04:12
# 28.3557,  5.55624,   0.882, 0.1183, 1.8888,  34.2744, 18 Sep 2018 15:08:12
# 28.3840,  5.56072,   0.922, 0.1070, 1.4508,  34.2850, 18 Sep 2018 15:12:12
# 28.3925,  5.56712,   0.890, 0.1021, 1.4949,  34.3233, 18 Sep 2018 15:16:12
# 28.3871,  5.57149,   0.933, 0.1034, 1.5068,  34.3576, 18 Sep 2018 15:20:12
# 28.4271,  5.56706,   0.864, 0.1047, 1.3882,  34.2979, 18 Sep 2018 15:24:12
# 28.4286,  5.57165,   0.936, 0.1094, 1.6025,  34.3286, 18 Sep 2018 15:28:12
# 28.4304,  5.57678,   0.863, 0.0948, 1.1899,  34.3629, 18 Sep 2018 15:32:12
# 28.4174,  5.58575,   0.889, 0.1010, 1.1420,  34.4345, 18 Sep 2018 15:36:12
# 28.4199,  5.59177,   0.850, 0.0961, 1.1064,  34.4745, 18 Sep 2018 15:40:12
# 28.4203,  5.59540,   0.929, 0.1061, 1.3584,  34.4995, 18 Sep 2018 15:44:12
# 28.4428,  5.58934,   0.905, 0.0927, 1.1394,  34.4410, 18 Sep 2018 15:48:12
# 28.4333,  5.58862,   0.878, 0.0915, 1.1114,  34.4430, 18 Sep 2018 15:52:12
# 28.4322,  5.58769,   0.851, 0.0935, 1.1767,  34.4373, 18 Sep 2018 15:56:12
# 28.4172,  5.58397,   0.836, 0.0961, 1.0958,  34.4223, 18 Sep 2018 16:00:12
# 28.4120,  5.58434,   0.827, 0.0987, 1.2325,  34.4288, 18 Sep 2018 16:04:12
# 28.3722,  5.58833,   0.887, 0.0985, 1.1495,  34.4853, 18 Sep 2018 16:08:12
# 28.3318,  5.58944,   0.843, 0.0963, 1.0125,  34.5226, 18 Sep 2018 16:12:12
# 28.3746,  5.58218,   0.880, 0.0999, 1.0561,  34.4409, 18 Sep 2018 16:16:12
# 28.4086,  5.57561,   0.848, 0.1337, 1.1915,  34.3706, 18 Sep 2018 16:20:12
# 28.3907,  5.56916,   0.859, 0.1019, 1.0439,  34.3388, 18 Sep 2018 16:24:12
# 28.3768,  5.56568,   0.846, 0.0975, 1.0537,  34.3247, 18 Sep 2018 16:28:12
# 28.3617,  5.56289,   0.841, 0.0926, 0.9734,  34.3163, 18 Sep 2018 16:32:12
# 28.3922,  5.55718,   0.817, 0.1024, 1.1126,  34.2546, 18 Sep 2018 16:36:12
# 28.4087,  5.54821,   0.816, 0.1110, 1.3329,  34.1804, 18 Sep 2018 16:40:12
# 28.4015,  5.54832,   0.849, 0.1231, 1.1865,  34.1864, 18 Sep 2018 16:44:12
# 28.3899,  5.54937,   0.818, 0.1045, 1.0525,  34.2020, 18 Sep 2018 16:48:12
# 28.3511,  5.55426,   0.823, 0.0986, 0.8904,  34.2640, 18 Sep 2018 16:52:12
# 28.3245,  5.55863,   0.866, 0.1059, 1.0392,  34.3137, 18 Sep 2018 16:56:12
# 28.3334,  5.55523,   0.797, 0.1020, 0.9802,  34.2836, 18 Sep 2018 17:00:12
# 28.3389,  5.55359,   0.831, 0.1069, 1.0910,  34.2682, 18 Sep 2018 17:04:12
# 28.3275,  5.54525,   0.780, 0.1071, 1.1356,  34.2185, 18 Sep 2018 17:08:12
# 28.3450,  5.54376,   0.771, 0.1096, 1.0835,  34.1955, 18 Sep 2018 17:12:12
# 28.3385,  5.53556,   0.805, 0.1166, 1.1937,  34.1433, 18 Sep 2018 17:16:12
# 28.3316,  5.53141,   0.767, 0.1146, 1.0983,  34.1195, 18 Sep 2018 17:20:12
# 28.3021,  5.52510,   0.789, 0.1133, 0.9681,  34.0969, 18 Sep 2018 17:24:12
# 28.3026,  5.51696,   0.880, 0.1109, 1.0309,  34.0400, 18 Sep 2018 17:28:12
# 28.2980,  5.51173,   0.779, 0.1167, 0.9391,  34.0070, 18 Sep 2018 17:32:12
# 28.3184,  5.50786,   0.818, 0.1157, 1.0791,  33.9655, 18 Sep 2018 17:36:12
# 28.3026,  5.50548,   0.782, 0.1166, 1.1286,  33.9604, 18 Sep 2018 17:40:12
# 28.2716,  5.49815,   0.801, 0.1134, 0.9441,  33.9317, 18 Sep 2018 17:44:12
# 28.2642,  5.49398,   0.770, 0.1183, 1.1609,  33.9081, 18 Sep 2018 17:48:12
# 28.0916,  5.49767,   0.750, 0.1109, 0.8890,  34.0578, 18 Sep 2018 17:52:12
# 28.0128,  5.49543,   0.755, 0.1060, 0.8387,  34.0992, 18 Sep 2018 17:56:12
# 28.0370,  5.48907,   0.799, 0.1082, 0.8231,  34.0373, 18 Sep 2018 18:00:12
# 28.0028,  5.48817,   0.765, 0.1109, 1.0898,  34.0557, 18 Sep 2018 18:04:12
# 27.9731,  5.48320,   0.754, 0.1116, 1.0104,  34.0424, 18 Sep 2018 18:08:12
# 27.9554,  5.47720,   0.744, 0.1106, 0.8952,  34.0134, 18 Sep 2018 18:12:12
# 27.8502,  5.48289,   0.756, 0.1061, 0.8022,  34.1293, 18 Sep 2018 18:16:12
# 27.7279,  5.48538,   0.754, 0.1013, 0.8107,  34.2357, 18 Sep 2018 18:20:12
# 27.7085,  5.48182,   0.779, 0.1106, 0.8109,  34.2249, 18 Sep 2018 18:24:12
# 27.6570,  5.47334,   0.781, 0.1047, 0.7356,  34.2028, 18 Sep 2018 18:28:12
# 27.5594,  5.47432,   0.762, 0.0999, 0.6906,  34.2811, 18 Sep 2018 18:32:12
# 27.5698,  5.46848,   0.791, 0.1047, 0.8268,  34.2323, 18 Sep 2018 18:36:12
# 27.4994,  5.47050,   0.755, 0.1033, 0.6990,  34.2981, 18 Sep 2018 18:40:12
# 27.4776,  5.46520,   0.784, 0.0985, 0.7079,  34.2767, 18 Sep 2018 18:44:12
# 27.3994,  5.46676,   0.758, 0.1013, 0.7564,  34.3451, 18 Sep 2018 18:48:12
# 27.4031,  5.46351,   0.796, 0.0985, 0.7407,  34.3194, 18 Sep 2018 18:52:12
# 27.3832,  5.46175,   0.741, 0.0998, 0.7492,  34.3216, 18 Sep 2018 18:56:12
# 27.3389,  5.46097,   0.786, 0.0974, 0.6298,  34.3486, 18 Sep 2018 19:00:12
# 27.3073,  5.46011,   0.795, 0.0985, 0.6639,  34.3658, 18 Sep 2018 19:04:12
# 27.2747,  5.45804,   0.831, 0.0974, 0.6924,  34.3751, 18 Sep 2018 19:08:12
# 27.1977,  5.45839,   0.833, 0.0990, 0.6690,  34.4344, 18 Sep 2018 19:12:12
# 27.2691,  5.45899,   0.803, 0.0999, 0.7879,  34.3860, 18 Sep 2018 19:16:12
# 27.2328,  5.45345,   0.773, 0.1012, 0.7963,  34.3734, 18 Sep 2018 19:20:12
# 27.2275,  5.45144,   0.732, 0.0999, 0.6968,  34.3631, 18 Sep 2018 19:24:12
# 27.2149,  5.44931,   0.768, 0.1019, 0.7331,  34.3573, 18 Sep 2018 19:28:12
# 27.1654,  5.44606,   0.761, 0.1013, 0.8316,  34.3707, 18 Sep 2018 19:32:12
# 27.1029,  5.44252,   0.781, 0.0949, 0.6615,  34.3917, 18 Sep 2018 19:36:12
# 27.0181,  5.43578,   0.805, 0.0963, 0.6629,  34.4065, 18 Sep 2018 19:40:12
# 26.9540,  5.42803,   0.727, 0.0963, 0.6429,  34.3987, 18 Sep 2018 19:44:12
# 26.9309,  5.42383,   0.779, 0.0950, 0.6167,  34.3859, 18 Sep 2018 19:48:12
# 26.9314,  5.42137,   0.755, 0.0972, 0.6851,  34.3680, 18 Sep 2018 19:52:12
# 26.9520,  5.41663,   0.816, 0.1011, 0.7875,  34.3190, 18 Sep 2018 19:56:12
# 26.9487,  5.40838,   0.746, 0.1020, 0.7649,  34.2626, 18 Sep 2018 20:00:12
# 26.9322,  5.40650,   0.715, 0.1021, 0.8917,  34.2614, 18 Sep 2018 20:04:12
# 26.9137,  5.39788,   0.748, 0.1020, 0.9452,  34.2135, 18 Sep 2018 20:08:12
# 26.8337,  5.39725,   0.750, 0.0962, 0.6249,  34.2681, 18 Sep 2018 20:12:12
# 26.7780,  5.39829,   0.790, 0.0988, 0.7649,  34.3167, 18 Sep 2018 20:16:12
# 26.6899,  5.40261,   0.801, 0.0922, 0.5414,  34.4131, 18 Sep 2018 20:20:12
# 26.6538,  5.40191,   0.752, 0.0938, 0.5248,  34.4349, 18 Sep 2018 20:24:12
# 26.6551,  5.39690,   0.753, 0.0922, 0.5187,  34.3980, 18 Sep 2018 20:28:12
# 26.6328,  5.39358,   0.755, 0.0936, 0.5490,  34.3909, 18 Sep 2018 20:32:12
# 26.6105,  5.38957,   0.823, 0.0937, 0.5077,  34.3786, 18 Sep 2018 20:36:12
# 26.5327,  5.39618,   0.845, 0.1022, 1.2869,  34.4840, 18 Sep 2018 20:40:12
# 26.4909,  5.38975,   0.809, 0.0964, 0.9192,  34.4690, 18 Sep 2018 20:44:12
# 26.4452,  5.40092,   0.779, 0.0900, 0.5275,  34.5837, 18 Sep 2018 20:48:12
# 26.4256,  5.40835,   0.756, 0.0902, 0.4981,  34.6520, 18 Sep 2018 20:52:12
# 26.4026,  5.40682,   0.788, 0.0877, 0.4736,  34.6582, 18 Sep 2018 20:56:12
# 26.3836,  5.40581,   0.762, 0.0865, 0.4642,  34.6653, 18 Sep 2018 21:00:12
# 26.3573,  5.40292,   0.809, 0.0874, 0.5720,  34.6642, 18 Sep 2018 21:04:12
# 26.3500,  5.39997,   0.783, 0.0890, 0.5963,  34.6484, 18 Sep 2018 21:08:12
# 26.3192,  5.39911,   0.809, 0.0903, 0.6627,  34.6653, 18 Sep 2018 21:12:12
# 26.3064,  5.39790,   0.786, 0.0925, 0.6202,  34.6663, 18 Sep 2018 21:16:12
# 26.3017,  5.39858,   0.819, 0.0903, 0.5152,  34.6747, 18 Sep 2018 21:20:12
# 26.2853,  5.39754,   0.760, 0.0876, 0.4800,  34.6795, 18 Sep 2018 21:24:12
# 26.2731,  5.39658,   0.791, 0.0915, 0.6098,  34.6818, 18 Sep 2018 21:28:12
# 26.2454,  5.39271,   0.827, 0.0902, 0.7100,  34.6747, 18 Sep 2018 21:32:12
# 26.2341,  5.39205,   0.848, 0.0901, 0.5818,  34.6785, 18 Sep 2018 21:36:12
# 26.2227,  5.39143,   0.785, 0.0916, 0.5576,  34.6827, 18 Sep 2018 21:40:12
# 26.2164,  5.39052,   0.869, 0.0916, 0.7627,  34.6807, 18 Sep 2018 21:44:12
# 26.2148,  5.39042,   0.834, 0.0865, 0.5039,  34.6812, 18 Sep 2018 21:48:12
# 26.2161,  5.38994,   0.833, 0.0864, 0.4651,  34.6768, 18 Sep 2018 21:52:12
# 26.2163,  5.39004,   0.809, 0.0851, 0.5537,  34.6773, 18 Sep 2018 21:56:12
# 26.2144,  5.38900,   0.791, 0.0874, 0.5755,  34.6713, 18 Sep 2018 22:00:12
# 26.2116,  5.38845,   0.802, 0.0890, 0.5126,  34.6694, 18 Sep 2018 22:04:12
# 26.2013,  5.38513,   0.803, 0.0912, 0.8020,  34.6532, 18 Sep 2018 22:08:12
# 26.2034,  5.38743,   0.829, 0.0852, 0.5093,  34.6682, 18 Sep 2018 22:12:12
# 26.1937,  5.38471,   0.856, 0.0851, 0.5153,  34.6558, 18 Sep 2018 22:16:12
# 26.1907,  5.38422,   0.818, 0.0901, 0.5672,  34.6545, 18 Sep 2018 22:20:12
# 26.1801,  5.38200,   0.794, 0.0864, 0.5478,  34.6464, 18 Sep 2018 22:24:12
# 26.1858,  5.38435,   0.828, 0.0938, 1.0090,  34.6592, 18 Sep 2018 22:28:12
# 26.1917,  5.38600,   0.802, 0.0865, 0.6131,  34.6667, 18 Sep 2018 22:32:12
# 26.1916,  5.38595,   0.806, 0.0890, 0.6274,  34.6663, 18 Sep 2018 22:36:12
# 26.1984,  5.38640,   0.827, 0.0877, 0.6335,  34.6645, 18 Sep 2018 22:40:12
# 26.2003,  5.38669,   0.855, 0.0888, 0.6191,  34.6651, 18 Sep 2018 22:44:12
# 26.2128,  5.38784,   0.850, 0.0876, 0.7627,  34.6640, 18 Sep 2018 22:48:12
# 26.2153,  5.38818,   0.812, 0.0900, 0.6991,  34.6646, 18 Sep 2018 22:52:12
# 26.2139,  5.38815,   0.845, 0.0826, 0.5090,  34.6655, 18 Sep 2018 22:56:12
# 26.2168,  5.38833,   0.861, 0.0852, 0.5138,  34.6646, 18 Sep 2018 23:00:12
# 26.2238,  5.38891,   0.830, 0.0824, 0.4884,  34.6635, 18 Sep 2018 23:04:12
# 26.2203,  5.38852,   0.856, 0.0887, 0.5235,  34.6633, 18 Sep 2018 23:08:12
# 26.2187,  5.38828,   0.845, 0.0865, 0.6072,  34.6629, 18 Sep 2018 23:12:12
# 26.2276,  5.38882,   0.856, 0.0888, 0.7285,  34.6600, 18 Sep 2018 23:16:12
# 26.2495,  5.39017,   0.879, 0.0865, 0.6287,  34.6532, 18 Sep 2018 23:20:12
# 26.2531,  5.39084,   0.833, 0.0851, 0.5720,  34.6554, 18 Sep 2018 23:24:12
# 26.2437,  5.39024,   0.837, 0.0890, 0.6083,  34.6581, 18 Sep 2018 23:28:12
# 26.2439,  5.39002,   0.863, 0.0853, 0.5223,  34.6564, 18 Sep 2018 23:32:12
# 26.2454,  5.39003,   0.857, 0.0826, 0.5139,  34.6554, 18 Sep 2018 23:36:12
# 26.2409,  5.38963,   0.848, 0.0839, 0.5331,  34.6558, 18 Sep 2018 23:40:12
# 26.2464,  5.38999,   0.838, 0.0852, 0.5176,  34.6543, 18 Sep 2018 23:44:12
# 26.2338,  5.38890,   0.845, 0.0851, 0.6469,  34.6559, 18 Sep 2018 23:48:12
# 26.2180,  5.38742,   0.891, 0.0841, 0.6071,  34.6570, 18 Sep 2018 23:52:12
# 26.2215,  5.38744,   0.849, 0.0890, 0.7321,  34.6546, 18 Sep 2018 23:56:12
# 26.2401,  5.38912,   0.853, 0.0874, 0.6604,  34.6527, 19 Sep 2018 00:00:12
# 26.2291,  5.38810,   0.863, 0.0854, 0.6213,  34.6536, 19 Sep 2018 00:04:12
# 26.2574,  5.39067,   0.886, 0.0901, 0.8228,  34.6509, 19 Sep 2018 00:08:12
# 26.2738,  5.39209,   0.793, 0.0840, 0.6034,  34.6489, 19 Sep 2018 00:12:12
# 26.3017,  5.39461,   0.931, 0.0874, 0.7173,  34.6460, 19 Sep 2018 00:16:12
# 26.2982,  5.39418,   0.818, 0.0877, 0.6811,  34.6456, 19 Sep 2018 00:20:12
# 26.3100,  5.39530,   0.816, 0.0866, 0.5925,  34.6447, 19 Sep 2018 00:24:12
# 26.3127,  5.39546,   0.829, 0.0901, 0.7076,  34.6439, 19 Sep 2018 00:28:12
# 26.3145,  5.39554,   0.882, 0.0852, 0.5634,  34.6431, 19 Sep 2018 00:32:12
# 26.3166,  5.39553,   0.797, 0.0827, 0.5078,  34.6415, 19 Sep 2018 00:36:12
# 26.3152,  5.39529,   0.863, 0.0804, 0.5261,  34.6408, 19 Sep 2018 00:40:12
# 26.3170,  5.39539,   0.910, 0.0838, 0.5696,  34.6401, 19 Sep 2018 00:44:12
# 26.3208,  5.39575,   0.845, 0.0852, 0.6713,  34.6399, 19 Sep 2018 00:48:12
# 26.3344,  5.39690,   0.858, 0.0951, 0.9707,  34.6380, 19 Sep 2018 00:52:12
# 26.3635,  5.39980,   0.828, 0.0874, 0.7015,  34.6370, 19 Sep 2018 00:56:12
# 26.3802,  5.40188,   0.831, 0.0841, 0.6383,  34.6394, 19 Sep 2018 01:00:12
# 26.3966,  5.40358,   0.860, 0.0875, 0.6445,  34.6394, 19 Sep 2018 01:04:12
# 26.4148,  5.40580,   0.845, 0.0840, 0.5322,  34.6418, 19 Sep 2018 01:08:12
# 26.4209,  5.40673,   0.887, 0.0851, 0.5322,  34.6438, 19 Sep 2018 01:12:12
# 26.4254,  5.40728,   0.821, 0.0840, 0.5040,  34.6444, 19 Sep 2018 01:16:12
# 26.4195,  5.40680,   0.818, 0.0839, 0.5104,  34.6454, 19 Sep 2018 01:20:12
# 26.4236,  5.40702,   0.807, 0.0988, 1.0790,  34.6439, 19 Sep 2018 01:24:12
# 26.4355,  5.40848,   0.810, 0.0875, 0.5962,  34.6455, 19 Sep 2018 01:28:12
# 26.4149,  5.40641,   0.809, 0.0816, 0.5621,  34.6460, 19 Sep 2018 01:32:12
# 26.4243,  5.40697,   0.823, 0.0851, 0.5357,  34.6430, 19 Sep 2018 01:36:12
# 26.3979,  5.40376,   0.800, 0.0826, 0.5743,  34.6397, 19 Sep 2018 01:40:12
# 26.3986,  5.40374,   0.785, 0.0827, 0.6072,  34.6391, 19 Sep 2018 01:44:12
# 26.4160,  5.40575,   0.826, 0.0851, 0.5657,  34.6404, 19 Sep 2018 01:48:12
# 26.4251,  5.40638,   0.782, 0.0877, 0.7819,  34.6382, 19 Sep 2018 01:52:12
# 26.4360,  5.40788,   0.789, 0.0853, 0.6320,  34.6408, 19 Sep 2018 01:56:12
# 26.4261,  5.40657,   0.860, 0.0826, 0.5986,  34.6388, 19 Sep 2018 02:00:12
# 26.4225,  5.40593,   0.763, 0.0804, 0.4498,  34.6368, 19 Sep 2018 02:04:12
# 26.4205,  5.40567,   0.799, 0.0827, 0.5247,  34.6364, 19 Sep 2018 02:08:12
# 26.4037,  5.40358,   0.816, 0.0797, 0.4622,  34.6340, 19 Sep 2018 02:12:12
# 26.3784,  5.40046,   0.810, 0.0806, 0.4448,  34.6306, 19 Sep 2018 02:16:12
# 26.3225,  5.39245,   0.775, 0.0803, 0.4640,  34.6148, 19 Sep 2018 02:20:12
# 26.2402,  5.37955,   0.780, 0.0819, 0.4498,  34.5834, 19 Sep 2018 02:24:12
# 26.2110,  5.37583,   0.755, 0.0804, 0.4440,  34.5785, 19 Sep 2018 02:28:12
# 26.2055,  5.37443,   0.827, 0.0816, 0.4548,  34.5725, 19 Sep 2018 02:32:12
# 26.0510,  5.35332,   0.751, 0.0826, 0.5299,  34.5358, 19 Sep 2018 02:36:12
# 25.9246,  5.33523,   0.783, 0.0827, 0.4462,  34.4997, 19 Sep 2018 02:40:12
# 25.8213,  5.32169,   0.772, 0.0826, 0.4318,  34.4790, 19 Sep 2018 02:44:12
# 25.7663,  5.31515,   0.865, 0.0816, 0.4427,  34.4728, 19 Sep 2018 02:48:12
# 25.7774,  5.31793,   0.730, 0.0825, 0.5633,  34.4847, 19 Sep 2018 02:52:12
# 25.8300,  5.32632,   0.757, 0.0875, 0.5655,  34.5062, 19 Sep 2018 02:56:12
# 25.9000,  5.33775,   0.830, 0.0815, 0.4195,  34.5365, 19 Sep 2018 03:00:12
# 25.8438,  5.33005,   0.745, 0.0816, 0.3854,  34.5229, 19 Sep 2018 03:04:12
# 25.8652,  5.33382,   0.722, 0.0784, 0.3590,  34.5342, 19 Sep 2018 03:08:12
# 25.8867,  5.33870,   0.766, 0.0816, 0.4113,  34.5535, 19 Sep 2018 03:12:12
# 25.8407,  5.33310,   0.789, 0.0813, 0.3566,  34.5475, 19 Sep 2018 03:16:12
# 25.8513,  5.33512,   0.730, 0.0796, 0.3723,  34.5542, 19 Sep 2018 03:20:12
# 25.8600,  5.33603,   0.780, 0.0826, 0.3771,  34.5542, 19 Sep 2018 03:24:12
# 25.8652,  5.33555,   0.739, 0.0824, 0.4292,  34.5468, 19 Sep 2018 03:28:12
# 25.8611,  5.33361,   0.738, 0.0813, 0.3902,  34.5358, 19 Sep 2018 03:32:12
# 25.8683,  5.33416,   0.735, 0.0853, 0.3833,  34.5343, 19 Sep 2018 03:36:12
# 25.8804,  5.33504,   0.727, 0.0841, 0.3628,  34.5316, 19 Sep 2018 03:40:12
# 25.9007,  5.33705,   0.706, 0.0852, 0.3639,  34.5309, 19 Sep 2018 03:44:12
# 25.9084,  5.33848,   0.708, 0.0826, 0.4522,  34.5355, 19 Sep 2018 03:48:12
# 25.9119,  5.33981,   0.724, 0.0813, 0.3713,  34.5426, 19 Sep 2018 03:52:12
# 25.9406,  5.34592,   0.740, 0.0840, 0.3652,  34.5654, 19 Sep 2018 03:56:12
# 25.9593,  5.34992,   0.693, 0.0814, 0.3468,  34.5803, 19 Sep 2018 04:00:12
# 25.9648,  5.35059,   0.716, 0.0815, 0.4002,  34.5811, 19 Sep 2018 04:04:12
# 25.9823,  5.35185,   0.759, 0.0827, 0.3724,  34.5770, 19 Sep 2018 04:08:12
# 26.0211,  5.35679,   0.719, 0.0827, 0.4546,  34.5836, 19 Sep 2018 04:12:12
# 26.0348,  5.35787,   0.721, 0.0826, 0.3148,  34.5811, 19 Sep 2018 04:16:12
# 26.0251,  5.35365,   0.712, 0.0806, 0.3099,  34.5577, 19 Sep 2018 04:20:12
# 26.0322,  5.35270,   0.750, 0.0814, 0.3798,  34.5455, 19 Sep 2018 04:24:12
# 26.0404,  5.35500,   0.773, 0.0815, 0.3380,  34.5560, 19 Sep 2018 04:28:12
# 26.0387,  5.35619,   0.709, 0.0800, 0.3600,  34.5660, 19 Sep 2018 04:32:12
# 26.0406,  5.35957,   0.750, 0.0826, 0.3072,  34.5891, 19 Sep 2018 04:36:12
# 26.0451,  5.36220,   0.709, 0.0804, 0.3294,  34.6047, 19 Sep 2018 04:40:12
# 26.0304,  5.36242,   0.716, 0.0804, 0.3073,  34.6175, 19 Sep 2018 04:44:12
# 26.0240,  5.36226,   0.697, 0.0816, 0.3063,  34.6212, 19 Sep 2018 04:48:12
# 26.0190,  5.36142,   0.772, 0.0816, 0.3169,  34.6189, 19 Sep 2018 04:52:12
# 26.0319,  5.36550,   0.689, 0.0797, 0.3540,  34.6387, 19 Sep 2018 04:56:12
# 26.0245,  5.36452,   0.716, 0.0802, 0.3282,  34.6371, 19 Sep 2018 05:00:12
# 26.0171,  5.36322,   0.748, 0.0839, 0.3539,  34.6333, 19 Sep 2018 05:04:12
# 26.0139,  5.36251,   0.741, 0.0803, 0.3786,  34.6306, 19 Sep 2018 05:08:12
# 26.0122,  5.36216,   0.698, 0.0804, 0.3159,  34.6293, 19 Sep 2018 05:12:12
# 26.0032,  5.35997,   0.702, 0.0803, 0.3109,  34.6202, 19 Sep 2018 05:16:12
# 25.9976,  5.35882,   0.717, 0.0814, 0.3171,  34.6161, 19 Sep 2018 05:20:12
# 26.0032,  5.36081,   0.721, 0.0813, 0.3234,  34.6263, 19 Sep 2018 05:24:12
# 26.0041,  5.36204,   0.678, 0.0806, 0.2813,  34.6346, 19 Sep 2018 05:28:12
# 26.0042,  5.36210,   0.710, 0.0796, 0.3041,  34.6349, 19 Sep 2018 05:32:12
# 26.0070,  5.36205,   0.702, 0.0815, 0.3294,  34.6324, 19 Sep 2018 05:36:12
# 26.0088,  5.36009,   0.715, 0.0802, 0.3919,  34.6168, 19 Sep 2018 05:40:12
# 26.0000,  5.35563,   0.708, 0.0796, 0.3854,  34.5911, 19 Sep 2018 05:44:12
# 25.9996,  5.35554,   0.733, 0.0825, 0.3063,  34.5908, 19 Sep 2018 05:48:12
# 26.0022,  5.35755,   0.705, 0.0838, 0.3296,  34.6034, 19 Sep 2018 05:52:12
# 25.9997,  5.35903,   0.743, 0.0826, 0.3616,  34.6161, 19 Sep 2018 05:56:12
# 25.9985,  5.36024,   0.703, 0.0807, 0.2957,  34.6258, 19 Sep 2018 06:00:12
# 25.9932,  5.36010,   0.747, 0.0840, 0.3856,  34.6287, 19 Sep 2018 06:04:12
# 25.9875,  5.36088,   0.727, 0.0826, 0.3492,  34.6387, 19 Sep 2018 06:08:12
# 25.9846,  5.36148,   0.782, 0.0838, 0.3674,  34.6453, 19 Sep 2018 06:12:12
# 25.9850,  5.36282,   0.776, 0.0841, 0.3674,  34.6547, 19 Sep 2018 06:16:12
# 25.9834,  5.36332,   0.718, 0.0850, 0.3316,  34.6596, 19 Sep 2018 06:20:12
# 25.9830,  5.36368,   0.737, 0.0851, 0.3527,  34.6625, 19 Sep 2018 06:24:12
# 25.9871,  5.36424,   0.762, 0.0854, 0.3675,  34.6634, 19 Sep 2018 06:28:12
# 25.9789,  5.36386,   0.726, 0.0839, 0.3293,  34.6669, 19 Sep 2018 06:32:12
# 25.9765,  5.36362,   0.727, 0.0852, 0.4429,  34.6669, 19 Sep 2018 06:36:12
# 25.9691,  5.36298,   0.732, 0.0838, 0.4047,  34.6679, 19 Sep 2018 06:40:12
# 25.9662,  5.36249,   0.773, 0.0841, 0.4207,  34.6665, 19 Sep 2018 06:44:12
# 25.9637,  5.36230,   0.761, 0.0852, 0.4244,  34.6671, 19 Sep 2018 06:48:12
# 25.9652,  5.36240,   0.746, 0.0866, 0.3868,  34.6666, 19 Sep 2018 06:52:12
# 25.9884,  5.36436,   0.712, 0.0865, 0.3465,  34.6633, 19 Sep 2018 06:56:12
# 26.0212,  5.36745,   0.776, 0.0901, 0.5692,  34.6609, 19 Sep 2018 07:00:12
# 26.0572,  5.37076,   0.767, 0.0829, 0.4232,  34.6578, 19 Sep 2018 07:04:12
# 26.0757,  5.37235,   0.829, 0.0837, 0.4685,  34.6553, 19 Sep 2018 07:08:12
# 26.1877,  5.38270,   0.777, 0.0840, 0.4498,  34.6459, 19 Sep 2018 07:12:12
# 26.1992,  5.38509,   0.746, 0.0803, 0.4205,  34.6545, 19 Sep 2018 07:16:12
# 26.2139,  5.38726,   0.760, 0.0826, 0.4689,  34.6591, 19 Sep 2018 07:20:12
# 26.2252,  5.38836,   0.771, 0.0825, 0.4473,  34.6585, 19 Sep 2018 07:24:12
# 26.2366,  5.38972,   0.736, 0.1045, 0.9332,  34.6597, 19 Sep 2018 07:28:12
# 26.2385,  5.38982,   0.825, 0.0839, 0.4919,  34.6590, 19 Sep 2018 07:32:12
# 26.2620,  5.39199,   0.771, 0.0888, 0.6309,  34.6570, 19 Sep 2018 07:36:12
# 26.3014,  5.39617,   0.843, 0.0875, 0.5596,  34.6575, 19 Sep 2018 07:40:12
# 26.3454,  5.40084,   0.864, 0.0838, 0.5346,  34.6581, 19 Sep 2018 07:44:12
# 26.3721,  5.40363,   0.821, 0.0816, 0.5299,  34.6582, 19 Sep 2018 07:48:12
# 26.4254,  5.40900,   0.798, 0.0825, 0.5030,  34.6569, 19 Sep 2018 07:52:12
# 26.4441,  5.41096,   0.839, 0.0951, 0.7602,  34.6569, 19 Sep 2018 07:56:12
# 26.4712,  5.41409,   0.837, 0.0851, 1.2786,  34.6591, 19 Sep 2018 08:00:12
# 26.4994,  5.41695,   0.892, 0.0938, 1.6740,  34.6585, 19 Sep 2018 08:04:12
# 26.5206,  5.41925,   0.886, 0.0796, 0.3809,  34.6591, 19 Sep 2018 08:08:12
# 26.5476,  5.42198,   0.873, 0.0798, 0.4376,  34.6585, 19 Sep 2018 08:12:12
# 26.5654,  5.42371,   0.897, 0.0816, 0.5476,  34.6576, 19 Sep 2018 08:16:12
# 26.5899,  5.42643,   0.860, 0.0825, 0.8328,  34.6587, 19 Sep 2018 08:20:12
# 26.6215,  5.42963,   0.893, 0.0826, 0.8949,  34.6580, 19 Sep 2018 08:24:12
# 26.6613,  5.43408,   0.899, 0.0771, 0.4910,  34.6601, 19 Sep 2018 08:28:12
# 26.6875,  5.43687,   0.885, 0.0771, 0.6444,  34.6605, 19 Sep 2018 08:32:12
# 26.7239,  5.44068,   0.862, 0.0803, 0.5802,  34.6605, 19 Sep 2018 08:36:12
# 26.7536,  5.44368,   0.886, 0.0816, 0.6533,  34.6599, 19 Sep 2018 08:40:12
# 26.7828,  5.44686,   0.943, 0.0797, 0.5561,  34.6607, 19 Sep 2018 08:44:12
# 26.7939,  5.44809,   0.915, 0.0851, 0.5769,  34.6613, 19 Sep 2018 08:48:12
# 26.8314,  5.45174,   0.885, 0.0999, 1.4718,  34.6593, 19 Sep 2018 08:52:12
# 26.8666,  5.45577,   0.954, 0.0796, 0.7028,  34.6618, 19 Sep 2018 08:56:12
# 26.8791,  5.45668,   0.918, 0.0784, 0.6967,  34.6590, 19 Sep 2018 09:00:12
# 26.9131,  5.45993,   0.917, 0.2267, 4.2332,  34.6568, 19 Sep 2018 09:04:12
# 26.9529,  5.46462,   0.916, 0.0877, 0.7407,  34.6606, 19 Sep 2018 09:08:12
# 26.9514,  5.46401,   0.975, 0.0922, 0.9851,  34.6574, 19 Sep 2018 09:12:12
# 26.9756,  5.46638,   0.936, 0.1021, 1.1755,  34.6562, 19 Sep 2018 09:16:12
# 27.0251,  5.47219,   1.108, 0.1388, 2.8955,  34.6607, 19 Sep 2018 09:20:12
# 27.0251,  5.47166,   0.974, 0.0948, 0.9332,  34.6569, 19 Sep 2018 09:24:12
# 27.0341,  5.47280,   1.083, 0.0826, 0.9911,  34.6583, 19 Sep 2018 09:28:12
# 27.0254,  5.47127,   0.981, 0.0851, 0.8784,  34.6539, 19 Sep 2018 09:32:12
# 27.0065,  5.46907,   0.944, 0.0917, 1.2528,  34.6523, 19 Sep 2018 09:36:12
# 27.0065,  5.46807,   0.992, 0.0805, 0.7877,  34.6452, 19 Sep 2018 09:40:12
# 27.0254,  5.46918,   0.990, 0.0818, 1.4984,  34.6390, 19 Sep 2018 09:44:12
# 26.9709,  5.46063,   0.980, 0.0865, 0.9142,  34.6187, 19 Sep 2018 09:48:12
# 27.0034,  5.46501,   1.021, 0.0837, 0.9886,  34.6256, 19 Sep 2018 09:52:12
# 26.9983,  5.46210,   0.975, 0.1047, 1.4582,  34.6087, 19 Sep 2018 09:56:12
# 26.9686,  5.45533,   1.167, 0.0902, 0.9525,  34.5825, 19 Sep 2018 10:00:12
# 26.9761,  5.45408,   1.002, 0.0773, 0.8756,  34.5681, 19 Sep 2018 10:04:12
# 26.9420,  5.44509,   1.084, 0.0816, 0.8901,  34.5292, 19 Sep 2018 10:08:12
# 26.9639,  5.44720,   1.012, 0.0796, 1.0718,  34.5280, 19 Sep 2018 10:12:12
# 26.9592,  5.44200,   1.011, 0.1156, 1.9451,  34.4945, 19 Sep 2018 10:16:12
# 27.0132,  5.45087,   1.143, 0.1337, 2.7539,  34.5175, 19 Sep 2018 10:20:12
# 27.0815,  5.46219,   1.054, 0.0887, 1.0994,  34.5475, 19 Sep 2018 10:24:12
# 27.0756,  5.45607,   1.171, 0.0948, 1.3448,  34.5083, 19 Sep 2018 10:28:12
# 27.1868,  5.47517,   1.038, 0.0887, 1.5319,  34.5616, 19 Sep 2018 10:32:12
# 27.2534,  5.48502,   1.153, 0.0901, 1.0562,  34.5821, 19 Sep 2018 10:36:12
# 27.3219,  5.49470,   1.212, 0.0900, 1.1902,  34.5999, 19 Sep 2018 10:40:12
# 27.3406,  5.49576,   1.145, 0.0876, 1.0466,  34.5936, 19 Sep 2018 10:44:12
# 27.5125,  5.51953,   1.224, 0.1059, 1.8619,  34.6344, 19 Sep 2018 10:48:12
# 27.5393,  5.52255,   1.135, 0.0999, 1.4007,  34.6360, 19 Sep 2018 10:52:12
# 27.6002,  5.53099,   1.128, 0.1304, 2.2834,  34.6504, 19 Sep 2018 10:56:12
# 27.6400,  5.53548,   1.064, 0.0912, 1.4374,  34.6527, 19 Sep 2018 11:00:12
# 27.6751,  5.53906,   1.030, 0.0899, 1.0945,  34.6520, 19 Sep 2018 11:04:12
# 27.7100,  5.54269,   1.153, 0.1012, 1.4386,  34.6518, 19 Sep 2018 11:08:12
# 27.7442,  5.54564,   1.144, 0.2111, 4.4093,  34.6473, 19 Sep 2018 11:12:12
# 27.7772,  5.54980,   1.073, 0.1376, 2.9563,  34.6522, 19 Sep 2018 11:16:12
# 27.8236,  5.55476,   1.170, 0.0963, 1.3388,  34.6528, 19 Sep 2018 11:20:12
# 27.8538,  5.55802,   1.164, 0.1167, 2.0895,  34.6534, 19 Sep 2018 11:24:12
# 27.8640,  5.55984,   1.190, 0.1135, 1.8787,  34.6586, 19 Sep 2018 11:28:12
# 27.9083,  5.56438,   1.197, 0.0838, 0.9826,  34.6578, 19 Sep 2018 11:32:12
# 27.9260,  5.56638,   1.176, 0.1759, 3.5416,  34.6588, 19 Sep 2018 11:36:12
# 27.9437,  5.56857,   1.171, 0.1263, 2.0576,  34.6612, 19 Sep 2018 11:40:12
# 27.9761,  5.57186,   1.123, 0.0877, 1.2820,  34.6603, 19 Sep 2018 11:44:12
# 27.9954,  5.57238,   1.107, 0.1106, 1.7233,  34.6498, 19 Sep 2018 11:48:12
# 27.9952,  5.57142,   1.143, 0.1722, 2.6822,  34.6432, 19 Sep 2018 11:52:12
# 28.0027,  5.57162,   1.175, 0.1144, 1.8404,  34.6392, 19 Sep 2018 11:56:12
# 28.0224,  5.57322,   1.203, 0.1035, 1.6209,  34.6359, 19 Sep 2018 12:00:12
# 28.0179,  5.57035,   1.235, 0.0852, 1.1374,  34.6190, 19 Sep 2018 12:04:12
# 28.0588,  5.57590,   1.233, 0.0985, 1.5765,  34.6279, 19 Sep 2018 12:08:12
# 28.1125,  5.58375,   1.221, 0.0886, 1.2919,  34.6433, 19 Sep 2018 12:12:12
# 28.1455,  5.58725,   1.084, 0.0929, 1.2602,  34.6436, 19 Sep 2018 12:16:12
# 28.1813,  5.59100,   1.184, 0.0888, 1.3619,  34.6434, 19 Sep 2018 12:20:12
# 28.2217,  5.59582,   1.167, 0.0950, 1.3388,  34.6474, 19 Sep 2018 12:24:12
# 28.2601,  5.60118,   1.082, 0.1083, 1.6609,  34.6566, 19 Sep 2018 12:28:12
# 28.3006,  5.60569,   1.108, 0.0925, 1.2313,  34.6584, 19 Sep 2018 12:32:12
# 28.3351,  5.60975,   1.236, 0.1032, 1.7588,  34.6613, 19 Sep 2018 12:36:12
# 28.3615,  5.61275,   1.140, 0.1013, 1.5985,  34.6628, 19 Sep 2018 12:40:12
# 28.3968,  5.61649,   1.110, 0.0851, 1.1596,  34.6630, 19 Sep 2018 12:44:12
# 28.4212,  5.61897,   1.191, 0.0838, 1.4203,  34.6624, 19 Sep 2018 12:48:12
# 28.4447,  5.62015,   1.195, 0.0900, 1.6533,  34.6534, 19 Sep 2018 12:52:12
# 28.4377,  5.62092,   1.089, 0.0961, 1.6387,  34.6639, 19 Sep 2018 12:56:12
# 28.4575,  5.62343,   1.099, 0.0999, 1.6316,  34.6669, 19 Sep 2018 13:00:12
# 28.4917,  5.62672,   1.168, 0.0984, 1.5887,  34.6647, 19 Sep 2018 13:04:12
# 28.5245,  5.63012,   1.219, 0.1460, 2.4205,  34.6642, 19 Sep 2018 13:08:12
# 28.5526,  5.63324,   1.065, 0.0912, 1.3831,  34.6655, 19 Sep 2018 13:12:12
# 28.5884,  5.63661,   1.136, 0.0948, 1.3856,  34.6626, 19 Sep 2018 13:16:12
# 28.5886,  5.63719,   1.132, 0.0900, 1.2014,  34.6665, 19 Sep 2018 13:20:12
# 28.6156,  5.63902,   1.187, 0.0948, 1.4072,  34.6595, 19 Sep 2018 13:24:12
# 28.6373,  5.64210,   1.232, 0.0927, 1.4191,  34.6649, 19 Sep 2018 13:28:12
# 28.6456,  5.64306,   1.150, 0.1012, 1.5567,  34.6656, 19 Sep 2018 13:32:12
# 28.6625,  5.64480,   1.147, 0.0913, 1.3604,  34.6653, 19 Sep 2018 13:36:12
# 28.6875,  5.64746,   1.188, 0.0961, 1.6681,  34.6654, 19 Sep 2018 13:40:12
# 28.6750,  5.64661,   1.140, 0.0888, 1.2480,  34.6687, 19 Sep 2018 13:44:12
# 28.6984,  5.64908,   1.018, 0.0851, 1.3426,  34.6687, 19 Sep 2018 13:48:12
# 28.7142,  5.65110,   1.075, 0.0878, 1.3115,  34.6711, 19 Sep 2018 13:52:12
# 28.7383,  5.65373,   1.018, 0.0828, 1.0188,  34.6718, 19 Sep 2018 13:56:12
