# 24.6522,  5.229010,  0.963,  0.1172,  0.2409,  34.6877,  25 Jan 2018 21:01:23
# 24.6469,  5.230355,  0.939,  0.1122,  0.2913,  34.7018,  25 Jan 2018 21:05:23
# 24.6419,  5.231306,  0.949,  0.1060,  0.2614,  34.7128,  25 Jan 2018 21:09:23
# 24.6374,  5.227077,  0.973,  0.1119,  0.2745,  34.6847,  25 Jan 2018 21:13:23
# 24.6329,  5.225014,  0.969,  0.1122,  0.2950,  34.6727,  25 Jan 2018 21:17:23
# 24.6240,  5.222209,  0.975,  0.1147,  0.2494,  34.6587,  25 Jan 2018 21:21:23
# 24.6220,  5.222572,  0.977,  0.1110,  0.2745,  34.6630,  25 Jan 2018 21:25:23
# 24.6195,  5.221861,  0.988,  0.1145,  0.2234,  34.6596,  25 Jan 2018 21:29:23
# 24.6186,  5.224341,  0.981,  0.1108,  0.2399,  34.6788,  25 Jan 2018 21:33:23
# 24.6186,  5.226382,  0.982,  0.1121,  0.2712,  34.6940,  25 Jan 2018 21:37:23
# 24.6126,  5.222603,  0.980,  0.1171,  0.2519,  34.6704,  25 Jan 2018 21:41:23
# 24.6093,  5.215519,  1.001,  0.1257,  0.2528,  34.6201,  25 Jan 2018 21:45:23
# 24.5975,  5.222959,  1.004,  0.1109,  0.2491,  34.6847,  25 Jan 2018 21:49:23
# 24.5930,  5.223214,  1.018,  0.1188,  0.2625,  34.6901,  25 Jan 2018 21:53:23
# 24.5941,  5.223901,  1.014,  0.1158,  0.2361,  34.6944,  25 Jan 2018 21:57:23
