# 27.1846,  5.48268,    1.232, 0.1022, 0.2350,  34.6166, 13 Oct 2017 09:01:27
# 27.1950,  5.48387,    1.156, 0.0967, 0.2348,  34.6173, 13 Oct 2017 09:05:27
# 27.1939,  5.48449,    1.159, 0.0945, 0.2422,  34.6225, 13 Oct 2017 09:09:27
# 27.2388,  5.48073,    1.233, 0.0922, 0.2135,  34.5624, 13 Oct 2017 09:13:27
# 27.2543,  5.47860,    1.112, 0.0998, 0.2409,  34.5359, 13 Oct 2017 09:17:27
# 27.2436,  5.47881,    1.278, 0.0935, 0.2660,  34.5452, 13 Oct 2017 09:21:27
# 27.2502,  5.48010,    1.205, 0.0935, 0.2530,  34.5495, 13 Oct 2017 09:25:27
# 27.2875,  5.47960,    1.197, 0.0935, 0.2257,  34.5183, 13 Oct 2017 09:29:27
# 27.2938,  5.48049,    1.237, 0.0908, 0.2221,  34.5201, 13 Oct 2017 09:33:27
# 27.3080,  5.48003,    1.294, 0.0935, 0.2100,  34.5062, 13 Oct 2017 09:37:27
# 27.3239,  5.47945,    1.263, 0.0972, 0.2123,  34.4904, 13 Oct 2017 09:41:27
# 27.3333,  5.48029,    1.284, 0.0971, 0.2243,  34.4894, 13 Oct 2017 09:45:27
# 27.3351,  5.48105,    1.299, 0.0945, 0.2194,  34.4934, 13 Oct 2017 09:49:27
# 27.3371,  5.48324,    1.214, 0.0921, 0.2112,  34.5075, 13 Oct 2017 09:53:27
# 27.3575,  5.48554,    1.307, 0.0909, 0.1925,  34.5086, 13 Oct 2017 09:57:27
