# 26.4067,  5.388868,  0.777,  0.1083,  0.3848,  34.5257,  28 Jun 2018 23:00:08
# 26.4088,  5.388265,  0.799,  0.1183,  0.2934,  34.5198,  28 Jun 2018 23:04:08
# 26.4246,  5.389055,  0.762,  0.1120,  0.3460,  34.5137,  28 Jun 2018 23:08:08
# 26.3444,  5.383912,  0.790,  0.0993,  0.3461,  34.5367,  28 Jun 2018 23:12:08
# 26.3381,  5.383340,  0.771,  0.1043,  0.3230,  34.5373,  28 Jun 2018 23:16:08
# 26.3549,  5.384131,  0.800,  0.1058,  0.2672,  34.5304,  28 Jun 2018 23:20:08
# 26.4165,  5.387379,  0.783,  0.1192,  0.2816,  34.5076,  28 Jun 2018 23:24:08
# 26.3872,  5.385720,  0.793,  0.1106,  0.2969,  34.5176,  28 Jun 2018 23:28:08
# 26.3671,  5.384240,  0.805,  0.1081,  0.2824,  34.5220,  28 Jun 2018 23:32:08
# 26.3636,  5.383794,  0.797,  0.0995,  0.2920,  34.5214,  28 Jun 2018 23:36:08
# 26.3560,  5.383677,  0.803,  0.1009,  0.3062,  34.5263,  28 Jun 2018 23:40:08
# 26.3472,  5.382996,  0.796,  0.1021,  0.2753,  34.5280,  28 Jun 2018 23:44:08
# 26.3650,  5.383786,  0.769,  0.1058,  0.2898,  34.5203,  28 Jun 2018 23:48:08
# 26.4152,  5.385711,  0.781,  0.1157,  0.2561,  34.4966,  28 Jun 2018 23:52:08
# 26.3939,  5.384522,  0.804,  0.1120,  0.2822,  34.5039,  28 Jun 2018 23:56:08
