# 26.4511,  5.40295,    1.439, 0.1057, 0.1878,  34.5937, 07 Nov 2017 08:01:27
# 26.4505,  5.40330,    1.411, 0.1058, 0.2111,  34.5966, 07 Nov 2017 08:05:27
# 26.4625,  5.40428,    1.438, 0.1094, 0.2110,  34.5947, 07 Nov 2017 08:09:27
# 26.4814,  5.40540,    1.385, 0.1058, 0.1997,  34.5886, 07 Nov 2017 08:13:27
# 26.4881,  5.40591,    1.358, 0.1045, 0.1965,  34.5873, 07 Nov 2017 08:17:27
# 26.4952,  5.40689,    1.378, 0.1045, 0.2048,  34.5890, 07 Nov 2017 08:21:27
# 26.5012,  5.40755,    1.391, 0.1023, 0.2026,  34.5893, 07 Nov 2017 08:25:27
# 26.5070,  5.40815,    1.325, 0.1023, 0.1951,  34.5893, 07 Nov 2017 08:29:27
# 26.5207,  5.40922,    1.280, 0.1033, 0.1876,  34.5867, 07 Nov 2017 08:33:27
# 26.5294,  5.40991,    1.291, 0.1006, 0.1926,  34.5851, 07 Nov 2017 08:37:27
# 26.5408,  5.41046,    1.349, 0.1057, 0.1961,  34.5805, 07 Nov 2017 08:41:27
# 26.5485,  5.41137,    1.394, 0.1046, 0.2074,  34.5813, 07 Nov 2017 08:45:27
# 26.5604,  5.41251,    1.345, 0.1022, 0.2098,  34.5806, 07 Nov 2017 08:49:27
# 26.5661,  5.41336,    1.361, 0.1008, 0.1789,  34.5825, 07 Nov 2017 08:53:27
# 26.5731,  5.41448,    1.258, 0.0983, 0.1901,  34.5853, 07 Nov 2017 08:57:27
