# 26.1311,  5.362981,  1.039,  0.1107,  0.2537,  34.5456,  02 Jun 2018 17:03:04
# 26.0600,  5.359888,  1.054,  0.1034,  0.2479,  34.5766,  02 Jun 2018 17:07:04
# 26.0940,  5.359856,  1.056,  0.1022,  0.2332,  34.5508,  02 Jun 2018 17:11:04
# 26.1400,  5.361113,  1.063,  0.1061,  0.2302,  34.5252,  02 Jun 2018 17:15:04
# 26.2234,  5.366623,  1.042,  0.1181,  0.2164,  34.5025,  02 Jun 2018 17:19:04
# 26.1827,  5.363824,  1.061,  0.1131,  0.2069,  34.5128,  02 Jun 2018 17:23:04
# 26.0423,  5.355059,  1.070,  0.1097,  0.2345,  34.5549,  02 Jun 2018 17:27:04
# 26.0617,  5.355786,  1.069,  0.1082,  0.2203,  34.5456,  02 Jun 2018 17:31:04
# 25.9779,  5.351437,  1.068,  0.1045,  0.2276,  34.5772,  02 Jun 2018 17:35:04
# 25.9472,  5.348782,  1.077,  0.1033,  0.2166,  34.5811,  02 Jun 2018 17:39:04
# 25.8933,  5.346184,  1.078,  0.0983,  0.2383,  34.6029,  02 Jun 2018 17:43:04
# 25.9093,  5.346059,  1.082,  0.0982,  0.2354,  34.5899,  02 Jun 2018 17:47:04
# 26.0068,  5.350491,  1.078,  0.1084,  0.2116,  34.5485,  02 Jun 2018 17:51:04
# 26.0394,  5.353982,  1.083,  0.1171,  0.2241,  34.5493,  02 Jun 2018 17:55:04
# 26.0530,  5.351779,  1.084,  0.1183,  0.2587,  34.5231,  02 Jun 2018 17:59:04
