# 23.1455,  5.040698,  0.971,  0.1197,  0.1408,  34.4340,  08 Mar 2018 22:00:46
# 23.1850,  5.044815,  0.967,  0.1294,  0.1537,  34.4347,  08 Mar 2018 22:04:46
# 23.1732,  5.044259,  0.974,  0.1234,  0.1396,  34.4396,  08 Mar 2018 22:08:46
# 23.1608,  5.043285,  0.976,  0.1160,  0.1349,  34.4419,  08 Mar 2018 22:12:46
# 23.1675,  5.044107,  0.974,  0.1186,  0.1396,  34.4429,  08 Mar 2018 22:16:46
# 23.1560,  5.042410,  0.981,  0.1225,  0.1422,  34.4389,  08 Mar 2018 22:20:46
# 23.1555,  5.041900,  0.982,  0.1248,  0.1409,  34.4354,  08 Mar 2018 22:24:46
# 23.1450,  5.041284,  0.982,  0.1309,  0.1492,  34.4389,  08 Mar 2018 22:28:46
# 23.1336,  5.039678,  0.983,  0.1196,  0.1444,  34.4355,  08 Mar 2018 22:32:46
# 23.1129,  5.037868,  0.986,  0.1283,  0.1468,  34.4378,  08 Mar 2018 22:36:46
# 23.1161,  5.037586,  0.986,  0.1273,  0.1419,  34.4332,  08 Mar 2018 22:40:46
# 23.1427,  5.040310,  0.985,  0.1283,  0.1549,  34.4332,  08 Mar 2018 22:44:46
# 23.1017,  5.037571,  0.987,  0.1221,  0.1385,  34.4443,  08 Mar 2018 22:48:46
# 23.0948,  5.035966,  0.990,  0.1199,  0.1372,  34.4374,  08 Mar 2018 22:52:46
# 23.0846,  5.034582,  0.992,  0.1272,  0.1601,  34.4348,  08 Mar 2018 22:56:46
