# 27.5772,  5.502618,  1.037,  0.1605,  0.1550,  34.4674,  25 Sep 2017 20:00:05
# 27.5728,  5.502184,  1.034,  0.1464,  0.2039,  34.4676,  25 Sep 2017 20:04:05
# 27.5540,  5.497885,  1.077,  0.1548,  0.1572,  34.4511,  25 Sep 2017 20:08:05
# 27.5567,  5.499371,  1.025,  0.1592,  0.1876,  34.4596,  25 Sep 2017 20:12:05
# 27.5523,  5.501836,  1.093,  0.1402,  0.1635,  34.4802,  25 Sep 2017 20:16:05
# 27.5374,  5.505402,  1.004,  0.1389,  0.1780,  34.5164,  25 Sep 2017 20:20:05
# 27.5238,  5.501647,  1.020,  0.1328,  0.1708,  34.4999,  25 Sep 2017 20:24:05
# 27.5075,  5.498004,  1.027,  0.1340,  0.1818,  34.4862,  25 Sep 2017 20:28:05
# 27.5024,  5.496962,  1.086,  0.1266,  0.1766,  34.4826,  25 Sep 2017 20:32:05
# 27.4967,  5.495255,  1.063,  0.1339,  0.1681,  34.4747,  25 Sep 2017 20:36:05
# 27.4961,  5.494987,  1.006,  0.1353,  0.1684,  34.4733,  25 Sep 2017 20:40:05
# 27.4944,  5.497104,  1.048,  0.1400,  0.1682,  34.4895,  25 Sep 2017 20:44:05
# 27.4821,  5.494939,  1.002,  0.1340,  0.1990,  34.4833,  25 Sep 2017 20:48:05
# 27.4786,  5.495485,  1.072,  0.1276,  0.1682,  34.4897,  25 Sep 2017 20:52:05
# 27.4719,  5.493494,  1.027,  0.1229,  0.1550,  34.4805,  25 Sep 2017 20:56:05
