# 25.2098,  5.19138,    0.898, 0.1048, 0.1672,  33.9848, 29 Dec 2017 22:03:16
# 25.2280,  5.20132,    0.909, 0.1135, 0.2023,  34.0442, 29 Dec 2017 22:07:16
# 25.2283,  5.20325,    0.922, 0.1065, 0.1609,  34.0582, 29 Dec 2017 22:11:16
# 25.2256,  5.20399,    0.923, 0.1034, 0.1608,  34.0657, 29 Dec 2017 22:15:16
# 25.1990,  5.19439,    0.927, 0.1110, 0.1640,  34.0151, 29 Dec 2017 22:19:16
# 25.1737,  5.18486,    0.932, 0.1083, 0.1672,  33.9639, 29 Dec 2017 22:23:16
# 25.1970,  5.19053,    0.950, 0.1085, 0.1670,  33.9882, 29 Dec 2017 22:27:16
# 25.1925,  5.18860,    0.954, 0.1109, 0.1584,  33.9773, 29 Dec 2017 22:31:16
# 25.1633,  5.17627,    0.963, 0.1086, 0.1621,  33.9085, 29 Dec 2017 22:35:16
# 25.1829,  5.18125,    0.966, 0.1097, 0.1691,  33.9304, 29 Dec 2017 22:39:16
# 25.1776,  5.17812,    0.972, 0.1161, 0.1718,  33.9114, 29 Dec 2017 22:43:16
# 25.1884,  5.18386,    0.981, 0.1097, 0.1682,  33.9455, 29 Dec 2017 22:47:16
# 25.1888,  5.18598,    0.992, 0.1074, 0.1705,  33.9607, 29 Dec 2017 22:51:16
# 25.1936,  5.19011,    0.995, 0.1061, 0.1586,  33.9875, 29 Dec 2017 22:55:16
# 25.1779,  5.18322,    1.003, 0.1049, 0.1534,  33.9486, 29 Dec 2017 22:59:16
