# 27.4182,  5.49356,    0.751, 0.1579, 0.2432,  34.5207, 30 Oct 2017 19:01:27
# 27.3728,  5.48869,    0.809, 0.1857, 0.2697,  34.5198, 30 Oct 2017 19:05:27
# 27.3828,  5.48940,    0.769, 0.1785, 0.2530,  34.5175, 30 Oct 2017 19:09:27
# 27.3818,  5.48918,    0.750, 0.1775, 0.2593,  34.5166, 30 Oct 2017 19:13:27
# 27.3828,  5.48948,    0.793, 0.1604, 0.2412,  34.5180, 30 Oct 2017 19:17:27
# 27.4026,  5.49129,    0.755, 0.1701, 0.2433,  34.5162, 30 Oct 2017 19:21:27
# 27.3857,  5.48492,    0.806, 0.1846, 0.2420,  34.4836, 30 Oct 2017 19:25:27
# 27.3814,  5.48688,    0.769, 0.1895, 0.2662,  34.5007, 30 Oct 2017 19:29:27
# 27.3732,  5.48573,    0.791, 0.1943, 0.2335,  34.4986, 30 Oct 2017 19:33:27
# 27.3767,  5.48430,    0.836, 0.1724, 0.2373,  34.4859, 30 Oct 2017 19:37:27
# 27.3769,  5.48495,    0.759, 0.1798, 0.2294,  34.4903, 30 Oct 2017 19:41:27
# 27.3601,  5.48532,    0.785, 0.1688, 0.2760,  34.5053, 30 Oct 2017 19:45:27
# 27.3497,  5.48583,    0.797, 0.1593, 0.2447,  34.5166, 30 Oct 2017 19:49:27
# 27.3431,  5.48516,    0.746, 0.1580, 0.2279,  34.5168, 30 Oct 2017 19:53:27
# 27.3392,  5.48306,    0.756, 0.1523, 0.2291,  34.5048, 30 Oct 2017 19:57:27
