# 24.6700,  5.17829,    0.836, 0.1282, 0.2590,  34.2962, 07 Jan 2018 17:03:16
# 24.6560,  5.17600,    0.810, 0.1244, 0.2506,  34.2898, 07 Jan 2018 17:07:16
# 24.6482,  5.17282,    0.829, 0.1271, 0.2422,  34.2720, 07 Jan 2018 17:11:16
# 24.6388,  5.17096,    0.828, 0.1159, 0.2158,  34.2653, 07 Jan 2018 17:15:16
# 24.6261,  5.16887,    0.845, 0.1172, 0.2384,  34.2595, 07 Jan 2018 17:19:16
# 24.6302,  5.16883,    0.849, 0.1220, 0.2804,  34.2561, 07 Jan 2018 17:23:16
# 24.6417,  5.17283,    0.849, 0.1173, 0.2625,  34.2771, 07 Jan 2018 17:27:16
# 24.6233,  5.17129,    0.860, 0.1464, 0.2290,  34.2797, 07 Jan 2018 17:31:16
# 24.6073,  5.16965,    0.871, 0.1220, 0.2803,  34.2796, 07 Jan 2018 17:35:16
# 24.5959,  5.16786,    0.884, 0.1071, 0.2406,  34.2750, 07 Jan 2018 17:39:16
# 24.5891,  5.16693,    0.859, 0.1110, 0.2758,  34.2733, 07 Jan 2018 17:43:16
# 24.5901,  5.16752,    0.879, 0.1183, 0.2147,  34.2769, 07 Jan 2018 17:47:16
# 24.5891,  5.16858,    0.892, 0.1258, 0.2670,  34.2855, 07 Jan 2018 17:51:16
# 24.5783,  5.16703,    0.890, 0.1120, 0.2553,  34.2823, 07 Jan 2018 17:55:16
# 24.5756,  5.16704,    0.916, 0.1135, 0.2372,  34.2844, 07 Jan 2018 17:59:16
