# 23.8644,  5.08106,    1.191, 0.1098, 0.2234,  34.1836, 07 Jan 2018 07:03:16
# 23.8107,  5.07340,    1.196, 0.1162, 0.2408,  34.1670, 07 Jan 2018 07:07:16
# 23.7447,  5.05918,    1.201, 0.1048, 0.2084,  34.1102, 07 Jan 2018 07:11:16
# 23.6970,  5.05024,    1.201, 0.1123, 0.2060,  34.0791, 07 Jan 2018 07:15:16
# 23.7024,  5.05022,    1.203, 0.1123, 0.1942,  34.0748, 07 Jan 2018 07:19:16
# 23.7207,  5.05294,    1.205, 0.1135, 0.2110,  34.0813, 07 Jan 2018 07:23:16
# 23.7707,  5.05816,    1.208, 0.1207, 0.1976,  34.0825, 07 Jan 2018 07:27:16
# 23.7993,  5.06379,    1.216, 0.1162, 0.1975,  34.1032, 07 Jan 2018 07:31:16
# 23.8100,  5.06639,    1.214, 0.1176, 0.2204,  34.1146, 07 Jan 2018 07:35:16
# 23.7912,  5.06379,    1.225, 0.1160, 0.2269,  34.1093, 07 Jan 2018 07:39:16
# 23.7770,  5.06107,    1.228, 0.1186, 0.2148,  34.0997, 07 Jan 2018 07:43:16
# 23.7597,  5.05781,    1.226, 0.1161, 0.2097,  34.0883, 07 Jan 2018 07:47:16
# 23.7716,  5.05778,    1.233, 0.1160, 0.2087,  34.0790, 07 Jan 2018 07:51:16
# 23.7999,  5.06170,    1.234, 0.1247, 0.2194,  34.0869, 07 Jan 2018 07:55:16
# 23.7903,  5.06415,    1.238, 0.1124, 0.2184,  34.1128, 07 Jan 2018 07:59:16
