# 22.7889,  4.982472,  1.031,  0.1222,  0.1549,  34.2649,  12 Mar 2018 01:00:46
# 22.7819,  4.980685,  1.036,  0.1197,  0.1412,  34.2566,  12 Mar 2018 01:08:46
# 22.7795,  4.981139,  1.037,  0.1163,  0.1444,  34.2619,  12 Mar 2018 01:12:46
# 22.7740,  4.979337,  1.041,  0.1137,  0.1422,  34.2523,  12 Mar 2018 01:20:46
# 22.7799,  4.978800,  1.049,  0.1126,  0.1340,  34.2436,  12 Mar 2018 01:24:46
# 22.7653,  4.975848,  1.047,  0.1211,  0.1482,  34.2322,  12 Mar 2018 01:32:46
# 22.7835,  4.977770,  1.049,  0.1221,  0.1479,  34.2328,  12 Mar 2018 01:40:46
# 22.7994,  4.980730,  1.048,  0.1148,  0.1492,  34.2432,  12 Mar 2018 01:44:46
# 22.7871,  4.979027,  1.054,  0.1160,  0.1340,  34.2397,  12 Mar 2018 01:52:46
# 22.7809,  4.978384,  1.056,  0.1161,  0.1411,  34.2396,  12 Mar 2018 01:56:46
