# 24.6445,  5.190716,  0.662,  0.1037,  0.2441,  34.4082,  25 Apr 2018 07:02:05
# 24.6411,  5.189182,  0.645,  0.0996,  0.2145,  34.3994,  25 Apr 2018 07:06:05
# 24.6423,  5.189845,  0.671,  0.1035,  0.2505,  34.4034,  25 Apr 2018 07:10:05
# 24.6306,  5.190439,  0.644,  0.0959,  0.2731,  34.4168,  25 Apr 2018 07:14:05
# 24.6262,  5.190724,  0.670,  0.1025,  0.2418,  34.4223,  25 Apr 2018 07:18:05
# 24.6194,  5.191086,  0.653,  0.1014,  0.2335,  34.4302,  25 Apr 2018 07:22:05
# 24.6163,  5.190886,  0.655,  0.0975,  0.2245,  34.4311,  25 Apr 2018 07:26:05
# 24.6138,  5.187542,  0.656,  0.0961,  0.2442,  34.4081,  25 Apr 2018 07:30:05
# 24.6208,  5.186825,  0.649,  0.0948,  0.2310,  34.3974,  25 Apr 2018 07:34:05
# 24.6197,  5.188150,  0.646,  0.0960,  0.2335,  34.4081,  25 Apr 2018 07:38:05
# 24.6060,  5.187511,  0.661,  0.0949,  0.2104,  34.4138,  25 Apr 2018 07:42:05
# 24.5719,  5.185470,  0.662,  0.0948,  0.2325,  34.4247,  25 Apr 2018 07:46:05
# 24.5853,  5.184337,  0.655,  0.0959,  0.2157,  34.4060,  25 Apr 2018 07:50:05
# 24.5968,  5.183297,  0.652,  0.0949,  0.2243,  34.3895,  25 Apr 2018 07:54:05
# 24.6060,  5.183875,  0.648,  0.0938,  0.2191,  34.3867,  25 Apr 2018 07:58:05
