# 26.9408,  6.655913,  0.900,  0.0945,  0.1690,  43.3447,  21 Aug 2018 08:00:08
# 26.9228,  6.640362,  0.915,  0.1007,  0.1814,  43.2462,  21 Aug 2018 08:04:08
# 26.9301,  6.641427,  0.821,  0.1033,  0.1678,  43.2472,  21 Aug 2018 08:08:08
# 26.9329,  6.636479,  0.858,  0.1006,  0.1712,  43.2079,  21 Aug 2018 08:12:08
# 26.9437,  6.636556,  0.942,  0.1006,  0.1727,  43.1983,  21 Aug 2018 08:16:08
# 26.9547,  6.640301,  0.889,  0.0958,  0.1724,  43.2158,  21 Aug 2018 08:20:08
# 26.9564,  6.639751,  0.847,  0.0983,  0.1801,  43.2102,  21 Aug 2018 08:24:08
# 26.9707,  6.645543,  0.864,  0.0959,  0.1582,  43.2396,  21 Aug 2018 08:28:08
# 26.9789,  6.643428,  0.828,  0.0941,  0.1689,  43.2163,  21 Aug 2018 08:32:08
# 26.9853,  6.642277,  0.887,  0.0945,  0.1629,  43.2017,  21 Aug 2018 08:36:08
# 26.9894,  6.646686,  0.901,  0.0920,  0.1664,  43.2306,  21 Aug 2018 08:40:08
# 26.9933,  6.650614,  0.900,  0.0907,  0.1570,  43.2560,  21 Aug 2018 08:44:08
# 27.0009,  6.654974,  0.930,  0.0942,  0.1581,  43.2812,  21 Aug 2018 08:48:08
# 27.0104,  6.656866,  0.949,  0.0908,  0.1607,  43.2863,  21 Aug 2018 08:52:08
# 27.0082,  6.657847,  0.938,  0.0944,  0.1752,  43.2957,  21 Aug 2018 08:56:08
