# 26.9941,  6.329164,  1.004,  0.1083,  0.3005,  40.8847,  01 Sep 2018 21:00:08
# 26.9945,  6.328584,  0.964,  0.1164,  0.3561,  40.8801,  01 Sep 2018 21:04:08
# 26.9824,  6.330089,  0.912,  0.1121,  0.3242,  40.9019,  01 Sep 2018 21:08:08
# 26.9732,  6.329980,  0.999,  0.1109,  0.3485,  40.9092,  01 Sep 2018 21:12:08
# 26.9871,  6.329248,  1.016,  0.1181,  0.2837,  40.8915,  01 Sep 2018 21:16:08
# 26.9957,  6.331763,  0.948,  0.1118,  0.3005,  40.9024,  01 Sep 2018 21:20:08
# 26.9899,  6.332764,  1.018,  0.1157,  0.2672,  40.9149,  01 Sep 2018 21:24:08
# 26.9858,  6.333664,  0.890,  0.1142,  0.3191,  40.9251,  01 Sep 2018 21:28:08
# 26.9771,  6.333782,  0.927,  0.1108,  0.2956,  40.9336,  01 Sep 2018 21:32:08
# 26.9761,  6.335094,  0.931,  0.1157,  0.3521,  40.9442,  01 Sep 2018 21:36:08
# 26.9749,  6.335616,  1.055,  0.1155,  0.3107,  40.9490,  01 Sep 2018 21:40:08
# 26.9667,  6.336146,  0.919,  0.1131,  0.3742,  40.9602,  01 Sep 2018 21:44:08
# 26.9576,  6.336323,  0.903,  0.1145,  0.3846,  40.9697,  01 Sep 2018 21:48:08
# 26.9536,  6.337576,  1.011,  0.1144,  0.3062,  40.9823,  01 Sep 2018 21:52:08
# 26.9802,  6.338871,  0.990,  0.1192,  0.3037,  40.9682,  01 Sep 2018 21:56:08
