# 23.5742,  5.110192,  0.665,  0.1109,  0.2528,  34.6299,  02 Mar 2018 22:00:46
# 23.5632,  5.108991,  0.625,  0.1073,  0.2395,  34.6294,  02 Mar 2018 22:04:46
# 23.5533,  5.108210,  0.628,  0.1087,  0.2565,  34.6312,  02 Mar 2018 22:08:46
# 23.5415,  5.105616,  0.624,  0.1271,  0.2588,  34.6207,  02 Mar 2018 22:12:46
# 23.5373,  5.105609,  0.619,  0.1183,  0.2890,  34.6239,  02 Mar 2018 22:16:46
# 23.5134,  5.104438,  0.621,  0.1135,  0.2337,  34.6337,  02 Mar 2018 22:20:46
# 23.4893,  5.102327,  0.664,  0.1209,  0.2602,  34.6364,  02 Mar 2018 22:24:46
# 23.4943,  5.102006,  0.647,  0.1137,  0.2625,  34.6301,  02 Mar 2018 22:28:46
# 23.4892,  5.100935,  0.628,  0.1121,  0.2384,  34.6259,  02 Mar 2018 22:32:46
# 23.4858,  5.099650,  0.646,  0.1150,  0.2292,  34.6188,  02 Mar 2018 22:36:46
# 23.4819,  5.099895,  0.614,  0.1122,  0.3102,  34.6237,  02 Mar 2018 22:40:46
# 23.4647,  5.099444,  0.612,  0.1147,  0.2625,  34.6337,  02 Mar 2018 22:44:46
# 23.4647,  5.098281,  0.635,  0.1135,  0.2338,  34.6249,  02 Mar 2018 22:48:46
# 23.4659,  5.097685,  0.606,  0.1173,  0.2601,  34.6193,  02 Mar 2018 22:52:46
# 23.4641,  5.097180,  0.623,  0.1160,  0.2347,  34.6169,  02 Mar 2018 22:56:46
