# 27.0918,  5.454684,  1.073,  0.1118,  0.2155,  34.4864,  18 Jun 2018 18:03:04
# 27.1056,  5.455203,  1.078,  0.1157,  0.2285,  34.4798,  18 Jun 2018 18:07:04
# 27.1252,  5.456211,  1.086,  0.1243,  0.2254,  34.4725,  18 Jun 2018 18:11:04
# 27.1351,  5.456754,  1.076,  0.1216,  0.2178,  34.4690,  18 Jun 2018 18:15:04
# 27.1415,  5.457408,  1.075,  0.1218,  0.2265,  34.4689,  18 Jun 2018 18:19:04
# 27.1445,  5.457502,  1.097,  0.1192,  0.2228,  34.4674,  18 Jun 2018 18:23:04
# 27.1125,  5.454951,  1.095,  0.1169,  0.2142,  34.4729,  18 Jun 2018 18:27:04
# 27.0710,  5.451196,  1.101,  0.1157,  0.2586,  34.4770,  18 Jun 2018 18:31:04
# 26.9891,  5.444147,  1.102,  0.1057,  0.2166,  34.4875,  18 Jun 2018 18:35:04
# 26.9819,  5.443210,  1.113,  0.1044,  0.2119,  34.4862,  18 Jun 2018 18:39:04
# 26.9726,  5.441488,  1.118,  0.1092,  0.2118,  34.4808,  18 Jun 2018 18:43:04
# 27.0015,  5.442903,  1.124,  0.1144,  0.2309,  34.4694,  18 Jun 2018 18:47:04
# 27.0471,  5.444366,  1.126,  0.1266,  0.1909,  34.4461,  18 Jun 2018 18:51:04
# 27.0421,  5.444563,  1.125,  0.1327,  0.2032,  34.4512,  18 Jun 2018 18:55:04
# 27.0310,  5.443572,  1.134,  0.1241,  0.2165,  34.4523,  18 Jun 2018 18:59:04
