# 24.7464,  5.139489,  0.839,  0.1344,  0.1817,  33.9498,  25 Nov 2017 23:02:57
# 24.7044,  5.133690,  0.843,  0.1257,  0.1685,  33.9385,  25 Nov 2017 23:06:57
# 24.6736,  5.125141,  0.845,  0.1308,  0.1965,  33.8982,  25 Nov 2017 23:10:57
# 24.7416,  5.135016,  0.850,  0.1335,  0.1804,  33.9203,  25 Nov 2017 23:14:57
# 24.7294,  5.131626,  0.852,  0.1305,  0.1903,  33.9043,  25 Nov 2017 23:18:57
# 24.6931,  5.125984,  0.856,  0.1345,  0.1840,  33.8897,  25 Nov 2017 23:22:57
# 24.7026,  5.122727,  0.859,  0.1315,  0.2097,  33.8585,  25 Nov 2017 23:26:57
# 24.6808,  5.121471,  0.862,  0.1234,  0.2308,  33.8655,  25 Nov 2017 23:30:57
# 24.7209,  5.126704,  0.865,  0.1209,  0.1855,  33.8742,  25 Nov 2017 23:34:57
# 24.7684,  5.134732,  0.866,  0.1245,  0.2087,  33.8980,  25 Nov 2017 23:38:57
# 24.7496,  5.130783,  0.871,  0.1209,  0.1925,  33.8828,  25 Nov 2017 23:42:57
# 24.7121,  5.124359,  0.871,  0.1286,  0.1855,  33.8634,  25 Nov 2017 23:46:57
# 24.7315,  5.130630,  0.875,  0.1209,  0.1855,  33.8953,  25 Nov 2017 23:50:57
# 24.7069,  5.124229,  0.877,  0.1234,  0.1817,  33.8663,  25 Nov 2017 23:54:57
# 24.7071,  5.121899,  0.879,  0.1269,  0.1926,  33.8489,  25 Nov 2017 23:58:57
