# 27.6005,  6.818251,  1.122,  0.0982,  0.1846,  43.9216,  05 Aug 2018 14:00:08
# 27.6152,  6.819295,  1.130,  0.0995,  0.1859,  43.9153,  05 Aug 2018 14:04:08
# 27.6090,  6.817069,  1.098,  0.1057,  0.1736,  43.9048,  05 Aug 2018 14:08:08
# 27.6023,  6.816912,  1.114,  0.1094,  0.1936,  43.9100,  05 Aug 2018 14:12:08
# 27.6113,  6.819729,  1.087,  0.1019,  0.1887,  43.9222,  05 Aug 2018 14:16:08
# 27.6081,  6.822443,  1.100,  0.1010,  0.1746,  43.9451,  05 Aug 2018 14:20:08
# 27.6148,  6.824061,  1.069,  0.0995,  0.1810,  43.9507,  05 Aug 2018 14:24:08
# 27.6407,  6.828671,  1.100,  0.0958,  0.1785,  43.9601,  05 Aug 2018 14:28:08
# 27.6111,  6.826331,  1.041,  0.0968,  0.1762,  43.9709,  05 Aug 2018 14:32:08
# 27.6358,  6.830960,  1.064,  0.0945,  0.1945,  43.9815,  05 Aug 2018 14:36:08
# 27.6496,  6.833066,  1.057,  0.0943,  0.1823,  43.9840,  05 Aug 2018 14:40:08
# 27.6575,  6.834650,  1.084,  0.0969,  0.1823,  43.9881,  05 Aug 2018 14:44:08
# 27.6269,  6.832396,  1.046,  0.0980,  0.1871,  44.0005,  05 Aug 2018 14:48:08
# 27.6724,  6.838393,  1.064,  0.0967,  0.1800,  44.0015,  05 Aug 2018 14:52:08
# 27.6468,  6.835747,  1.082,  0.0981,  0.2090,  44.0063,  05 Aug 2018 14:56:08
