# 23.0051,  5.005602,  0.774,  0.0793,  0.1549,  34.2742,  10 Mar 2018 11:00:46
# 23.0126,  5.006603,  0.784,  0.0839,  0.1595,  34.2761,  10 Mar 2018 11:04:46
# 23.0190,  5.007711,  0.793,  0.0830,  0.1505,  34.2796,  10 Mar 2018 11:08:46
# 23.0493,  5.009403,  0.793,  0.0816,  0.1457,  34.2690,  10 Mar 2018 11:12:46
# 23.0400,  5.010306,  0.775,  0.0826,  0.1842,  34.2832,  10 Mar 2018 11:16:46
# 23.0460,  5.010913,  0.786,  0.0802,  0.1411,  34.2832,  10 Mar 2018 11:20:46
# 23.0698,  5.012613,  0.783,  0.0829,  0.1434,  34.2777,  10 Mar 2018 11:24:46
# 23.0878,  5.015734,  0.795,  0.0948,  0.1537,  34.2876,  10 Mar 2018 11:32:46
# 23.0910,  5.017526,  0.791,  0.0815,  0.1682,  34.2988,  10 Mar 2018 11:36:46
# 23.1231,  5.019265,  0.789,  0.0825,  0.1571,  34.2871,  10 Mar 2018 11:40:46
# 23.1501,  5.022987,  0.800,  0.0817,  0.1505,  34.2946,  10 Mar 2018 11:44:46
# 23.1516,  5.024560,  0.803,  0.0815,  0.1506,  34.3055,  10 Mar 2018 11:48:46
# 23.1803,  5.027653,  0.798,  0.0801,  0.1456,  34.3069,  10 Mar 2018 11:52:46
# 23.1581,  5.027714,  0.778,  0.0842,  0.1537,  34.3247,  10 Mar 2018 11:56:46
