# 27.4927,  5.50426,    1.190, 0.0896, 0.3212,  34.5412, 31 Oct 2017 13:01:27
# 27.5151,  5.50671,    1.255, 0.0909, 0.2888,  34.5420, 31 Oct 2017 13:05:27
# 27.5054,  5.50626,    1.234, 0.0934, 0.3246,  34.5460, 31 Oct 2017 13:09:27
# 27.5196,  5.50795,    1.251, 0.0957, 0.3085,  34.5474, 31 Oct 2017 13:13:27
# 27.5282,  5.50882,    1.307, 0.0984, 0.3316,  34.5472, 31 Oct 2017 13:17:27
# 27.5305,  5.50800,    1.246, 0.1032, 0.3391,  34.5398, 31 Oct 2017 13:21:27
# 27.5348,  5.50598,    1.231, 0.0996, 0.3005,  34.5223, 31 Oct 2017 13:25:27
# 27.5576,  5.51118,    1.245, 0.1032, 0.2995,  34.5422, 31 Oct 2017 13:29:27
# 27.6038,  5.51644,    1.192, 0.0995, 0.3198,  34.5452, 31 Oct 2017 13:33:27
# 27.6028,  5.51677,    1.257, 0.1044, 0.4423,  34.5483, 31 Oct 2017 13:37:27
# 27.5798,  5.51443,    1.176, 0.1009, 0.3182,  34.5487, 31 Oct 2017 13:41:27
# 27.6140,  5.51704,    1.197, 0.0969, 0.2721,  34.5420, 31 Oct 2017 13:45:27
# 27.6416,  5.52007,    1.290, 0.1008, 0.3004,  34.5429, 31 Oct 2017 13:49:27
# 27.6645,  5.52199,    1.245, 0.1006, 0.3111,  34.5395, 31 Oct 2017 13:53:27
# 27.6779,  5.52437,    1.176, 0.1030, 0.3221,  34.5465, 31 Oct 2017 13:57:27
