# 25.9745,  5.341382,  0.674,  0.1022,  0.3436,  34.5068,  09 Jun 2018 07:03:04
# 25.9982,  5.341164,  0.714,  0.1057,  0.5998,  34.4873,  09 Jun 2018 07:07:04
# 26.0028,  5.341998,  0.703,  0.1047,  0.5587,  34.4900,  09 Jun 2018 07:11:04
# 26.0423,  5.339673,  0.741,  0.1093,  0.5505,  34.4434,  09 Jun 2018 07:15:04
# 26.0260,  5.341257,  0.705,  0.1035,  0.4264,  34.4671,  09 Jun 2018 07:19:04
# 26.0006,  5.342599,  0.663,  0.1044,  0.6696,  34.4960,  09 Jun 2018 07:23:04
# 26.0006,  5.342311,  0.688,  0.1070,  0.6889,  34.4939,  09 Jun 2018 07:27:04
# 26.0143,  5.342544,  0.635,  0.1061,  0.5085,  34.4853,  09 Jun 2018 07:31:04
# 26.0156,  5.343621,  0.657,  0.0949,  0.4273,  34.4922,  09 Jun 2018 07:35:04
# 26.0196,  5.344480,  0.684,  0.0958,  0.3933,  34.4954,  09 Jun 2018 07:39:04
# 26.0121,  5.345698,  0.753,  0.0896,  0.3289,  34.5098,  09 Jun 2018 07:43:04
# 26.0115,  5.346369,  0.747,  0.0946,  0.3859,  34.5151,  09 Jun 2018 07:47:04
# 26.0489,  5.344066,  0.699,  0.0962,  0.3487,  34.4703,  09 Jun 2018 07:51:04
# 26.0513,  5.345783,  0.664,  0.0920,  0.3780,  34.4810,  09 Jun 2018 07:55:04
# 26.0344,  5.346993,  0.692,  0.0936,  0.5365,  34.5025,  09 Jun 2018 07:59:04
