# 26.3039,  5.374528,  0.860,  0.1045,  0.3932,  34.4993,  28 Jun 2018 04:00:08
# 26.2995,  5.374724,  0.883,  0.1021,  0.3388,  34.5040,  28 Jun 2018 04:04:08
# 26.2907,  5.373715,  0.864,  0.1009,  0.3487,  34.5033,  28 Jun 2018 04:08:08
# 26.2757,  5.372424,  0.854,  0.1044,  0.3944,  34.5052,  28 Jun 2018 04:12:08
# 26.3249,  5.374864,  0.862,  0.1144,  0.2933,  34.4860,  28 Jun 2018 04:16:08
# 26.3695,  5.377125,  0.868,  0.1169,  0.3231,  34.4689,  28 Jun 2018 04:20:08
# 26.3496,  5.376515,  0.893,  0.1081,  0.3693,  34.4793,  28 Jun 2018 04:24:08
# 26.3311,  5.375435,  0.889,  0.1095,  0.3486,  34.4855,  28 Jun 2018 04:28:08
# 26.3339,  5.376100,  0.889,  0.1070,  0.4299,  34.4882,  28 Jun 2018 04:32:08
# 26.3364,  5.375913,  0.903,  0.1146,  0.3943,  34.4849,  28 Jun 2018 04:36:08
# 26.3166,  5.374606,  0.881,  0.1058,  0.3547,  34.4904,  28 Jun 2018 04:40:08
# 26.3026,  5.372823,  0.854,  0.1081,  0.4361,  34.4879,  28 Jun 2018 04:44:08
# 26.3181,  5.373941,  0.854,  0.1109,  0.4286,  34.4844,  28 Jun 2018 04:48:08
# 26.3299,  5.374497,  0.821,  0.1131,  0.3547,  34.4796,  28 Jun 2018 04:52:08
# 26.3159,  5.373472,  0.891,  0.1157,  0.4911,  34.4827,  28 Jun 2018 04:56:08
