# 26.6172,  5.934859,  0.953,  0.1046,  0.2634,  38.3216,  02 Aug 2018 07:00:08
# 26.6119,  5.934582,  0.969,  0.1070,  0.2910,  38.3239,  02 Aug 2018 07:04:08
# 26.5554,  5.930637,  0.943,  0.1044,  0.2729,  38.3421,  02 Aug 2018 07:08:08
# 26.5726,  5.931445,  0.933,  0.1104,  0.3362,  38.3337,  02 Aug 2018 07:12:08
# 26.5698,  5.931445,  0.988,  0.1033,  0.3204,  38.3360,  02 Aug 2018 07:16:08
# 26.5580,  5.931061,  0.939,  0.1070,  0.3523,  38.3430,  02 Aug 2018 07:20:08
# 26.6296,  5.936624,  0.977,  0.1072,  0.2718,  38.3241,  02 Aug 2018 07:24:08
# 26.6793,  5.941274,  0.991,  0.1146,  0.3005,  38.3167,  02 Aug 2018 07:28:08
# 26.6088,  5.936804,  0.994,  0.1071,  0.2764,  38.3427,  02 Aug 2018 07:32:08
# 26.6063,  5.936527,  0.990,  0.1092,  0.3053,  38.3428,  02 Aug 2018 07:36:08
# 26.6026,  5.936102,  0.998,  0.1072,  0.3291,  38.3427,  02 Aug 2018 07:40:08
# 26.5890,  5.935922,  0.997,  0.1044,  0.2989,  38.3527,  02 Aug 2018 07:44:08
# 26.5887,  5.935669,  1.010,  0.0995,  0.3151,  38.3512,  02 Aug 2018 07:48:08
# 26.5698,  5.934582,  1.007,  0.1070,  0.3352,  38.3589,  02 Aug 2018 07:52:08
# 26.5451,  5.933284,  0.979,  0.0996,  0.3289,  38.3700,  02 Aug 2018 07:56:08
