# 26.6850,  5.415923,  0.871,  0.1033,  0.4113,  34.5121,  09 Jun 2018 18:03:04
# 26.7106,  5.417681,  0.889,  0.1081,  0.3438,  34.5057,  09 Jun 2018 18:07:04
# 26.7090,  5.418741,  0.942,  0.1035,  0.3568,  34.5144,  09 Jun 2018 18:11:04
# 26.7146,  5.418529,  0.860,  0.1107,  0.3239,  34.5088,  09 Jun 2018 18:15:04
# 26.7166,  5.418930,  0.864,  0.1083,  0.3156,  34.5101,  09 Jun 2018 18:19:04
# 26.7091,  5.418694,  0.872,  0.1045,  0.3277,  34.5140,  09 Jun 2018 18:23:04
# 26.7117,  5.418388,  0.905,  0.1081,  0.3241,  34.5098,  09 Jun 2018 18:27:04
# 26.7193,  5.417728,  0.915,  0.1119,  0.4287,  34.4995,  09 Jun 2018 18:31:04
# 26.6701,  5.413577,  0.886,  0.1083,  0.3570,  34.5064,  09 Jun 2018 18:35:04
# 26.6368,  5.410587,  0.913,  0.1080,  0.4177,  34.5098,  09 Jun 2018 18:39:04
# 26.6584,  5.412015,  0.896,  0.1095,  0.4589,  34.5040,  09 Jun 2018 18:43:04
# 26.6383,  5.410368,  0.859,  0.1070,  0.3421,  34.5071,  09 Jun 2018 18:47:04
# 26.6051,  5.407920,  0.807,  0.1032,  0.4518,  34.5144,  09 Jun 2018 18:51:04
# 26.6103,  5.408407,  0.864,  0.1033,  0.3993,  34.5140,  09 Jun 2018 18:55:04
# 26.6276,  5.410423,  0.904,  0.1010,  0.4408,  34.5155,  09 Jun 2018 18:59:04
