# 25.1020,  5.273088,  0.734,  0.1173,  0.7103,  34.6692,  04 Jun 2018 03:03:04
# 25.0669,  5.271413,  0.757,  0.1107,  0.7128,  34.6837,  04 Jun 2018 03:07:04
# 24.9916,  5.266581,  0.768,  0.1099,  0.9115,  34.7057,  04 Jun 2018 03:11:04
# 24.9892,  5.265798,  0.702,  0.1025,  0.7702,  34.7018,  04 Jun 2018 03:15:04
# 25.0158,  5.266992,  0.787,  0.1061,  0.6719,  34.6902,  04 Jun 2018 03:19:04
# 25.0141,  5.267287,  0.706,  0.1133,  1.1289,  34.6937,  04 Jun 2018 03:23:04
# 25.0008,  5.266744,  0.817,  0.1122,  1.0710,  34.6998,  04 Jun 2018 03:27:04
# 24.9860,  5.266116,  0.706,  0.1184,  1.4051,  34.7066,  04 Jun 2018 03:31:04
# 25.0181,  5.268124,  0.705,  0.1195,  1.0511,  34.6968,  04 Jun 2018 03:35:04
# 24.9945,  5.266853,  0.806,  0.1032,  0.7702,  34.7055,  04 Jun 2018 03:39:04
# 25.0150,  5.267248,  0.758,  0.1070,  0.7790,  34.6927,  04 Jun 2018 03:43:04
# 24.9914,  5.265884,  0.733,  0.1059,  0.7540,  34.7007,  04 Jun 2018 03:47:04
# 25.0272,  5.267853,  0.758,  0.1072,  0.8016,  34.6878,  04 Jun 2018 03:51:04
# 25.0741,  5.270357,  0.679,  0.1172,  1.0039,  34.6704,  04 Jun 2018 03:55:04
# 25.0191,  5.267907,  0.712,  0.1195,  1.4825,  34.6944,  04 Jun 2018 03:59:04
