# 24.8041,  5.147257,  0.754,  0.1157,  0.1852,  33.9640,  21 Feb 2018 16:01:23
# 24.9011,  5.140730,  0.742,  0.1071,  0.1719,  33.8428,  21 Feb 2018 16:05:23
# 24.8317,  5.141145,  0.742,  0.1097,  0.1903,  33.8979,  21 Feb 2018 16:09:23
# 24.8357,  5.143893,  0.760,  0.1098,  0.1595,  33.9153,  21 Feb 2018 16:13:23
# 24.8654,  5.138106,  0.761,  0.1108,  0.1623,  33.8502,  21 Feb 2018 16:17:23
# 24.8563,  5.137976,  0.775,  0.1147,  0.3279,  33.8560,  21 Feb 2018 16:21:23
# 24.8688,  5.133848,  0.772,  0.1254,  0.1659,  33.8161,  21 Feb 2018 16:25:23
# 24.8146,  5.139496,  0.772,  0.1209,  0.1874,  33.8986,  21 Feb 2018 16:29:23
# 24.8258,  5.142949,  0.779,  0.1120,  0.2049,  33.9157,  21 Feb 2018 16:33:23
# 24.8453,  5.138191,  0.788,  0.1196,  0.1707,  33.8658,  21 Feb 2018 16:37:23
# 24.8475,  5.136779,  0.793,  0.1147,  0.1800,  33.8537,  21 Feb 2018 16:41:23
# 24.8232,  5.141222,  0.799,  0.1109,  0.1694,  33.9049,  21 Feb 2018 16:45:23
# 24.8338,  5.142588,  0.786,  0.1110,  0.1658,  33.9070,  21 Feb 2018 16:49:23
# 24.8832,  5.139548,  0.791,  0.1145,  0.1886,  33.8474,  21 Feb 2018 16:53:23
# 24.7795,  5.145222,  0.791,  0.1157,  0.1717,  33.9675,  21 Feb 2018 16:57:23
