# 27.3192,  5.477283,  0.957,  0.0971,  0.2132,  34.4786,  21 Sep 2017 09:00:05
# 27.3401,  5.477796,  0.943,  0.0884,  0.1853,  34.4668,  21 Sep 2017 09:04:05
# 27.3802,  5.478986,  0.874,  0.0995,  0.1807,  34.4457,  21 Sep 2017 09:08:05
# 27.3757,  5.481361,  0.893,  0.1057,  0.1952,  34.4657,  21 Sep 2017 09:12:05
# 27.3701,  5.482719,  0.905,  0.1106,  0.1975,  34.4795,  21 Sep 2017 09:16:05
# 27.3789,  5.483003,  0.941,  0.1032,  0.1854,  34.4750,  21 Sep 2017 09:20:05
# 27.4149,  5.484249,  0.875,  0.0970,  0.1926,  34.4573,  21 Sep 2017 09:24:05
# 27.4365,  5.484470,  0.881,  0.0945,  0.1684,  34.4429,  21 Sep 2017 09:28:05
# 27.4103,  5.486088,  0.889,  0.0933,  0.2111,  34.4737,  21 Sep 2017 09:32:05
# 27.4159,  5.486467,  0.904,  0.0944,  0.1754,  34.4722,  21 Sep 2017 09:36:05
# 27.4098,  5.487754,  0.898,  0.0920,  0.1791,  34.4858,  21 Sep 2017 09:40:05
# 27.4016,  5.489002,  0.909,  0.0961,  0.1938,  34.5007,  21 Sep 2017 09:44:05
# 27.3889,  5.488994,  0.878,  0.1022,  0.2123,  34.5101,  21 Sep 2017 09:48:05
# 27.3678,  5.488797,  0.879,  0.1045,  0.2244,  34.5243,  21 Sep 2017 09:52:05
# 27.3495,  5.488505,  0.834,  0.1020,  0.2259,  34.5357,  21 Sep 2017 09:56:05
