# 24.3872,  5.142458,  0.773,  0.1171,  0.2724,  34.2447,  16 Feb 2018 20:01:23
# 24.4017,  5.135835,  0.803,  0.1197,  0.2553,  34.1840,  16 Feb 2018 20:05:23
# 24.3920,  5.151157,  0.767,  0.1259,  0.2541,  34.3061,  16 Feb 2018 20:09:23
# 24.3409,  5.151297,  0.784,  0.1344,  0.2781,  34.3464,  16 Feb 2018 20:13:23
# 24.3282,  5.149407,  0.791,  0.1321,  0.2676,  34.3419,  16 Feb 2018 20:17:23
# 24.3270,  5.141338,  0.768,  0.1346,  0.2519,  34.2824,  16 Feb 2018 20:21:23
# 24.3163,  5.127171,  0.775,  0.1308,  0.2469,  34.1844,  16 Feb 2018 20:25:23
# 24.3152,  5.139635,  0.745,  0.1321,  0.2784,  34.2786,  16 Feb 2018 20:29:23
# 24.3104,  5.144593,  0.760,  0.1367,  0.2625,  34.3195,  16 Feb 2018 20:33:23
# 24.3029,  5.142858,  0.765,  0.1282,  0.2409,  34.3122,  16 Feb 2018 20:37:23
# 24.2927,  5.133927,  0.732,  0.1331,  0.3304,  34.2531,  16 Feb 2018 20:41:23
# 24.2939,  5.128873,  0.740,  0.1206,  0.2914,  34.2143,  16 Feb 2018 20:45:23
# 24.2737,  5.139735,  0.764,  0.1417,  0.2972,  34.3112,  16 Feb 2018 20:49:23
# 24.2484,  5.140027,  0.749,  0.1405,  0.2948,  34.3329,  16 Feb 2018 20:53:23
# 24.2448,  5.137541,  0.733,  0.1404,  0.2623,  34.3169,  16 Feb 2018 20:57:23
