# 25.2856,  5.246902,  1.080,  0.1222,  0.2876,  34.3361,  19 Apr 2018 21:02:05
# 25.2865,  5.246058,  1.085,  0.1257,  0.2755,  34.3292,  19 Apr 2018 21:06:05
# 25.2784,  5.246376,  1.083,  0.1269,  0.2732,  34.3377,  19 Apr 2018 21:10:05
# 25.2821,  5.240400,  1.068,  0.1538,  0.2599,  34.2909,  19 Apr 2018 21:14:05
# 25.2779,  5.242467,  1.064,  0.1245,  0.2780,  34.3093,  19 Apr 2018 21:18:05
# 25.2706,  5.245741,  1.069,  0.1221,  0.2816,  34.3389,  19 Apr 2018 21:22:05
# 25.2757,  5.244649,  1.062,  0.1210,  0.2719,  34.3270,  19 Apr 2018 21:26:05
# 25.2693,  5.244595,  1.042,  0.1256,  0.3401,  34.3315,  19 Apr 2018 21:30:05
# 25.2740,  5.244139,  1.053,  0.1281,  0.3007,  34.3246,  19 Apr 2018 21:34:05
# 25.2668,  5.244959,  1.057,  0.1231,  0.2540,  34.3360,  19 Apr 2018 21:38:05
# 25.2658,  5.243930,  1.032,  0.1268,  0.2826,  34.3292,  19 Apr 2018 21:42:05
# 25.2637,  5.241538,  1.044,  0.1232,  0.2575,  34.3132,  19 Apr 2018 21:46:05
# 25.2642,  5.242591,  1.045,  0.1357,  0.2827,  34.3206,  19 Apr 2018 21:50:05
# 25.2549,  5.244061,  1.013,  0.1147,  0.2876,  34.3384,  19 Apr 2018 21:54:05
# 25.2469,  5.242870,  1.041,  0.1254,  0.2720,  34.3357,  19 Apr 2018 21:58:05
