# 26.7577,  5.43073,    1.046, 0.0935, 0.1707,  34.5639, 20 Oct 2017 15:01:27
# 26.7550,  5.43066,    1.044, 0.0981, 0.1720,  34.5654, 20 Oct 2017 15:05:27
# 26.7419,  5.42942,    1.050, 0.0972, 0.1778,  34.5663, 20 Oct 2017 15:09:27
# 26.7519,  5.43008,    1.067, 0.0999, 0.1830,  34.5636, 20 Oct 2017 15:13:27
# 26.7543,  5.43060,    1.064, 0.1071, 0.1656,  34.5655, 20 Oct 2017 15:17:27
# 26.7658,  5.43143,    1.081, 0.0958, 0.1634,  34.5629, 20 Oct 2017 15:21:27
# 26.7705,  5.43247,    1.056, 0.0981, 0.1646,  34.5668, 20 Oct 2017 15:25:27
# 26.7728,  5.43219,    1.044, 0.0996, 0.1791,  34.5631, 20 Oct 2017 15:29:27
# 26.7585,  5.43116,    1.023, 0.0982, 0.1635,  34.5664, 20 Oct 2017 15:33:27
# 26.7357,  5.42934,    1.107, 0.1044, 0.1645,  34.5703, 20 Oct 2017 15:37:27
# 26.7413,  5.42938,    1.088, 0.1034, 0.1745,  34.5666, 20 Oct 2017 15:41:27
# 26.7442,  5.42976,    1.068, 0.1084, 0.1671,  34.5671, 20 Oct 2017 15:45:27
# 26.7339,  5.42894,    1.091, 0.1043, 0.1632,  34.5689, 20 Oct 2017 15:49:27
# 26.7177,  5.42895,    1.058, 0.1046, 0.1730,  34.5811, 20 Oct 2017 15:53:27
# 26.7317,  5.42817,    1.046, 0.1044, 0.1778,  34.5650, 20 Oct 2017 15:57:27
