# 24.5882,  5.158369,  0.898,  0.1061,  0.2337,  34.2101,  06 Feb 2018 20:01:23
# 24.5819,  5.155280,  0.903,  0.1025,  0.2432,  34.1919,  06 Feb 2018 20:05:23
# 24.5630,  5.153644,  0.905,  0.0986,  0.2431,  34.1940,  06 Feb 2018 20:09:23
# 24.5616,  5.155173,  0.911,  0.0948,  0.2109,  34.2065,  06 Feb 2018 20:13:23
# 24.5600,  5.151539,  0.912,  0.0940,  0.2281,  34.1807,  06 Feb 2018 20:17:23
# 24.5605,  5.141235,  0.913,  0.0936,  0.2171,  34.1034,  06 Feb 2018 20:21:23
# 24.5879,  5.152860,  0.923,  0.1071,  0.2024,  34.1693,  06 Feb 2018 20:25:23
# 24.5657,  5.141979,  0.928,  0.0977,  0.2109,  34.1051,  06 Feb 2018 20:29:23
# 24.5296,  5.147131,  0.928,  0.0999,  0.1914,  34.1709,  06 Feb 2018 20:33:23
# 24.5303,  5.154704,  0.932,  0.0949,  0.1998,  34.2269,  06 Feb 2018 20:37:23
# 24.5106,  5.127651,  0.941,  0.1059,  0.1853,  34.0400,  06 Feb 2018 20:41:23
# 24.5133,  5.138910,  0.947,  0.1012,  0.1853,  34.1220,  06 Feb 2018 20:45:23
# 24.5341,  5.151547,  0.937,  0.1047,  0.1987,  34.2004,  06 Feb 2018 20:49:23
# 24.5360,  5.163313,  0.941,  0.1048,  0.1888,  34.2868,  06 Feb 2018 20:53:23
# 24.5153,  5.167436,  0.943,  0.0987,  0.1816,  34.3334,  06 Feb 2018 20:57:23
