# 27.0344,  5.49680,    0.712, 0.1257, 0.5713,  34.8293, 06 Oct 2017 23:01:27
# 27.0272,  5.49637,    0.682, 0.1192, 0.4437,  34.8317, 06 Oct 2017 23:05:27
# 27.0238,  5.49601,    0.710, 0.1231, 0.5483,  34.8316, 06 Oct 2017 23:09:27
# 27.0229,  5.49591,    0.683, 0.1205, 0.4451,  34.8316, 06 Oct 2017 23:13:27
# 27.0123,  5.49423,    0.604, 0.1256, 0.4930,  34.8276, 06 Oct 2017 23:17:27
# 27.0141,  5.49458,    0.739, 0.1230, 0.5061,  34.8287, 06 Oct 2017 23:21:27
# 27.0087,  5.49446,    0.683, 0.1267, 0.4894,  34.8319, 06 Oct 2017 23:25:27
# 27.0059,  5.49396,    0.767, 0.1193, 0.4784,  34.8304, 06 Oct 2017 23:29:27
# 27.0005,  5.49374,    0.730, 0.1218, 0.4144,  34.8329, 06 Oct 2017 23:33:27
# 26.9987,  5.49378,    0.793, 0.1170, 0.5223,  34.8345, 06 Oct 2017 23:37:27
# 26.9977,  5.49304,    0.602, 0.1317, 0.5955,  34.8301, 06 Oct 2017 23:41:27
# 26.9919,  5.49239,    0.623, 0.1229, 0.5014,  34.8298, 06 Oct 2017 23:45:27
# 26.9695,  5.48947,    0.656, 0.1206, 0.5367,  34.8256, 06 Oct 2017 23:49:27
# 26.9734,  5.48919,    0.760, 0.1178, 0.4195,  34.8207, 06 Oct 2017 23:53:27
# 26.9560,  5.48738,    0.811, 0.1182, 0.4904,  34.8209, 06 Oct 2017 23:57:27
