# 24.9466,  5.18109,    0.823, 0.0900, 0.1888,  34.1070, 31 Dec 2017 11:03:16
# 24.9713,  5.18053,    0.835, 0.0912, 0.1814,  34.0843, 31 Dec 2017 11:07:16
# 25.0040,  5.18069,    0.835, 0.0900, 0.1693,  34.0607, 31 Dec 2017 11:11:16
# 24.9955,  5.17784,    0.834, 0.0949, 0.1949,  34.0461, 31 Dec 2017 11:15:16
# 24.9986,  5.17938,    0.834, 0.0961, 0.1719,  34.0551, 31 Dec 2017 11:19:16
# 24.9813,  5.18303,    0.829, 0.0962, 0.1767,  34.0951, 31 Dec 2017 11:23:16
# 24.9685,  5.18422,    0.829, 0.0949, 0.1781,  34.1136, 31 Dec 2017 11:27:16
# 24.9981,  5.18402,    0.865, 0.0922, 0.1828,  34.0898, 31 Dec 2017 11:31:16
# 25.0315,  5.18337,    0.850, 0.0937, 0.1717,  34.0598, 31 Dec 2017 11:35:16
# 25.0317,  5.18555,    0.857, 0.0914, 0.1733,  34.0758, 31 Dec 2017 11:39:16
# 25.0352,  5.18827,    0.864, 0.0890, 0.1610,  34.0932, 31 Dec 2017 11:43:16
# 25.0599,  5.18994,    0.852, 0.0864, 0.1631,  34.0869, 31 Dec 2017 11:47:16
# 25.0581,  5.19200,    0.863, 0.0886, 0.1803,  34.1034, 31 Dec 2017 11:51:16
# 25.0747,  5.19434,    0.868, 0.0901, 0.1692,  34.1082, 31 Dec 2017 11:55:16
# 25.1521,  5.19645,    0.872, 0.0899, 0.1728,  34.0655, 31 Dec 2017 11:59:16
