# 26.3558,  5.396171,  0.846,  0.1019,  0.2499,  34.6166,  11 Jul 2018 23:00:08
# 26.3326,  5.393288,  0.789,  0.1035,  0.2717,  34.6133,  11 Jul 2018 23:04:08
# 26.3284,  5.389605,  0.808,  0.1083,  0.2442,  34.5898,  11 Jul 2018 23:08:08
# 26.3286,  5.391321,  0.817,  0.1058,  0.2464,  34.6020,  11 Jul 2018 23:12:08
# 26.3226,  5.388916,  0.855,  0.1044,  0.2404,  34.5892,  11 Jul 2018 23:16:08
# 26.3249,  5.390185,  0.829,  0.1057,  0.2332,  34.5966,  11 Jul 2018 23:20:08
# 26.3178,  5.389433,  0.787,  0.1020,  0.2501,  34.5965,  11 Jul 2018 23:24:08
# 26.3096,  5.388447,  0.794,  0.0998,  0.2332,  34.5956,  11 Jul 2018 23:28:08
# 26.3088,  5.388580,  0.829,  0.0985,  0.2742,  34.5971,  11 Jul 2018 23:32:08
# 26.2932,  5.386865,  0.799,  0.1021,  0.2537,  34.5964,  11 Jul 2018 23:36:08
# 26.2861,  5.385698,  0.805,  0.1072,  0.3194,  34.5934,  11 Jul 2018 23:40:08
# 26.2696,  5.384367,  0.805,  0.1022,  0.2815,  34.5962,  11 Jul 2018 23:44:08
# 26.2737,  5.383709,  0.805,  0.1073,  0.2910,  34.5884,  11 Jul 2018 23:48:08
# 26.2667,  5.380562,  0.852,  0.1060,  0.2391,  34.5708,  11 Jul 2018 23:52:08
# 26.2520,  5.378019,  0.828,  0.1072,  0.2428,  34.5635,  11 Jul 2018 23:56:08
