# 27.3937,  5.927296,  0.877,  0.0944,  0.2992,  37.6303,  01 Aug 2018 13:00:08
# 27.3035,  5.918725,  0.890,  0.0935,  0.3203,  37.6416,  01 Aug 2018 13:04:08
# 27.3585,  5.924161,  0.882,  0.0907,  0.3288,  37.6362,  01 Aug 2018 13:08:08
# 27.3855,  5.927345,  0.866,  0.0942,  0.3843,  37.6373,  01 Aug 2018 13:12:08
# 27.4263,  5.931992,  0.863,  0.0970,  0.3816,  37.6377,  01 Aug 2018 13:16:08
# 27.4148,  5.931175,  0.897,  0.0947,  0.3399,  37.6411,  01 Aug 2018 13:20:08
# 27.3961,  5.929681,  0.851,  0.0921,  0.3473,  37.6455,  01 Aug 2018 13:24:08
# 27.4326,  5.933226,  0.871,  0.0944,  0.3981,  37.6414,  01 Aug 2018 13:28:08
# 27.4504,  5.935358,  0.901,  0.0961,  0.4178,  37.6423,  01 Aug 2018 13:32:08
# 27.4767,  5.938782,  0.827,  0.0970,  0.3873,  37.6456,  01 Aug 2018 13:36:08
# 27.5170,  5.943098,  0.853,  0.1044,  0.4576,  37.6441,  01 Aug 2018 13:40:08
# 27.5398,  5.945624,  0.918,  0.0980,  0.4102,  37.6438,  01 Aug 2018 13:44:08
# 27.5704,  5.949909,  0.908,  0.0957,  0.2980,  37.6498,  01 Aug 2018 13:48:08
# 27.6007,  5.952928,  0.929,  0.0945,  0.3728,  37.6469,  01 Aug 2018 13:52:08
# 27.6300,  5.955415,  0.901,  0.0935,  0.3800,  37.6411,  01 Aug 2018 13:56:08
