# 24.3892,  5.186706,  0.942,  0.1044,  0.3809,  34.5745,  24 Feb 2018 22:00:46
# 24.3922,  5.188362,  0.926,  0.1064,  0.3636,  34.5845,  24 Feb 2018 22:04:46
# 24.3900,  5.186814,  0.945,  0.1048,  0.5026,  34.5746,  24 Feb 2018 22:08:46
# 24.3870,  5.184549,  0.946,  0.1010,  0.3819,  34.5600,  24 Feb 2018 22:12:46
# 24.3706,  5.182932,  0.955,  0.0997,  0.3402,  34.5605,  24 Feb 2018 22:16:46
# 24.3573,  5.175941,  0.964,  0.1024,  0.3307,  34.5183,  24 Feb 2018 22:20:46
# 24.3491,  5.174779,  0.969,  0.1058,  0.3760,  34.5160,  24 Feb 2018 22:24:46
# 24.3270,  5.175056,  0.950,  0.1011,  0.3379,  34.5351,  24 Feb 2018 22:28:46
# 24.3228,  5.174641,  0.976,  0.0987,  0.3732,  34.5352,  24 Feb 2018 22:32:46
# 24.2955,  5.172409,  0.983,  0.1034,  0.2912,  34.5395,  24 Feb 2018 22:36:46
# 24.2682,  5.171802,  0.984,  0.1022,  0.2887,  34.5561,  24 Feb 2018 22:40:46
# 24.2691,  5.171532,  0.987,  0.1034,  0.4339,  34.5534,  24 Feb 2018 22:44:46
# 24.2748,  5.171309,  0.986,  0.1011,  0.3795,  34.5473,  24 Feb 2018 22:48:46
# 24.2724,  5.170648,  0.992,  0.0998,  0.4338,  34.5441,  24 Feb 2018 22:52:46
# 24.2827,  5.168893,  0.996,  0.1061,  0.3887,  34.5230,  24 Feb 2018 22:56:46
