# 25.1392,  5.245410,  0.751,  0.0896,  0.2107,  34.4363,  03 May 2018 13:02:05
# 25.0918,  5.239049,  0.760,  0.0964,  0.2349,  34.4254,  03 May 2018 13:06:05
# 25.0880,  5.239405,  0.757,  0.0912,  0.2033,  34.4309,  03 May 2018 13:10:05
# 25.0776,  5.240651,  0.770,  0.0899,  0.2023,  34.4481,  03 May 2018 13:14:05
# 25.0698,  5.239475,  0.760,  0.0912,  0.2084,  34.4453,  03 May 2018 13:18:05
# 24.9831,  5.234510,  0.768,  0.0935,  0.2131,  34.4747,  03 May 2018 13:22:05
# 24.9878,  5.235755,  0.764,  0.0922,  0.2371,  34.4803,  03 May 2018 13:26:05
# 24.9940,  5.236629,  0.777,  0.0898,  0.2132,  34.4821,  03 May 2018 13:34:05
# 25.0193,  5.239190,  0.801,  0.0884,  0.2021,  34.4816,  03 May 2018 13:38:05
# 24.9955,  5.237457,  0.796,  0.0899,  0.2142,  34.4870,  03 May 2018 13:42:05
# 24.9851,  5.235740,  0.789,  0.1012,  0.2359,  34.4822,  03 May 2018 13:46:05
# 24.9907,  5.235825,  0.794,  0.0970,  0.2087,  34.4786,  03 May 2018 13:50:05
# 24.9862,  5.235786,  0.788,  0.0958,  0.2291,  34.4817,  03 May 2018 13:54:05
# 24.9883,  5.235871,  0.802,  0.0987,  0.2634,  34.4808,  03 May 2018 13:58:05
