# 24.5071,  5.11802,    0.994, 0.1112, 0.1949,  33.9709, 22 Dec 2017 03:03:16
# 24.4998,  5.11741,    1.005, 0.1060, 0.1939,  33.9719, 22 Dec 2017 03:07:16
# 24.4902,  5.11582,    1.013, 0.1051, 0.1855,  33.9673, 22 Dec 2017 03:11:16
# 24.4763,  5.11482,    1.012, 0.1000, 0.2013,  33.9703, 22 Dec 2017 03:15:16
# 24.5010,  5.11776,    1.024, 0.1050, 0.1962,  33.9735, 22 Dec 2017 03:19:16
# 24.5215,  5.12032,    1.027, 0.1050, 0.1986,  33.9771, 22 Dec 2017 03:23:16
# 24.5207,  5.12081,    1.033, 0.1111, 0.2087,  33.9813, 22 Dec 2017 03:27:16
# 24.5067,  5.11597,    1.034, 0.1196, 0.2362,  33.9559, 22 Dec 2017 03:31:16
# 24.5013,  5.11492,    1.041, 0.1236, 0.2255,  33.9522, 22 Dec 2017 03:35:16
# 24.5165,  5.11847,    1.044, 0.1112, 0.2084,  33.9671, 22 Dec 2017 03:39:16
# 24.5020,  5.11759,    1.053, 0.1110, 0.2023,  33.9715, 22 Dec 2017 03:43:16
# 24.4915,  5.11642,    1.058, 0.1161, 0.1892,  33.9708, 22 Dec 2017 03:47:16
# 24.4762,  5.11319,    1.057, 0.1137, 0.1925,  33.9582, 22 Dec 2017 03:51:16
# 24.4622,  5.10931,    1.064, 0.1122, 0.1924,  33.9399, 22 Dec 2017 03:55:16
# 24.4621,  5.10883,    1.071, 0.1173, 0.1829,  33.9364, 22 Dec 2017 03:59:16
