# 27.1408,  6.651832,  0.899,  0.1094,  0.1907,  43.1270,  20 Aug 2018 23:00:08
# 27.1352,  6.652013,  0.953,  0.1057,  0.1711,  43.1336,  20 Aug 2018 23:04:08
# 27.1292,  6.650035,  0.906,  0.1070,  0.1762,  43.1245,  20 Aug 2018 23:08:08
# 27.1178,  6.648393,  0.904,  0.1067,  0.1887,  43.1231,  20 Aug 2018 23:12:08
# 27.1077,  6.648428,  0.928,  0.1044,  0.1665,  43.1327,  20 Aug 2018 23:16:08
# 27.1014,  6.644741,  0.919,  0.1032,  0.1666,  43.1114,  20 Aug 2018 23:20:08
# 27.0802,  6.636750,  0.945,  0.1119,  0.1786,  43.0721,  20 Aug 2018 23:24:08
# 27.0583,  6.627116,  0.964,  0.1168,  0.1691,  43.0213,  20 Aug 2018 23:28:08
# 27.0476,  6.622533,  0.909,  0.1230,  0.1981,  42.9974,  20 Aug 2018 23:32:08
# 27.0565,  6.627957,  0.920,  0.1118,  0.1873,  43.0292,  20 Aug 2018 23:36:08
# 27.0759,  6.639843,  0.921,  0.1057,  0.1837,  43.0990,  20 Aug 2018 23:40:08
# 27.0730,  6.637773,  0.921,  0.1044,  0.1617,  43.0863,  20 Aug 2018 23:44:08
# 27.0831,  6.645506,  0.951,  0.1057,  0.1606,  43.1342,  20 Aug 2018 23:48:08
# 27.0414,  6.630482,  0.915,  0.1141,  0.1736,  43.0620,  20 Aug 2018 23:52:08
# 27.0045,  6.621109,  0.919,  0.1094,  0.1652,  43.0270,  20 Aug 2018 23:56:08
