# 27.8151,  5.553034,  0.975,  0.1203,  0.2022,  34.6470,  25 Sep 2017 17:00:05
# 27.8049,  5.551502,  0.930,  0.1205,  0.2097,  34.6438,  25 Sep 2017 17:04:05
# 27.7990,  5.550495,  0.957,  0.1192,  0.2517,  34.6410,  25 Sep 2017 17:08:05
# 27.8038,  5.550653,  0.988,  0.1290,  0.2000,  34.6386,  25 Sep 2017 17:12:05
# 27.8026,  5.549876,  0.941,  0.1155,  0.2124,  34.6340,  25 Sep 2017 17:16:05
# 27.7958,  5.549003,  1.002,  0.1180,  0.1742,  34.6329,  25 Sep 2017 17:20:05
# 27.7960,  5.548368,  0.993,  0.1266,  0.1827,  34.6282,  25 Sep 2017 17:24:05
# 27.7826,  5.546822,  0.978,  0.1254,  0.1939,  34.6273,  25 Sep 2017 17:28:05
# 27.7736,  5.546679,  0.940,  0.1168,  0.1950,  34.6330,  25 Sep 2017 17:32:05
# 27.7562,  5.545133,  0.974,  0.1067,  0.1878,  34.6349,  25 Sep 2017 17:36:05
# 27.7532,  5.544911,  0.965,  0.1054,  0.2049,  34.6356,  25 Sep 2017 17:40:05
# 27.7413,  5.543484,  0.959,  0.1118,  0.1827,  34.6343,  25 Sep 2017 17:44:05
# 27.7408,  5.543079,  0.921,  0.1240,  0.2135,  34.6318,  25 Sep 2017 17:48:05
# 27.7361,  5.543048,  1.013,  0.1143,  0.2255,  34.6351,  25 Sep 2017 17:52:05
# 27.7269,  5.541573,  1.039,  0.1068,  0.2110,  34.6314,  25 Sep 2017 17:56:05
