# 24.3036,  5.13508,    1.027, 0.0941, 0.1939,  34.2533, 04 Jan 2018 10:03:16
# 24.3109,  5.13528,    1.015, 0.0948, 0.2949,  34.2492, 04 Jan 2018 10:07:16
# 24.3191,  5.13665,    1.036, 0.0972, 0.2747,  34.2532, 04 Jan 2018 10:11:16
# 24.3339,  5.13827,    1.002, 0.0961, 0.2099,  34.2540, 04 Jan 2018 10:15:16
# 24.3350,  5.13913,    0.994, 0.0963, 0.2638,  34.2596, 04 Jan 2018 10:19:16
# 24.3378,  5.13985,    1.006, 0.0947, 0.2410,  34.2629, 04 Jan 2018 10:23:16
# 24.3321,  5.14143,    0.984, 0.0960, 0.2445,  34.2791, 04 Jan 2018 10:27:16
# 24.3275,  5.14297,    0.981, 0.1038, 0.2985,  34.2941, 04 Jan 2018 10:31:16
# 24.3082,  5.14335,    0.975, 0.1025, 0.2518,  34.3118, 04 Jan 2018 10:35:16
# 24.3256,  5.14300,    0.954, 0.0961, 0.2385,  34.2958, 04 Jan 2018 10:39:16
# 24.3368,  5.14326,    0.940, 0.0938, 0.2220,  34.2892, 04 Jan 2018 10:43:16
# 24.3471,  5.14386,    0.952, 0.0936, 0.2362,  34.2858, 04 Jan 2018 10:47:16
# 24.3761,  5.14570,    0.939, 0.0913, 0.2335,  34.2774, 04 Jan 2018 10:51:16
# 24.3985,  5.14753,    0.935, 0.0951, 0.2244,  34.2739, 04 Jan 2018 10:55:16
# 24.3871,  5.14864,    0.924, 0.0987, 0.2589,  34.2910, 04 Jan 2018 10:59:16
