# 27.0091,  5.432570,  1.069,  0.0874,  0.1621,  34.3902,  14 Nov 2017 15:02:57
# 27.0151,  5.433018,  1.043,  0.0885,  0.1806,  34.3890,  14 Nov 2017 15:06:57
# 27.0672,  5.434700,  1.040,  0.0909,  0.1560,  34.3624,  14 Nov 2017 15:10:57
# 27.0611,  5.434841,  1.065,  0.0979,  0.1767,  34.3679,  14 Nov 2017 15:14:57
# 27.0593,  5.434480,  1.033,  0.0920,  0.1646,  34.3667,  14 Nov 2017 15:18:57
# 27.0480,  5.431996,  0.993,  0.1010,  0.1851,  34.3574,  14 Nov 2017 15:22:57
# 27.0464,  5.432145,  0.999,  0.0980,  0.1817,  34.3596,  14 Nov 2017 15:26:57
# 27.0145,  5.433380,  1.025,  0.0983,  0.2280,  34.3920,  14 Nov 2017 15:30:57
# 26.9844,  5.433671,  1.031,  0.0945,  0.1852,  34.4164,  14 Nov 2017 15:34:57
# 27.0476,  5.436493,  1.000,  0.0896,  0.1642,  34.3897,  14 Nov 2017 15:38:57
# 27.0822,  5.437892,  1.047,  0.0898,  0.1632,  34.3740,  14 Nov 2017 15:42:57
# 27.1075,  5.436554,  0.983,  0.1034,  0.1620,  34.3459,  14 Nov 2017 15:46:57
# 27.0769,  5.431791,  0.954,  0.1141,  0.1717,  34.3346,  14 Nov 2017 15:50:57
# 27.0570,  5.431100,  1.001,  0.1092,  0.1706,  34.3444,  14 Nov 2017 15:54:57
# 27.0210,  5.431926,  0.970,  0.1021,  0.1704,  34.3768,  14 Nov 2017 15:58:57
