# 26.9271,  6.335305,  0.862,  0.1082,  0.2802,  40.9893,  04 Aug 2018 01:00:08
# 26.9284,  6.335600,  0.823,  0.1157,  0.3056,  40.9903,  04 Aug 2018 01:04:08
# 26.9255,  6.333867,  0.831,  0.1167,  0.3241,  40.9801,  04 Aug 2018 01:08:08
# 26.9214,  6.333118,  0.844,  0.1141,  0.2931,  40.9782,  04 Aug 2018 01:12:08
# 26.9511,  6.335145,  0.841,  0.1231,  0.2514,  40.9667,  04 Aug 2018 01:16:08
# 26.9773,  6.337357,  0.823,  0.1254,  0.2427,  40.9598,  04 Aug 2018 01:20:08
# 26.9612,  6.336701,  0.825,  0.1220,  0.2788,  40.9692,  04 Aug 2018 01:24:08
# 26.9320,  6.337492,  0.821,  0.1142,  0.2931,  41.0009,  04 Aug 2018 01:28:08
# 26.8985,  6.334254,  0.800,  0.1095,  0.2943,  41.0069,  04 Aug 2018 01:32:08
# 26.8928,  6.335861,  0.800,  0.1067,  0.2860,  41.0238,  04 Aug 2018 01:36:08
# 26.8897,  6.335895,  0.797,  0.1157,  0.2897,  41.0268,  04 Aug 2018 01:40:08
# 26.8696,  6.333346,  0.808,  0.1093,  0.2824,  41.0259,  04 Aug 2018 01:44:08
# 26.8558,  6.331681,  0.791,  0.1073,  0.2708,  41.0260,  04 Aug 2018 01:48:08
# 26.8611,  6.334440,  0.828,  0.1117,  0.2599,  41.0416,  04 Aug 2018 01:52:08
# 26.8538,  6.334987,  0.803,  0.1117,  0.2988,  41.0521,  04 Aug 2018 01:56:08
