# 26.5814,  6.914700,  0.695,  0.1059,  0.3931,  45.6298,  07 Aug 2018 06:00:08
# 26.5619,  6.912609,  0.738,  0.1035,  0.4568,  45.6336,  07 Aug 2018 06:04:08
# 26.5606,  6.914096,  0.696,  0.1044,  0.3969,  45.6461,  07 Aug 2018 06:08:08
# 26.5636,  6.913781,  0.671,  0.1045,  0.3852,  45.6407,  07 Aug 2018 06:12:08
# 26.5421,  6.912924,  0.716,  0.1044,  0.3678,  45.6557,  07 Aug 2018 06:16:08
# 26.5337,  6.914972,  0.696,  0.1022,  0.3171,  45.6796,  07 Aug 2018 06:20:08
# 26.5168,  6.912382,  0.665,  0.1032,  0.3474,  45.6768,  07 Aug 2018 06:24:08
# 26.5033,  6.912033,  0.711,  0.0981,  0.2994,  45.6877,  07 Aug 2018 06:28:08
# 26.4937,  6.909872,  0.737,  0.1061,  0.3704,  45.6810,  07 Aug 2018 06:32:08
# 26.5247,  6.910772,  0.685,  0.1180,  0.7076,  45.6568,  07 Aug 2018 06:36:08
# 26.5063,  6.910869,  0.696,  0.1122,  0.6927,  45.6759,  07 Aug 2018 06:40:08
# 26.4941,  6.908743,  0.648,  0.1119,  0.5252,  45.6721,  07 Aug 2018 06:44:08
# 26.5228,  6.914508,  0.659,  0.1069,  0.4284,  45.6870,  07 Aug 2018 06:48:08
# 26.5465,  6.917361,  0.711,  0.1056,  0.3828,  45.6848,  07 Aug 2018 06:52:08
# 26.5393,  6.917387,  0.645,  0.1093,  0.4952,  45.6922,  07 Aug 2018 06:56:08
