# 23.7990,  5.119945,  1.043,  0.1184,  0.2634,  34.5286,  23 Feb 2018 00:00:46
# 23.7991,  5.118382,  1.031,  0.1369,  0.2970,  34.5166,  23 Feb 2018 00:04:46
# 23.8620,  5.115448,  1.037,  0.1344,  0.2602,  34.4456,  23 Feb 2018 00:08:46
# 23.8729,  5.116122,  1.034,  0.1456,  0.2267,  34.4423,  23 Feb 2018 00:12:46
# 23.8398,  5.119178,  1.034,  0.1283,  0.2543,  34.4911,  23 Feb 2018 00:16:46
# 23.8251,  5.120221,  1.034,  0.1257,  0.2769,  34.5104,  23 Feb 2018 00:20:46
# 23.8231,  5.121040,  1.031,  0.1367,  0.2576,  34.5181,  23 Feb 2018 00:24:46
# 23.8198,  5.120435,  1.032,  0.1286,  0.2782,  34.5161,  23 Feb 2018 00:28:46
# 23.8171,  5.120267,  1.030,  0.1257,  0.2734,  34.5169,  23 Feb 2018 00:32:46
# 23.8504,  5.116459,  1.022,  0.1245,  0.2525,  34.4622,  23 Feb 2018 00:36:46
# 23.8993,  5.115164,  1.030,  0.1431,  0.2432,  34.4146,  23 Feb 2018 00:40:46
# 23.8236,  5.122473,  1.021,  0.1344,  0.2840,  34.5286,  23 Feb 2018 00:44:46
# 23.8121,  5.122979,  1.023,  0.1354,  0.2924,  34.5413,  23 Feb 2018 00:48:46
# 23.8076,  5.122895,  1.024,  0.1220,  0.2805,  34.5442,  23 Feb 2018 00:52:46
# 23.7980,  5.122443,  1.023,  0.1318,  0.2792,  34.5483,  23 Feb 2018 00:56:46
