# 27.6124,  5.486819,  1.012,  0.1317,  0.2325,  34.3302,  06 Sep 2017 07:00:05
# 27.6113,  5.486432,  0.951,  0.1315,  0.2457,  34.3283,  06 Sep 2017 07:04:05
# 27.6128,  5.486914,  0.889,  0.1265,  0.2307,  34.3306,  06 Sep 2017 07:08:05
# 27.6283,  5.486606,  1.002,  0.1376,  0.2459,  34.3171,  06 Sep 2017 07:12:05
# 27.6318,  5.486305,  0.835,  0.1340,  0.2315,  34.3124,  06 Sep 2017 07:16:05
# 27.6232,  5.486819,  0.902,  0.1277,  0.2147,  34.3224,  06 Sep 2017 07:20:05
# 27.6285,  5.484735,  0.917,  0.1317,  0.2243,  34.3038,  06 Sep 2017 07:24:05
# 27.6255,  5.487040,  0.941,  0.1241,  0.2326,  34.3222,  06 Sep 2017 07:28:05
# 27.6285,  5.487742,  0.917,  0.1231,  0.2519,  34.3249,  06 Sep 2017 07:32:05
# 27.6192,  5.488832,  0.931,  0.1217,  0.2701,  34.3395,  06 Sep 2017 07:36:05
# 27.6206,  5.489535,  0.894,  0.1154,  0.2687,  34.3434,  06 Sep 2017 07:40:05
# 27.6188,  5.489740,  0.950,  0.1217,  0.2471,  34.3461,  06 Sep 2017 07:44:05
# 27.6060,  5.489132,  0.782,  0.1205,  0.2508,  34.3512,  06 Sep 2017 07:48:05
# 27.6527,  5.489803,  0.838,  0.1290,  0.2663,  34.3217,  06 Sep 2017 07:52:05
# 27.6532,  5.490253,  0.929,  0.1192,  0.2663,  34.3245,  06 Sep 2017 07:56:05
