# 27.1946,  5.483140,  1.243,  0.0982,  0.1718,  34.6123,  24 Sep 2017 05:00:05
# 27.1891,  5.482738,  1.144,  0.0970,  0.1669,  34.6136,  24 Sep 2017 05:04:05
# 27.1753,  5.481460,  1.275,  0.0946,  0.2220,  34.6148,  24 Sep 2017 05:08:05
# 27.1848,  5.482604,  1.232,  0.0942,  0.1844,  34.6158,  24 Sep 2017 05:12:05
# 27.1806,  5.481712,  1.240,  0.0935,  0.1791,  34.6126,  24 Sep 2017 05:16:05
# 27.1791,  5.476355,  1.233,  0.1008,  0.1987,  34.5757,  24 Sep 2017 05:20:05
# 27.1864,  5.475566,  1.286,  0.1057,  0.1743,  34.5646,  24 Sep 2017 05:24:05
# 27.1981,  5.473808,  1.295,  0.1157,  0.1670,  34.5434,  24 Sep 2017 05:28:05
# 27.2131,  5.474304,  1.322,  0.1094,  0.1730,  34.5359,  24 Sep 2017 05:32:05
# 27.2373,  5.475897,  1.308,  0.1133,  0.1917,  34.5292,  24 Sep 2017 05:36:05
# 27.2424,  5.476299,  1.308,  0.1159,  0.1778,  34.5283,  24 Sep 2017 05:40:05
# 27.2516,  5.476993,  1.323,  0.1181,  0.1659,  34.5265,  24 Sep 2017 05:44:05
# 27.2410,  5.475944,  1.297,  0.1292,  0.1698,  34.5268,  24 Sep 2017 05:48:05
# 27.2382,  5.474154,  1.288,  0.1303,  0.1647,  34.5162,  24 Sep 2017 05:52:05
# 27.2301,  5.473547,  1.259,  0.1181,  0.2012,  34.5179,  24 Sep 2017 05:56:05
