# 24.6195,  5.232845,  0.948,  0.0961,  0.3502,  34.7416,  01 Mar 2018 17:00:46
# 24.6221,  5.231105,  0.932,  0.0948,  0.3317,  34.7266,  01 Mar 2018 17:04:46
# 24.6270,  5.230997,  0.923,  0.0985,  0.3646,  34.7220,  01 Mar 2018 17:08:46
# 24.6143,  5.229258,  0.943,  0.0959,  0.3402,  34.7188,  01 Mar 2018 17:12:46
# 24.5877,  5.226421,  0.958,  0.0986,  0.3172,  34.7182,  01 Mar 2018 17:16:46
# 24.5554,  5.222094,  0.954,  0.1011,  0.3366,  34.7108,  01 Mar 2018 17:20:46
# 24.5385,  5.220247,  0.945,  0.0960,  0.3133,  34.7101,  01 Mar 2018 17:24:46
# 24.5376,  5.219908,  0.903,  0.1009,  0.3342,  34.7082,  01 Mar 2018 17:28:46
# 24.5884,  5.225277,  0.933,  0.1023,  0.3415,  34.7092,  01 Mar 2018 17:32:46
# 24.6104,  5.227611,  0.925,  0.1025,  0.3171,  34.7095,  01 Mar 2018 17:36:46
# 24.5874,  5.225022,  0.937,  0.1062,  0.3945,  34.7080,  01 Mar 2018 17:40:46
# 24.5818,  5.224180,  0.928,  0.1024,  0.3392,  34.7060,  01 Mar 2018 17:44:46
# 24.6084,  5.227758,  0.912,  0.1009,  0.3782,  34.7122,  01 Mar 2018 17:48:46
# 24.6173,  5.228198,  0.897,  0.1036,  0.3658,  34.7086,  01 Mar 2018 17:52:46
# 24.5994,  5.226197,  0.914,  0.0996,  0.3206,  34.7075,  01 Mar 2018 17:56:46
