# 23.3190,  4.856813,  0.906,  0.0986,  0.3464,  32.8980,  15 Feb 2018 08:01:23
# 23.3208,  4.864373,  0.909,  0.1000,  0.3674,  32.9540,  15 Feb 2018 08:05:23
# 23.3299,  4.882705,  0.904,  0.1023,  0.4085,  33.0865,  15 Feb 2018 08:09:23
# 23.3351,  4.889216,  0.891,  0.0977,  0.3439,  33.1321,  15 Feb 2018 08:13:23
# 23.3423,  4.904888,  0.907,  0.1026,  0.3381,  33.2457,  15 Feb 2018 08:17:23
# 23.3452,  4.904075,  0.902,  0.1024,  0.3212,  33.2374,  15 Feb 2018 08:21:23
# 23.3496,  4.905474,  0.874,  0.1038,  0.3564,  33.2448,  15 Feb 2018 08:25:23
# 23.3382,  4.858565,  0.883,  0.1048,  0.4133,  32.8970,  15 Feb 2018 08:29:23
# 23.3455,  4.895023,  0.878,  0.1061,  0.3406,  33.1684,  15 Feb 2018 08:33:23
# 23.3397,  4.890230,  0.859,  0.1036,  0.3623,  33.1363,  15 Feb 2018 08:37:23
# 23.3383,  4.895407,  0.865,  0.1039,  0.3552,  33.1768,  15 Feb 2018 08:41:23
# 23.3299,  4.867379,  0.838,  0.1024,  0.3576,  32.9701,  15 Feb 2018 08:45:23
# 23.3249,  4.876784,  0.853,  0.1015,  0.3611,  33.0453,  15 Feb 2018 08:49:23
# 23.3263,  4.870970,  0.849,  0.1011,  0.3638,  33.0001,  15 Feb 2018 08:53:23
# 23.3242,  4.870618,  0.836,  0.1025,  0.3796,  32.9990,  15 Feb 2018 08:57:23
