# 27.9492,  5.562899,  0.979,  0.1302,  0.1876,  34.6174,  03 Oct 2017 18:00:05
# 27.9455,  5.562192,  1.002,  0.1464,  0.2408,  34.6152,  03 Oct 2017 18:04:05
# 27.9438,  5.561883,  0.946,  0.1353,  0.2120,  34.6143,  03 Oct 2017 18:08:05
# 27.9306,  5.560930,  0.981,  0.1290,  0.2197,  34.6173,  03 Oct 2017 18:12:05
# 27.9333,  5.561232,  1.032,  0.1289,  0.1926,  34.6174,  03 Oct 2017 18:16:05
# 27.9195,  5.559835,  1.015,  0.1279,  0.1939,  34.6178,  03 Oct 2017 18:20:05
# 27.9201,  5.560057,  0.980,  0.1263,  0.2097,  34.6189,  03 Oct 2017 18:24:05
# 27.9099,  5.559446,  0.829,  0.1228,  0.2268,  34.6222,  03 Oct 2017 18:28:05
# 27.9028,  5.558811,  0.972,  0.1205,  0.2010,  34.6230,  03 Oct 2017 18:32:05
# 27.8909,  5.557858,  0.958,  0.1290,  0.2012,  34.6250,  03 Oct 2017 18:36:05
# 27.8815,  5.558041,  0.919,  0.1231,  0.2084,  34.6332,  03 Oct 2017 18:40:05
# 27.8840,  5.558422,  0.992,  0.1424,  0.2171,  34.6340,  03 Oct 2017 18:44:05
# 27.8886,  5.558795,  0.941,  0.1673,  0.1926,  34.6332,  03 Oct 2017 18:48:05
# 27.8847,  5.558247,  0.856,  0.1475,  0.2047,  34.6323,  03 Oct 2017 18:52:05
# 27.8792,  5.557628,  0.928,  0.1425,  0.2315,  34.6320,  03 Oct 2017 18:56:05
