# 24.9180,  5.241815,  0.667,  0.0960,  0.3054,  34.5786,  31 May 2018 09:03:04
# 24.8993,  5.241753,  0.703,  0.0971,  0.2933,  34.5925,  31 May 2018 09:07:04
# 24.9325,  5.244237,  0.692,  0.0963,  0.2888,  34.5855,  31 May 2018 09:11:04
# 24.9780,  5.247016,  0.697,  0.1022,  0.3229,  34.5712,  31 May 2018 09:15:04
# 24.9692,  5.246381,  0.682,  0.1009,  0.3254,  34.5733,  31 May 2018 09:19:04
# 25.0546,  5.252761,  0.707,  0.1035,  0.3065,  34.5551,  31 May 2018 09:23:04
# 25.0566,  5.253923,  0.720,  0.0984,  0.2860,  34.5622,  31 May 2018 09:27:04
# 25.0486,  5.253752,  0.741,  0.0998,  0.3069,  34.5671,  31 May 2018 09:31:04
# 25.0302,  5.252645,  0.693,  0.1025,  0.3156,  34.5730,  31 May 2018 09:35:04
# 25.0188,  5.252451,  0.679,  0.0997,  0.2878,  34.5803,  31 May 2018 09:39:04
# 25.0594,  5.255650,  0.692,  0.0984,  0.2576,  34.5729,  31 May 2018 09:43:04
# 25.0380,  5.254551,  0.679,  0.0935,  0.2897,  34.5811,  31 May 2018 09:47:04
# 25.0778,  5.258130,  0.695,  0.0999,  0.3183,  34.5771,  31 May 2018 09:51:04
# 25.1012,  5.258656,  0.691,  0.1011,  0.2839,  34.5631,  31 May 2018 09:55:04
# 25.1197,  5.260935,  0.688,  0.0924,  0.3387,  34.5658,  31 May 2018 09:59:04
