# 26.4689,  5.363382,  1.077,  0.1330,  0.2274,  34.2957,  17 May 2018 21:03:04
# 26.4671,  5.362921,  1.063,  0.1305,  0.2419,  34.2937,  17 May 2018 21:07:04
# 26.4519,  5.362202,  1.064,  0.1205,  0.2439,  34.2998,  17 May 2018 21:11:04
# 26.4256,  5.361499,  1.058,  0.1206,  0.2106,  34.3144,  17 May 2018 21:15:04
# 26.4150,  5.360936,  1.051,  0.1206,  0.2203,  34.3182,  17 May 2018 21:19:04
# 26.4258,  5.360131,  1.033,  0.1144,  0.2203,  34.3043,  17 May 2018 21:23:04
# 26.4451,  5.360537,  1.031,  0.1196,  0.2289,  34.2930,  17 May 2018 21:27:04
# 26.4328,  5.359592,  1.015,  0.1182,  0.2228,  34.2953,  17 May 2018 21:31:04
# 26.4317,  5.359272,  1.015,  0.1170,  0.2453,  34.2938,  17 May 2018 21:35:04
# 26.4491,  5.359818,  1.012,  0.1279,  0.2301,  34.2848,  17 May 2018 21:39:04
# 26.4311,  5.358920,  1.004,  0.1244,  0.2309,  34.2917,  17 May 2018 21:43:04
# 26.4147,  5.358475,  0.998,  0.1366,  0.3402,  34.3008,  17 May 2018 21:47:04
# 26.3267,  5.355593,  1.003,  0.1295,  0.2645,  34.3456,  17 May 2018 21:51:04
# 26.2002,  5.349098,  0.999,  0.1415,  0.2537,  34.3932,  17 May 2018 21:55:04
# 26.2593,  5.350596,  0.988,  0.1537,  0.2466,  34.3598,  17 May 2018 21:59:04
