# 24.6921,  5.160435,  1.370,  0.1199,  0.1816,  34.1463,  05 Dec 2017 07:02:57
# 24.6858,  5.159782,  1.362,  0.1147,  0.2001,  34.1463,  05 Dec 2017 07:06:57
# 24.6998,  5.162503,  1.355,  0.1111,  0.1830,  34.1559,  05 Dec 2017 07:10:57
# 24.6929,  5.161781,  1.358,  0.1124,  0.1769,  34.1557,  05 Dec 2017 07:14:57
# 24.6832,  5.160297,  1.351,  0.1170,  0.1744,  34.1521,  05 Dec 2017 07:18:57
# 24.6868,  5.161004,  1.334,  0.1147,  0.1709,  34.1546,  05 Dec 2017 07:22:57
# 24.7004,  5.162911,  1.325,  0.1186,  0.1621,  34.1585,  05 Dec 2017 07:26:57
# 24.6965,  5.162672,  1.338,  0.1121,  0.1624,  34.1596,  05 Dec 2017 07:30:57
# 24.7360,  5.168032,  1.308,  0.1199,  0.1670,  34.1695,  05 Dec 2017 07:34:57
# 24.7343,  5.169001,  1.297,  0.1185,  0.1767,  34.1780,  05 Dec 2017 07:38:57
# 24.7384,  5.169040,  1.297,  0.1183,  0.1659,  34.1752,  05 Dec 2017 07:42:57
# 24.7389,  5.169517,  1.261,  0.1218,  0.1765,  34.1784,  05 Dec 2017 07:46:57
# 24.7277,  5.169109,  1.237,  0.1135,  0.2039,  34.1839,  05 Dec 2017 07:50:57
# 24.7203,  5.167825,  1.249,  0.1147,  0.1632,  34.1799,  05 Dec 2017 07:54:57
# 24.7196,  5.167971,  1.222,  0.1121,  0.1645,  34.1816,  05 Dec 2017 07:58:57
