# 23.6217,  5.113514,  0.958,  0.0924,  0.1422,  34.6180,  12 Feb 2018 00:01:23
# 23.6330,  5.113729,  0.965,  0.0938,  0.1312,  34.6108,  12 Feb 2018 00:05:23
# 23.6131,  5.113162,  0.974,  0.0951,  0.1252,  34.6220,  12 Feb 2018 00:09:23
# 23.6000,  5.113921,  0.976,  0.0964,  0.1253,  34.6380,  12 Feb 2018 00:13:23
# 23.6163,  5.115444,  0.981,  0.0947,  0.1370,  34.6369,  12 Feb 2018 00:17:23
# 23.6139,  5.113606,  0.983,  0.0964,  0.1853,  34.6248,  12 Feb 2018 00:21:23
# 23.5969,  5.112098,  0.988,  0.0901,  0.1276,  34.6266,  12 Feb 2018 00:25:23
# 23.5992,  5.111004,  0.997,  0.0912,  0.1358,  34.6164,  12 Feb 2018 00:29:23
# 23.6130,  5.112381,  1.001,  0.0964,  0.1266,  34.6161,  12 Feb 2018 00:33:23
# 23.6068,  5.113009,  0.999,  0.0926,  0.1585,  34.6257,  12 Feb 2018 00:37:23
# 23.5897,  5.112221,  1.008,  0.0940,  0.1327,  34.6331,  12 Feb 2018 00:41:23
# 23.5776,  5.108830,  1.015,  0.0937,  0.1419,  34.6168,  12 Feb 2018 00:45:23
# 23.5771,  5.107934,  1.023,  0.0938,  0.1312,  34.6103,  12 Feb 2018 00:49:23
# 23.6094,  5.110758,  1.027,  0.0949,  0.1407,  34.6065,  12 Feb 2018 00:53:23
# 23.6142,  5.112420,  1.030,  0.0965,  0.1547,  34.6155,  12 Feb 2018 00:57:23
