# 26.9836,  6.626757,  0.934,  0.1070,  0.2042,  43.0884,  18 Aug 2018 06:00:08
# 26.9809,  6.624577,  0.932,  0.1037,  0.2115,  43.0747,  18 Aug 2018 06:04:08
# 26.9928,  6.625006,  0.951,  0.1109,  0.2143,  43.0667,  18 Aug 2018 06:08:08
# 26.9885,  6.624543,  0.936,  0.1070,  0.2213,  43.0673,  18 Aug 2018 06:12:08
# 26.9818,  6.621693,  0.875,  0.1040,  0.2380,  43.0525,  18 Aug 2018 06:16:08
# 26.9792,  6.622646,  0.890,  0.1084,  0.2264,  43.0620,  18 Aug 2018 06:20:08
# 26.9757,  6.624036,  0.911,  0.1093,  0.2300,  43.0755,  18 Aug 2018 06:24:08
# 26.9718,  6.624071,  0.915,  0.1045,  0.2380,  43.0795,  18 Aug 2018 06:28:08
# 26.9666,  6.622406,  0.993,  0.1084,  0.2077,  43.0720,  18 Aug 2018 06:32:08
# 26.9684,  6.623745,  0.917,  0.1060,  0.2166,  43.0803,  18 Aug 2018 06:36:08
# 26.9576,  6.623213,  0.902,  0.1070,  0.2289,  43.0864,  18 Aug 2018 06:40:08
# 26.9414,  6.620364,  0.993,  0.1071,  0.2127,  43.0804,  18 Aug 2018 06:44:08
# 26.9444,  6.617516,  0.944,  0.1082,  0.2345,  43.0565,  18 Aug 2018 06:48:08
# 26.9384,  6.620630,  0.900,  0.1082,  0.2129,  43.0851,  18 Aug 2018 06:52:08
# 26.9396,  6.613879,  0.997,  0.1091,  0.2117,  43.0339,  18 Aug 2018 06:56:08
