# 27.8179,  5.543324,  1.081,  0.1302,  0.1647,  34.5766,  24 Sep 2017 19:00:05
# 27.8206,  5.543173,  1.039,  0.1314,  0.1788,  34.5736,  24 Sep 2017 19:04:05
# 27.8097,  5.541865,  1.112,  0.1401,  0.1706,  34.5724,  24 Sep 2017 19:08:05
# 27.7904,  5.537838,  1.131,  0.1463,  0.1782,  34.5583,  24 Sep 2017 19:12:05
# 27.7787,  5.535785,  1.107,  0.1662,  0.1793,  34.5526,  24 Sep 2017 19:16:05
# 27.7737,  5.533915,  1.110,  0.1724,  0.1806,  34.5431,  24 Sep 2017 19:20:05
# 27.7562,  5.534494,  1.075,  0.1339,  0.1805,  34.5600,  24 Sep 2017 19:24:05
# 27.7406,  5.532743,  1.092,  0.1327,  0.2182,  34.5592,  24 Sep 2017 19:28:05
# 27.7340,  5.531111,  1.089,  0.1389,  0.1878,  34.5526,  24 Sep 2017 19:32:05
# 27.7289,  5.530660,  1.044,  0.1241,  0.1755,  34.5532,  24 Sep 2017 19:36:05
# 27.7180,  5.530914,  1.114,  0.1191,  0.1924,  34.5630,  24 Sep 2017 19:40:05
# 27.7120,  5.528450,  1.084,  0.1288,  0.1708,  34.5500,  24 Sep 2017 19:44:05
# 27.6722,  5.525885,  1.106,  0.1192,  0.1681,  34.5613,  24 Sep 2017 19:48:05
# 27.6793,  5.524317,  1.023,  0.1205,  0.1680,  34.5451,  24 Sep 2017 19:52:05
# 27.6729,  5.520398,  1.078,  0.1415,  0.1695,  34.5222,  24 Sep 2017 19:56:05
