# 24.7476,  5.171532,  0.719,  0.1247,  0.2757,  34.1869,  27 Nov 2017 17:02:57
# 24.7315,  5.166863,  0.726,  0.1271,  0.2563,  34.1644,  27 Nov 2017 17:06:57
# 24.7276,  5.167147,  0.728,  0.1173,  0.2529,  34.1695,  27 Nov 2017 17:10:57
# 24.7267,  5.169286,  0.722,  0.1160,  0.2798,  34.1861,  27 Nov 2017 17:14:57
# 24.7214,  5.173195,  0.732,  0.1257,  0.2293,  34.2191,  27 Nov 2017 17:18:57
# 24.7144,  5.175696,  0.737,  0.1367,  0.2877,  34.2431,  27 Nov 2017 17:22:57
# 24.7024,  5.173187,  0.698,  0.1332,  0.2698,  34.2335,  27 Nov 2017 17:26:57
# 24.6867,  5.165564,  0.745,  0.1318,  0.2399,  34.1888,  27 Nov 2017 17:30:57
# 24.6765,  5.162734,  0.747,  0.1343,  0.2461,  34.1755,  27 Nov 2017 17:34:57
# 24.6850,  5.167210,  0.700,  0.1236,  0.2423,  34.2023,  27 Nov 2017 17:38:57
# 24.6679,  5.156208,  0.696,  0.1306,  0.2481,  34.1335,  27 Nov 2017 17:42:57
# 24.6579,  5.145194,  0.692,  0.1319,  0.2747,  34.0592,  27 Nov 2017 17:46:57
# 24.6722,  5.157730,  0.689,  0.1378,  0.2889,  34.1415,  27 Nov 2017 17:50:57
# 24.6639,  5.156569,  0.692,  0.1286,  0.2689,  34.1392,  27 Nov 2017 17:54:57
# 24.6575,  5.154149,  0.689,  0.1368,  0.2638,  34.1260,  27 Nov 2017 17:58:57
