# 27.7615,  5.538671,  1.225,  0.1169,  0.1606,  34.5855,  23 Sep 2017 19:00:05
# 27.7641,  5.537125,  1.143,  0.1106,  0.1683,  34.5727,  23 Sep 2017 19:04:05
# 27.7499,  5.538061,  1.142,  0.1046,  0.2012,  34.5898,  23 Sep 2017 19:08:05
# 27.7327,  5.538061,  1.072,  0.1047,  0.1987,  34.6025,  23 Sep 2017 19:12:05
# 27.7187,  5.536658,  1.151,  0.1017,  0.1646,  34.6028,  23 Sep 2017 19:16:05
# 27.7194,  5.534970,  1.153,  0.0995,  0.1538,  34.5905,  23 Sep 2017 19:20:05
# 27.7168,  5.533584,  1.139,  0.1057,  0.1584,  34.5826,  23 Sep 2017 19:24:05
# 27.7096,  5.528617,  1.170,  0.1376,  0.1631,  34.5530,  23 Sep 2017 19:28:05
# 27.7070,  5.527896,  1.098,  0.1350,  0.1719,  34.5498,  23 Sep 2017 19:32:05
# 27.7070,  5.527159,  1.160,  0.1218,  0.1621,  34.5446,  23 Sep 2017 19:36:05
# 27.7044,  5.529322,  1.144,  0.1451,  0.1732,  34.5618,  23 Sep 2017 19:40:05
# 27.6925,  5.529417,  1.090,  0.1341,  0.1816,  34.5712,  23 Sep 2017 19:44:05
# 27.6936,  5.527286,  1.095,  0.1437,  0.1633,  34.5554,  23 Sep 2017 19:48:05
# 27.6886,  5.527001,  1.118,  0.1315,  0.1530,  34.5571,  23 Sep 2017 19:52:05
# 27.6785,  5.527793,  1.071,  0.1305,  0.1550,  34.5701,  23 Sep 2017 19:56:05
