# 24.5478,  5.147714,  0.737,  0.1233,  0.2625,  34.1615,  27 Nov 2017 20:02:57
# 24.5300,  5.140230,  0.741,  0.1244,  0.2734,  34.1192,  27 Nov 2017 20:06:57
# 24.5115,  5.132589,  0.743,  0.1260,  0.2615,  34.0763,  27 Nov 2017 20:10:57
# 24.5282,  5.138986,  0.741,  0.1234,  0.2591,  34.1113,  27 Nov 2017 20:14:57
# 24.5213,  5.140828,  0.747,  0.1097,  0.2605,  34.1303,  27 Nov 2017 20:18:57
# 24.4963,  5.130296,  0.747,  0.1273,  0.2567,  34.0707,  27 Nov 2017 20:22:57
# 24.5046,  5.133141,  0.750,  0.1220,  0.2433,  34.0856,  27 Nov 2017 20:26:57
# 24.4971,  5.135089,  0.750,  0.1138,  0.2817,  34.1058,  27 Nov 2017 20:30:57
# 24.5150,  5.139570,  0.755,  0.1137,  0.2555,  34.1257,  27 Nov 2017 20:34:57
# 24.5210,  5.142425,  0.756,  0.1182,  0.2653,  34.1424,  27 Nov 2017 20:38:57
# 24.4733,  5.133241,  0.759,  0.1098,  0.3008,  34.1102,  27 Nov 2017 20:42:57
# 24.4706,  5.132574,  0.761,  0.1063,  0.2733,  34.1072,  27 Nov 2017 20:46:57
# 24.4763,  5.134952,  0.759,  0.1086,  0.2853,  34.1206,  27 Nov 2017 20:50:57
# 24.4709,  5.135312,  0.763,  0.1099,  0.2879,  34.1274,  27 Nov 2017 20:54:57
# 24.4559,  5.131048,  0.769,  0.1160,  0.2532,  34.1070,  27 Nov 2017 20:58:57
