# 26.9369,  5.423135,  0.848,  0.0996,  0.1582,  34.3765,  14 Nov 2017 17:02:57
# 26.9207,  5.422146,  0.834,  0.1022,  0.1900,  34.3814,  14 Nov 2017 17:06:57
# 26.9240,  5.421431,  0.840,  0.0980,  0.1766,  34.3739,  14 Nov 2017 17:10:57
# 26.9149,  5.421957,  0.872,  0.0997,  0.1671,  34.3844,  14 Nov 2017 17:14:57
# 26.9031,  5.421769,  0.848,  0.1007,  0.1656,  34.3917,  14 Nov 2017 17:18:57
# 26.8833,  5.424903,  0.874,  0.1035,  0.2516,  34.4288,  14 Nov 2017 17:22:57
# 26.8714,  5.423411,  0.798,  0.1036,  0.1949,  34.4270,  14 Nov 2017 17:26:57
# 26.8723,  5.421832,  0.802,  0.1008,  0.1709,  34.4150,  14 Nov 2017 17:30:57
# 26.8638,  5.419532,  0.793,  0.0969,  0.1791,  34.4049,  14 Nov 2017 17:34:57
# 26.8449,  5.422131,  0.768,  0.1082,  0.2338,  34.4376,  14 Nov 2017 17:38:57
# 26.8344,  5.423333,  0.794,  0.1083,  0.1951,  34.4540,  14 Nov 2017 17:42:57
# 26.8169,  5.425619,  0.762,  0.1193,  0.3820,  34.4833,  14 Nov 2017 17:46:57
# 26.8001,  5.425612,  0.765,  0.1255,  0.1913,  34.4957,  14 Nov 2017 17:50:57
# 26.7874,  5.428747,  0.780,  0.1390,  0.2047,  34.5277,  14 Nov 2017 17:54:57
# 26.7788,  5.428621,  0.720,  0.1402,  0.2097,  34.5332,  14 Nov 2017 17:58:57
