# 25.1678,  5.213209,  1.300,  0.1133,  0.1855,  34.1770,  02 Dec 2017 05:02:57
# 25.1827,  5.216344,  1.306,  0.1169,  0.1986,  34.1888,  02 Dec 2017 05:06:57
# 25.1627,  5.212599,  1.264,  0.1133,  0.2161,  34.1764,  02 Dec 2017 05:10:57
# 25.1797,  5.215548,  1.291,  0.1185,  0.1974,  34.1852,  02 Dec 2017 05:14:57
# 25.1639,  5.212830,  1.265,  0.1197,  0.1940,  34.1772,  02 Dec 2017 05:18:57
# 25.1672,  5.215101,  1.275,  0.1111,  0.2011,  34.1914,  02 Dec 2017 05:22:57
# 25.1598,  5.214135,  1.255,  0.1085,  0.1719,  34.1899,  02 Dec 2017 05:26:57
# 25.1545,  5.212630,  1.256,  0.1146,  0.1840,  34.1827,  02 Dec 2017 05:30:57
# 25.1685,  5.214359,  1.234,  0.1199,  0.1905,  34.1850,  02 Dec 2017 05:34:57
# 25.1602,  5.213495,  1.227,  0.1170,  0.1731,  34.1848,  02 Dec 2017 05:38:57
# 25.1529,  5.213008,  1.179,  0.1121,  0.1878,  34.1868,  02 Dec 2017 05:42:57
# 25.1578,  5.213734,  1.189,  0.1121,  0.1804,  34.1885,  02 Dec 2017 05:46:57
# 25.1720,  5.216398,  1.195,  0.1158,  0.1987,  34.1973,  02 Dec 2017 05:50:57
# 25.1717,  5.215795,  1.194,  0.1207,  0.1780,  34.1931,  02 Dec 2017 05:54:57
# 25.1650,  5.215950,  1.180,  0.1170,  0.1904,  34.1993,  02 Dec 2017 05:58:57
