# 27.9958,  5.531717,  0.931,  0.1215,  0.2037,  34.3650,  13 Sep 2017 06:00:05
# 27.9871,  5.533230,  0.929,  0.1156,  0.1951,  34.3820,  13 Sep 2017 06:04:05
# 27.9796,  5.532953,  0.948,  0.1192,  0.2210,  34.3855,  13 Sep 2017 06:08:05
# 27.9706,  5.530045,  0.921,  0.1130,  0.2364,  34.3717,  13 Sep 2017 06:12:05
# 27.9663,  5.526988,  0.899,  0.1216,  0.2468,  34.3535,  13 Sep 2017 06:16:05
# 27.9631,  5.527210,  1.028,  0.1229,  0.2061,  34.3574,  13 Sep 2017 06:20:05
# 27.9528,  5.525381,  1.016,  0.1167,  0.2209,  34.3521,  13 Sep 2017 06:24:05
# 27.9358,  5.523362,  0.972,  0.1141,  0.2061,  34.3504,  13 Sep 2017 06:28:05
# 27.9269,  5.521937,  1.011,  0.1169,  0.1814,  34.3468,  13 Sep 2017 06:32:05
# 27.9562,  5.530315,  0.999,  0.1192,  0.2312,  34.3841,  13 Sep 2017 06:36:05
# 27.9493,  5.531250,  0.945,  0.1216,  0.2306,  34.3957,  13 Sep 2017 06:40:05
# 27.9337,  5.530886,  1.053,  0.1154,  0.2075,  34.4045,  13 Sep 2017 06:44:05
# 27.9230,  5.530070,  1.062,  0.1141,  0.2133,  34.4066,  13 Sep 2017 06:48:05
# 27.9190,  5.530102,  1.024,  0.1180,  0.2109,  34.4098,  13 Sep 2017 06:52:05
# 27.9029,  5.529144,  1.138,  0.1144,  0.2181,  34.4148,  13 Sep 2017 06:56:05
