# 27.5147,  5.50508,    1.007, 0.0995, 0.2232,  34.5308, 04 Nov 2017 18:01:27
# 27.5132,  5.50407,    0.984, 0.1035, 0.1973,  34.5248, 04 Nov 2017 18:05:27
# 27.5215,  5.50356,    0.902, 0.0996, 0.2046,  34.5151, 04 Nov 2017 18:09:27
# 27.5078,  5.50095,    0.963, 0.1070, 0.1985,  34.5068, 04 Nov 2017 18:13:27
# 27.4958,  5.49858,    0.902, 0.1131, 0.1902,  34.4989, 04 Nov 2017 18:17:27
# 27.4846,  5.49691,    0.925, 0.1217, 0.2111,  34.4953, 04 Nov 2017 18:21:27
# 27.4654,  5.49557,    0.951, 0.1194, 0.2206,  34.5001, 04 Nov 2017 18:25:27
# 27.4586,  5.49420,    0.975, 0.1193, 0.1825,  34.4953, 04 Nov 2017 18:29:27
# 27.4500,  5.49408,    0.892, 0.1083, 0.1925,  34.5009, 04 Nov 2017 18:33:27
# 27.4434,  5.49447,    0.932, 0.1141, 0.2045,  34.5085, 04 Nov 2017 18:37:27
# 27.4300,  5.49466,    0.912, 0.1168, 0.1972,  34.5198, 04 Nov 2017 18:41:27
# 27.4062,  5.49566,    0.852, 0.1216, 0.1963,  34.5444, 04 Nov 2017 18:45:27
# 27.3976,  5.49458,    0.926, 0.1085, 0.1923,  34.5431, 04 Nov 2017 18:49:27
# 27.3832,  5.49231,    0.912, 0.1032, 0.1804,  34.5377, 04 Nov 2017 18:53:27
# 27.3670,  5.48859,    0.882, 0.0998, 0.1865,  34.5233, 04 Nov 2017 18:57:27
