# 27.2309,  5.476449,  0.845,  0.1020,  0.2023,  34.5380,  23 Sep 2017 01:00:05
# 27.2482,  5.481435,  0.739,  0.1019,  0.2012,  34.5606,  23 Sep 2017 01:04:05
# 27.2522,  5.484418,  0.791,  0.0981,  0.2111,  34.5789,  23 Sep 2017 01:08:05
# 27.2442,  5.483084,  0.843,  0.0982,  0.1977,  34.5752,  23 Sep 2017 01:12:05
# 27.2096,  5.473981,  0.764,  0.1047,  0.2039,  34.5363,  23 Sep 2017 01:16:05
# 27.2294,  5.481080,  0.892,  0.1057,  0.2296,  34.5720,  23 Sep 2017 01:20:05
# 27.2215,  5.478066,  0.814,  0.1056,  0.2038,  34.5565,  23 Sep 2017 01:24:05
# 27.2436,  5.482729,  0.825,  0.1107,  0.1878,  34.5732,  23 Sep 2017 01:28:05
# 27.2474,  5.484276,  0.877,  0.1082,  0.2026,  34.5814,  23 Sep 2017 01:32:05
# 27.2405,  5.483431,  0.912,  0.1047,  0.2676,  34.5804,  23 Sep 2017 01:36:05
# 27.2349,  5.484197,  0.835,  0.1033,  0.2085,  34.5901,  23 Sep 2017 01:40:05
# 27.2302,  5.485421,  0.824,  0.0996,  0.2022,  34.6022,  23 Sep 2017 01:44:05
# 27.2213,  5.484268,  0.879,  0.0960,  0.1966,  34.6006,  23 Sep 2017 01:48:05
# 27.2084,  5.482106,  0.865,  0.0933,  0.1804,  34.5949,  23 Sep 2017 01:52:05
# 27.2016,  5.480852,  0.937,  0.0935,  0.1917,  34.5910,  23 Sep 2017 01:56:05
