# 27.1973,  5.505882,  0.723,  0.1257,  0.3220,  34.7722,  09 Nov 2017 16:02:57
# 27.2046,  5.507242,  0.680,  0.1171,  0.2638,  34.7764,  09 Nov 2017 16:06:57
# 27.1806,  5.505519,  0.763,  0.1218,  0.3197,  34.7820,  09 Nov 2017 16:10:57
# 27.1755,  5.505084,  0.697,  0.1216,  0.2745,  34.7828,  09 Nov 2017 16:14:57
# 27.1715,  5.504989,  0.722,  0.1144,  0.2660,  34.7851,  09 Nov 2017 16:18:57
# 27.1638,  5.504025,  0.744,  0.1242,  0.2915,  34.7840,  09 Nov 2017 16:22:57
# 27.1617,  5.503780,  0.703,  0.1170,  0.2708,  34.7838,  09 Nov 2017 16:26:57
# 27.1635,  5.502721,  0.779,  0.1194,  0.2841,  34.7749,  09 Nov 2017 16:30:57
# 27.1165,  5.499370,  0.656,  0.1229,  0.2805,  34.7862,  09 Nov 2017 16:34:57
# 27.1054,  5.498280,  0.711,  0.1179,  0.3135,  34.7868,  09 Nov 2017 16:38:57
# 27.0952,  5.496945,  0.825,  0.1219,  0.2827,  34.7848,  09 Nov 2017 16:42:57
# 27.1021,  5.498825,  0.688,  0.1156,  0.2689,  34.7931,  09 Nov 2017 16:46:57
# 27.0988,  5.498739,  0.791,  0.1167,  0.2839,  34.7949,  09 Nov 2017 16:50:57
# 27.0794,  5.496321,  0.774,  0.1158,  0.2854,  34.7922,  09 Nov 2017 16:54:57
# 27.0797,  5.495974,  0.798,  0.1207,  0.2854,  34.7895,  09 Nov 2017 16:58:57
