# 25.4202,  5.259550,  1.040,  0.1184,  0.2504,  34.3273,  20 Apr 2018 23:02:05
# 25.4237,  5.258744,  1.043,  0.1209,  0.2812,  34.3188,  20 Apr 2018 23:06:05
# 25.4096,  5.259233,  1.041,  0.1147,  0.2560,  34.3330,  20 Apr 2018 23:10:05
# 25.4044,  5.257497,  1.023,  0.1254,  0.2838,  34.3241,  20 Apr 2018 23:14:05
# 25.3895,  5.260644,  1.019,  0.1209,  0.3009,  34.3585,  20 Apr 2018 23:18:05
# 25.3860,  5.261915,  1.030,  0.1132,  0.2778,  34.3705,  20 Apr 2018 23:22:05
# 25.3879,  5.259465,  1.030,  0.1256,  0.2538,  34.3511,  20 Apr 2018 23:26:05
# 25.3893,  5.258838,  1.030,  0.1245,  0.2587,  34.3454,  20 Apr 2018 23:30:05
# 25.3789,  5.258319,  1.015,  0.1147,  0.3054,  34.3494,  20 Apr 2018 23:34:05
# 25.3819,  5.256056,  1.005,  0.1293,  0.2744,  34.3306,  20 Apr 2018 23:38:05
# 25.3753,  5.255467,  1.005,  0.1257,  0.2705,  34.3312,  20 Apr 2018 23:42:05
# 25.3627,  5.256529,  0.997,  0.1269,  0.3005,  34.3486,  20 Apr 2018 23:46:05
# 25.3563,  5.256684,  1.016,  0.1184,  0.2767,  34.3546,  20 Apr 2018 23:50:05
# 25.3558,  5.254607,  1.000,  0.1270,  0.2482,  34.3396,  20 Apr 2018 23:54:05
# 25.3498,  5.255429,  0.993,  0.1246,  0.2933,  34.3503,  20 Apr 2018 23:58:05
