# 27.0111,  5.44929,    1.088, 0.0944, 0.3056,  34.5079, 31 Oct 2017 10:01:27
# 27.0115,  5.44791,    1.024, 0.0995, 0.3109,  34.4978, 31 Oct 2017 10:05:27
# 27.0197,  5.44800,    0.959, 0.0944, 0.4000,  34.4923, 31 Oct 2017 10:09:27
# 27.0358,  5.45358,    1.086, 0.0922, 0.3021,  34.5201, 31 Oct 2017 10:13:27
# 27.0366,  5.45310,    1.037, 0.0944, 0.3723,  34.5161, 31 Oct 2017 10:17:27
# 27.0473,  5.45566,    1.121, 0.0945, 0.3539,  34.5264, 31 Oct 2017 10:21:27
# 27.0583,  5.45717,    1.036, 0.0907, 0.3342,  34.5289, 31 Oct 2017 10:25:27
# 27.0702,  5.45529,    1.003, 0.0897, 0.3199,  34.5068, 31 Oct 2017 10:29:27
# 27.0786,  5.45626,    1.067, 0.0945, 0.3635,  34.5074, 31 Oct 2017 10:33:27
# 27.0828,  5.45617,    1.138, 0.0919, 0.3440,  34.5036, 31 Oct 2017 10:37:27
# 27.1021,  5.46080,    1.180, 0.0921, 0.4084,  34.5222, 31 Oct 2017 10:41:27
# 27.1049,  5.45824,    1.076, 0.0921, 0.3307,  34.5020, 31 Oct 2017 10:45:27
# 27.1263,  5.46196,    1.190, 0.0945, 0.3316,  34.5125, 31 Oct 2017 10:49:27
# 27.1278,  5.46309,    1.136, 0.0907, 0.3375,  34.5195, 31 Oct 2017 10:53:27
# 27.1445,  5.46115,    1.123, 0.0908, 0.2973,  34.4933, 31 Oct 2017 10:57:27
