# 25.0229,  5.18123,    0.987, 0.1010, 0.1669,  34.0504, 09 Dec 2017 07:03:16
# 25.0370,  5.18416,    0.991, 0.1035, 0.1672,  34.0614, 09 Dec 2017 07:07:16
# 25.0438,  5.18556,    0.994, 0.1035, 0.1536,  34.0667, 09 Dec 2017 07:11:16
# 25.0631,  5.18941,    0.999, 0.1025, 0.1659,  34.0806, 09 Dec 2017 07:15:16
# 25.0619,  5.18881,    1.001, 0.0999, 0.1547,  34.0770, 09 Dec 2017 07:19:16
# 25.0464,  5.18593,    1.004, 0.1009, 0.1532,  34.0674, 09 Dec 2017 07:23:16
# 25.0498,  5.18613,    1.009, 0.1038, 0.1563,  34.0664, 09 Dec 2017 07:27:16
# 25.0941,  5.19370,    1.013, 0.1048, 0.1974,  34.0888, 09 Dec 2017 07:31:16
# 25.0928,  5.19338,    1.016, 0.1013, 0.1562,  34.0874, 09 Dec 2017 07:35:16
# 25.1049,  5.19739,    1.020, 0.0973, 0.1535,  34.1079, 09 Dec 2017 07:39:16
# 25.0603,  5.18946,    1.023, 0.0961, 0.1505,  34.0830, 09 Dec 2017 07:43:16
# 25.0555,  5.18882,    1.027, 0.1000, 0.1609,  34.0819, 09 Dec 2017 07:47:16
# 25.0575,  5.18851,    1.031, 0.0999, 0.2098,  34.0781, 09 Dec 2017 07:51:16
# 25.0581,  5.18870,    1.035, 0.0973, 0.1635,  34.0790, 09 Dec 2017 07:55:16
# 25.0462,  5.18632,    1.040, 0.0972, 0.1720,  34.0704, 09 Dec 2017 07:59:16
