# 23.2972,  5.087949,  0.668,  0.0915,  0.5209,  34.6773,  04 Mar 2018 12:00:46
# 23.3273,  5.091006,  0.638,  0.0827,  0.3832,  34.6771,  04 Mar 2018 12:04:46
# 23.3647,  5.093520,  0.645,  0.0854,  0.3513,  34.6669,  04 Mar 2018 12:08:46
# 23.3684,  5.094880,  0.647,  0.0889,  0.3733,  34.6744,  04 Mar 2018 12:12:46
# 23.3894,  5.097610,  0.637,  0.0853,  0.3171,  34.6788,  04 Mar 2018 12:16:46
# 23.3947,  5.097724,  0.647,  0.0902,  0.3444,  34.6754,  04 Mar 2018 12:20:46
# 23.4119,  5.098466,  0.647,  0.0903,  0.3748,  34.6676,  04 Mar 2018 12:24:46
# 23.4261,  5.099108,  0.656,  0.0889,  0.3725,  34.6614,  04 Mar 2018 12:28:46
# 23.4282,  5.099911,  0.653,  0.0865,  0.3600,  34.6659,  04 Mar 2018 12:32:46
# 23.4117,  5.100057,  0.658,  0.0864,  0.3366,  34.6799,  04 Mar 2018 12:36:46
# 23.4530,  5.103491,  0.638,  0.0863,  0.3172,  34.6738,  04 Mar 2018 12:40:46
# 23.4300,  5.102833,  0.635,  0.0836,  0.3172,  34.6868,  04 Mar 2018 12:44:46
# 23.4332,  5.102963,  0.678,  0.0958,  0.3637,  34.6853,  04 Mar 2018 12:48:46
# 23.4780,  5.108441,  0.650,  0.0816,  0.3246,  34.6919,  04 Mar 2018 12:52:46
# 23.5067,  5.110048,  0.663,  0.0874,  0.3185,  34.6817,  04 Mar 2018 12:56:46
