# 26.1716,  5.32731,    1.266, 0.0980, 0.3651,  34.2569, 26 Oct 2017 09:01:27
# 26.1635,  5.32962,    1.298, 0.0961, 0.3574,  34.2796, 26 Oct 2017 09:05:27
# 26.1625,  5.33014,    1.260, 0.0948, 0.3626,  34.2841, 26 Oct 2017 09:09:27
# 26.1584,  5.33054,    1.276, 0.0971, 0.3976,  34.2901, 26 Oct 2017 09:13:27
# 26.1691,  5.33298,    1.289, 0.0922, 0.3404,  34.2997, 26 Oct 2017 09:17:27
# 26.1701,  5.33310,    1.250, 0.0962, 0.4426,  34.2999, 26 Oct 2017 09:21:27
# 26.1737,  5.33251,    1.290, 0.0946, 0.3948,  34.2929, 26 Oct 2017 09:25:27
# 26.1833,  5.33310,    1.271, 0.0984, 0.3552,  34.2900, 26 Oct 2017 09:29:27
# 26.1907,  5.33430,    1.364, 0.0933, 0.3295,  34.2932, 26 Oct 2017 09:33:27
# 26.2181,  5.33316,    1.353, 0.0983, 0.3489,  34.2645, 26 Oct 2017 09:37:27
# 26.2344,  5.33329,    1.209, 0.0922, 0.3271,  34.2533, 26 Oct 2017 09:41:27
# 26.2505,  5.33429,    1.328, 0.0945, 0.2924,  34.2486, 26 Oct 2017 09:45:27
# 26.2596,  5.28688,    1.260, 0.0935, 0.3845,  33.8997, 26 Oct 2017 09:49:27
# 26.2590,  5.33715,    1.209, 0.0945, 0.3269,  34.2628, 26 Oct 2017 09:53:27
# 26.2594,  5.29435,    1.306, 0.0935, 0.3076,  33.9538, 26 Oct 2017 09:57:27
