# 27.8623,  5.526943,  0.944,  0.0920,  0.3075,  34.4292,  05 Sep 2017 11:00:05
# 27.8526,  5.525945,  0.876,  0.0909,  0.2665,  34.4293,  05 Sep 2017 11:04:05
# 27.8745,  5.528178,  0.832,  0.0945,  0.2975,  34.4289,  05 Sep 2017 11:08:05
# 27.8717,  5.529350,  0.945,  0.0871,  0.3405,  34.4392,  05 Sep 2017 11:12:05
# 27.9090,  5.532653,  0.807,  0.0881,  0.3076,  34.4350,  05 Sep 2017 11:16:05
# 27.9440,  5.536472,  0.850,  0.0930,  0.3514,  34.4362,  05 Sep 2017 11:20:05
# 27.9166,  5.532352,  0.962,  0.0909,  0.3564,  34.4273,  05 Sep 2017 11:24:05
# 27.9327,  5.535117,  1.001,  0.0871,  0.2914,  34.4349,  05 Sep 2017 11:28:05
# 27.9580,  5.537993,  0.994,  0.0907,  0.2806,  34.4365,  05 Sep 2017 11:32:05
# 27.9504,  5.537938,  0.824,  0.0871,  0.3197,  34.4418,  05 Sep 2017 11:36:05
# 27.9984,  5.542662,  0.930,  0.0882,  0.2833,  34.4397,  05 Sep 2017 11:40:05
# 27.9739,  5.540831,  0.958,  0.0920,  0.4108,  34.4448,  05 Sep 2017 11:44:05
# 27.9812,  5.541188,  0.937,  0.0907,  0.3710,  34.4420,  05 Sep 2017 11:48:05
# 28.0690,  5.550410,  1.042,  0.0884,  0.3233,  34.4423,  05 Sep 2017 11:52:05
# 28.0614,  5.549823,  1.093,  0.0883,  0.2815,  34.4437,  05 Sep 2017 11:56:05
