# 25.2598,  5.263816,  0.869,  0.1070,  0.3487,  34.4803,  25 Apr 2018 22:02:05
# 25.2596,  5.263685,  0.862,  0.0974,  0.2767,  34.4794,  25 Apr 2018 22:06:05
# 25.2579,  5.263468,  0.877,  0.0935,  0.2803,  34.4792,  25 Apr 2018 22:10:05
# 25.2545,  5.261979,  0.871,  0.0986,  0.2756,  34.4707,  25 Apr 2018 22:14:05
# 25.2552,  5.261219,  0.877,  0.1036,  0.2370,  34.4646,  25 Apr 2018 22:18:05
# 25.2446,  5.260282,  0.866,  0.0996,  0.2541,  34.4658,  25 Apr 2018 22:22:05
# 25.2505,  5.258476,  0.891,  0.1009,  0.2708,  34.4480,  25 Apr 2018 22:26:05
# 25.2108,  5.258562,  0.901,  0.0997,  0.2831,  34.4788,  25 Apr 2018 22:30:05
# 25.2040,  5.257484,  0.918,  0.0999,  0.2744,  34.4760,  25 Apr 2018 22:34:05
# 25.1959,  5.253115,  0.910,  0.1073,  0.2751,  34.4500,  25 Apr 2018 22:38:05
# 25.1930,  5.253812,  0.898,  0.0960,  0.2431,  34.4573,  25 Apr 2018 22:42:05
# 25.2113,  5.256183,  0.919,  0.0984,  0.2650,  34.4609,  25 Apr 2018 22:46:05
# 25.2128,  5.256895,  0.931,  0.1011,  0.2562,  34.4649,  25 Apr 2018 22:50:05
# 25.2114,  5.255803,  0.932,  0.0946,  0.2444,  34.4580,  25 Apr 2018 22:54:05
# 25.2127,  5.254222,  0.940,  0.1023,  0.2743,  34.4453,  25 Apr 2018 22:58:05
