# 23.9765,  5.05943,    1.178, 0.1110, 0.1613,  33.9347, 16 Dec 2017 06:03:16
# 23.9802,  5.06027,    1.169, 0.1051, 0.1659,  33.9382, 16 Dec 2017 06:07:16
# 23.9814,  5.06105,    1.160, 0.1075, 0.1711,  33.9432, 16 Dec 2017 06:11:16
# 23.9865,  5.06150,    1.143, 0.1086, 0.1649,  33.9427, 16 Dec 2017 06:15:16
# 24.0003,  5.06346,    1.141, 0.1135, 0.1586,  33.9470, 16 Dec 2017 06:19:16
# 24.0087,  5.06442,    1.132, 0.1088, 0.1634,  33.9478, 16 Dec 2017 06:23:16
# 24.0114,  5.06492,    1.125, 0.1137, 0.1747,  33.9495, 16 Dec 2017 06:27:16
# 24.0063,  5.06427,    1.123, 0.1098, 0.1647,  33.9485, 16 Dec 2017 06:31:16
# 24.0045,  5.06342,    1.113, 0.1135, 0.1769,  33.9434, 16 Dec 2017 06:35:16
# 23.9978,  5.06287,    1.110, 0.1098, 0.1658,  33.9445, 16 Dec 2017 06:39:16
# 23.9909,  5.06199,    1.101, 0.1122, 0.1624,  33.9430, 16 Dec 2017 06:43:16
# 23.9838,  5.06123,    1.091, 0.1062, 0.1636,  33.9428, 16 Dec 2017 06:47:16
# 23.9727,  5.06001,    1.077, 0.1073, 0.1611,  33.9420, 16 Dec 2017 06:51:16
# 23.9751,  5.06041,    1.075, 0.1071, 0.1657,  33.9432, 16 Dec 2017 06:55:16
# 23.9702,  5.06017,    1.051, 0.1087, 0.3452,  33.9451, 16 Dec 2017 06:59:16
