# 24.9622,  5.217583,  0.788,  0.0923,  0.2741,  34.3653,  21 Apr 2018 09:02:05
# 24.9758,  5.218656,  0.779,  0.0902,  0.3487,  34.3629,  21 Apr 2018 09:06:05
# 24.9886,  5.219568,  0.776,  0.0885,  0.2782,  34.3598,  21 Apr 2018 09:10:05
# 25.0104,  5.221421,  0.793,  0.0887,  0.2792,  34.3570,  21 Apr 2018 09:14:05
# 25.0375,  5.223306,  0.785,  0.0874,  0.2766,  34.3503,  21 Apr 2018 09:18:05
# 25.0421,  5.222688,  0.765,  0.0913,  0.2695,  34.3423,  21 Apr 2018 09:22:05
# 25.0471,  5.222286,  0.759,  0.0887,  0.2850,  34.3355,  21 Apr 2018 09:26:05
# 25.0648,  5.224388,  0.764,  0.0899,  0.2649,  34.3376,  21 Apr 2018 09:30:05
# 25.0711,  5.225253,  0.750,  0.0912,  0.2683,  34.3392,  21 Apr 2018 09:34:05
# 25.1089,  5.228004,  0.763,  0.0897,  0.2635,  34.3308,  21 Apr 2018 09:38:05
# 25.0965,  5.227255,  0.788,  0.0913,  0.2924,  34.3347,  21 Apr 2018 09:42:05
# 25.0730,  5.228600,  0.768,  0.0911,  0.2840,  34.3625,  21 Apr 2018 09:46:05
# 25.0849,  5.230038,  0.773,  0.0861,  0.2468,  34.3641,  21 Apr 2018 09:50:05
# 25.1332,  5.233672,  0.796,  0.0885,  0.2518,  34.3542,  21 Apr 2018 09:54:05
# 25.1581,  5.235203,  0.795,  0.0825,  0.2661,  34.3466,  21 Apr 2018 09:58:05
