# 27.5712,  5.504294,  1.018,  0.1341,  0.1827,  34.4836,  28 Sep 2017 22:00:05
# 27.4971,  5.481572,  1.011,  0.1342,  0.1875,  34.3779,  28 Sep 2017 22:04:05
# 27.4703,  5.478914,  0.950,  0.1240,  0.1816,  34.3787,  28 Sep 2017 22:08:05
# 27.4828,  5.481052,  0.977,  0.1353,  0.2036,  34.3847,  28 Sep 2017 22:12:05
# 27.4728,  5.479158,  0.993,  0.1240,  0.1817,  34.3787,  28 Sep 2017 22:16:05
# 27.4715,  5.479016,  0.977,  0.1392,  0.1698,  34.3786,  28 Sep 2017 22:20:05
# 27.4546,  5.473282,  0.998,  0.1366,  0.1791,  34.3505,  28 Sep 2017 22:24:05
# 27.5244,  5.494433,  1.006,  0.1378,  0.1756,  34.4485,  28 Sep 2017 22:28:05
# 27.5030,  5.489363,  0.948,  0.1280,  0.2075,  34.4285,  28 Sep 2017 22:32:05
# 27.4840,  5.485606,  0.958,  0.1179,  0.1844,  34.4159,  28 Sep 2017 22:36:05
# 27.4684,  5.484540,  0.966,  0.1141,  0.1695,  34.4199,  28 Sep 2017 22:40:05
# 27.4310,  5.477936,  1.000,  0.1179,  0.1816,  34.4008,  28 Sep 2017 22:44:05
# 27.4404,  5.479348,  0.955,  0.1192,  0.1878,  34.4038,  28 Sep 2017 22:48:05
# 27.4409,  5.479956,  0.970,  0.1270,  0.1791,  34.4078,  28 Sep 2017 22:52:05
# 27.4757,  5.490572,  1.012,  0.1352,  0.1779,  34.4571,  28 Sep 2017 22:56:05
