# 24.7221,  5.192834,  0.751,  0.0925,  0.2230,  34.3647,  23 Apr 2018 09:02:05
# 24.7301,  5.192803,  0.731,  0.0972,  0.2478,  34.3583,  23 Apr 2018 09:06:05
# 24.7605,  5.192016,  0.783,  0.0912,  0.2540,  34.3293,  23 Apr 2018 09:10:05
# 24.7696,  5.194097,  0.759,  0.0885,  0.2419,  34.3378,  23 Apr 2018 09:14:05
# 24.7698,  5.194737,  0.785,  0.0900,  0.2333,  34.3424,  23 Apr 2018 09:18:05
# 24.7640,  5.196927,  0.782,  0.0959,  0.2279,  34.3631,  23 Apr 2018 09:22:05
# 24.7552,  5.197729,  0.782,  0.0900,  0.2107,  34.3757,  23 Apr 2018 09:26:05
# 24.7406,  5.197706,  0.782,  0.0972,  0.2502,  34.3867,  23 Apr 2018 09:30:05
# 24.7439,  5.197390,  0.777,  0.0950,  0.2337,  34.3819,  23 Apr 2018 09:34:05
# 24.7514,  5.197567,  0.793,  0.0899,  0.2229,  34.3775,  23 Apr 2018 09:38:05
# 24.7579,  5.198068,  0.795,  0.0873,  0.2023,  34.3762,  23 Apr 2018 09:42:05
# 24.8060,  5.198183,  0.801,  0.0922,  0.2145,  34.3404,  23 Apr 2018 09:46:05
# 24.8074,  5.198985,  0.808,  0.0937,  0.2300,  34.3452,  23 Apr 2018 09:50:05
# 24.8069,  5.199525,  0.795,  0.0959,  0.3033,  34.3497,  23 Apr 2018 09:54:05
# 24.7918,  5.200574,  0.805,  0.0961,  0.2623,  34.3690,  23 Apr 2018 09:58:05
