# 26.6581,  5.410869,  0.713,  0.0848,  0.2609,  34.4960,  29 Jun 2018 11:00:08
# 26.6735,  5.412446,  0.742,  0.0860,  0.3053,  34.4958,  29 Jun 2018 11:04:08
# 26.7122,  5.416716,  0.747,  0.0823,  0.3179,  34.4975,  29 Jun 2018 11:08:08
# 26.6686,  5.412651,  0.746,  0.0858,  0.2728,  34.5009,  29 Jun 2018 11:12:08
# 26.6626,  5.412360,  0.764,  0.0847,  0.2573,  34.5033,  29 Jun 2018 11:16:08
# 26.7120,  5.417956,  0.753,  0.0872,  0.2535,  34.5066,  29 Jun 2018 11:20:08
# 26.6544,  5.412510,  0.745,  0.0822,  0.2453,  34.5105,  29 Jun 2018 11:24:08
# 26.6840,  5.415515,  0.757,  0.0822,  0.2393,  34.5100,  29 Jun 2018 11:28:08
# 26.7329,  5.420586,  0.789,  0.0809,  0.2573,  34.5098,  29 Jun 2018 11:32:08
# 26.7458,  5.421575,  0.755,  0.0834,  0.2515,  34.5073,  29 Jun 2018 11:36:08
# 26.7674,  5.423601,  0.752,  0.0835,  0.2777,  34.5057,  29 Jun 2018 11:40:08
# 26.7861,  5.425879,  0.793,  0.0845,  0.2347,  34.5081,  29 Jun 2018 11:44:08
# 26.8161,  5.429037,  0.763,  0.0835,  0.2716,  34.5084,  29 Jun 2018 11:48:08
# 26.8352,  5.430443,  0.785,  0.0812,  0.2656,  34.5042,  29 Jun 2018 11:52:08
# 26.8176,  5.430475,  0.788,  0.0822,  0.2430,  34.5175,  29 Jun 2018 11:56:08
