# 25.3607,  5.264388,  0.931,  0.0861,  0.2242,  34.4079,  15 Jan 2018 13:01:23
# 25.3492,  5.263993,  0.944,  0.0885,  0.2068,  34.4137,  15 Jan 2018 13:05:23
# 25.3479,  5.263474,  0.935,  0.0876,  0.2168,  34.4109,  15 Jan 2018 13:09:23
# 25.3528,  5.264024,  0.940,  0.0922,  0.2590,  34.4112,  15 Jan 2018 13:13:23
# 25.3931,  5.268196,  0.943,  0.0900,  0.2291,  34.4113,  15 Jan 2018 13:17:23
# 25.4050,  5.269142,  0.954,  0.0914,  0.2397,  34.4092,  15 Jan 2018 13:21:23
# 25.4094,  5.269118,  0.953,  0.0912,  0.2158,  34.4057,  15 Jan 2018 13:25:23
# 25.4267,  5.271337,  0.960,  0.0888,  0.2117,  34.4089,  15 Jan 2018 13:29:23
# 25.4305,  5.272415,  0.970,  0.0874,  0.1888,  34.4139,  15 Jan 2018 13:33:23
# 25.4475,  5.273881,  0.966,  0.0863,  0.1866,  34.4118,  15 Jan 2018 13:37:23
# 25.4654,  5.275953,  0.949,  0.0849,  0.2121,  34.4135,  15 Jan 2018 13:41:23
# 25.4892,  5.279073,  0.944,  0.0800,  0.1707,  34.4184,  15 Jan 2018 13:45:23
# 25.4995,  5.279065,  0.958,  0.0823,  0.1802,  34.4105,  15 Jan 2018 13:49:23
# 25.5445,  5.281867,  0.969,  0.0809,  0.1682,  34.3970,  15 Jan 2018 13:53:23
# 25.5370,  5.280392,  0.973,  0.0813,  0.1754,  34.3919,  15 Jan 2018 13:57:23
