# 25.3968,  5.255071,  0.791,  0.1033,  0.2372,  34.3122,  01 Dec 2017 22:02:57
# 25.3992,  5.255753,  0.789,  0.1024,  0.2469,  34.3154,  01 Dec 2017 22:06:57
# 25.4074,  5.256745,  0.799,  0.1186,  0.2361,  34.3165,  01 Dec 2017 22:10:57
# 25.4183,  5.259015,  0.809,  0.1122,  0.2673,  34.3249,  01 Dec 2017 22:14:57
# 25.4237,  5.260806,  0.823,  0.1107,  0.2663,  34.3340,  01 Dec 2017 22:18:57
# 25.3949,  5.256559,  0.829,  0.1035,  0.2419,  34.3245,  01 Dec 2017 22:22:57
# 25.3905,  5.254444,  0.835,  0.1084,  0.2663,  34.3123,  01 Dec 2017 22:26:57
# 25.3699,  5.251299,  0.856,  0.1111,  0.2492,  34.3048,  01 Dec 2017 22:30:57
# 25.3663,  5.249657,  0.867,  0.1148,  0.2434,  34.2954,  01 Dec 2017 22:34:57
# 25.3360,  5.246994,  0.880,  0.1048,  0.2231,  34.2987,  01 Dec 2017 22:38:57
# 25.3446,  5.243773,  0.895,  0.1173,  0.2326,  34.2686,  01 Dec 2017 22:42:57
# 25.3518,  5.243348,  0.904,  0.1184,  0.2245,  34.2600,  01 Dec 2017 22:46:57
# 25.3668,  5.246676,  0.922,  0.1135,  0.2348,  34.2731,  01 Dec 2017 22:50:57
# 25.3989,  5.252592,  0.921,  0.1134,  0.2795,  34.2923,  01 Dec 2017 22:54:57
# 25.4359,  5.259186,  0.936,  0.1182,  0.2219,  34.3128,  01 Dec 2017 22:58:57
