# 26.3673,  6.608643,  0.961,  0.1108,  0.5609,  43.5348,  24 Aug 2018 23:00:08
# 26.3779,  6.605977,  0.816,  0.1170,  0.5694,  43.5048,  24 Aug 2018 23:04:08
# 26.3868,  6.606508,  0.807,  0.1146,  0.6558,  43.5002,  24 Aug 2018 23:08:08
# 26.3859,  6.611438,  0.947,  0.1106,  0.5733,  43.5381,  24 Aug 2018 23:12:08
# 26.3674,  6.605351,  0.838,  0.1122,  0.8199,  43.5100,  24 Aug 2018 23:16:08
# 26.3781,  6.605163,  0.991,  0.1157,  0.8016,  43.4984,  24 Aug 2018 23:20:08
# 26.3957,  6.608926,  1.116,  0.1120,  0.6852,  43.5098,  24 Aug 2018 23:24:08
# 26.4000,  6.609749,  0.757,  0.1154,  0.6623,  43.5121,  24 Aug 2018 23:28:08
# 26.3866,  6.603474,  0.938,  0.1144,  0.7066,  43.4776,  24 Aug 2018 23:32:08
# 26.4050,  6.606697,  0.913,  0.1141,  0.7564,  43.4843,  24 Aug 2018 23:36:08
# 26.4042,  6.603122,  0.766,  0.1133,  0.7466,  43.4584,  24 Aug 2018 23:40:08
# 26.4141,  6.604622,  0.890,  0.1118,  0.6944,  43.4602,  24 Aug 2018 23:44:08
# 26.3972,  6.602600,  1.046,  0.1157,  0.6910,  43.4610,  24 Aug 2018 23:48:08
# 26.3907,  6.600243,  0.860,  0.1131,  0.6522,  43.4496,  24 Aug 2018 23:52:08
# 26.3889,  6.597467,  0.886,  0.1109,  0.5360,  43.4304,  24 Aug 2018 23:56:08
