# 26.5844,  5.396849,  0.814,  0.1157,  0.2045,  34.4503,  12 Jun 2018 22:03:04
# 26.5962,  5.397288,  0.838,  0.1167,  0.2058,  34.4447,  12 Jun 2018 22:07:04
# 26.5799,  5.392131,  0.799,  0.1266,  0.2155,  34.4198,  12 Jun 2018 22:11:04
# 26.5772,  5.397162,  0.812,  0.1147,  0.2333,  34.4579,  12 Jun 2018 22:15:04
# 26.5732,  5.396300,  0.800,  0.1167,  0.2227,  34.4547,  12 Jun 2018 22:19:04
# 26.5728,  5.397178,  0.796,  0.1180,  0.2080,  34.4614,  12 Jun 2018 22:23:04
# 26.5699,  5.394028,  0.796,  0.1219,  0.2118,  34.4408,  12 Jun 2018 22:27:04
# 26.5599,  5.395008,  0.803,  0.1109,  0.2155,  34.4554,  12 Jun 2018 22:31:04
# 26.5439,  5.393535,  0.815,  0.1119,  0.2287,  34.4567,  12 Jun 2018 22:35:04
# 26.5301,  5.393057,  0.806,  0.1159,  0.2255,  34.4636,  12 Jun 2018 22:39:04
# 26.5384,  5.393731,  0.805,  0.1119,  0.2201,  34.4623,  12 Jun 2018 22:43:04
# 26.5229,  5.391404,  0.810,  0.1034,  0.2081,  34.4570,  12 Jun 2018 22:47:04
# 26.4972,  5.377623,  0.802,  0.1168,  0.1993,  34.3771,  12 Jun 2018 22:51:04
# 26.5122,  5.384449,  0.789,  0.1146,  0.2214,  34.4151,  12 Jun 2018 22:55:04
# 26.5029,  5.386007,  0.799,  0.1060,  0.2203,  34.4332,  12 Jun 2018 22:59:04
