# 26.4936,  5.39074,    0.887, 0.0833, 0.1852,  34.4742, 21 Oct 2017 11:01:27
# 26.4714,  5.39233,    0.867, 0.0887, 0.1805,  34.5022, 21 Oct 2017 11:05:27
# 26.4781,  5.39646,    0.857, 0.0860, 0.1876,  34.5269, 21 Oct 2017 11:09:27
# 26.4902,  5.39886,    0.805, 0.0837, 0.2134,  34.5352, 21 Oct 2017 11:13:27
# 26.5210,  5.39975,    0.898, 0.0874, 0.1963,  34.5185, 21 Oct 2017 11:17:27
# 26.5287,  5.39975,    0.852, 0.0858, 0.2674,  34.5127, 21 Oct 2017 11:21:27
# 26.5519,  5.40050,    0.833, 0.0861, 0.2210,  34.5008, 21 Oct 2017 11:25:27
# 26.5738,  5.40305,    0.860, 0.0861, 0.1865,  34.5028, 21 Oct 2017 11:29:27
# 26.6150,  5.40474,    0.904, 0.0848, 0.2098,  34.4841, 21 Oct 2017 11:33:27
# 26.5816,  5.40473,    0.879, 0.0872, 0.2760,  34.5089, 21 Oct 2017 11:37:27
# 26.6346,  5.40877,    0.805, 0.0836, 0.1926,  34.4984, 21 Oct 2017 11:41:27
# 26.6532,  5.40673,    0.768, 0.0835, 0.2086,  34.4699, 21 Oct 2017 11:45:27
# 26.6209,  5.40975,    0.808, 0.0823, 0.2408,  34.5157, 21 Oct 2017 11:49:27
# 26.6410,  5.41037,    0.885, 0.0837, 0.1913,  34.5051, 21 Oct 2017 11:53:27
# 26.6856,  5.40939,    0.846, 0.0849, 0.1757,  34.4649, 21 Oct 2017 11:57:27
