# 23.6307,  5.012134,  0.897,  0.1038,  0.1984,  33.8411,  18 Feb 2018 21:01:23
# 23.6044,  5.001746,  0.896,  0.1051,  0.1985,  33.7825,  18 Feb 2018 21:05:23
# 23.5880,  4.991799,  0.879,  0.1048,  0.2085,  33.7196,  18 Feb 2018 21:09:23
# 23.6056,  5.003263,  0.877,  0.0986,  0.1964,  33.7931,  18 Feb 2018 21:13:23
# 23.6240,  5.016811,  0.881,  0.1048,  0.1987,  33.8818,  18 Feb 2018 21:17:23
# 23.6483,  5.022022,  0.852,  0.1222,  0.2131,  33.9027,  18 Feb 2018 21:21:23
# 23.6956,  5.031317,  0.860,  0.1247,  0.2294,  33.9369,  18 Feb 2018 21:25:23
# 23.6321,  4.989813,  0.855,  0.1211,  0.2325,  33.6710,  18 Feb 2018 21:29:23
# 23.6072,  4.970871,  0.840,  0.1198,  0.2184,  33.5464,  18 Feb 2018 21:33:23
# 23.6257,  4.956983,  0.853,  0.1298,  0.2136,  33.4274,  18 Feb 2018 21:37:23
# 23.7102,  4.980761,  0.843,  0.1344,  0.2204,  33.5433,  18 Feb 2018 21:41:23
# 23.8147,  5.003897,  0.850,  0.1491,  0.2049,  33.6390,  18 Feb 2018 21:45:23
# 23.8656,  5.025453,  0.845,  0.1643,  0.2149,  33.7631,  18 Feb 2018 21:49:23
# 23.8579,  5.030934,  0.830,  0.1551,  0.2123,  33.8103,  18 Feb 2018 21:53:23
# 23.8161,  5.023273,  0.831,  0.1366,  0.2157,  33.7842,  18 Feb 2018 21:57:23
