# 27.7585,  5.537426,  0.878,  0.1009,  0.1505,  34.5790,  02 Oct 2017 08:00:05
# 27.7705,  5.541683,  0.913,  0.0969,  0.1514,  34.6001,  02 Oct 2017 08:04:05
# 27.7832,  5.543197,  0.874,  0.0993,  0.1493,  34.6014,  02 Oct 2017 08:08:05
# 27.8104,  5.544632,  0.850,  0.1045,  0.1583,  34.5915,  02 Oct 2017 08:12:05
# 27.8179,  5.545235,  0.834,  0.0968,  0.1489,  34.5901,  02 Oct 2017 08:16:05
# 27.8402,  5.546987,  0.889,  0.1019,  0.1456,  34.5860,  02 Oct 2017 08:20:05
# 27.8423,  5.549930,  0.833,  0.1021,  0.1670,  34.6052,  02 Oct 2017 08:24:05
# 27.8533,  5.550922,  0.814,  0.1032,  0.1482,  34.6040,  02 Oct 2017 08:28:05
# 27.8678,  5.551842,  0.878,  0.1091,  0.1595,  34.5998,  02 Oct 2017 08:32:05
# 27.8760,  5.552517,  0.832,  0.1006,  0.1633,  34.5985,  02 Oct 2017 08:36:05
# 27.8739,  5.554993,  0.896,  0.1068,  0.1505,  34.6174,  02 Oct 2017 08:40:05
# 27.8884,  5.554881,  0.909,  0.1046,  0.1517,  34.6060,  02 Oct 2017 08:44:05
# 27.9063,  5.554897,  0.886,  0.1156,  0.1595,  34.5929,  02 Oct 2017 08:48:05
# 27.9136,  5.553270,  0.868,  0.1142,  0.1527,  34.5762,  02 Oct 2017 08:52:05
# 27.8978,  5.558374,  0.900,  0.1019,  0.1518,  34.6235,  02 Oct 2017 08:56:05
