# 26.5589,  5.42313,    1.271, 0.1059, 0.2447,  34.6582, 07 Nov 2017 04:01:27
# 26.5576,  5.42310,    1.181, 0.1033, 0.2387,  34.6589, 07 Nov 2017 04:05:27
# 26.5557,  5.42312,    1.150, 0.1073, 0.2336,  34.6605, 07 Nov 2017 04:09:27
# 26.5573,  5.42436,    1.259, 0.1021, 0.2470,  34.6682, 07 Nov 2017 04:13:27
# 26.5566,  5.42518,    1.225, 0.1045, 0.2241,  34.6747, 07 Nov 2017 04:17:27
# 26.5598,  5.42573,    1.196, 0.1035, 0.2722,  34.6762, 07 Nov 2017 04:21:27
# 26.5622,  5.42614,    1.269, 0.1073, 0.2364,  34.6773, 07 Nov 2017 04:25:27
# 26.5562,  5.42552,    1.281, 0.1034, 0.2059,  34.6773, 07 Nov 2017 04:29:27
# 26.5548,  5.42536,    1.251, 0.1083, 0.1975,  34.6772, 07 Nov 2017 04:33:27
# 26.5414,  5.42309,    1.261, 0.1058, 0.2231,  34.6710, 07 Nov 2017 04:37:27
# 26.5209,  5.41818,    1.303, 0.1093, 0.2338,  34.6510, 07 Nov 2017 04:41:27
# 26.5425,  5.42211,    1.301, 0.1122, 0.2245,  34.6630, 07 Nov 2017 04:45:27
# 26.5368,  5.42173,    1.239, 0.1021, 0.2183,  34.6646, 07 Nov 2017 04:49:27
# 26.5300,  5.42021,    1.278, 0.1109, 0.2172,  34.6588, 07 Nov 2017 04:53:27
# 26.5319,  5.42061,    1.336, 0.1033, 0.2132,  34.6602, 07 Nov 2017 04:57:27
