# 25.4110,  5.290872,  0.874,  0.1232,  0.2632,  34.5643,  07 Jun 2018 02:03:04
# 25.4065,  5.290818,  0.867,  0.1343,  0.2812,  34.5673,  07 Jun 2018 02:07:04
# 25.3885,  5.290453,  0.873,  0.1210,  0.2632,  34.5783,  07 Jun 2018 02:11:04
# 25.3898,  5.288278,  0.842,  0.1220,  0.2589,  34.5613,  07 Jun 2018 02:15:04
# 25.4094,  5.287430,  0.868,  0.1293,  0.2840,  34.5402,  07 Jun 2018 02:19:04
# 25.4108,  5.288743,  0.851,  0.1247,  0.2293,  34.5488,  07 Jun 2018 02:23:04
# 25.4032,  5.287796,  0.833,  0.1159,  0.2549,  34.5476,  07 Jun 2018 02:27:04
# 25.4078,  5.289217,  0.831,  0.1292,  0.2380,  34.5546,  07 Jun 2018 02:31:04
# 25.4023,  5.288860,  0.868,  0.1245,  0.2242,  34.5561,  07 Jun 2018 02:35:04
# 25.4056,  5.288130,  0.807,  0.1244,  0.2189,  34.5483,  07 Jun 2018 02:39:04
# 25.4119,  5.285481,  0.812,  0.1318,  0.2144,  34.5241,  07 Jun 2018 02:43:04
# 25.3943,  5.286926,  0.812,  0.1183,  0.2609,  34.5480,  07 Jun 2018 02:47:04
# 25.3734,  5.286367,  0.818,  0.1183,  0.2560,  34.5598,  07 Jun 2018 02:51:04
# 25.3656,  5.286095,  0.814,  0.1146,  0.2502,  34.5638,  07 Jun 2018 02:55:04
# 25.3613,  5.286080,  0.804,  0.1171,  0.2407,  34.5669,  07 Jun 2018 02:59:04
