# 23.4413,  5.015105,  1.077,  0.1041,  0.3285,  34.0089,  15 Feb 2018 03:01:23
# 23.4426,  5.025240,  1.078,  0.1028,  0.3723,  34.0850,  15 Feb 2018 03:05:23
# 23.4439,  5.025445,  1.086,  0.1002,  0.3428,  34.0856,  15 Feb 2018 03:09:23
# 23.4420,  5.025711,  1.091,  0.0986,  0.2963,  34.0891,  15 Feb 2018 03:13:23
# 23.4422,  5.028873,  1.095,  0.1001,  0.3184,  34.1130,  15 Feb 2018 03:17:23
# 23.4418,  5.029747,  1.095,  0.1026,  0.3221,  34.1200,  15 Feb 2018 03:21:23
# 23.4400,  5.028850,  1.104,  0.0976,  0.3146,  34.1145,  15 Feb 2018 03:25:23
# 23.4355,  5.033945,  1.106,  0.0985,  0.3501,  34.1568,  15 Feb 2018 03:29:23
# 23.4411,  5.029215,  1.108,  0.1035,  0.3137,  34.1165,  15 Feb 2018 03:33:23
# 23.4381,  5.022891,  1.098,  0.1012,  0.3075,  34.0706,  15 Feb 2018 03:37:23
# 23.4361,  5.024335,  1.106,  0.0963,  0.3391,  34.0831,  15 Feb 2018 03:41:23
# 23.4361,  5.024753,  1.117,  0.1012,  0.3368,  34.0863,  15 Feb 2018 03:45:23
# 23.4347,  5.030348,  1.121,  0.1003,  0.3416,  34.1300,  15 Feb 2018 03:49:23
# 23.4300,  5.030477,  1.118,  0.0987,  0.3256,  34.1346,  15 Feb 2018 03:53:23
# 23.4230,  5.010907,  1.125,  0.1013,  0.3833,  33.9909,  15 Feb 2018 03:57:23
