# 26.4939,  5.410119,  1.143,  0.0997,  0.2873,  34.6133,  11 Jul 2018 13:00:08
# 26.5153,  5.410911,  1.150,  0.0971,  0.2321,  34.6030,  11 Jul 2018 13:04:08
# 26.4963,  5.410833,  1.156,  0.0959,  0.2301,  34.6167,  11 Jul 2018 13:08:08
# 26.5144,  5.413705,  1.155,  0.0935,  0.2513,  34.6238,  11 Jul 2018 13:12:08
# 26.5161,  5.414686,  1.172,  0.0883,  0.2322,  34.6295,  11 Jul 2018 13:16:08
# 26.5290,  5.416436,  1.176,  0.0896,  0.2490,  34.6324,  11 Jul 2018 13:20:08
# 26.5689,  5.419113,  1.185,  0.0936,  0.2229,  34.6218,  11 Jul 2018 13:24:08
# 26.5821,  5.418736,  1.187,  0.0982,  0.2644,  34.6091,  11 Jul 2018 13:28:08
# 26.6010,  5.420848,  1.193,  0.0961,  0.2118,  34.6102,  11 Jul 2018 13:32:08
# 26.6415,  5.422504,  1.201,  0.0961,  0.2264,  34.5918,  11 Jul 2018 13:36:08
# 26.6745,  5.424797,  1.207,  0.0984,  0.2205,  34.5835,  11 Jul 2018 13:40:08
# 26.6604,  5.425512,  1.214,  0.0970,  0.2573,  34.5992,  11 Jul 2018 13:44:08
# 26.6398,  5.425018,  1.223,  0.0944,  0.2145,  34.6110,  11 Jul 2018 13:48:08
# 26.6431,  5.426738,  1.226,  0.0919,  0.2142,  34.6209,  11 Jul 2018 13:52:08
# 26.6400,  5.427202,  1.231,  0.0921,  0.3227,  34.6265,  11 Jul 2018 13:56:08
