# 27.2392,  5.461762,  1.040,  0.0896,  0.2907,  34.4276,  15 Jun 2018 15:03:04
# 27.2281,  5.462172,  1.035,  0.0895,  0.3040,  34.4388,  15 Jun 2018 15:07:04
# 27.2446,  5.463834,  1.052,  0.0896,  0.3029,  34.4383,  15 Jun 2018 15:11:04
# 27.2549,  5.464740,  1.057,  0.0883,  0.2934,  34.4371,  15 Jun 2018 15:15:04
# 27.2629,  5.465418,  1.074,  0.0906,  0.3110,  34.4360,  15 Jun 2018 15:19:04
# 27.2094,  5.460479,  1.076,  0.0895,  0.2908,  34.4405,  15 Jun 2018 15:23:04
# 27.2230,  5.461203,  1.068,  0.0943,  0.3083,  34.4356,  15 Jun 2018 15:27:04
# 27.2324,  5.462133,  1.078,  0.0884,  0.3062,  34.4353,  15 Jun 2018 15:31:04
# 27.2316,  5.462007,  1.093,  0.0897,  0.3064,  34.4349,  15 Jun 2018 15:35:04
# 27.2342,  5.462014,  1.094,  0.0896,  0.2642,  34.4331,  15 Jun 2018 15:39:04
# 27.2360,  5.461999,  1.084,  0.0984,  0.3894,  34.4317,  15 Jun 2018 15:43:04
# 27.2189,  5.460872,  1.103,  0.0921,  0.3655,  34.4362,  15 Jun 2018 15:47:04
# 27.2133,  5.460431,  1.129,  0.0934,  0.3336,  34.4373,  15 Jun 2018 15:51:04
# 27.2160,  5.460486,  1.126,  0.0933,  0.3386,  34.4357,  15 Jun 2018 15:55:04
# 27.2122,  5.460226,  1.139,  0.0959,  0.3146,  34.4366,  15 Jun 2018 15:59:04
