# 26.6427,  5.412086,  0.726,  0.1055,  0.2419,  34.5162,  03 Jul 2018 02:00:08
# 26.6321,  5.411184,  0.719,  0.1017,  0.2417,  34.5177,  03 Jul 2018 02:04:08
# 26.6565,  5.410265,  0.726,  0.1045,  0.2322,  34.4929,  03 Jul 2018 02:08:08
# 26.6726,  5.410485,  0.723,  0.1094,  0.2692,  34.4824,  03 Jul 2018 02:12:08
# 26.6740,  5.410155,  0.726,  0.1045,  0.2944,  34.4790,  03 Jul 2018 02:16:08
# 26.6852,  5.408272,  0.729,  0.1194,  0.2546,  34.4572,  03 Jul 2018 02:20:08
# 26.6756,  5.408154,  0.728,  0.1119,  0.2537,  34.4634,  03 Jul 2018 02:24:08
# 26.7034,  5.408523,  0.721,  0.1202,  0.2500,  34.4454,  03 Jul 2018 02:28:08
# 26.6795,  5.408586,  0.723,  0.1108,  0.2597,  34.4636,  03 Jul 2018 02:32:08
# 26.6829,  5.408107,  0.726,  0.1044,  0.2354,  34.4577,  03 Jul 2018 02:36:08
# 26.6862,  5.407582,  0.725,  0.1109,  0.2320,  34.4515,  03 Jul 2018 02:40:08
# 26.6860,  5.407511,  0.727,  0.1167,  0.2345,  34.4511,  03 Jul 2018 02:44:08
# 26.6415,  5.406767,  0.738,  0.1070,  0.2441,  34.4790,  03 Jul 2018 02:48:08
# 26.6242,  5.404516,  0.765,  0.1082,  0.3436,  34.4757,  03 Jul 2018 02:52:08
# 26.6126,  5.403246,  0.712,  0.1034,  0.2791,  34.4752,  03 Jul 2018 02:56:08
