# 24.9699,  5.17054,    0.853, 0.1318, 0.2245,  34.0114, 22 Dec 2017 17:03:16
# 24.9616,  5.16934,    0.833, 0.1293, 0.1936,  34.0088, 22 Dec 2017 17:07:16
# 24.9584,  5.16901,    0.822, 0.1294, 0.1951,  34.0088, 22 Dec 2017 17:11:16
# 24.9480,  5.16842,    0.836, 0.1305, 0.1975,  34.0122, 22 Dec 2017 17:15:16
# 24.9445,  5.16810,    0.869, 0.1221, 0.2050,  34.0125, 22 Dec 2017 17:19:16
# 24.9374,  5.16701,    0.871, 0.1293, 0.1695,  34.0098, 22 Dec 2017 17:23:16
# 24.9265,  5.16571,    0.870, 0.1286, 0.1756,  34.0084, 22 Dec 2017 17:27:16
# 24.9206,  5.16529,    0.867, 0.1318, 0.1986,  34.0097, 22 Dec 2017 17:31:16
# 24.9218,  5.16574,    0.862, 0.1221, 0.1904,  34.0121, 22 Dec 2017 17:35:16
# 24.9288,  5.16689,    0.856, 0.1234, 0.1949,  34.0154, 22 Dec 2017 17:39:16
# 24.9309,  5.16716,    0.881, 0.1170, 0.1769,  34.0158, 22 Dec 2017 17:43:16
# 24.9381,  5.16915,    0.878, 0.1246, 0.2122,  34.0251, 22 Dec 2017 17:47:16
# 24.9390,  5.16997,    0.892, 0.1170, 0.1765,  34.0305, 22 Dec 2017 17:51:16
# 24.9350,  5.16985,    0.881, 0.1308, 0.1998,  34.0326, 22 Dec 2017 17:55:16
# 24.9361,  5.17004,    0.891, 0.1341, 0.2084,  34.0332, 22 Dec 2017 17:59:16
