# 26.8566,  5.448878,  0.741,  0.1083,  0.2321,  34.6201,  23 Jul 2018 06:00:08
# 26.8649,  5.448390,  0.731,  0.1058,  0.2438,  34.6104,  23 Jul 2018 06:04:08
# 26.8807,  5.449271,  0.733,  0.1045,  0.2379,  34.6049,  23 Jul 2018 06:08:08
# 26.8494,  5.448359,  0.697,  0.1032,  0.3227,  34.6217,  23 Jul 2018 06:12:08
# 26.8471,  5.447831,  0.741,  0.1034,  0.2477,  34.6196,  23 Jul 2018 06:16:08
# 26.8549,  5.447784,  0.758,  0.1019,  0.2427,  34.6135,  23 Jul 2018 06:20:08
# 26.8602,  5.447453,  0.695,  0.1019,  0.2393,  34.6072,  23 Jul 2018 06:24:08
# 26.8665,  5.446572,  0.737,  0.1044,  0.2501,  34.5962,  23 Jul 2018 06:28:08
# 26.8689,  5.446863,  0.711,  0.1083,  0.2367,  34.5965,  23 Jul 2018 06:32:08
# 26.8745,  5.446619,  0.762,  0.1106,  0.2851,  34.5906,  23 Jul 2018 06:36:08
# 26.8684,  5.443653,  0.722,  0.1082,  0.2319,  34.5739,  23 Jul 2018 06:40:08
# 26.8561,  5.443024,  0.727,  0.1057,  0.2584,  34.5786,  23 Jul 2018 06:44:08
# 26.8721,  5.442795,  0.699,  0.1107,  0.2265,  34.5650,  23 Jul 2018 06:48:08
# 26.8664,  5.443031,  0.704,  0.1057,  0.2451,  34.5709,  23 Jul 2018 06:52:08
# 26.8646,  5.444566,  0.727,  0.1068,  0.2643,  34.5832,  23 Jul 2018 06:56:08
