# 27.1948,  5.472357,  1.266,  0.1144,  0.2502,  34.5356,  15 Jul 2018 19:00:08
# 27.1948,  5.473902,  1.264,  0.1093,  0.2739,  34.5466,  15 Jul 2018 19:04:08
# 27.1413,  5.469834,  1.266,  0.1033,  0.2728,  34.5574,  15 Jul 2018 19:08:08
# 27.0732,  5.463507,  1.269,  0.1095,  0.2634,  34.5630,  15 Jul 2018 19:12:08
# 27.0889,  5.463561,  1.255,  0.1069,  0.2669,  34.5517,  15 Jul 2018 19:16:08
# 27.1192,  5.465925,  1.255,  0.1156,  0.2573,  34.5460,  15 Jul 2018 19:20:08
# 27.1114,  5.466311,  1.249,  0.1130,  0.2850,  34.5545,  15 Jul 2018 19:24:08
# 27.1341,  5.468053,  1.233,  0.1122,  0.2802,  34.5500,  15 Jul 2018 19:28:08
# 27.1754,  5.469810,  1.252,  0.1279,  0.3298,  34.5319,  15 Jul 2018 19:32:08
# 27.1647,  5.469195,  1.249,  0.1170,  0.2631,  34.5354,  15 Jul 2018 19:36:08
# 27.1574,  5.468857,  1.256,  0.1170,  0.3386,  34.5384,  15 Jul 2018 19:40:08
# 27.1445,  5.468100,  1.247,  0.1106,  0.2911,  34.5426,  15 Jul 2018 19:44:08
# 27.1265,  5.466295,  1.246,  0.1105,  0.2574,  34.5432,  15 Jul 2018 19:48:08
# 27.1723,  5.467879,  1.251,  0.1194,  0.2275,  34.5205,  15 Jul 2018 19:52:08
# 27.1944,  5.468446,  1.236,  0.1267,  0.2659,  34.5081,  15 Jul 2018 19:56:08
