# 28.7833,  5.670762,  1.350,  0.0992,  0.1547,  34.7565,  02 Oct 2017 15:00:05
# 28.8015,  5.672596,  1.304,  0.1007,  0.1875,  34.7559,  02 Oct 2017 15:04:05
# 28.8538,  5.677979,  1.330,  0.0968,  0.1780,  34.7549,  02 Oct 2017 15:08:05
# 28.8548,  5.678508,  1.299,  0.1044,  0.1691,  34.7578,  02 Oct 2017 15:12:05
# 28.7972,  5.672508,  1.295,  0.0945,  0.1679,  34.7584,  02 Oct 2017 15:16:05
# 28.5446,  5.648112,  1.290,  0.1005,  0.1751,  34.7743,  02 Oct 2017 15:20:05
# 28.7299,  5.666503,  1.311,  0.0944,  0.1536,  34.7661,  02 Oct 2017 15:24:05
# 28.7540,  5.668768,  1.322,  0.0944,  0.1705,  34.7641,  02 Oct 2017 15:28:05
# 28.7876,  5.672644,  1.285,  0.0946,  0.1596,  34.7664,  02 Oct 2017 15:32:05
# 28.7392,  5.667351,  1.268,  0.0955,  0.1642,  34.7651,  02 Oct 2017 15:36:05
# 28.7885,  5.670762,  1.249,  0.1069,  0.1595,  34.7528,  02 Oct 2017 15:40:05
# 28.7845,  5.670754,  1.221,  0.1078,  0.1837,  34.7556,  02 Oct 2017 15:44:05
# 28.7767,  5.670113,  1.270,  0.1131,  0.1682,  34.7569,  02 Oct 2017 15:48:05
# 28.7220,  5.664701,  1.260,  0.1006,  0.1595,  34.7594,  02 Oct 2017 15:52:05
# 28.7282,  5.665374,  1.268,  0.1079,  0.1743,  34.7595,  02 Oct 2017 15:56:05
