# 24.7493,  5.189296,  0.935,  0.1171,  0.1864,  34.3175,  16 Jan 2018 00:01:23
# 24.7619,  5.189473,  0.948,  0.1133,  0.2087,  34.3092,  16 Jan 2018 00:05:23
# 24.7519,  5.187855,  0.944,  0.1221,  0.1878,  34.3048,  16 Jan 2018 00:09:23
# 24.7627,  5.189728,  0.955,  0.1123,  0.2059,  34.3105,  16 Jan 2018 00:13:23
# 24.7557,  5.188086,  0.961,  0.1099,  0.1862,  34.3037,  16 Jan 2018 00:17:23
# 24.7588,  5.188965,  0.954,  0.1135,  0.2303,  34.3078,  16 Jan 2018 00:21:23
# 24.7357,  5.183534,  0.980,  0.1120,  0.1865,  34.2851,  16 Jan 2018 00:25:23
# 24.7462,  5.187278,  0.978,  0.1061,  0.1939,  34.3049,  16 Jan 2018 00:29:23
# 24.7351,  5.183981,  0.984,  0.1072,  0.1911,  34.2888,  16 Jan 2018 00:33:23
# 24.7306,  5.180985,  0.996,  0.1033,  0.1925,  34.2699,  16 Jan 2018 00:37:23
# 24.7346,  5.180831,  0.997,  0.1097,  0.1985,  34.2658,  16 Jan 2018 00:41:23
# 24.7304,  5.179137,  1.012,  0.1107,  0.1864,  34.2564,  16 Jan 2018 00:45:23
# 24.7319,  5.181408,  1.025,  0.0998,  0.1889,  34.2721,  16 Jan 2018 00:49:23
# 24.7288,  5.179560,  1.030,  0.0999,  0.1801,  34.2608,  16 Jan 2018 00:53:23
# 24.7438,  5.176250,  1.037,  0.1071,  0.1830,  34.2247,  16 Jan 2018 00:57:23
