# 24.4013,  5.203836,  0.954,  0.1291,  0.2972,  34.6934,  24 Jan 2018 03:01:23
# 24.3997,  5.204014,  0.958,  0.1245,  0.2482,  34.6960,  24 Jan 2018 03:05:23
# 24.3952,  5.203559,  0.949,  0.1234,  0.2852,  34.6961,  24 Jan 2018 03:09:23
# 24.3968,  5.203682,  0.910,  0.1209,  0.2689,  34.6958,  24 Jan 2018 03:13:23
# 24.4022,  5.204315,  0.925,  0.1221,  0.3771,  34.6964,  24 Jan 2018 03:17:23
# 24.3990,  5.204045,  0.916,  0.1257,  0.3018,  34.6968,  24 Jan 2018 03:21:23
# 24.4049,  5.202718,  0.966,  0.1233,  0.2757,  34.6823,  24 Jan 2018 03:25:23
# 24.3973,  5.202671,  0.955,  0.1331,  0.3195,  34.6878,  24 Jan 2018 03:29:23
# 24.3922,  5.200851,  0.951,  0.1234,  0.2675,  34.6781,  24 Jan 2018 03:33:23
# 24.3754,  5.202464,  0.960,  0.1220,  0.2338,  34.7032,  24 Jan 2018 03:37:23
# 24.3895,  5.200319,  0.949,  0.1184,  0.3478,  34.6762,  24 Jan 2018 03:41:23
# 24.3906,  5.200905,  0.937,  0.1209,  0.2924,  34.6798,  24 Jan 2018 03:45:23
# 24.3805,  5.201646,  0.935,  0.1198,  0.2587,  34.6932,  24 Jan 2018 03:49:23
# 24.3568,  5.200489,  0.888,  0.1183,  0.3526,  34.7029,  24 Jan 2018 03:53:23
# 24.3642,  5.199833,  0.942,  0.1196,  0.3043,  34.6922,  24 Jan 2018 03:57:23
