# 27.5192,  6.855576,  0.867,  0.1276,  0.2380,  44.2736,  05 Aug 2018 18:00:08
# 27.5145,  6.857355,  0.861,  0.1190,  0.2393,  44.2912,  05 Aug 2018 18:04:08
# 27.4869,  6.854391,  0.853,  0.1130,  0.2418,  44.2957,  05 Aug 2018 18:08:08
# 27.5340,  6.862595,  0.881,  0.1168,  0.2307,  44.3112,  05 Aug 2018 18:12:08
# 27.5407,  6.863807,  0.855,  0.1193,  0.2141,  44.3138,  05 Aug 2018 18:16:08
# 27.5351,  6.861801,  0.867,  0.1205,  0.2824,  44.3044,  05 Aug 2018 18:20:08
# 27.5184,  6.861540,  0.870,  0.1167,  0.2203,  44.3184,  05 Aug 2018 18:24:08
# 27.5290,  6.863388,  0.911,  0.1167,  0.2155,  44.3218,  05 Aug 2018 18:28:08
# 27.5201,  6.862508,  0.885,  0.1168,  0.2345,  44.3239,  05 Aug 2018 18:32:08
# 27.5026,  6.861331,  0.851,  0.1105,  0.2331,  44.3319,  05 Aug 2018 18:36:08
# 27.4707,  6.856780,  0.855,  0.1068,  0.1968,  44.3288,  05 Aug 2018 18:40:08
# 27.4613,  6.855412,  0.913,  0.1069,  0.2190,  44.3277,  05 Aug 2018 18:44:08
# 27.4549,  6.853573,  0.903,  0.1218,  0.2227,  44.3203,  05 Aug 2018 18:48:08
# 27.4480,  6.854558,  0.873,  0.1181,  0.2190,  44.3342,  05 Aug 2018 18:52:08
# 27.4956,  6.863564,  0.884,  0.1156,  0.2644,  44.3551,  05 Aug 2018 18:56:08
