# 26.0385,  6.578246,  0.890,  0.1069,  0.4997,  43.6202,  24 Aug 2018 06:00:08
# 26.0147,  6.577425,  0.909,  0.1059,  0.4731,  43.6368,  24 Aug 2018 06:04:08
# 26.0335,  6.580428,  0.946,  0.1083,  0.5157,  43.6415,  24 Aug 2018 06:08:08
# 26.0469,  6.573464,  0.882,  0.1144,  0.4900,  43.5760,  24 Aug 2018 06:12:08
# 26.0512,  6.573062,  0.891,  0.1119,  0.5949,  43.5689,  24 Aug 2018 06:16:08
# 26.0717,  6.577236,  0.774,  0.1083,  0.4886,  43.5807,  24 Aug 2018 06:20:08
# 26.1292,  6.585441,  0.814,  0.1108,  0.6610,  43.5876,  24 Aug 2018 06:24:08
# 26.1206,  6.587770,  0.930,  0.1093,  0.5325,  43.6134,  24 Aug 2018 06:28:08
# 26.1297,  6.594235,  0.890,  0.1080,  0.4926,  43.6535,  24 Aug 2018 06:32:08
# 26.1180,  6.589174,  0.841,  0.1061,  0.5057,  43.6265,  24 Aug 2018 06:36:08
# 26.1825,  6.606727,  0.885,  0.1042,  0.5550,  43.6971,  24 Aug 2018 06:40:08
# 26.1522,  6.593566,  0.934,  0.1108,  0.5254,  43.6269,  24 Aug 2018 06:44:08
# 26.1302,  6.591023,  0.727,  0.1107,  0.5061,  43.6288,  24 Aug 2018 06:48:08
# 26.1443,  6.590304,  0.757,  0.1094,  0.5612,  43.6099,  24 Aug 2018 06:52:08
# 26.1539,  6.588608,  0.743,  0.1146,  0.5375,  43.5879,  24 Aug 2018 06:56:08
