# 26.7419,  5.446795,  0.754,  0.1045,  0.3028,  34.6910,  27 Jul 2018 08:00:08
# 26.7401,  5.446968,  0.707,  0.0994,  0.3051,  34.6935,  27 Jul 2018 08:04:08
# 26.7468,  5.447487,  0.723,  0.0956,  0.3040,  34.6922,  27 Jul 2018 08:08:08
# 26.7509,  5.448156,  0.711,  0.0982,  0.2452,  34.6939,  27 Jul 2018 08:12:08
# 26.7561,  5.448691,  0.733,  0.0985,  0.2487,  34.6939,  27 Jul 2018 08:16:08
# 26.7710,  5.449234,  0.711,  0.0997,  0.2791,  34.6866,  27 Jul 2018 08:20:08
# 26.7611,  5.449494,  0.699,  0.1007,  0.2815,  34.6959,  27 Jul 2018 08:24:08
# 26.7868,  5.450611,  0.691,  0.0983,  0.2369,  34.6847,  27 Jul 2018 08:28:08
# 26.7986,  5.451201,  0.715,  0.1044,  0.2391,  34.6801,  27 Jul 2018 08:32:08
# 26.8047,  5.451760,  0.719,  0.1035,  0.2370,  34.6795,  27 Jul 2018 08:36:08
# 26.8222,  5.452445,  0.684,  0.0997,  0.2512,  34.6713,  27 Jul 2018 08:40:08
# 26.8156,  5.453216,  0.701,  0.0980,  0.2824,  34.6818,  27 Jul 2018 08:44:08
# 26.8096,  5.453665,  0.719,  0.0981,  0.2753,  34.6895,  27 Jul 2018 08:48:08
# 26.8200,  5.454696,  0.684,  0.0959,  0.2586,  34.6891,  27 Jul 2018 08:52:08
# 26.8385,  5.456358,  0.686,  0.0997,  0.2646,  34.6871,  27 Jul 2018 08:56:08
