# 24.2193,  5.168479,  1.004,  0.1060,  0.3874,  34.5689,  24 Feb 2018 23:00:46
# 24.1941,  5.167741,  1.004,  0.1012,  0.4231,  34.5829,  24 Feb 2018 23:04:46
# 24.2120,  5.167118,  1.009,  0.1010,  0.3476,  34.5643,  24 Feb 2018 23:08:46
# 24.2353,  5.164087,  1.012,  0.1073,  0.3043,  34.5235,  24 Feb 2018 23:12:46
# 24.2282,  5.164910,  1.016,  0.1038,  0.3098,  34.5352,  24 Feb 2018 23:16:46
# 24.2061,  5.164603,  1.023,  0.1051,  0.3256,  34.5500,  24 Feb 2018 23:20:46
# 24.1967,  5.163042,  1.023,  0.1048,  0.3195,  34.5455,  24 Feb 2018 23:24:46
# 24.2018,  5.162596,  1.026,  0.1011,  0.3069,  34.5382,  24 Feb 2018 23:28:46
# 24.2064,  5.160712,  1.032,  0.1070,  0.2754,  34.5205,  24 Feb 2018 23:32:46
# 24.2317,  5.157268,  1.033,  0.1119,  0.2830,  34.4751,  24 Feb 2018 23:36:46
# 24.2405,  5.156546,  1.037,  0.1073,  0.2696,  34.4629,  24 Feb 2018 23:40:46
# 24.2126,  5.158314,  1.041,  0.1035,  0.3661,  34.4977,  24 Feb 2018 23:44:46
# 24.1844,  5.159114,  1.045,  0.1035,  0.2997,  34.5255,  24 Feb 2018 23:48:46
# 24.1630,  5.158907,  1.046,  0.0996,  0.2770,  34.5405,  24 Feb 2018 23:52:46
# 24.1358,  5.158707,  1.048,  0.1024,  0.3031,  34.5601,  24 Feb 2018 23:56:46
