# 27.0345,  5.453701,  0.976,  0.0872,  0.2766,  34.5220,  29 Jun 2018 14:00:08
# 27.0355,  5.453535,  1.013,  0.0849,  0.2392,  34.5200,  29 Jun 2018 14:04:08
# 27.0528,  5.455755,  0.995,  0.0831,  0.2692,  34.5230,  29 Jun 2018 14:08:08
# 27.0792,  5.458858,  1.009,  0.0896,  0.2586,  34.5254,  29 Jun 2018 14:12:08
# 27.0758,  5.458598,  1.017,  0.0887,  0.2490,  34.5261,  29 Jun 2018 14:16:08
# 27.0396,  5.454708,  1.019,  0.0857,  0.2988,  34.5253,  29 Jun 2018 14:20:08
# 27.0261,  5.453417,  1.031,  0.0896,  0.2776,  34.5261,  29 Jun 2018 14:24:08
# 27.0441,  5.454952,  1.035,  0.0843,  0.2775,  34.5237,  29 Jun 2018 14:28:08
# 27.0753,  5.458047,  1.029,  0.0885,  0.2454,  34.5226,  29 Jun 2018 14:32:08
# 27.0790,  5.458386,  1.046,  0.0859,  0.2981,  34.5222,  29 Jun 2018 14:36:08
# 27.0887,  5.459378,  1.037,  0.0886,  0.2755,  34.5221,  29 Jun 2018 14:40:08
# 27.1076,  5.461142,  1.054,  0.0909,  0.2836,  34.5206,  29 Jun 2018 14:44:08
# 27.0864,  5.458811,  1.070,  0.0935,  0.2586,  34.5198,  29 Jun 2018 14:48:08
# 27.0981,  5.460197,  1.064,  0.0873,  0.2599,  34.5209,  29 Jun 2018 14:52:08
# 27.0931,  5.459701,  1.070,  0.0921,  0.2754,  34.5211,  29 Jun 2018 14:56:08
