# 27.0786,  5.47720,    0.771, 0.0982, 0.2268,  34.6566, 05 Nov 2017 12:01:27
# 27.0841,  5.47760,    0.767, 0.0970, 0.2325,  34.6553, 05 Nov 2017 12:05:27
# 27.1097,  5.47918,    0.732, 0.0983, 0.2745,  34.6475, 05 Nov 2017 12:09:27
# 27.1167,  5.48032,    0.751, 0.1018, 0.2576,  34.6505, 05 Nov 2017 12:13:27
# 27.0960,  5.47956,    0.787, 0.1009, 0.2171,  34.6604, 05 Nov 2017 12:17:27
# 27.1305,  5.48294,    0.830, 0.0958, 0.2370,  34.6588, 05 Nov 2017 12:21:27
# 27.1385,  5.48415,    0.769, 0.0945, 0.2372,  34.6614, 05 Nov 2017 12:25:27
# 27.1403,  5.48420,    0.827, 0.0995, 0.2257,  34.6604, 05 Nov 2017 12:29:27
# 27.1328,  5.48425,    0.766, 0.0946, 0.2280,  34.6664, 05 Nov 2017 12:33:27
# 27.1293,  5.48483,    0.756, 0.0981, 0.2528,  34.6731, 05 Nov 2017 12:37:27
# 27.1228,  5.48475,    0.831, 0.0943, 0.2445,  34.6774, 05 Nov 2017 12:41:27
# 27.1770,  5.48833,    0.852, 0.0957, 0.2421,  34.6625, 05 Nov 2017 12:45:27
# 27.1527,  5.48778,    0.808, 0.0958, 0.2647,  34.6766, 05 Nov 2017 12:49:27
# 27.1567,  5.48836,    0.862, 0.0945, 0.2604,  34.6778, 05 Nov 2017 12:53:27
# 27.1783,  5.48923,    0.719, 0.0982, 0.2627,  34.6679, 05 Nov 2017 12:57:27
