# 25.2354,  5.249512,  0.769,  0.1390,  0.2576,  34.3935,  14 Jan 2018 19:01:23
# 25.2300,  5.248622,  0.765,  0.1295,  0.2638,  34.3910,  14 Jan 2018 19:05:23
# 25.2205,  5.247569,  0.768,  0.1294,  0.2411,  34.3904,  14 Jan 2018 19:09:23
# 25.2096,  5.245850,  0.760,  0.1295,  0.2305,  34.3860,  14 Jan 2018 19:13:23
# 25.2076,  5.245525,  0.771,  0.1255,  0.2442,  34.3852,  14 Jan 2018 19:17:23
# 25.2175,  5.239867,  0.769,  0.1355,  0.2156,  34.3360,  14 Jan 2018 19:21:23
# 25.2505,  5.234861,  0.744,  0.1451,  0.2084,  34.2742,  14 Jan 2018 19:25:23
# 25.2468,  5.234467,  0.751,  0.1371,  0.1986,  34.2741,  14 Jan 2018 19:29:23
# 25.2518,  5.230252,  0.747,  0.1500,  0.2255,  34.2392,  14 Jan 2018 19:33:23
# 25.2583,  5.232479,  0.740,  0.1478,  0.2697,  34.2507,  14 Jan 2018 19:37:23
# 25.2419,  5.235387,  0.729,  0.1563,  0.2577,  34.2846,  14 Jan 2018 19:41:23
# 25.2272,  5.239944,  0.747,  0.1319,  0.2407,  34.3292,  14 Jan 2018 19:45:23
# 25.2045,  5.237376,  0.751,  0.1220,  0.2590,  34.3275,  14 Jan 2018 19:49:23
# 25.1980,  5.237422,  0.768,  0.1292,  0.2266,  34.3327,  14 Jan 2018 19:53:23
# 25.1856,  5.236401,  0.741,  0.1183,  0.2122,  34.3346,  14 Jan 2018 19:57:23
