# 25.3304,  5.231526,  0.932,  0.0961,  0.1978,  34.1893,  25 Nov 2017 13:02:57
# 25.3442,  5.233235,  0.923,  0.0934,  0.1952,  34.1915,  25 Nov 2017 13:06:57
# 25.3609,  5.235424,  0.922,  0.0935,  0.1891,  34.1950,  25 Nov 2017 13:10:57
# 25.3681,  5.236058,  0.915,  0.0935,  0.2013,  34.1942,  25 Nov 2017 13:14:57
# 25.3885,  5.237791,  0.890,  0.0934,  0.1854,  34.1916,  25 Nov 2017 13:18:57
# 25.4113,  5.239972,  0.897,  0.0873,  0.1757,  34.1904,  25 Nov 2017 13:22:57
# 25.4068,  5.239353,  0.862,  0.0886,  0.1963,  34.1893,  25 Nov 2017 13:26:57
# 25.4135,  5.240583,  0.863,  0.0895,  0.1962,  34.1932,  25 Nov 2017 13:30:57
# 25.3956,  5.239586,  0.866,  0.0974,  0.1974,  34.1994,  25 Nov 2017 13:34:57
# 25.3837,  5.238889,  0.866,  0.0986,  0.1779,  34.2033,  25 Nov 2017 13:38:57
# 25.3968,  5.239787,  0.861,  0.0948,  0.1913,  34.2000,  25 Nov 2017 13:42:57
# 25.4192,  5.241295,  0.857,  0.0959,  0.1889,  34.1942,  25 Nov 2017 13:46:57
# 25.4111,  5.241133,  0.853,  0.0948,  0.1721,  34.1991,  25 Nov 2017 13:50:57
# 25.4284,  5.242913,  0.839,  0.0962,  0.1791,  34.1991,  25 Nov 2017 13:54:57
# 25.4406,  5.243942,  0.833,  0.0896,  0.2258,  34.1975,  25 Nov 2017 13:58:57
