# 23.8865,  5.08322,    1.096, 0.1174, 0.2506,  34.1830, 05 Jan 2018 04:03:16
# 23.8687,  5.07681,    1.103, 0.1159, 0.2148,  34.1482, 05 Jan 2018 04:07:16
# 23.9310,  5.08949,    1.106, 0.1110, 0.2480,  34.1962, 05 Jan 2018 04:11:16
# 23.9530,  5.09448,    1.113, 0.1135, 0.2259,  34.2169, 05 Jan 2018 04:15:16
# 23.9554,  5.09584,    1.123, 0.1146, 0.2197,  34.2254, 05 Jan 2018 04:19:16
# 23.9202,  5.09102,    1.124, 0.1148, 0.2269,  34.2161, 05 Jan 2018 04:23:16
# 23.8776,  5.08083,    1.135, 0.1235, 0.2073,  34.1718, 05 Jan 2018 04:27:16
# 23.8647,  5.07697,    1.141, 0.1247, 0.2087,  34.1526, 05 Jan 2018 04:31:16
# 23.8560,  5.07535,    1.145, 0.1222, 0.2061,  34.1470, 05 Jan 2018 04:35:16
# 23.9033,  5.08608,    1.154, 0.1161, 0.2245,  34.1917, 05 Jan 2018 04:39:16
# 23.9315,  5.09479,    1.157, 0.1160, 0.2362,  34.2358, 05 Jan 2018 04:43:16
# 23.9129,  5.09158,    1.165, 0.1086, 0.2218,  34.2259, 05 Jan 2018 04:47:16
# 23.8927,  5.08801,    1.170, 0.1061, 0.2245,  34.2144, 05 Jan 2018 04:51:16
# 23.8644,  5.08241,    1.175, 0.1099, 0.2187,  34.1938, 05 Jan 2018 04:55:16
# 23.8584,  5.07797,    1.184, 0.1223, 0.2258,  34.1649, 05 Jan 2018 04:59:16
