# 25.6943,  5.28588,    0.692, 0.1096, 0.2294,  34.3135, 08 Dec 2017 15:03:16
# 25.6961,  5.28673,    0.673, 0.1122, 0.2674,  34.3184, 08 Dec 2017 15:07:16
# 25.7076,  5.28797,    0.676, 0.1109, 0.2304,  34.3188, 08 Dec 2017 15:11:16
# 25.6980,  5.28696,    0.671, 0.1170, 0.2158,  34.3186, 08 Dec 2017 15:15:16
# 25.7024,  5.28771,    0.677, 0.1209, 0.2338,  34.3208, 08 Dec 2017 15:19:16
# 25.6946,  5.28683,    0.680, 0.1183, 0.2397,  34.3202, 08 Dec 2017 15:23:16
# 25.7044,  5.28782,    0.680, 0.1230, 0.2507,  34.3201, 08 Dec 2017 15:27:16
# 25.6961,  5.28694,    0.680, 0.1403, 0.2307,  34.3199, 08 Dec 2017 15:31:16
# 25.6876,  5.28574,    0.681, 0.1281, 0.2347,  34.3175, 08 Dec 2017 15:35:16
# 25.7043,  5.28708,    0.681, 0.1135, 0.2036,  34.3147, 08 Dec 2017 15:39:16
# 25.7085,  5.28775,    0.682, 0.1157, 0.2229,  34.3165, 08 Dec 2017 15:43:16
# 25.6750,  5.28461,    0.669, 0.1284, 0.2580,  34.3188, 08 Dec 2017 15:47:16
# 25.7720,  5.29609,    0.674, 0.1246, 0.3072,  34.3295, 08 Dec 2017 15:51:16
# 25.8613,  5.30600,    0.674, 0.1318, 0.2554,  34.3347, 08 Dec 2017 15:55:16
# 25.7956,  5.29955,    0.677, 0.1369, 0.2446,  34.3370, 08 Dec 2017 15:59:16
