# 24.2293,  5.096457,  0.862,  0.1035,  0.1912,  34.0206,  21 Feb 2018 02:01:23
# 24.2160,  5.086620,  0.863,  0.1075,  0.1862,  33.9569,  21 Feb 2018 02:05:23
# 24.2176,  5.085215,  0.850,  0.1072,  0.1530,  33.9451,  21 Feb 2018 02:09:23
# 24.2114,  5.087514,  0.862,  0.1025,  0.1926,  33.9671,  21 Feb 2018 02:13:23
# 24.2276,  5.090089,  0.833,  0.1037,  0.1829,  33.9742,  21 Feb 2018 02:17:23
# 24.2103,  5.082160,  0.855,  0.1109,  0.1817,  33.9278,  21 Feb 2018 02:21:23
# 24.1952,  5.081488,  0.847,  0.1122,  0.1752,  33.9342,  21 Feb 2018 02:25:23
# 24.1749,  5.072107,  0.839,  0.1122,  0.1864,  33.8793,  21 Feb 2018 02:29:23
# 24.1865,  5.078541,  0.866,  0.1086,  0.2045,  33.9187,  21 Feb 2018 02:33:23
# 24.2171,  5.090716,  0.853,  0.1099,  0.1841,  33.9868,  21 Feb 2018 02:37:23
# 24.2098,  5.094538,  0.852,  0.1097,  0.1911,  34.0210,  21 Feb 2018 02:41:23
# 24.2041,  5.091152,  0.850,  0.1073,  0.1840,  34.0000,  21 Feb 2018 02:45:23
# 24.2129,  5.096625,  0.863,  0.1173,  0.1889,  34.0343,  21 Feb 2018 02:49:23
# 24.1708,  5.081817,  0.860,  0.1087,  0.2083,  33.9552,  21 Feb 2018 02:53:23
# 24.1812,  5.086430,  0.865,  0.1051,  0.1707,  33.9819,  21 Feb 2018 02:57:23
