# 25.0235,  5.220695,  0.724,  0.0923,  0.2969,  34.3417,  16 Apr 2018 09:02:05
# 25.0272,  5.221019,  0.734,  0.0884,  0.3194,  34.3413,  16 Apr 2018 09:06:05
# 25.0094,  5.220286,  0.728,  0.0951,  0.3984,  34.3494,  16 Apr 2018 09:10:05
# 25.0219,  5.221043,  0.728,  0.0921,  0.3039,  34.3455,  16 Apr 2018 09:14:05
# 25.0370,  5.221042,  0.696,  0.0912,  0.2897,  34.3340,  16 Apr 2018 09:18:05
# 25.0585,  5.223832,  0.708,  0.0912,  0.2840,  34.3383,  16 Apr 2018 09:26:05
# 25.0728,  5.224310,  0.710,  0.0912,  0.3098,  34.3310,  16 Apr 2018 09:30:05
# 25.0825,  5.225323,  0.694,  0.0885,  0.2862,  34.3311,  16 Apr 2018 09:34:05
# 25.0620,  5.224728,  0.686,  0.0886,  0.3172,  34.3422,  16 Apr 2018 09:38:05
# 25.0644,  5.225269,  0.697,  0.0897,  0.3095,  34.3445,  16 Apr 2018 09:42:05
# 25.0968,  5.226389,  0.690,  0.0886,  0.2887,  34.3281,  16 Apr 2018 09:46:05
# 25.1076,  5.227324,  0.694,  0.0897,  0.3053,  34.3268,  16 Apr 2018 09:50:05
# 25.1012,  5.226111,  0.684,  0.0911,  0.3192,  34.3227,  16 Apr 2018 09:54:05
# 25.1233,  5.225902,  0.699,  0.0932,  0.2790,  34.3044,  16 Apr 2018 09:58:05
