# 24.9163,  5.198660,  0.851,  0.1196,  0.2039,  34.2600,  23 Nov 2017 23:02:57
# 24.8320,  5.190073,  0.851,  0.1100,  0.1979,  34.2604,  23 Nov 2017 23:06:57
# 24.8432,  5.190558,  0.846,  0.1209,  0.2087,  34.2555,  23 Nov 2017 23:10:57
# 24.9200,  5.199192,  0.848,  0.1220,  0.1939,  34.2611,  23 Nov 2017 23:14:57
# 24.9093,  5.198197,  0.867,  0.1270,  0.1926,  34.2619,  23 Nov 2017 23:18:57
# 24.9363,  5.200811,  0.857,  0.1283,  0.1878,  34.2607,  23 Nov 2017 23:22:57
# 24.8381,  5.190582,  0.869,  0.1245,  0.1951,  34.2595,  23 Nov 2017 23:26:57
# 24.8086,  5.185620,  0.851,  0.1256,  0.2061,  34.2451,  23 Nov 2017 23:30:57
# 24.8690,  5.193024,  0.848,  0.1282,  0.2075,  34.2542,  23 Nov 2017 23:34:57
# 24.8348,  5.191399,  0.841,  0.1183,  0.2042,  34.2681,  23 Nov 2017 23:38:57
# 24.8168,  5.184149,  0.857,  0.1186,  0.2119,  34.2280,  23 Nov 2017 23:42:57
# 24.8298,  5.189195,  0.847,  0.1199,  0.2000,  34.2556,  23 Nov 2017 23:46:57
# 24.8087,  5.187038,  0.849,  0.1221,  0.1890,  34.2555,  23 Nov 2017 23:50:57
# 24.8261,  5.188702,  0.873,  0.1218,  0.1855,  34.2546,  23 Nov 2017 23:54:57
# 24.8430,  5.190104,  0.855,  0.1244,  0.1978,  34.2523,  23 Nov 2017 23:58:57
