# 26.8747,  5.428085,  1.099,  0.0960,  0.1984,  34.4579,  10 Jul 2018 12:00:08
# 26.8761,  5.429571,  1.101,  0.0961,  0.2166,  34.4674,  10 Jul 2018 12:04:08
# 26.8635,  5.429987,  1.108,  0.0983,  0.2275,  34.4798,  10 Jul 2018 12:08:08
# 26.7936,  5.430704,  1.128,  0.0922,  0.2300,  34.5369,  10 Jul 2018 12:12:08
# 26.8167,  5.432841,  1.123,  0.0908,  0.1996,  34.5350,  10 Jul 2018 12:16:08
# 26.8309,  5.434405,  1.135,  0.0871,  0.2277,  34.5356,  10 Jul 2018 12:20:08
# 26.8339,  5.436363,  1.142,  0.0871,  0.1700,  34.5474,  10 Jul 2018 12:24:08
# 26.8553,  5.438832,  1.145,  0.0887,  0.1873,  34.5491,  10 Jul 2018 12:28:08
# 26.9211,  5.442283,  1.155,  0.0882,  0.1738,  34.5247,  10 Jul 2018 12:32:08
# 26.9256,  5.442448,  1.163,  0.0884,  0.1700,  34.5225,  10 Jul 2018 12:36:08
# 26.9718,  5.442385,  1.169,  0.0856,  0.1886,  34.4878,  10 Jul 2018 12:40:08
# 27.0063,  5.443839,  1.169,  0.0886,  0.1981,  34.4726,  10 Jul 2018 12:44:08
# 27.0480,  5.446270,  1.188,  0.0883,  0.1700,  34.4589,  10 Jul 2018 12:48:08
# 27.0207,  5.446483,  1.191,  0.0883,  0.2229,  34.4807,  10 Jul 2018 12:52:08
# 27.0703,  5.448379,  1.194,  0.0858,  0.1764,  34.4574,  10 Jul 2018 12:56:08
