# 24.8828,  5.164407,  0.776,  0.1257,  0.2003,  34.0317,  25 Nov 2017 21:02:57
# 24.8937,  5.165676,  0.778,  0.1246,  0.1830,  34.0329,  25 Nov 2017 21:06:57
# 24.8303,  5.159987,  0.779,  0.1147,  0.1831,  34.0386,  25 Nov 2017 21:10:57
# 24.8006,  5.154446,  0.781,  0.1099,  0.1768,  34.0199,  25 Nov 2017 21:14:57
# 24.8122,  5.155115,  0.782,  0.1282,  0.1962,  34.0162,  25 Nov 2017 21:18:57
# 24.7968,  5.153256,  0.783,  0.1219,  0.1890,  34.0140,  25 Nov 2017 21:22:57
# 24.8340,  5.157020,  0.784,  0.1319,  0.1855,  34.0138,  25 Nov 2017 21:26:57
# 24.8434,  5.157243,  0.785,  0.1453,  0.2000,  34.0084,  25 Nov 2017 21:30:57
# 24.8261,  5.155867,  0.786,  0.1245,  0.1990,  34.0112,  25 Nov 2017 21:34:57
# 24.8162,  5.154677,  0.789,  0.1184,  0.1841,  34.0098,  25 Nov 2017 21:38:57
# 24.7783,  5.150951,  0.790,  0.1207,  0.2399,  34.0109,  25 Nov 2017 21:42:57
# 24.7708,  5.149669,  0.793,  0.1210,  0.1782,  34.0070,  25 Nov 2017 21:46:57
# 24.8396,  5.154238,  0.795,  0.1144,  0.1868,  33.9890,  25 Nov 2017 21:50:57
# 24.8036,  5.152925,  0.799,  0.1332,  0.1782,  34.0064,  25 Nov 2017 21:54:57
# 24.8027,  5.155276,  0.799,  0.1245,  0.1792,  34.0245,  25 Nov 2017 21:58:57
