# 27.0006,  5.46880,    0.780, 0.1157, 0.2959,  34.6548, 14 Oct 2017 06:01:27
# 26.9841,  5.46737,    0.866, 0.1068, 0.3687,  34.6569, 14 Oct 2017 06:05:27
# 27.0031,  5.46817,    0.785, 0.1095, 0.3198,  34.6484, 14 Oct 2017 06:09:27
# 27.0047,  5.46832,    0.800, 0.1108, 0.3294,  34.6484, 14 Oct 2017 06:13:27
# 26.9851,  5.46639,    0.864, 0.1034, 0.3088,  34.6492, 14 Oct 2017 06:17:27
# 26.9656,  5.46452,    0.811, 0.1048, 0.3197,  34.6504, 14 Oct 2017 06:21:27
# 26.9631,  5.46457,    0.868, 0.1032, 0.3043,  34.6526, 14 Oct 2017 06:25:27
# 26.9535,  5.46398,    0.704, 0.1055, 0.4181,  34.6556, 14 Oct 2017 06:29:27
# 26.9467,  5.46438,    0.752, 0.1070, 0.5435,  34.6635, 14 Oct 2017 06:33:27
# 26.9337,  5.46375,    0.784, 0.1020, 0.4220,  34.6688, 14 Oct 2017 06:37:27
# 26.9225,  5.46316,    0.852, 0.1007, 0.4254,  34.6729, 14 Oct 2017 06:41:27
# 26.9376,  5.46541,    0.884, 0.1057, 0.3735,  34.6777, 14 Oct 2017 06:45:27
# 26.9279,  5.46320,    0.933, 0.1044, 0.3418,  34.6692, 14 Oct 2017 06:49:27
# 26.9442,  5.46454,    0.907, 0.1108, 0.3757,  34.6665, 14 Oct 2017 06:53:27
# 26.9350,  5.46388,    0.828, 0.1057, 0.3651,  34.6687, 14 Oct 2017 06:57:27
