# 24.3030,  5.191084,  1.119,  0.1284,  0.3536,  34.6739,  23 Jan 2018 08:01:23
# 24.3054,  5.191361,  1.109,  0.1283,  0.2233,  34.6741,  23 Jan 2018 08:05:23
# 24.3061,  5.192186,  1.124,  0.1222,  0.2444,  34.6797,  23 Jan 2018 08:09:23
# 24.3260,  5.192718,  1.131,  0.1321,  0.2268,  34.6683,  23 Jan 2018 08:13:23
# 24.3314,  5.193296,  1.134,  0.1270,  0.2396,  34.6685,  23 Jan 2018 08:17:23
# 24.3343,  5.192856,  1.124,  0.1274,  0.2395,  34.6630,  23 Jan 2018 08:21:23
# 24.3086,  5.193196,  1.134,  0.1503,  0.2255,  34.6854,  23 Jan 2018 08:25:23
# 24.3149,  5.193527,  1.127,  0.1221,  0.2613,  34.6830,  23 Jan 2018 08:29:23
# 24.3084,  5.193604,  1.131,  0.1234,  0.2613,  34.6886,  23 Jan 2018 08:33:23
# 24.3084,  5.193535,  1.132,  0.1144,  0.2528,  34.6881,  23 Jan 2018 08:37:23
# 24.3344,  5.192910,  1.122,  0.1273,  0.2182,  34.6633,  23 Jan 2018 08:41:23
# 24.3520,  5.192548,  1.130,  0.1244,  0.2269,  34.6469,  23 Jan 2018 08:45:23
# 24.3637,  5.193334,  1.132,  0.1221,  0.2134,  34.6438,  23 Jan 2018 08:49:23
# 24.3645,  5.193796,  1.131,  0.1171,  0.2071,  34.6466,  23 Jan 2018 08:53:23
# 24.3657,  5.194135,  1.133,  0.1147,  0.1987,  34.6483,  23 Jan 2018 08:57:23
