# 26.7289,  6.347091,  0.906,  0.2078,  0.1888,  41.2529,  26 Aug 2018 21:00:08
# 26.7307,  6.350316,  0.886,  0.1799,  0.1811,  41.2751,  26 Aug 2018 21:04:08
# 26.7235,  6.347277,  0.901,  0.1920,  0.2606,  41.2591,  26 Aug 2018 21:08:08
# 26.7242,  6.350729,  0.919,  0.1734,  0.1763,  41.2840,  26 Aug 2018 21:12:08
# 26.7162,  6.350275,  0.900,  0.1785,  0.1736,  41.2878,  26 Aug 2018 21:16:08
# 26.7102,  6.349980,  0.877,  0.1681,  0.1703,  41.2910,  26 Aug 2018 21:20:08
# 26.7087,  6.356719,  0.921,  0.1810,  0.1801,  41.3422,  26 Aug 2018 21:24:08
# 26.6983,  6.356264,  0.932,  0.1809,  0.1800,  41.3481,  26 Aug 2018 21:28:08
# 26.6969,  6.363502,  0.829,  0.1893,  0.1872,  41.4029,  26 Aug 2018 21:32:08
# 26.6884,  6.358362,  0.887,  0.1907,  0.1728,  41.3725,  26 Aug 2018 21:36:08
# 26.6820,  6.358682,  0.829,  0.1688,  0.1666,  41.3807,  26 Aug 2018 21:40:08
# 26.6775,  6.362390,  0.856,  0.1662,  0.1749,  41.4122,  26 Aug 2018 21:44:08
# 26.6749,  6.361008,  0.867,  0.1547,  0.1651,  41.4043,  26 Aug 2018 21:48:08
# 26.6681,  6.360671,  0.842,  0.1537,  0.1691,  41.4079,  26 Aug 2018 21:52:08
# 26.6688,  6.362871,  0.847,  0.1643,  0.1618,  41.4236,  26 Aug 2018 21:56:08
