# 25.9812,  5.358725,  0.988,  0.0923,  0.2334,  34.6277,  02 Jun 2018 16:03:04
# 25.9389,  5.354585,  0.988,  0.0970,  0.2789,  34.6296,  02 Jun 2018 16:07:04
# 25.9212,  5.353132,  0.997,  0.0909,  0.2303,  34.6324,  02 Jun 2018 16:11:04
# 25.9824,  5.356810,  0.984,  0.0960,  0.2254,  34.6129,  02 Jun 2018 16:15:04
# 26.0690,  5.362435,  0.996,  0.1010,  0.2419,  34.5884,  02 Jun 2018 16:19:04
# 26.0431,  5.361654,  1.007,  0.1045,  0.2527,  34.6022,  02 Jun 2018 16:23:04
# 26.0501,  5.361474,  1.003,  0.1012,  0.2477,  34.5956,  02 Jun 2018 16:27:04
# 26.0284,  5.360685,  1.017,  0.1022,  0.2464,  34.6063,  02 Jun 2018 16:31:04
# 26.0360,  5.360904,  1.006,  0.0982,  0.2254,  34.6021,  02 Jun 2018 16:35:04
# 26.1054,  5.364029,  1.017,  0.1045,  0.2302,  34.5725,  02 Jun 2018 16:39:04
# 26.2438,  5.369813,  1.029,  0.1147,  0.2561,  34.5103,  02 Jun 2018 16:43:04
# 26.2188,  5.369876,  1.031,  0.1035,  0.2383,  34.5295,  02 Jun 2018 16:47:04
# 26.1284,  5.363427,  1.024,  0.1009,  0.2453,  34.5508,  02 Jun 2018 16:51:04
# 26.1443,  5.363630,  1.042,  0.1035,  0.2068,  34.5403,  02 Jun 2018 16:55:04
# 26.1944,  5.366521,  1.049,  0.1130,  0.2203,  34.5235,  02 Jun 2018 16:59:04
