# 27.8500,  5.553311,  1.262,  0.0896,  0.1823,  34.6231,  26 Jul 2018 15:00:08
# 27.8462,  5.554208,  1.261,  0.0843,  0.1796,  34.6322,  26 Jul 2018 15:04:08
# 27.8028,  5.550860,  1.265,  0.0919,  0.2356,  34.6407,  26 Jul 2018 15:08:08
# 27.8472,  5.554835,  1.269,  0.0848,  0.1737,  34.6359,  26 Jul 2018 15:12:08
# 27.8834,  5.557533,  1.272,  0.0881,  0.1823,  34.6282,  26 Jul 2018 15:16:08
# 27.8951,  5.558986,  1.272,  0.0883,  0.1626,  34.6297,  26 Jul 2018 15:20:08
# 27.9005,  5.559255,  1.275,  0.0908,  0.1713,  34.6276,  26 Jul 2018 15:24:08
# 27.8660,  5.557708,  1.277,  0.0881,  0.1739,  34.6422,  26 Jul 2018 15:28:08
# 27.8906,  5.558446,  1.279,  0.0858,  0.1748,  34.6292,  26 Jul 2018 15:32:08
# 27.8737,  5.558398,  1.279,  0.0880,  0.1672,  34.6414,  26 Jul 2018 15:36:08
# 27.8121,  5.555042,  1.270,  0.0882,  0.1836,  34.6632,  26 Jul 2018 15:40:08
# 27.8924,  5.559613,  1.282,  0.0868,  0.1869,  34.6361,  26 Jul 2018 15:44:08
# 27.9037,  5.561090,  1.284,  0.0858,  0.1762,  34.6381,  26 Jul 2018 15:48:08
# 27.8981,  5.560566,  1.280,  0.0871,  0.1809,  34.6386,  26 Jul 2018 15:52:08
# 27.8144,  5.553827,  1.287,  0.0895,  0.1746,  34.6530,  26 Jul 2018 15:56:08
