# 26.1659,  5.349099,  1.184,  0.1122,  0.2119,  34.4188,  28 May 2018 16:03:04
# 26.1733,  5.349341,  1.183,  0.1071,  0.2300,  34.4150,  28 May 2018 16:07:04
# 26.1968,  5.350582,  1.188,  0.1043,  0.2010,  34.4064,  28 May 2018 16:11:04
# 26.2041,  5.349332,  1.186,  0.1120,  0.2069,  34.3919,  28 May 2018 16:15:04
# 26.2356,  5.347817,  1.190,  0.1133,  0.2293,  34.3574,  28 May 2018 16:19:04
# 26.2444,  5.346505,  1.191,  0.1170,  0.2079,  34.3413,  28 May 2018 16:23:04
# 26.2316,  5.345741,  1.189,  0.1170,  0.2131,  34.3453,  28 May 2018 16:27:04
# 26.2211,  5.345647,  1.190,  0.1170,  0.2192,  34.3525,  28 May 2018 16:31:04
# 26.2106,  5.345164,  1.190,  0.1133,  0.1847,  34.3569,  28 May 2018 16:35:04
# 26.2250,  5.345335,  1.194,  0.1120,  0.1861,  34.3473,  28 May 2018 16:39:04
# 26.1832,  5.346928,  1.192,  0.1082,  0.1736,  34.3901,  28 May 2018 16:43:04
# 26.2104,  5.346693,  1.194,  0.1083,  0.1823,  34.3681,  28 May 2018 16:47:04
# 26.2201,  5.346428,  1.191,  0.1095,  0.2406,  34.3589,  28 May 2018 16:51:04
# 26.1987,  5.345827,  1.192,  0.1096,  0.1861,  34.3706,  28 May 2018 16:55:04
# 26.1824,  5.345640,  1.192,  0.1059,  0.2142,  34.3814,  28 May 2018 16:59:04
