# 27.1910,  5.478098,  1.178,  0.1141,  0.2896,  34.5792,  16 Jul 2018 21:00:08
# 27.1788,  5.477018,  1.176,  0.1132,  0.3426,  34.5806,  16 Jul 2018 21:04:08
# 27.1503,  5.474368,  1.172,  0.1092,  0.3108,  34.5830,  16 Jul 2018 21:08:08
# 27.1403,  5.473091,  1.157,  0.1143,  0.2918,  34.5813,  16 Jul 2018 21:12:08
# 27.1974,  5.476781,  1.156,  0.1217,  0.3705,  34.5651,  16 Jul 2018 21:16:08
# 27.1531,  5.474171,  1.135,  0.1081,  0.3095,  34.5795,  16 Jul 2018 21:20:08
# 27.1183,  5.471025,  1.155,  0.1118,  0.3227,  34.5830,  16 Jul 2018 21:24:08
# 27.1555,  5.473020,  1.151,  0.1204,  0.3215,  34.5695,  16 Jul 2018 21:28:08
# 27.1547,  5.472665,  1.136,  0.1180,  0.3107,  34.5676,  16 Jul 2018 21:32:08
# 27.1364,  5.471687,  1.162,  0.1158,  0.3145,  34.5742,  16 Jul 2018 21:36:08
# 27.0925,  5.468487,  1.158,  0.1156,  0.3347,  34.5841,  16 Jul 2018 21:40:08
# 27.0879,  5.467195,  1.146,  0.1155,  0.3421,  34.5783,  16 Jul 2018 21:44:08
# 27.1032,  5.468014,  1.126,  0.1156,  0.3495,  34.5727,  16 Jul 2018 21:48:08
# 27.0924,  5.467328,  1.147,  0.1144,  0.3146,  34.5759,  16 Jul 2018 21:52:08
# 27.1042,  5.467683,  1.086,  0.1178,  0.3166,  34.5697,  16 Jul 2018 21:56:08
