# 26.9578,  6.149964,  0.794,  0.1012,  0.2889,  39.6049,  04 Sep 2018 05:00:08
# 26.9618,  6.148810,  0.834,  0.1025,  0.4072,  39.5930,  04 Sep 2018 05:04:08
# 26.9628,  6.146403,  0.725,  0.1012,  0.2866,  39.5747,  04 Sep 2018 05:08:08
# 26.9631,  6.149043,  0.825,  0.1023,  0.2696,  39.5936,  04 Sep 2018 05:12:08
# 26.9654,  6.152048,  0.844,  0.1023,  0.2388,  39.6136,  04 Sep 2018 05:16:08
# 26.9628,  6.152521,  0.774,  0.1000,  0.2421,  39.6193,  04 Sep 2018 05:20:08
# 26.9522,  6.149948,  0.826,  0.1025,  0.3006,  39.6095,  04 Sep 2018 05:24:08
# 26.9516,  6.148611,  0.821,  0.1012,  0.2433,  39.6003,  04 Sep 2018 05:28:08
# 26.9547,  6.149657,  0.773,  0.0999,  0.2519,  39.6053,  04 Sep 2018 05:32:08
# 26.9524,  6.143275,  0.814,  0.1026,  0.2480,  39.5606,  04 Sep 2018 05:36:08
# 26.9508,  6.144520,  0.787,  0.1025,  0.2302,  39.5711,  04 Sep 2018 05:40:08
# 26.9464,  6.146229,  0.815,  0.1013,  0.2336,  39.5874,  04 Sep 2018 05:44:08
# 26.9364,  6.149110,  0.761,  0.0998,  0.2466,  39.6170,  04 Sep 2018 05:48:08
# 26.9522,  6.152439,  0.896,  0.1023,  0.2675,  39.6277,  04 Sep 2018 05:52:08
# 26.9464,  6.153037,  0.928,  0.1071,  0.2600,  39.6370,  04 Sep 2018 05:56:08
