# 26.6714,  5.429095,  0.960,  0.1144,  0.2693,  34.6167,  11 Jul 2018 20:00:08
# 26.6683,  5.428568,  0.960,  0.1109,  0.2548,  34.6152,  11 Jul 2018 20:04:08
# 26.6592,  5.428341,  0.959,  0.1133,  0.2538,  34.6205,  11 Jul 2018 20:08:08
# 26.6470,  5.427052,  0.946,  0.1107,  0.2562,  34.6204,  11 Jul 2018 20:12:08
# 26.6490,  5.427390,  0.920,  0.1095,  0.3084,  34.6213,  11 Jul 2018 20:16:08
# 26.6390,  5.426549,  0.909,  0.1122,  0.2779,  34.6228,  11 Jul 2018 20:20:08
# 26.6351,  5.425787,  0.936,  0.1082,  0.2792,  34.6202,  11 Jul 2018 20:24:08
# 26.6217,  5.424350,  0.917,  0.1117,  0.2815,  34.6199,  11 Jul 2018 20:28:08
# 26.6233,  5.424672,  0.871,  0.1194,  0.2673,  34.6211,  11 Jul 2018 20:32:08
# 26.6308,  5.425081,  0.894,  0.1143,  0.2837,  34.6184,  11 Jul 2018 20:36:08
# 26.6176,  5.423934,  0.881,  0.1130,  0.2692,  34.6200,  11 Jul 2018 20:40:08
# 26.6072,  5.423549,  0.873,  0.1144,  0.2707,  34.6250,  11 Jul 2018 20:44:08
# 26.5985,  5.423887,  0.871,  0.1093,  0.2790,  34.6340,  11 Jul 2018 20:48:08
# 26.6043,  5.423840,  0.867,  0.1106,  0.2571,  34.6293,  11 Jul 2018 20:52:08
# 26.5963,  5.422387,  0.860,  0.1120,  0.2863,  34.6249,  11 Jul 2018 20:56:08
