# 23.6542,  5.080489,  0.890,  0.0951,  0.4010,  34.3417,  19 Jan 2018 01:01:23
# 23.6480,  5.079870,  0.876,  0.0976,  0.4181,  34.3418,  19 Jan 2018 01:05:23
# 23.6714,  5.081855,  0.915,  0.0988,  0.3806,  34.3387,  19 Jan 2018 01:09:23
# 23.6526,  5.079550,  0.922,  0.0964,  0.4144,  34.3358,  19 Jan 2018 01:13:23
# 23.6261,  5.077412,  0.914,  0.0963,  0.4255,  34.3401,  19 Jan 2018 01:17:23
# 23.6267,  5.077367,  0.934,  0.0963,  0.3662,  34.3392,  19 Jan 2018 01:21:23
# 23.6336,  5.079886,  0.880,  0.0965,  0.3938,  34.3531,  19 Jan 2018 01:25:23
# 23.6250,  5.079535,  0.923,  0.0976,  0.5245,  34.3570,  19 Jan 2018 01:29:23
# 23.6265,  5.080245,  0.942,  0.0977,  0.3901,  34.3613,  19 Jan 2018 01:33:23
# 23.6193,  5.079703,  0.960,  0.0974,  0.4157,  34.3627,  19 Jan 2018 01:37:23
# 23.6309,  5.079474,  0.945,  0.0974,  0.4281,  34.3520,  19 Jan 2018 01:41:23
# 23.6333,  5.080260,  0.969,  0.0963,  0.4255,  34.3561,  19 Jan 2018 01:45:23
# 23.6047,  5.077772,  0.972,  0.0962,  0.4999,  34.3594,  19 Jan 2018 01:49:23
# 23.6157,  5.079191,  0.974,  0.0976,  0.4438,  34.3617,  19 Jan 2018 01:53:23
# 23.6239,  5.079291,  0.974,  0.0962,  0.4390,  34.3560,  19 Jan 2018 01:57:23
