# 23.5663,  5.119719,  0.622,  0.0963,  0.4820,  34.7087,  28 Feb 2018 22:00:46
# 23.5610,  5.114825,  0.713,  0.1051,  0.5392,  34.6755,  28 Feb 2018 22:04:46
# 23.5570,  5.115468,  0.674,  0.0999,  0.5147,  34.6836,  28 Feb 2018 22:08:46
# 23.5519,  5.115759,  0.632,  0.0949,  0.4713,  34.6898,  28 Feb 2018 22:12:46
# 23.5448,  5.115951,  0.713,  0.1051,  0.5822,  34.6968,  28 Feb 2018 22:16:46
# 23.5455,  5.115491,  0.665,  0.0987,  0.5470,  34.6928,  28 Feb 2018 22:20:46
# 23.5439,  5.115721,  0.658,  0.0974,  0.5316,  34.6958,  28 Feb 2018 22:24:46
# 23.5486,  5.117268,  0.708,  0.0986,  0.5064,  34.7038,  28 Feb 2018 22:28:46
# 23.5480,  5.117628,  0.656,  0.0936,  0.4450,  34.7071,  28 Feb 2018 22:32:46
# 23.5318,  5.111671,  0.703,  0.1036,  0.5435,  34.6744,  28 Feb 2018 22:36:46
# 23.5323,  5.111663,  0.670,  0.0985,  0.4607,  34.6739,  28 Feb 2018 22:40:46
# 23.5208,  5.116005,  0.715,  0.0986,  0.6567,  34.7161,  28 Feb 2018 22:44:46
# 23.5202,  5.113516,  0.654,  0.1012,  0.5893,  34.6975,  28 Feb 2018 22:48:46
# 23.5265,  5.117169,  0.661,  0.0974,  0.5291,  34.7204,  28 Feb 2018 22:52:46
# 23.5163,  5.117943,  0.716,  0.0925,  0.5123,  34.7343,  28 Feb 2018 22:56:46
