# 24.0665,  5.129659,  0.998,  0.0974,  0.3021,  34.3948,  08 Feb 2018 03:01:23
# 24.0725,  5.132466,  0.981,  0.0975,  0.3406,  34.4113,  08 Feb 2018 03:05:23
# 24.0566,  5.129866,  0.980,  0.0962,  0.3478,  34.4040,  08 Feb 2018 03:09:23
# 24.0393,  5.124922,  0.967,  0.0925,  0.2710,  34.3801,  08 Feb 2018 03:13:23
# 24.0165,  5.119421,  0.973,  0.0925,  0.2616,  34.3562,  08 Feb 2018 03:17:23
# 24.0178,  5.119582,  0.982,  0.0925,  0.2866,  34.3564,  08 Feb 2018 03:21:23
# 24.0206,  5.120654,  0.959,  0.0923,  0.1643,  34.3624,  08 Feb 2018 03:25:23
# 24.0216,  5.120210,  0.957,  0.0924,  0.1335,  34.3583,  08 Feb 2018 03:29:23
# 24.0240,  5.121627,  0.944,  0.0951,  0.1314,  34.3671,  08 Feb 2018 03:33:23
# 24.0290,  5.123481,  0.956,  0.0949,  0.1313,  34.3772,  08 Feb 2018 03:37:23
# 24.0309,  5.124102,  0.944,  0.0901,  0.1360,  34.3804,  08 Feb 2018 03:41:23
# 24.0063,  5.118770,  0.938,  0.0988,  0.1561,  34.3592,  08 Feb 2018 03:45:23
# 24.0317,  5.120815,  0.937,  0.0977,  0.1456,  34.3550,  08 Feb 2018 03:49:23
# 24.0478,  5.123366,  0.935,  0.0938,  0.1266,  34.3618,  08 Feb 2018 03:53:23
# 24.0588,  5.127865,  0.936,  0.0924,  0.1315,  34.3872,  08 Feb 2018 03:57:23
