# 27.1621,  5.48721,    1.451, 0.1269, 0.2136,  34.6655, 09 Oct 2017 06:01:27
# 27.1635,  5.48728,    1.413, 0.1269, 0.2306,  34.6649, 09 Oct 2017 06:05:27
# 27.1440,  5.48413,    1.425, 0.1230, 0.2235,  34.6569, 09 Oct 2017 06:09:27
# 27.1376,  5.48151,    1.458, 0.1193, 0.2048,  34.6431, 09 Oct 2017 06:13:27
# 27.1320,  5.47499,    1.443, 0.1291, 0.2171,  34.6009, 09 Oct 2017 06:17:27
# 27.1411,  5.47289,    1.366, 0.1290, 0.2495,  34.5793, 09 Oct 2017 06:21:27
# 27.1501,  5.46969,    1.397, 0.1388, 0.2013,  34.5497, 09 Oct 2017 06:25:27
# 27.1468,  5.47021,    1.427, 0.1266, 0.2122,  34.5559, 09 Oct 2017 06:29:27
# 27.1335,  5.46846,    1.471, 0.1315, 0.2271,  34.5533, 09 Oct 2017 06:33:27
# 27.1352,  5.46755,    1.412, 0.1329, 0.2124,  34.5456, 09 Oct 2017 06:37:27
# 27.1366,  5.46953,    1.544, 0.1242, 0.2362,  34.5586, 09 Oct 2017 06:41:27
# 27.1337,  5.46946,    1.430, 0.1241, 0.2280,  34.5602, 09 Oct 2017 06:45:27
# 27.1243,  5.46879,    1.463, 0.1240, 0.2197,  34.5625, 09 Oct 2017 06:49:27
# 27.1188,  5.46507,    1.391, 0.1353, 0.2185,  34.5402, 09 Oct 2017 06:53:27
# 27.1490,  5.46880,    1.454, 0.1341, 0.1974,  34.5442, 09 Oct 2017 06:57:27
