# 25.5292,  5.23719,    0.826, 0.1537, 0.2887,  34.0816, 18 Dec 2017 19:03:16
# 25.5242,  5.23329,    0.791, 0.1405, 0.2397,  34.0568, 18 Dec 2017 19:07:16
# 25.5197,  5.23652,    0.802, 0.1606, 0.2950,  34.0838, 18 Dec 2017 19:11:16
# 25.5243,  5.22719,    0.786, 0.1653, 0.2293,  34.0121, 18 Dec 2017 19:15:16
# 25.5189,  5.22881,    0.786, 0.1548, 0.2660,  34.0280, 18 Dec 2017 19:19:16
# 25.5028,  5.22435,    0.761, 0.1575, 0.2313,  34.0074, 18 Dec 2017 19:23:16
# 25.5004,  5.22210,    0.763, 0.1465, 0.2817,  33.9928, 18 Dec 2017 19:27:16
# 25.5127,  5.23047,    0.789, 0.1575, 0.2507,  34.0448, 18 Dec 2017 19:31:16
# 25.5143,  5.23311,    0.769, 0.1561, 0.2517,  34.0629, 18 Dec 2017 19:35:16
# 25.5189,  5.23476,    0.727, 0.1426, 0.2459,  34.0716, 18 Dec 2017 19:39:16
# 25.5204,  5.23590,    0.755, 0.1407, 0.2473,  34.0788, 18 Dec 2017 19:43:16
# 25.5145,  5.23499,    0.737, 0.1514, 0.2457,  34.0765, 18 Dec 2017 19:47:16
# 25.5118,  5.23479,    0.700, 0.1344, 0.2651,  34.0771, 18 Dec 2017 19:51:16
# 25.5098,  5.23448,    0.755, 0.1404, 0.2322,  34.0763, 18 Dec 2017 19:55:16
# 25.5006,  5.22999,    0.721, 0.1417, 0.2840,  34.0503, 18 Dec 2017 19:59:16
