# 26.5834,  5.45773,    0.731, 0.1592, 3.0975,  34.8888, 16 Oct 2017 08:01:27
# 26.5837,  5.45828,    0.878, 0.1083, 1.1562,  34.8924, 16 Oct 2017 08:05:27
# 26.5807,  5.45783,    0.725, 0.1033, 0.8531,  34.8916, 16 Oct 2017 08:09:27
# 26.6006,  5.46046,    0.795, 0.0983, 0.5543,  34.8954, 16 Oct 2017 08:13:27
# 26.5677,  5.45648,    0.810, 0.0983, 0.5137,  34.8916, 16 Oct 2017 08:17:27
# 26.5449,  5.45433,    0.826, 0.0972, 0.4783,  34.8934, 16 Oct 2017 08:21:27
# 26.5561,  5.45509,    0.902, 0.1021, 0.5884,  34.8904, 16 Oct 2017 08:25:27
# 26.5759,  5.45759,    0.793, 0.0908, 0.4990,  34.8934, 16 Oct 2017 08:29:27
# 26.6132,  5.46144,    0.906, 0.0946, 0.5261,  34.8929, 16 Oct 2017 08:33:27
# 26.6237,  5.46224,    0.728, 0.0999, 0.5738,  34.8908, 16 Oct 2017 08:37:27
# 26.6193,  5.46122,    0.876, 0.0922, 0.4892,  34.8868, 16 Oct 2017 08:41:27
# 26.6306,  5.46282,    0.759, 0.0908, 0.5039,  34.8897, 16 Oct 2017 08:45:27
# 26.6229,  5.46171,    0.869, 0.0981, 0.7178,  34.8875, 16 Oct 2017 08:49:27
# 26.6314,  5.46304,    0.619, 0.0982, 0.6816,  34.8907, 16 Oct 2017 08:53:27
# 26.6324,  5.46300,    0.772, 0.0898, 0.4672,  34.8897, 16 Oct 2017 08:57:27
