# 25.1775,  5.227424,  0.894,  0.1257,  0.1862,  34.2745,  28 Apr 2018 19:02:05
# 25.1105,  5.226435,  0.900,  0.1406,  0.1849,  34.3180,  28 Apr 2018 19:06:05
# 25.1232,  5.225739,  0.885,  0.1209,  0.1936,  34.3033,  28 Apr 2018 19:10:05
# 25.1104,  5.223684,  0.882,  0.1183,  0.1962,  34.2978,  28 Apr 2018 19:14:05
# 25.1105,  5.222934,  0.874,  0.1135,  0.1884,  34.2922,  28 Apr 2018 19:18:05
# 25.1019,  5.222401,  0.891,  0.1147,  0.1727,  34.2947,  28 Apr 2018 19:22:05
# 25.0578,  5.223090,  0.859,  0.1257,  0.1911,  34.3333,  28 Apr 2018 19:26:05
# 25.0657,  5.220038,  0.888,  0.1097,  0.1836,  34.3047,  28 Apr 2018 19:30:05
# 25.0759,  5.220478,  0.876,  0.1341,  0.1949,  34.3002,  28 Apr 2018 19:34:05
# 25.0140,  5.220595,  0.859,  0.1391,  0.2058,  34.3481,  28 Apr 2018 19:38:05
# 24.9926,  5.216918,  0.841,  0.1393,  0.2013,  34.3372,  28 Apr 2018 19:42:05
# 24.9532,  5.215869,  0.838,  0.1302,  0.1971,  34.3594,  28 Apr 2018 19:46:05
# 24.9347,  5.214656,  0.826,  0.1244,  0.2023,  34.3645,  28 Apr 2018 19:50:05
# 24.9349,  5.214448,  0.852,  0.1196,  0.2073,  34.3628,  28 Apr 2018 19:54:05
# 24.9533,  5.211429,  0.817,  0.1073,  0.1827,  34.3264,  28 Apr 2018 19:58:05
