# 26.9783,  5.449089,  1.175,  0.1070,  0.2945,  34.5307,  29 Jun 2018 17:00:08
# 26.9738,  5.448546,  1.190,  0.1054,  0.2898,  34.5302,  29 Jun 2018 17:04:08
# 26.9847,  5.449529,  1.189,  0.1057,  0.2686,  34.5291,  29 Jun 2018 17:08:08
# 26.9992,  5.450820,  1.190,  0.1033,  0.2882,  34.5275,  29 Jun 2018 17:12:08
# 26.9915,  5.451048,  1.196,  0.1047,  0.2826,  34.5349,  29 Jun 2018 17:16:08
# 26.9831,  5.450419,  1.194,  0.1011,  0.2718,  34.5367,  29 Jun 2018 17:20:08
# 26.9905,  5.450741,  1.199,  0.1046,  0.2720,  34.5335,  29 Jun 2018 17:24:08
# 26.9836,  5.450545,  1.187,  0.1007,  0.2933,  34.5372,  29 Jun 2018 17:28:08
# 26.9935,  5.450363,  1.196,  0.1071,  0.3107,  34.5285,  29 Jun 2018 17:32:08
# 26.9905,  5.450135,  1.198,  0.1082,  0.2956,  34.5292,  29 Jun 2018 17:36:08
# 26.9903,  5.450025,  1.199,  0.1034,  0.2657,  34.5285,  29 Jun 2018 17:40:08
# 26.9985,  5.450537,  1.201,  0.1057,  0.2646,  34.5260,  29 Jun 2018 17:44:08
# 26.9662,  5.448034,  1.185,  0.1080,  0.2991,  34.5322,  29 Jun 2018 17:48:08
# 26.9630,  5.447302,  1.201,  0.1105,  0.2705,  34.5294,  29 Jun 2018 17:52:08
# 26.9541,  5.446366,  1.200,  0.1056,  0.2943,  34.5293,  29 Jun 2018 17:56:08
