# 27.1283,  5.995791,  1.170,  0.1144,  0.2345,  38.3407,  28 Aug 2018 15:00:08
# 27.1069,  6.021467,  1.063,  0.1216,  0.2418,  38.5444,  28 Aug 2018 15:04:08
# 27.0934,  6.033364,  1.152,  0.1180,  0.2490,  38.6418,  28 Aug 2018 15:08:08
# 27.1267,  6.002006,  1.117,  0.1139,  0.2369,  38.3870,  28 Aug 2018 15:12:08
# 27.1179,  6.014223,  1.105,  0.1118,  0.2226,  38.4828,  28 Aug 2018 15:16:08
# 27.1212,  6.013410,  1.089,  0.1155,  0.2367,  38.4741,  28 Aug 2018 15:20:08
# 27.1444,  6.005077,  1.110,  0.1203,  0.2201,  38.3946,  28 Aug 2018 15:24:08
# 27.1524,  5.996422,  1.160,  0.1181,  0.2309,  38.3253,  28 Aug 2018 15:28:08
# 27.1568,  5.997752,  1.088,  0.1119,  0.2392,  38.3313,  28 Aug 2018 15:32:08
# 27.1435,  6.009834,  1.126,  0.1228,  0.2418,  38.4298,  28 Aug 2018 15:36:08
# 27.1565,  6.007977,  1.184,  0.1131,  0.2228,  38.4056,  28 Aug 2018 15:40:08
# 27.1590,  6.006646,  1.133,  0.1105,  0.2238,  38.3939,  28 Aug 2018 15:44:08
# 27.1980,  5.984557,  1.128,  0.1156,  0.2154,  38.2020,  28 Aug 2018 15:48:08
# 27.2033,  5.990004,  1.064,  0.1181,  0.2300,  38.2371,  28 Aug 2018 15:52:08
# 27.1712,  6.026327,  1.167,  0.1195,  0.2215,  38.5261,  28 Aug 2018 15:56:08
