# 27.9138,  5.544345,  1.348,  0.0969,  0.2923,  34.5133,  16 Sep 2017 11:00:05
# 27.9692,  5.547255,  1.350,  0.0995,  0.2855,  34.4931,  16 Sep 2017 11:04:05
# 27.9772,  5.548278,  1.150,  0.0968,  0.2528,  34.4944,  16 Sep 2017 11:08:05
# 27.9864,  5.549952,  1.322,  0.0908,  0.2447,  34.4994,  16 Sep 2017 11:12:05
# 28.0170,  5.550943,  1.284,  0.0993,  0.2689,  34.4839,  16 Sep 2017 11:16:05
# 27.9701,  5.549984,  1.324,  0.0906,  0.3100,  34.5115,  16 Sep 2017 11:20:05
# 27.9488,  5.549119,  1.221,  0.0970,  0.2781,  34.5211,  16 Sep 2017 11:24:05
# 27.8975,  5.547661,  1.267,  0.0933,  0.2699,  34.5486,  16 Sep 2017 11:28:05
# 27.9260,  5.549469,  1.392,  0.0933,  0.2793,  34.5403,  16 Sep 2017 11:32:05
# 27.9866,  5.552673,  1.315,  0.0998,  0.2361,  34.5183,  16 Sep 2017 11:36:05
# 27.9761,  5.553023,  1.343,  0.0994,  0.3008,  34.5284,  16 Sep 2017 11:40:05
# 27.9574,  5.552603,  1.333,  0.0920,  0.2697,  34.5392,  16 Sep 2017 11:44:05
# 27.9691,  5.553531,  1.340,  0.0930,  0.2422,  34.5371,  16 Sep 2017 11:48:05
# 27.9850,  5.555308,  1.399,  0.0954,  0.2772,  34.5379,  16 Sep 2017 11:52:05
# 28.0430,  5.558491,  1.351,  0.0931,  0.2482,  34.5176,  16 Sep 2017 11:56:05
