# 26.5777,  5.389264,  0.753,  0.1106,  0.3053,  34.4009,  26 Jun 2018 06:00:08
# 26.5484,  5.389085,  0.765,  0.1046,  0.2920,  34.4214,  26 Jun 2018 06:04:08
# 26.5433,  5.387839,  0.762,  0.1019,  0.2288,  34.4163,  26 Jun 2018 06:08:08
# 26.5525,  5.386704,  0.749,  0.1070,  0.2492,  34.4012,  26 Jun 2018 06:12:08
# 26.5429,  5.388082,  0.743,  0.1109,  0.2333,  34.4183,  26 Jun 2018 06:16:08
# 26.5364,  5.387103,  0.767,  0.1094,  0.3311,  34.4161,  26 Jun 2018 06:20:08
# 26.5285,  5.387056,  0.764,  0.1034,  0.2944,  34.4216,  26 Jun 2018 06:24:08
# 26.5171,  5.387432,  0.720,  0.1023,  0.2404,  34.4329,  26 Jun 2018 06:28:08
# 26.5236,  5.386430,  0.745,  0.1120,  0.2500,  34.4208,  26 Jun 2018 06:32:08
# 26.5423,  5.388200,  0.742,  0.1108,  0.3094,  34.4196,  26 Jun 2018 06:36:08
# 26.5323,  5.387205,  0.732,  0.1071,  0.2430,  34.4199,  26 Jun 2018 06:40:08
# 26.5721,  5.386351,  0.728,  0.1118,  0.2215,  34.3841,  26 Jun 2018 06:44:08
# 26.5529,  5.385889,  0.727,  0.1083,  0.2672,  34.3951,  26 Jun 2018 06:48:08
# 26.5362,  5.385952,  0.722,  0.1044,  0.2862,  34.4079,  26 Jun 2018 06:52:08
# 26.5195,  5.386681,  0.717,  0.0997,  0.2345,  34.4256,  26 Jun 2018 06:56:08
