# 24.8365,  5.14174,    0.865, 0.0915, 0.1902,  33.8988, 23 Dec 2017 13:03:16
# 24.8492,  5.14227,    0.871, 0.0925, 0.2049,  33.8930, 23 Dec 2017 13:07:16
# 24.8426,  5.14217,    0.840, 0.0911, 0.1876,  33.8973, 23 Dec 2017 13:11:16
# 24.8318,  5.14121,    0.853, 0.0938, 0.2493,  33.8983, 23 Dec 2017 13:15:16
# 24.8536,  5.14213,    0.863, 0.1023, 0.1817,  33.8888, 23 Dec 2017 13:19:16
# 24.8674,  5.14391,    0.832, 0.0886, 0.2135,  33.8915, 23 Dec 2017 13:23:16
# 24.8715,  5.14432,    0.853, 0.0937, 0.1781,  33.8915, 23 Dec 2017 13:27:16
# 24.8898,  5.14659,    0.814, 0.0951, 0.1815,  33.8945, 23 Dec 2017 13:31:16
# 24.8672,  5.14570,    0.819, 0.0974, 0.1855,  33.9049, 23 Dec 2017 13:35:16
# 24.8479,  5.14437,    0.813, 0.1037, 0.1852,  33.9096, 23 Dec 2017 13:39:16
# 24.8813,  5.14709,    0.820, 0.0948, 0.1584,  33.9047, 23 Dec 2017 13:43:16
# 24.8794,  5.14782,    0.806, 0.0973, 0.1803,  33.9114, 23 Dec 2017 13:47:16
# 24.8789,  5.14753,    0.820, 0.1013, 0.1790,  33.9097, 23 Dec 2017 13:51:16
# 24.9001,  5.14929,    0.787, 0.0976, 0.1863,  33.9068, 23 Dec 2017 13:55:16
# 24.8991,  5.14984,    0.813, 0.1013, 0.1888,  33.9117, 23 Dec 2017 13:59:16
