# 27.1407,  5.46805,    1.361, 0.1266, 0.1890,  34.5451, 09 Oct 2017 07:01:27
# 27.1403,  5.46695,    1.441, 0.1303, 0.1975,  34.5375, 09 Oct 2017 07:05:27
# 27.1527,  5.46983,    1.363, 0.1379, 0.2305,  34.5489, 09 Oct 2017 07:09:27
# 27.1479,  5.46942,    1.396, 0.1316, 0.2023,  34.5495, 09 Oct 2017 07:13:27
# 27.1539,  5.46786,    1.383, 0.1292, 0.1901,  34.5340, 09 Oct 2017 07:17:27
# 27.1694,  5.46990,    1.379, 0.1281, 0.1925,  34.5370, 09 Oct 2017 07:21:27
# 27.1668,  5.47068,    1.427, 0.1242, 0.2036,  34.5444, 09 Oct 2017 07:25:27
# 27.1656,  5.47005,    1.425, 0.1204, 0.1827,  34.5408, 09 Oct 2017 07:29:27
# 27.1703,  5.47117,    1.353, 0.1266, 0.1866,  34.5453, 09 Oct 2017 07:33:27
# 27.1720,  5.47053,    1.371, 0.1216, 0.1852,  34.5395, 09 Oct 2017 07:37:27
# 27.1954,  5.47262,    1.408, 0.1278, 0.1901,  34.5369, 09 Oct 2017 07:41:27
# 27.1988,  5.47287,    1.393, 0.1290, 0.1986,  34.5363, 09 Oct 2017 07:45:27
# 27.2006,  5.47281,    1.402, 0.1256, 0.2147,  34.5345, 09 Oct 2017 07:49:27
# 27.2285,  5.47822,    1.426, 0.1305, 0.2385,  34.5522, 09 Oct 2017 07:53:27
# 27.2336,  5.47871,    1.409, 0.1205, 0.1991,  34.5520, 09 Oct 2017 07:57:27
