# 27.7571,  6.833029,  1.505,  0.1193,  0.6979,  43.8820,  09 Aug 2018 15:00:08
# 27.7228,  6.827782,  1.442,  0.1266,  0.7246,  43.8759,  09 Aug 2018 15:04:08
# 27.7339,  6.830401,  1.540,  0.1229,  0.6872,  43.8846,  09 Aug 2018 15:08:08
# 27.7879,  6.836902,  1.448,  0.1241,  0.8199,  43.8814,  09 Aug 2018 15:12:08
# 27.6838,  6.823364,  1.564,  0.1238,  0.7124,  43.8803,  09 Aug 2018 15:16:08
# 27.5409,  6.805780,  1.373,  0.1215,  0.6835,  43.8861,  09 Aug 2018 15:20:08
# 27.5273,  6.801559,  1.520,  0.1268,  0.6955,  43.8678,  09 Aug 2018 15:24:08
# 27.5906,  6.811558,  1.264,  0.1254,  0.7501,  43.8816,  09 Aug 2018 15:28:08
# 27.6593,  6.822285,  1.291,  0.1254,  0.6728,  43.8955,  09 Aug 2018 15:32:08
# 27.6297,  6.816451,  1.380,  0.1292,  0.7726,  43.8806,  09 Aug 2018 15:36:08
# 27.7425,  6.832333,  1.435,  0.1252,  0.6582,  43.8907,  09 Aug 2018 15:40:08
# 27.7128,  6.830253,  1.294,  0.1254,  0.6413,  43.9035,  09 Aug 2018 15:44:08
# 27.7865,  6.840959,  1.515,  0.1287,  0.7137,  43.9124,  09 Aug 2018 15:48:08
# 27.7578,  6.838966,  1.507,  0.1315,  0.7280,  43.9249,  09 Aug 2018 15:52:08
# 27.7425,  6.837425,  1.510,  0.1325,  0.6988,  43.9280,  09 Aug 2018 15:56:08
