# 25.4470,  5.22638,    0.888, 0.1012, 0.1547,  34.0640, 30 Dec 2017 16:03:16
# 25.4415,  5.22426,    0.874, 0.0996, 0.1582,  34.0526, 30 Dec 2017 16:07:16
# 25.4195,  5.22423,    0.875, 0.1022, 0.1585,  34.0689, 30 Dec 2017 16:11:16
# 25.4073,  5.22358,    0.861, 0.1122, 0.1531,  34.0732, 30 Dec 2017 16:15:16
# 25.3994,  5.22467,    0.852, 0.1036, 0.1546,  34.0872, 30 Dec 2017 16:19:16
# 25.4127,  5.22482,    0.828, 0.0999, 0.1504,  34.0783, 30 Dec 2017 16:23:16
# 25.4188,  5.22351,    0.835, 0.1108, 0.3009,  34.0641, 30 Dec 2017 16:27:16
# 25.4017,  5.22367,    0.832, 0.1073, 0.1493,  34.0781, 30 Dec 2017 16:31:16
# 25.4025,  5.22345,    0.837, 0.1083, 0.1480,  34.0759, 30 Dec 2017 16:35:16
# 25.3891,  5.22193,    0.829, 0.0999, 0.1793,  34.0748, 30 Dec 2017 16:39:16
# 25.3777,  5.22027,    0.814, 0.1022, 0.1573,  34.0712, 30 Dec 2017 16:43:16
# 25.3524,  5.21547,    0.816, 0.0996, 0.1529,  34.0549, 30 Dec 2017 16:47:16
# 25.3313,  5.21441,    0.805, 0.1048, 0.1819,  34.0630, 30 Dec 2017 16:51:16
# 25.3169,  5.21301,    0.799, 0.1059, 0.1706,  34.0635, 30 Dec 2017 16:55:16
# 25.3082,  5.21239,    0.803, 0.1023, 0.1704,  34.0655, 30 Dec 2017 16:59:16
