# 24.6326,  5.122353,  0.996,  0.1148,  0.2010,  33.9083,  20 Feb 2018 21:01:23
# 24.6070,  5.135126,  1.012,  0.1099,  0.2731,  34.0227,  20 Feb 2018 21:05:23
# 24.5912,  5.136262,  1.019,  0.1085,  0.2218,  34.0431,  20 Feb 2018 21:09:23
# 24.5857,  5.124522,  1.018,  0.1134,  0.2183,  33.9598,  20 Feb 2018 21:13:23
# 24.5793,  5.122185,  1.002,  0.1137,  0.2111,  33.9473,  20 Feb 2018 21:17:23
# 24.5797,  5.120423,  0.997,  0.1122,  0.1767,  33.9339,  20 Feb 2018 21:21:23
# 24.5812,  5.120775,  1.007,  0.1158,  0.1695,  33.9354,  20 Feb 2018 21:25:23
# 24.5829,  5.121442,  1.003,  0.1099,  0.1814,  33.9391,  20 Feb 2018 21:29:23
# 24.5781,  5.120959,  1.001,  0.1073,  0.1940,  33.9391,  20 Feb 2018 21:33:23
# 24.5702,  5.115919,  0.989,  0.1100,  0.1766,  33.9075,  20 Feb 2018 21:37:23
# 24.5447,  5.112504,  0.998,  0.1160,  0.1986,  33.9013,  20 Feb 2018 21:41:23
# 24.5322,  5.105661,  0.985,  0.1145,  0.1925,  33.8598,  20 Feb 2018 21:45:23
# 24.5182,  5.101178,  0.995,  0.1197,  0.1655,  33.8370,  20 Feb 2018 21:49:23
# 24.5203,  5.108034,  1.007,  0.1173,  0.1876,  33.8865,  20 Feb 2018 21:53:23
# 24.5088,  5.115766,  0.977,  0.1145,  0.2206,  33.9528,  20 Feb 2018 21:57:23
