# 26.3932,  5.38573,    1.420, 0.1096, 0.2036,  34.5130, 06 Nov 2017 05:01:27
# 26.4189,  5.39072,    1.521, 0.1157, 0.2219,  34.5297, 06 Nov 2017 05:05:27
# 26.4203,  5.39297,    1.453, 0.1157, 0.2110,  34.5449, 06 Nov 2017 05:09:27
# 26.4235,  5.39326,    1.453, 0.1170, 0.1830,  34.5446, 06 Nov 2017 05:13:27
# 26.4268,  5.39673,    1.513, 0.1132, 0.1865,  34.5671, 06 Nov 2017 05:17:27
# 26.4028,  5.39228,    1.420, 0.1083, 0.1952,  34.5531, 06 Nov 2017 05:21:27
# 26.3928,  5.39101,    1.466, 0.1081, 0.1827,  34.5514, 06 Nov 2017 05:25:27
# 26.3679,  5.38689,    1.467, 0.1083, 0.2099,  34.5404, 06 Nov 2017 05:29:27
# 26.3549,  5.38624,    1.467, 0.1059, 0.1939,  34.5454, 06 Nov 2017 05:33:27
# 26.3573,  5.38530,    1.510, 0.1119, 0.2064,  34.5368, 06 Nov 2017 05:37:27
# 26.3563,  5.38499,    1.530, 0.1094, 0.1927,  34.5354, 06 Nov 2017 05:41:27
# 26.3647,  5.38692,    1.535, 0.1109, 0.1936,  34.5429, 06 Nov 2017 05:45:27
# 26.3302,  5.38276,    1.444, 0.1047, 0.2049,  34.5388, 06 Nov 2017 05:49:27
# 26.3401,  5.38321,    1.488, 0.1093, 0.1938,  34.5346, 06 Nov 2017 05:53:27
# 26.3087,  5.37948,    1.471, 0.1061, 0.1793,  34.5313, 06 Nov 2017 05:57:27
