# 25.2641,  5.281717,  0.975,  0.1205,  0.4684,  34.6088,  01 Feb 2018 17:01:23
# 25.2712,  5.280513,  0.955,  0.1209,  0.4423,  34.5946,  01 Feb 2018 17:05:23
# 25.2345,  5.276756,  0.944,  0.1208,  0.4735,  34.5949,  01 Feb 2018 17:09:23
# 25.2204,  5.276330,  0.965,  0.1170,  0.4279,  34.6025,  01 Feb 2018 17:13:23
# 25.2280,  5.276943,  0.981,  0.1209,  0.4639,  34.6012,  01 Feb 2018 17:17:23
# 25.2064,  5.275119,  0.977,  0.1185,  0.4266,  34.6043,  01 Feb 2018 17:21:23
# 25.1989,  5.274072,  0.965,  0.1292,  0.4449,  34.6022,  01 Feb 2018 17:25:23
# 25.1967,  5.272776,  0.943,  0.1283,  0.4867,  34.5944,  01 Feb 2018 17:29:23
# 25.1993,  5.272520,  0.967,  0.1269,  0.4154,  34.5905,  01 Feb 2018 17:33:23
# 25.2187,  5.272496,  0.955,  0.1318,  0.4242,  34.5755,  01 Feb 2018 17:37:23
# 25.1855,  5.270278,  0.969,  0.1257,  0.4352,  34.5845,  01 Feb 2018 17:41:23
# 25.1564,  5.266974,  0.977,  0.1172,  0.4059,  34.5823,  01 Feb 2018 17:45:23
# 25.1610,  5.266664,  0.957,  0.1283,  0.4240,  34.5765,  01 Feb 2018 17:49:23
# 25.1264,  5.263245,  0.971,  0.1254,  0.4302,  34.5777,  01 Feb 2018 17:53:23
# 25.1953,  5.264019,  0.945,  0.1244,  0.4131,  34.5308,  01 Feb 2018 17:57:23
