# 27.6542,  5.497077,  0.914,  0.1303,  0.2038,  34.3718,  10 Sep 2017 23:00:05
# 27.6438,  5.496730,  0.899,  0.1202,  0.1951,  34.3770,  10 Sep 2017 23:04:05
# 27.6310,  5.499772,  0.865,  0.1279,  0.2161,  34.4079,  10 Sep 2017 23:08:05
# 27.6272,  5.504285,  0.896,  0.1318,  0.2470,  34.4424,  10 Sep 2017 23:12:05
# 27.6256,  5.503945,  0.898,  0.1364,  0.2329,  34.4412,  10 Sep 2017 23:16:05
# 27.6188,  5.502183,  0.863,  0.1485,  0.2350,  34.4338,  10 Sep 2017 23:20:05
# 27.6164,  5.502768,  0.875,  0.1401,  0.2425,  34.4397,  10 Sep 2017 23:24:05
# 27.6118,  5.502167,  0.770,  0.1241,  0.2313,  34.4389,  10 Sep 2017 23:28:05
# 27.6033,  5.493136,  0.879,  0.1364,  0.2258,  34.3815,  10 Sep 2017 23:32:05
# 27.5988,  5.482983,  0.819,  0.1365,  0.2049,  34.3133,  10 Sep 2017 23:36:05
# 27.6087,  5.485177,  0.842,  0.1341,  0.2396,  34.3214,  10 Sep 2017 23:40:05
# 27.6051,  5.494906,  0.844,  0.1437,  0.2147,  34.3926,  10 Sep 2017 23:44:05
# 27.5932,  5.491881,  0.945,  0.1365,  0.2158,  34.3800,  10 Sep 2017 23:48:05
# 27.5733,  5.485738,  0.808,  0.1352,  0.2269,  34.3513,  10 Sep 2017 23:52:05
# 27.5733,  5.486693,  0.809,  0.1205,  0.2197,  34.3581,  10 Sep 2017 23:56:05
