# 24.8983,  5.212603,  0.792,  0.0986,  0.1752,  34.3770,  06 Feb 2018 18:01:23
# 24.8966,  5.208736,  0.793,  0.1025,  0.1852,  34.3497,  06 Feb 2018 18:05:23
# 24.8765,  5.214387,  0.808,  0.1048,  0.2046,  34.4069,  06 Feb 2018 18:09:23
# 24.8845,  5.195375,  0.825,  0.1022,  0.1939,  34.2598,  06 Feb 2018 18:13:23
# 24.8424,  5.211485,  0.824,  0.1047,  0.2148,  34.4113,  06 Feb 2018 18:17:23
# 24.8697,  5.185650,  0.807,  0.1062,  0.2036,  34.1990,  06 Feb 2018 18:21:23
# 24.8360,  5.184202,  0.819,  0.1083,  0.2551,  34.2138,  06 Feb 2018 18:25:23
# 24.8588,  5.169453,  0.817,  0.1049,  0.1962,  34.0872,  06 Feb 2018 18:33:23
# 24.8181,  5.208637,  0.831,  0.1086,  0.1938,  34.4088,  06 Feb 2018 18:37:23
# 24.7941,  5.203344,  0.830,  0.1086,  0.2072,  34.3878,  06 Feb 2018 18:41:23
# 24.7774,  5.203645,  0.850,  0.1100,  0.2107,  34.4027,  06 Feb 2018 18:45:23
# 24.7604,  5.200444,  0.846,  0.1022,  0.1891,  34.3920,  06 Feb 2018 18:49:23
# 24.7468,  5.202581,  0.842,  0.1012,  0.1887,  34.4183,  06 Feb 2018 18:53:23
# 24.7482,  5.201578,  0.851,  0.1260,  0.2347,  34.4097,  06 Feb 2018 18:57:23
