# 26.5199,  5.401271,  0.790,  0.1094,  0.2885,  34.5303,  05 Jul 2018 02:00:08
# 26.5084,  5.400025,  0.774,  0.1071,  0.2708,  34.5299,  05 Jul 2018 02:04:08
# 26.5043,  5.399594,  0.783,  0.1083,  0.2728,  34.5299,  05 Jul 2018 02:08:08
# 26.5387,  5.401749,  0.741,  0.1143,  0.2885,  34.5197,  05 Jul 2018 02:12:08
# 26.5042,  5.399163,  0.743,  0.1118,  0.2909,  34.5268,  05 Jul 2018 02:16:08
# 26.5045,  5.398739,  0.744,  0.1093,  0.3050,  34.5236,  05 Jul 2018 02:20:08
# 26.4918,  5.398152,  0.718,  0.1093,  0.2669,  34.5288,  05 Jul 2018 02:24:08
# 26.4669,  5.396365,  0.748,  0.1108,  0.2545,  34.5347,  05 Jul 2018 02:28:08
# 26.4887,  5.397376,  0.746,  0.1293,  0.2539,  34.5256,  05 Jul 2018 02:32:08
# 26.4958,  5.397673,  0.754,  0.1108,  0.2586,  34.5224,  05 Jul 2018 02:36:08
# 26.4743,  5.395949,  0.740,  0.1037,  0.2536,  34.5261,  05 Jul 2018 02:40:08
# 26.4243,  5.393842,  0.735,  0.1033,  0.2381,  34.5484,  05 Jul 2018 02:44:08
# 26.4033,  5.392511,  0.732,  0.1081,  0.2801,  34.5546,  05 Jul 2018 02:48:08
# 26.3991,  5.390905,  0.727,  0.1023,  0.2696,  34.5461,  05 Jul 2018 02:52:08
# 26.3987,  5.391061,  0.733,  0.1034,  0.2692,  34.5475,  05 Jul 2018 02:56:08
