# 24.3793,  5.109728,  0.976,  0.1036,  0.1827,  34.0059,  20 Feb 2018 23:01:23
# 24.3705,  5.113219,  0.955,  0.0986,  0.1912,  34.0386,  20 Feb 2018 23:05:23
# 24.3547,  5.103346,  0.963,  0.1000,  0.1802,  33.9768,  20 Feb 2018 23:09:23
# 24.3443,  5.097586,  0.946,  0.1012,  0.1876,  33.9416,  20 Feb 2018 23:13:23
# 24.3448,  5.080676,  0.964,  0.1074,  0.1717,  33.8149,  20 Feb 2018 23:17:23
# 24.3382,  5.086259,  0.916,  0.1048,  0.1791,  33.8616,  20 Feb 2018 23:21:23
# 24.3363,  5.082799,  0.962,  0.1037,  0.1584,  33.8371,  20 Feb 2018 23:25:23
# 24.3215,  5.093787,  0.931,  0.1023,  0.1733,  33.9305,  20 Feb 2018 23:29:23
# 24.3108,  5.098918,  0.957,  0.1015,  0.1752,  33.9770,  20 Feb 2018 23:33:23
# 24.2984,  5.085030,  0.960,  0.1052,  0.1668,  33.8825,  20 Feb 2018 23:37:23
# 24.3073,  5.081265,  0.941,  0.1060,  0.1671,  33.8476,  20 Feb 2018 23:41:23
# 24.3142,  5.080936,  0.923,  0.1086,  0.1791,  33.8399,  20 Feb 2018 23:45:23
# 24.3075,  5.083174,  0.921,  0.1061,  0.1682,  33.8617,  20 Feb 2018 23:49:23
# 24.3095,  5.079424,  0.920,  0.1072,  0.1863,  33.8322,  20 Feb 2018 23:53:23
# 24.3111,  5.081135,  0.933,  0.1085,  0.1697,  33.8437,  20 Feb 2018 23:57:23
