# 26.1561,  5.351074,  0.653,  0.0961,  0.2370,  34.4406,  12 Jun 2018 09:03:04
# 26.1567,  5.352128,  0.642,  0.0933,  0.2335,  34.4478,  12 Jun 2018 09:07:04
# 26.1475,  5.351433,  0.663,  0.0961,  0.2058,  34.4496,  12 Jun 2018 09:11:04
# 26.1572,  5.352331,  0.664,  0.0907,  0.2128,  34.4489,  12 Jun 2018 09:15:04
# 26.1736,  5.353268,  0.652,  0.0935,  0.2104,  34.4433,  12 Jun 2018 09:19:04
# 26.1927,  5.355369,  0.640,  0.0923,  0.2070,  34.4443,  12 Jun 2018 09:23:04
# 26.2006,  5.356642,  0.668,  0.0959,  0.2084,  34.4475,  12 Jun 2018 09:27:04
# 26.2345,  5.360181,  0.690,  0.0960,  0.2238,  34.4477,  12 Jun 2018 09:31:04
# 26.2280,  5.360369,  0.672,  0.0910,  0.2115,  34.4539,  12 Jun 2018 09:35:04
# 26.2157,  5.360275,  0.679,  0.0935,  0.2319,  34.4625,  12 Jun 2018 09:39:04
# 26.2197,  5.360744,  0.686,  0.0985,  0.1958,  34.4629,  12 Jun 2018 09:43:04
# 26.2497,  5.363729,  0.695,  0.0888,  0.2216,  34.4620,  12 Jun 2018 09:47:04
# 26.2573,  5.363417,  0.688,  0.0922,  0.2216,  34.4540,  12 Jun 2018 09:51:04
# 26.2793,  5.365738,  0.688,  0.0934,  0.2143,  34.4543,  12 Jun 2018 09:55:04
# 26.3332,  5.370577,  0.700,  0.0896,  0.2130,  34.4489,  12 Jun 2018 09:59:04
