# 25.5457,  5.24865,    0.805, 0.0912, 0.1572,  34.1531, 13 Dec 2017 17:03:16
# 25.5215,  5.24667,    0.791, 0.0896, 0.1560,  34.1567, 13 Dec 2017 17:07:16
# 25.4994,  5.24543,    0.786, 0.0961, 0.1563,  34.1642, 13 Dec 2017 17:11:16
# 25.4921,  5.24378,    0.787, 0.0886, 0.1518,  34.1576, 13 Dec 2017 17:15:16
# 25.4667,  5.24218,    0.776, 0.0925, 0.1560,  34.1650, 13 Dec 2017 17:19:16
# 25.4402,  5.23925,    0.780, 0.0898, 0.1731,  34.1634, 13 Dec 2017 17:23:16
# 25.4220,  5.23684,    0.767, 0.0909, 0.1530,  34.1594, 13 Dec 2017 17:27:16
# 25.3887,  5.23416,    0.772, 0.1010, 0.1657,  34.1648, 13 Dec 2017 17:31:16
# 25.3873,  5.23355,    0.765, 0.0983, 0.1914,  34.1614, 13 Dec 2017 17:35:16
# 25.3314,  5.22617,    0.757, 0.0950, 0.1696,  34.1493, 13 Dec 2017 17:39:16
# 25.3385,  5.22687,    0.764, 0.0961, 0.1534,  34.1490, 13 Dec 2017 17:43:16
# 25.3156,  5.22451,    0.756, 0.0936, 0.1433,  34.1490, 13 Dec 2017 17:47:16
# 25.3095,  5.22350,    0.752, 0.0976, 0.1585,  34.1461, 13 Dec 2017 17:51:16
# 25.2959,  5.22284,    0.755, 0.1022, 0.1561,  34.1515, 13 Dec 2017 17:55:16
# 25.2739,  5.21971,    0.740, 0.1011, 0.1634,  34.1450, 13 Dec 2017 17:59:16
