# 27.0518,  5.447450,  0.912,  0.1044,  0.1961,  34.4646,  23 Jun 2018 23:00:08
# 27.0476,  5.448017,  0.943,  0.1011,  0.1895,  34.4718,  23 Jun 2018 23:04:08
# 27.0309,  5.445814,  0.920,  0.1022,  0.2022,  34.4684,  23 Jun 2018 23:08:08
# 27.0468,  5.448119,  0.952,  0.0971,  0.2166,  34.4730,  23 Jun 2018 23:12:08
# 27.0468,  5.449064,  0.938,  0.0960,  0.1849,  34.4798,  23 Jun 2018 23:16:08
# 27.0526,  5.451071,  0.917,  0.1007,  0.2309,  34.4898,  23 Jun 2018 23:20:08
# 27.0486,  5.451189,  0.944,  0.0998,  0.2007,  34.4936,  23 Jun 2018 23:24:08
# 27.0260,  5.445963,  0.952,  0.0958,  0.1812,  34.4731,  23 Jun 2018 23:28:08
# 26.9900,  5.434795,  0.950,  0.1106,  0.1972,  34.4203,  23 Jun 2018 23:32:08
# 26.9884,  5.433978,  0.959,  0.1145,  0.1910,  34.4156,  23 Jun 2018 23:36:08
# 26.9976,  5.437366,  0.953,  0.1131,  0.2068,  34.4329,  23 Jun 2018 23:40:08
# 26.9953,  5.438664,  0.933,  0.1231,  0.2405,  34.4439,  23 Jun 2018 23:44:08
# 26.9889,  5.438617,  0.955,  0.1094,  0.2129,  34.4483,  23 Jun 2018 23:48:08
# 26.9693,  5.433003,  0.972,  0.1117,  0.2119,  34.4228,  23 Jun 2018 23:52:08
# 26.9578,  5.429923,  0.981,  0.1054,  0.1897,  34.4094,  23 Jun 2018 23:56:08
