# 28.2529,  5.59625,    0.776, 0.1156, 0.4365,  34.6276, 01 Nov 2017 19:01:27
# 28.2820,  5.59965,    0.812, 0.1214, 0.3644,  34.6301, 01 Nov 2017 19:05:27
# 28.2709,  5.59918,    0.678, 0.1204, 0.3538,  34.6348, 01 Nov 2017 19:09:27
# 28.2584,  5.59735,    0.722, 0.1130, 0.3861,  34.6314, 01 Nov 2017 19:13:27
# 28.2738,  5.59892,    0.796, 0.1131, 0.3355,  34.6310, 01 Nov 2017 19:17:27
# 28.2727,  5.59855,    0.732, 0.1128, 0.3598,  34.6292, 01 Nov 2017 19:21:27
# 28.2515,  5.59690,    0.698, 0.1145, 0.3380,  34.6332, 01 Nov 2017 19:25:27
# 28.2581,  5.59708,    0.607, 0.1129, 0.3101,  34.6297, 01 Nov 2017 19:29:27
# 28.2519,  5.59625,    0.664, 0.1093, 0.3379,  34.6284, 01 Nov 2017 19:33:27
# 28.2442,  5.59548,    0.770, 0.1116, 0.4083,  34.6287, 01 Nov 2017 19:37:27
# 28.2369,  5.59467,    0.706, 0.1083, 0.4192,  34.6284, 01 Nov 2017 19:41:27
# 28.2239,  5.59364,    0.662, 0.1130, 0.3648,  34.6307, 01 Nov 2017 19:45:27
# 28.2065,  5.59166,    0.638, 0.1144, 0.3793,  34.6297, 01 Nov 2017 19:49:27
# 28.2046,  5.59153,    0.688, 0.1193, 0.4855,  34.6302, 01 Nov 2017 19:53:27
# 28.2004,  5.59072,    0.747, 0.1093, 0.4460,  34.6276, 01 Nov 2017 19:57:27
