# 27.1154,  6.673388,  1.255,  0.1033,  0.1788,  43.3100,  16 Aug 2018 09:00:08
# 27.1264,  6.676954,  1.203,  0.1048,  0.1776,  43.3261,  16 Aug 2018 09:04:08
# 27.1981,  6.681957,  1.139,  0.1070,  0.1887,  43.2959,  16 Aug 2018 09:08:08
# 27.1376,  6.679891,  1.273,  0.1017,  0.1946,  43.3373,  16 Aug 2018 09:12:08
# 27.1760,  6.681467,  1.194,  0.1020,  0.1895,  43.3130,  16 Aug 2018 09:16:08
# 27.1937,  6.684491,  1.239,  0.0969,  0.1834,  43.3187,  16 Aug 2018 09:20:08
# 27.1662,  6.683983,  1.247,  0.0983,  0.1785,  43.3408,  16 Aug 2018 09:24:08
# 27.1828,  6.684276,  1.181,  0.0971,  0.1677,  43.3273,  16 Aug 2018 09:28:08
# 27.2211,  6.688308,  1.145,  0.0980,  0.1871,  43.3212,  16 Aug 2018 09:32:08
# 27.2204,  6.689550,  1.212,  0.0996,  0.1740,  43.3311,  16 Aug 2018 09:36:08
# 27.1842,  6.689249,  1.206,  0.1006,  0.1801,  43.3627,  16 Aug 2018 09:40:08
# 27.1754,  6.687008,  1.208,  0.0995,  0.1747,  43.3545,  16 Aug 2018 09:44:08
# 27.2215,  6.690256,  1.134,  0.0958,  0.1712,  43.3353,  16 Aug 2018 09:48:08
# 27.2641,  6.695317,  1.101,  0.0944,  0.2016,  43.3327,  16 Aug 2018 09:52:08
# 27.2828,  6.697861,  1.168,  0.0932,  0.1849,  43.3340,  16 Aug 2018 09:56:08
