# 27.7218,  5.518909,  1.224,  0.1484,  0.2123,  34.4757,  21 Sep 2017 19:00:05
# 27.7257,  5.519036,  1.199,  0.1534,  0.1913,  34.4738,  21 Sep 2017 19:04:05
# 27.7191,  5.518506,  1.142,  0.1511,  0.1842,  34.4749,  21 Sep 2017 19:08:05
# 27.7168,  5.518814,  1.171,  0.1558,  0.1924,  34.4787,  21 Sep 2017 19:12:05
# 27.7148,  5.518933,  1.140,  0.1548,  0.2000,  34.4810,  21 Sep 2017 19:16:05
# 27.7123,  5.519329,  1.128,  0.1640,  0.1929,  34.4857,  21 Sep 2017 19:20:05
# 27.6866,  5.519005,  1.111,  0.1498,  0.2059,  34.5023,  21 Sep 2017 19:28:05
# 27.6751,  5.516663,  1.095,  0.1413,  0.1962,  34.4943,  21 Sep 2017 19:32:05
# 27.6679,  5.515452,  1.135,  0.1389,  0.1817,  34.4910,  21 Sep 2017 19:36:05
# 27.6605,  5.514305,  1.127,  0.1425,  0.1913,  34.4884,  21 Sep 2017 19:40:05
# 27.6665,  5.519726,  1.044,  0.1450,  0.1924,  34.5222,  21 Sep 2017 19:44:05
# 27.6622,  5.517589,  1.082,  0.1499,  0.1781,  34.5103,  21 Sep 2017 19:48:05
# 27.6492,  5.515903,  1.085,  0.1484,  0.1843,  34.5080,  21 Sep 2017 19:52:05
# 27.6364,  5.514226,  1.075,  0.1437,  0.1893,  34.5056,  21 Sep 2017 19:56:05
