# 24.3631,  5.157773,  0.749,  0.0916,  0.1925,  34.3779,  17 Feb 2018 13:01:23
# 24.3646,  5.159649,  0.755,  0.0924,  0.2024,  34.3907,  17 Feb 2018 13:05:23
# 24.3657,  5.162801,  0.739,  0.0912,  0.2197,  34.4135,  17 Feb 2018 13:09:23
# 24.3553,  5.160533,  0.741,  0.0924,  0.2109,  34.4045,  17 Feb 2018 13:13:23
# 24.3671,  5.161471,  0.751,  0.0912,  0.2109,  34.4025,  17 Feb 2018 13:17:23
# 24.4249,  5.164476,  0.749,  0.0938,  0.1914,  34.3806,  17 Feb 2018 13:21:23
# 24.4232,  5.166122,  0.752,  0.0948,  0.2551,  34.3942,  17 Feb 2018 13:25:23
# 24.4336,  5.169337,  0.756,  0.0974,  0.2022,  34.4102,  17 Feb 2018 13:29:23
# 24.4209,  5.169252,  0.735,  0.0924,  0.2120,  34.4193,  17 Feb 2018 13:33:23
# 24.4292,  5.168375,  0.744,  0.0987,  0.2913,  34.4064,  17 Feb 2018 13:37:23
# 24.4423,  5.169437,  0.774,  0.0974,  0.2232,  34.4043,  17 Feb 2018 13:41:23
# 24.4684,  5.172545,  0.772,  0.0924,  0.2023,  34.4075,  17 Feb 2018 13:45:23
# 24.4603,  5.170829,  0.772,  0.1037,  0.2036,  34.4009,  17 Feb 2018 13:49:23
# 24.4568,  5.172245,  0.784,  0.1024,  0.1902,  34.4142,  17 Feb 2018 13:53:23
# 24.4737,  5.173522,  0.761,  0.1012,  0.1999,  34.4107,  17 Feb 2018 13:57:23
