# 26.9635,  5.48966,    0.871, 0.1180, 0.3256,  34.8316, 05 Oct 2017 23:01:27
# 26.9699,  5.48984,    0.800, 0.1169, 0.3235,  34.8280, 05 Oct 2017 23:05:27
# 26.9655,  5.48918,    0.843, 0.1168, 0.3686,  34.8266, 05 Oct 2017 23:09:27
# 26.9733,  5.48737,    0.789, 0.1245, 0.3220,  34.8078, 05 Oct 2017 23:13:27
# 26.9670,  5.48658,    0.840, 0.1195, 0.3333,  34.8068, 05 Oct 2017 23:17:27
# 26.9449,  5.48453,    0.730, 0.1170, 0.3787,  34.8088, 05 Oct 2017 23:21:27
# 26.9539,  5.48646,    0.758, 0.1193, 0.3771,  34.8159, 05 Oct 2017 23:25:27
# 26.9859,  5.48381,    0.817, 0.1398, 0.3585,  34.7729, 05 Oct 2017 23:29:27
# 26.9469,  5.48371,    0.779, 0.1255, 0.3597,  34.8015, 05 Oct 2017 23:33:27
# 26.9459,  5.48299,    0.900, 0.1292, 0.3210,  34.7970, 05 Oct 2017 23:37:27
# 26.9471,  5.48356,    0.803, 0.1195, 0.3915,  34.8003, 05 Oct 2017 23:41:27
# 26.9307,  5.48158,    0.838, 0.1270, 0.3759,  34.7984, 05 Oct 2017 23:45:27
# 26.9070,  5.47847,    0.744, 0.1121, 0.3761,  34.7940, 05 Oct 2017 23:49:27
# 26.9084,  5.47988,    0.863, 0.1144, 0.3758,  34.8029, 05 Oct 2017 23:53:27
# 26.9023,  5.48174,    0.758, 0.1170, 0.6918,  34.8209, 05 Oct 2017 23:57:27
