# 24.4307,  5.206444,  0.952,  0.1122,  0.3282,  34.6902,  22 Jan 2018 03:01:23
# 24.4227,  5.207270,  0.966,  0.1134,  0.3808,  34.7026,  22 Jan 2018 03:05:23
# 24.4167,  5.207625,  0.953,  0.1182,  0.2996,  34.7099,  22 Jan 2018 03:09:23
# 24.4150,  5.207856,  0.955,  0.1198,  0.2901,  34.7130,  22 Jan 2018 03:13:23
# 24.4167,  5.205534,  0.972,  0.1212,  0.2770,  34.6942,  22 Jan 2018 03:17:23
# 24.4269,  5.203520,  0.975,  0.1208,  0.2985,  34.6712,  22 Jan 2018 03:21:23
# 24.4119,  5.202039,  0.980,  0.1219,  0.2554,  34.6717,  22 Jan 2018 03:25:23
# 24.3991,  5.203983,  0.984,  0.1185,  0.2936,  34.6962,  22 Jan 2018 03:29:23
# 24.3869,  5.203605,  0.983,  0.1172,  0.3017,  34.7029,  22 Jan 2018 03:33:23
# 24.3826,  5.201021,  0.989,  0.1246,  0.2818,  34.6869,  22 Jan 2018 03:37:23
# 24.3972,  5.199594,  0.984,  0.1157,  0.2577,  34.6648,  22 Jan 2018 03:41:23
# 24.3859,  5.202656,  0.997,  0.1161,  0.2852,  34.6965,  22 Jan 2018 03:45:23
# 24.3862,  5.204099,  0.967,  0.1247,  0.3821,  34.7071,  22 Jan 2018 03:49:23
# 24.3909,  5.202780,  0.985,  0.1259,  0.3622,  34.6936,  22 Jan 2018 03:53:23
# 24.3971,  5.203104,  1.006,  0.1244,  0.3463,  34.6912,  22 Jan 2018 03:57:23
