# 24.3902,  5.176510,  1.278,  0.1023,  0.1648,  34.4971,  30 Jan 2018 05:01:23
# 24.3937,  5.176979,  1.276,  0.0974,  0.1454,  34.4980,  30 Jan 2018 05:05:23
# 24.3826,  5.178173,  1.274,  0.0998,  0.1743,  34.5155,  30 Jan 2018 05:09:23
# 24.3833,  5.176864,  1.273,  0.0948,  0.1480,  34.5051,  30 Jan 2018 05:13:23
# 24.3832,  5.176302,  1.269,  0.0961,  0.1441,  34.5010,  30 Jan 2018 05:17:23
# 24.3895,  5.175525,  1.258,  0.0951,  0.1444,  34.4903,  30 Jan 2018 05:21:23
# 24.3979,  5.175178,  1.261,  0.1025,  0.1609,  34.4812,  30 Jan 2018 05:25:23
# 24.4147,  5.176432,  1.260,  0.1099,  0.1444,  34.4778,  30 Jan 2018 05:29:23
# 24.4143,  5.177841,  1.254,  0.1084,  0.1596,  34.4886,  30 Jan 2018 05:33:23
# 24.4029,  5.177526,  1.227,  0.1023,  0.1469,  34.4950,  30 Jan 2018 05:37:23
# 24.3965,  5.176587,  1.234,  0.1012,  0.1656,  34.4929,  30 Jan 2018 05:41:23
# 24.3948,  5.176186,  1.236,  0.1035,  0.1585,  34.4912,  30 Jan 2018 05:45:23
# 24.3963,  5.176517,  1.222,  0.1024,  0.1586,  34.4925,  30 Jan 2018 05:49:23
# 24.3828,  5.177049,  1.227,  0.1035,  0.1630,  34.5069,  30 Jan 2018 05:53:23
# 24.3810,  5.177234,  1.220,  0.0996,  0.1743,  34.5097,  30 Jan 2018 05:57:23
