# 26.4199,  5.33775,    1.244, 0.0925, 0.2673,  34.1476, 25 Oct 2017 06:01:27
# 26.4248,  5.33640,    1.167, 0.0935, 0.2601,  34.1343, 25 Oct 2017 06:05:27
# 26.4611,  5.33906,    1.283, 0.0945, 0.2567,  34.1265, 25 Oct 2017 06:09:27
# 26.4649,  5.34229,    1.194, 0.0959, 0.2519,  34.1470, 25 Oct 2017 06:13:27
# 26.4567,  5.34118,    1.187, 0.0970, 0.2399,  34.1450, 25 Oct 2017 06:17:27
# 26.4591,  5.34422,    1.255, 0.0898, 0.2338,  34.1651, 25 Oct 2017 06:21:27
# 26.4632,  5.34242,    1.244, 0.0946, 0.2675,  34.1491, 25 Oct 2017 06:25:27
# 26.4710,  5.34057,    1.146, 0.0935, 0.2433,  34.1301, 25 Oct 2017 06:29:27
# 26.4775,  5.34032,    1.289, 0.1006, 0.2723,  34.1235, 25 Oct 2017 06:33:27
# 26.4801,  5.33727,    1.167, 0.0945, 0.2494,  34.0997, 25 Oct 2017 06:37:27
# 26.4800,  5.33656,    1.159, 0.0959, 0.2530,  34.0946, 25 Oct 2017 06:41:27
# 26.4784,  5.33671,    1.219, 0.0935, 0.2326,  34.0969, 25 Oct 2017 06:45:27
# 26.4733,  5.33403,    1.205, 0.0933, 0.2294,  34.0815, 25 Oct 2017 06:49:27
# 26.4461,  5.32428,    1.220, 0.0970, 0.2245,  34.0314, 25 Oct 2017 06:53:27
# 26.4562,  5.31779,    1.299, 0.0942, 0.2234,  33.9773, 25 Oct 2017 06:57:27
