# 27.7235,  6.835188,  1.457,  0.1377,  0.7749,  43.9296,  09 Aug 2018 16:00:08
# 27.5696,  6.815618,  1.504,  0.1279,  0.6198,  43.9312,  09 Aug 2018 16:04:08
# 27.5402,  6.812167,  1.423,  0.1315,  0.6642,  43.9337,  09 Aug 2018 16:08:08
# 27.5046,  6.806467,  1.463,  0.1304,  0.6558,  43.9254,  09 Aug 2018 16:12:08
# 27.5881,  6.816678,  1.391,  0.1363,  0.7366,  43.9216,  09 Aug 2018 16:16:08
# 27.6412,  6.825617,  1.474,  0.1314,  0.6989,  43.9371,  09 Aug 2018 16:20:08
# 27.5345,  6.812298,  1.337,  0.1326,  0.7065,  43.9401,  09 Aug 2018 16:24:08
# 27.5863,  6.819139,  1.335,  0.1342,  0.7595,  43.9414,  09 Aug 2018 16:28:08
# 27.5150,  6.808909,  1.494,  0.1363,  0.6827,  43.9336,  09 Aug 2018 16:32:08
# 27.4877,  6.805999,  1.447,  0.1315,  0.6941,  43.9379,  09 Aug 2018 16:36:08
# 27.5644,  6.817983,  1.316,  0.1427,  0.8369,  43.9536,  09 Aug 2018 16:40:08
# 27.4487,  6.805183,  1.294,  0.1344,  0.6992,  43.9690,  09 Aug 2018 16:44:08
# 27.3924,  6.799312,  1.396,  0.1267,  0.6046,  43.9791,  09 Aug 2018 16:48:08
# 27.3804,  6.795483,  1.411,  0.1328,  0.5937,  43.9622,  09 Aug 2018 16:52:08
# 27.3539,  6.791438,  1.250,  0.1353,  0.6486,  43.9575,  09 Aug 2018 16:56:08
