# 24.3802,  5.09624,    1.196, 0.1049, 0.1597,  33.9043, 23 Dec 2017 09:03:16
# 24.3874,  5.09692,    1.193, 0.1049, 0.1550,  33.9039, 23 Dec 2017 09:07:16
# 24.3922,  5.09759,    1.189, 0.0986, 0.1696,  33.9053, 23 Dec 2017 09:11:16
# 24.4094,  5.09933,    1.187, 0.1026, 0.1903,  33.9053, 23 Dec 2017 09:15:16
# 24.4196,  5.10049,    1.181, 0.1050, 0.1658,  33.9062, 23 Dec 2017 09:19:16
# 24.4290,  5.10123,    1.184, 0.1037, 0.1913,  33.9046, 23 Dec 2017 09:23:16
# 24.4366,  5.10153,    1.180, 0.1073, 0.1608,  33.9012, 23 Dec 2017 09:27:16
# 24.4460,  5.10252,    1.181, 0.1038, 0.1659,  33.9015, 23 Dec 2017 09:31:16
# 24.4523,  5.10274,    1.167, 0.1012, 0.1781,  33.8983, 23 Dec 2017 09:35:16
# 24.4425,  5.10163,    1.168, 0.0999, 0.1744,  33.8974, 23 Dec 2017 09:39:16
# 24.4419,  5.10186,    1.153, 0.0963, 0.1631,  33.8997, 23 Dec 2017 09:43:16
# 24.4503,  5.10207,    1.155, 0.0963, 0.1644,  33.8948, 23 Dec 2017 09:47:16
# 24.4586,  5.10324,    1.153, 0.0986, 0.1671,  33.8973, 23 Dec 2017 09:51:16
# 24.4786,  5.10564,    1.148, 0.0974, 0.1751,  33.9001, 23 Dec 2017 09:55:16
# 24.4839,  5.10669,    1.138, 0.1026, 0.1891,  33.9039, 23 Dec 2017 09:59:16
