# 26.8495,  6.088176,  0.827,  0.1095,  0.3005,  39.2461,  29 Aug 2018 23:00:08
# 26.8457,  6.086903,  0.788,  0.1070,  0.2670,  39.2400,  29 Aug 2018 23:04:08
# 26.8597,  6.094359,  0.822,  0.1130,  0.2880,  39.2826,  29 Aug 2018 23:08:08
# 26.8482,  6.093168,  0.825,  0.1108,  0.3143,  39.2837,  29 Aug 2018 23:12:08
# 26.8434,  6.092664,  0.793,  0.1146,  0.2525,  39.2841,  29 Aug 2018 23:16:08
# 26.8262,  6.091424,  0.754,  0.1044,  0.2548,  39.2897,  29 Aug 2018 23:20:08
# 26.8234,  6.093582,  0.820,  0.1081,  0.2404,  39.3078,  29 Aug 2018 23:24:08
# 26.8254,  6.093615,  0.808,  0.1131,  0.2705,  39.3064,  29 Aug 2018 23:28:08
# 26.8170,  6.093268,  0.723,  0.1130,  0.2367,  39.3110,  29 Aug 2018 23:32:08
# 26.7993,  6.091078,  0.815,  0.1071,  0.2309,  39.3100,  29 Aug 2018 23:36:08
# 26.8028,  6.085202,  0.796,  0.1177,  0.2764,  39.2641,  29 Aug 2018 23:40:08
# 26.7953,  6.084111,  0.773,  0.1192,  0.3131,  39.2625,  29 Aug 2018 23:44:08
# 26.7875,  6.085847,  0.766,  0.1157,  0.2982,  39.2818,  29 Aug 2018 23:48:08
# 26.7716,  6.074663,  0.914,  0.1167,  0.3052,  39.2136,  29 Aug 2018 23:52:08
# 26.7607,  6.078933,  0.670,  0.1082,  0.2992,  39.2541,  29 Aug 2018 23:56:08
