# 27.2974,  6.323273,  1.058,  0.1328,  0.2392,  40.5748,  03 Aug 2018 21:00:08
# 27.3044,  6.323155,  1.070,  0.1773,  0.2535,  40.5679,  03 Aug 2018 21:04:08
# 27.2860,  6.324921,  1.041,  0.1254,  0.2263,  40.5968,  03 Aug 2018 21:08:08
# 27.2704,  6.325695,  1.045,  0.1193,  0.2512,  40.6161,  03 Aug 2018 21:12:08
# 27.2691,  6.325434,  1.042,  0.1192,  0.2346,  40.6154,  03 Aug 2018 21:16:08
# 27.2746,  6.326468,  1.058,  0.1303,  0.2227,  40.6181,  03 Aug 2018 21:20:08
# 27.2656,  6.329882,  1.042,  0.1167,  0.2214,  40.6508,  03 Aug 2018 21:24:08
# 27.2576,  6.332111,  1.052,  0.1179,  0.2562,  40.6741,  03 Aug 2018 21:28:08
# 27.2471,  6.332287,  1.056,  0.1167,  0.2513,  40.6846,  03 Aug 2018 21:32:08
# 27.2526,  6.332144,  1.055,  0.1244,  0.2344,  40.6787,  03 Aug 2018 21:36:08
# 27.2480,  6.332237,  1.056,  0.1254,  0.3065,  40.6835,  03 Aug 2018 21:40:08
# 27.2408,  6.331009,  1.026,  0.1266,  0.2606,  40.6808,  03 Aug 2018 21:44:08
# 27.2531,  6.328369,  1.026,  0.1378,  0.2403,  40.6507,  03 Aug 2018 21:48:08
# 27.2364,  6.329227,  1.052,  0.1190,  0.2284,  40.6716,  03 Aug 2018 21:52:08
# 27.2343,  6.329740,  1.026,  0.1216,  0.2512,  40.6773,  03 Aug 2018 21:56:08
