# 24.9535,  5.259542,  0.703,  0.1012,  0.5396,  34.6829,  05 Jun 2018 05:03:04
# 24.9624,  5.259116,  0.753,  0.1010,  0.5576,  34.6728,  05 Jun 2018 05:07:04
# 24.9582,  5.258659,  0.757,  0.0972,  0.4437,  34.6727,  05 Jun 2018 05:11:04
# 24.9423,  5.258892,  0.688,  0.1012,  0.5033,  34.6866,  05 Jun 2018 05:15:04
# 24.9482,  5.257938,  0.715,  0.1070,  0.7823,  34.6751,  05 Jun 2018 05:19:04
# 24.9416,  5.256838,  0.736,  0.1012,  0.5989,  34.6719,  05 Jun 2018 05:23:04
# 24.9483,  5.258698,  0.708,  0.1099,  0.9268,  34.6806,  05 Jun 2018 05:27:04
# 24.9420,  5.258411,  0.773,  0.1022,  0.6947,  34.6833,  05 Jun 2018 05:31:04
# 24.9428,  5.258992,  0.723,  0.1025,  0.7126,  34.6870,  05 Jun 2018 05:35:04
# 24.9407,  5.257644,  0.794,  0.0987,  0.6199,  34.6785,  05 Jun 2018 05:39:04
# 24.9426,  5.257768,  0.782,  0.1015,  0.6321,  34.6780,  05 Jun 2018 05:43:04
# 24.9655,  5.256791,  0.746,  0.1025,  0.4685,  34.6532,  05 Jun 2018 05:47:04
# 24.9415,  5.257923,  0.773,  0.1048,  0.5891,  34.6800,  05 Jun 2018 05:51:04
# 24.9399,  5.257318,  0.770,  0.1048,  0.5454,  34.6768,  05 Jun 2018 05:55:04
# 24.9375,  5.256931,  0.772,  0.1022,  0.5120,  34.6757,  05 Jun 2018 05:59:04
