# 24.1248,  5.100129,  1.031,  0.1012,  0.2206,  34.1278,  05 Feb 2018 10:01:23
# 24.1233,  5.103051,  1.018,  0.1040,  0.2232,  34.1509,  05 Feb 2018 10:05:23
# 24.1775,  5.092421,  1.009,  0.0962,  0.1977,  34.0297,  05 Feb 2018 10:09:23
# 24.2343,  5.082052,  0.993,  0.1049,  0.1999,  33.9087,  05 Feb 2018 10:17:23
# 24.2297,  5.079678,  0.975,  0.1024,  0.2183,  33.8944,  05 Feb 2018 10:21:23
# 24.2206,  5.081350,  0.997,  0.0976,  0.1964,  33.9139,  05 Feb 2018 10:25:23
# 24.2089,  5.086995,  0.975,  0.1023,  0.2480,  33.9651,  05 Feb 2018 10:29:23
# 24.2212,  5.083343,  0.988,  0.0964,  0.2326,  33.9284,  05 Feb 2018 10:33:23
# 24.2434,  5.077967,  0.986,  0.1012,  0.2425,  33.8713,  05 Feb 2018 10:37:23
# 24.2895,  5.059102,  0.966,  0.0998,  0.2517,  33.6953,  05 Feb 2018 10:41:23
# 24.2328,  5.084214,  0.948,  0.0986,  0.2432,  33.9261,  05 Feb 2018 10:45:23
# 24.1802,  5.117396,  0.960,  0.1061,  0.2448,  34.2152,  05 Feb 2018 10:49:23
# 24.2053,  5.104863,  0.934,  0.1048,  0.2530,  34.1019,  05 Feb 2018 10:53:23
# 24.2017,  5.116407,  0.942,  0.1037,  0.2565,  34.1913,  05 Feb 2018 10:57:23
