# 27.6077,  6.826958,  1.465,  0.1193,  0.7017,  43.9785,  09 Aug 2018 14:00:08
# 27.6353,  6.829211,  1.384,  0.1157,  0.6853,  43.9690,  09 Aug 2018 14:04:08
# 27.7163,  6.839690,  1.318,  0.1269,  0.8666,  43.9694,  09 Aug 2018 14:08:08
# 27.6811,  6.833283,  1.478,  0.1156,  0.7931,  43.9556,  09 Aug 2018 14:12:08
# 27.6262,  6.824156,  1.494,  0.1231,  0.8148,  43.9405,  09 Aug 2018 14:16:08
# 27.5752,  6.815974,  1.422,  0.1205,  0.7500,  43.9286,  09 Aug 2018 14:20:08
# 27.6934,  6.829975,  1.363,  0.1217,  0.7329,  43.9198,  09 Aug 2018 14:24:08
# 27.6917,  6.829549,  1.537,  0.1231,  0.7583,  43.9182,  09 Aug 2018 14:28:08
# 27.5786,  6.811836,  1.356,  0.1242,  0.7075,  43.8950,  09 Aug 2018 14:32:08
# 27.6737,  6.824321,  1.470,  0.1270,  0.7871,  43.8969,  09 Aug 2018 14:36:08
# 27.6689,  6.822990,  1.400,  0.1265,  0.7138,  43.8916,  09 Aug 2018 14:40:08
# 27.6835,  6.824703,  1.321,  0.1217,  0.7124,  43.8904,  09 Aug 2018 14:44:08
# 27.7144,  6.828861,  1.567,  0.1265,  0.6841,  43.8917,  09 Aug 2018 14:48:08
# 27.5254,  6.802592,  1.444,  0.1203,  0.6329,  43.8772,  09 Aug 2018 14:52:08
# 27.5940,  6.810880,  1.257,  0.1242,  0.7123,  43.8734,  09 Aug 2018 14:56:08
