# 26.2573,  5.360134,  0.899,  0.1073,  0.2216,  34.4302,  18 Jun 2018 07:03:04
# 26.2752,  5.360376,  0.891,  0.1045,  0.2142,  34.4186,  18 Jun 2018 07:07:04
# 26.3359,  5.360828,  0.897,  0.1081,  0.2203,  34.3764,  18 Jun 2018 07:11:04
# 26.3061,  5.362595,  0.900,  0.1082,  0.1969,  34.4115,  18 Jun 2018 07:15:04
# 26.3079,  5.362665,  0.912,  0.1047,  0.2277,  34.4107,  18 Jun 2018 07:19:04
# 26.3191,  5.362853,  0.930,  0.1071,  0.2167,  34.4036,  18 Jun 2018 07:23:04
# 26.3231,  5.363040,  0.909,  0.1073,  0.2321,  34.4020,  18 Jun 2018 07:27:04
# 26.3299,  5.363619,  0.919,  0.1081,  0.2323,  34.4011,  18 Jun 2018 07:31:04
# 26.3427,  5.364252,  0.933,  0.1059,  0.2309,  34.3961,  18 Jun 2018 07:35:04
# 26.3450,  5.364603,  0.910,  0.1047,  0.2168,  34.3969,  18 Jun 2018 07:39:04
# 26.3384,  5.364940,  0.941,  0.1060,  0.2380,  34.4042,  18 Jun 2018 07:43:04
# 26.3318,  5.364650,  0.945,  0.1044,  0.2612,  34.4071,  18 Jun 2018 07:47:04
# 26.3467,  5.365604,  0.944,  0.1044,  0.2333,  34.4028,  18 Jun 2018 07:51:04
# 26.3313,  5.365213,  0.945,  0.1047,  0.2181,  34.4115,  18 Jun 2018 07:55:04
# 26.3269,  5.365260,  0.939,  0.1058,  0.2416,  34.4152,  18 Jun 2018 07:59:04
