# 23.8319,  5.113320,  1.004,  0.1283,  0.2779,  34.4528,  22 Feb 2018 22:00:46
# 23.8244,  5.115785,  1.011,  0.1209,  0.2687,  34.4773,  22 Feb 2018 22:04:46
# 23.8279,  5.108650,  1.011,  0.1222,  0.2734,  34.4206,  22 Feb 2018 22:08:46
# 23.8231,  5.113289,  1.014,  0.1281,  0.2744,  34.4594,  22 Feb 2018 22:12:46
# 23.8221,  5.104372,  1.018,  0.1305,  0.2948,  34.3927,  22 Feb 2018 22:16:46
# 23.8401,  5.111941,  1.017,  0.1370,  0.2796,  34.4360,  22 Feb 2018 22:20:46
# 23.8311,  5.116842,  1.020,  0.1235,  0.2736,  34.4802,  22 Feb 2018 22:24:46
# 23.8300,  5.108680,  1.021,  0.1244,  0.2529,  34.4192,  22 Feb 2018 22:28:46
# 23.8265,  5.114606,  1.024,  0.1209,  0.2441,  34.4668,  22 Feb 2018 22:32:46
# 23.8281,  5.110364,  1.029,  0.1318,  0.2294,  34.4334,  22 Feb 2018 22:36:46
# 23.8182,  5.115433,  1.029,  0.1186,  0.2663,  34.4795,  22 Feb 2018 22:40:46
# 23.8086,  5.115663,  1.026,  0.1307,  0.2898,  34.4886,  22 Feb 2018 22:44:46
# 23.8175,  5.110816,  1.033,  0.1255,  0.2280,  34.4451,  22 Feb 2018 22:48:46
# 23.8146,  5.109852,  1.030,  0.1198,  0.2383,  34.4400,  22 Feb 2018 22:52:46
# 23.8162,  5.108727,  1.035,  0.1209,  0.2615,  34.4302,  22 Feb 2018 22:56:46
