# 24.6981,  5.15148,    1.170, 0.1122, 0.1706,  34.0753, 11 Jan 2018 00:03:16
# 24.6887,  5.15022,    1.172, 0.1060, 0.1570,  34.0731, 11 Jan 2018 00:07:16
# 24.6796,  5.14782,    1.171, 0.1035, 0.1547,  34.0621, 11 Jan 2018 00:11:16
# 24.6918,  5.15068,    1.176, 0.1036, 0.1657,  34.0741, 11 Jan 2018 00:15:16
# 24.6820,  5.14884,    1.181, 0.1075, 0.1506,  34.0678, 11 Jan 2018 00:19:16
# 24.6761,  5.14721,    1.180, 0.1101, 0.2351,  34.0602, 11 Jan 2018 00:23:16
# 24.6713,  5.14697,    1.184, 0.1070, 0.1668,  34.0620, 11 Jan 2018 00:27:16
# 24.6544,  5.14387,    1.188, 0.1034, 0.1561,  34.0518, 11 Jan 2018 00:31:16
# 24.6456,  5.14142,    1.189, 0.1051, 0.1681,  34.0403, 11 Jan 2018 00:35:16
# 24.6348,  5.13896,    1.192, 0.1072, 0.1657,  34.0302, 11 Jan 2018 00:39:16
# 24.6258,  5.13701,    1.194, 0.1099, 0.1534,  34.0224, 11 Jan 2018 00:43:16
# 24.6362,  5.13972,    1.195, 0.1061, 0.1609,  34.0347, 11 Jan 2018 00:47:16
# 24.6245,  5.13738,    1.195, 0.1070, 0.1695,  34.0262, 11 Jan 2018 00:51:16
# 24.6122,  5.13396,    1.197, 0.1086, 0.1752,  34.0100, 11 Jan 2018 00:55:16
# 24.6026,  5.13203,    1.199, 0.1072, 0.1560,  34.0029, 11 Jan 2018 00:59:16
