# 25.7808,  5.289607,  0.830,  0.1072,  0.2050,  34.2756,  23 Nov 2017 16:02:57
# 25.7779,  5.290229,  0.829,  0.1183,  0.2109,  34.2824,  23 Nov 2017 16:06:57
# 25.7641,  5.288038,  0.823,  0.1049,  0.2059,  34.2768,  23 Nov 2017 16:10:57
# 25.7503,  5.286974,  0.827,  0.1036,  0.2113,  34.2793,  23 Nov 2017 16:14:57
# 25.7407,  5.285498,  0.835,  0.1112,  0.2435,  34.2758,  23 Nov 2017 16:18:57
# 25.7252,  5.283844,  0.830,  0.1009,  0.1952,  34.2754,  23 Nov 2017 16:22:57
# 25.7139,  5.282377,  0.828,  0.1045,  0.1888,  34.2732,  23 Nov 2017 16:26:57
# 25.6993,  5.280467,  0.857,  0.0997,  0.1830,  34.2702,  23 Nov 2017 16:30:57
# 25.6672,  5.276633,  0.854,  0.1009,  0.2135,  34.2663,  23 Nov 2017 16:34:57
# 25.6384,  5.273428,  0.858,  0.1096,  0.2087,  34.2645,  23 Nov 2017 16:38:57
# 25.6290,  5.271675,  0.843,  0.1044,  0.1975,  34.2588,  23 Nov 2017 16:42:57
# 25.6060,  5.269006,  0.840,  0.1157,  0.2232,  34.2566,  23 Nov 2017 16:46:57
# 25.5952,  5.267207,  0.868,  0.1147,  0.2107,  34.2516,  23 Nov 2017 16:50:57
# 25.5665,  5.264090,  0.853,  0.1157,  0.2531,  34.2504,  23 Nov 2017 16:54:57
# 25.5469,  5.260912,  0.850,  0.1209,  0.2312,  34.2418,  23 Nov 2017 16:58:57
