# 25.5383,  5.313597,  0.820,  0.0959,  0.4661,  34.6342,  03 Jun 2018 11:03:04
# 25.5718,  5.316212,  0.732,  0.0961,  0.5731,  34.6280,  03 Jun 2018 11:07:04
# 25.5809,  5.317007,  0.781,  0.0960,  0.5866,  34.6268,  03 Jun 2018 11:11:04
# 25.5987,  5.318548,  0.807,  0.0896,  0.3956,  34.6246,  03 Jun 2018 11:15:04
# 25.5833,  5.318112,  0.772,  0.0970,  0.6732,  34.6331,  03 Jun 2018 11:19:04
# 25.5901,  5.318899,  0.800,  0.0970,  0.5635,  34.6337,  03 Jun 2018 11:23:04
# 25.5930,  5.319592,  0.774,  0.0933,  0.4706,  34.6366,  03 Jun 2018 11:27:04
# 25.6322,  5.322668,  0.750,  0.0922,  0.4238,  34.6293,  03 Jun 2018 11:31:04
# 25.5961,  5.320823,  0.816,  0.0924,  0.4117,  34.6432,  03 Jun 2018 11:35:04
# 25.6427,  5.324725,  0.774,  0.0922,  0.4215,  34.6364,  03 Jun 2018 11:39:04
# 25.6779,  5.328161,  0.767,  0.0912,  0.3424,  34.6348,  03 Jun 2018 11:43:04
# 25.7068,  5.332947,  0.748,  0.1009,  0.8153,  34.6478,  03 Jun 2018 11:47:04
# 25.7475,  5.337150,  0.793,  0.0948,  0.4971,  34.6476,  03 Jun 2018 11:51:04
# 25.7408,  5.336854,  0.752,  0.0935,  0.5036,  34.6506,  03 Jun 2018 11:55:04
# 25.7639,  5.338640,  0.835,  0.0885,  0.3993,  34.6460,  03 Jun 2018 11:59:04
