# 27.7651,  5.517721,  0.693,  0.1167,  0.2662,  34.4357,  12 Sep 2017 03:00:05
# 27.7704,  5.518631,  0.808,  0.1179,  0.2689,  34.4382,  12 Sep 2017 03:04:05
# 27.7703,  5.519898,  0.841,  0.1143,  0.2721,  34.4472,  12 Sep 2017 03:08:05
# 27.7560,  5.518402,  0.703,  0.1158,  0.2686,  34.4472,  12 Sep 2017 03:12:05
# 27.7474,  5.518473,  0.789,  0.1120,  0.2924,  34.4540,  12 Sep 2017 03:16:05
# 27.7334,  5.515862,  0.857,  0.1083,  0.2506,  34.4459,  12 Sep 2017 03:20:05
# 27.7307,  5.515206,  0.844,  0.1142,  0.2554,  34.4433,  12 Sep 2017 03:24:05
# 27.7237,  5.515316,  0.802,  0.1132,  0.3186,  34.4492,  12 Sep 2017 03:28:05
# 27.7195,  5.512176,  0.917,  0.1155,  0.3066,  34.4302,  12 Sep 2017 03:32:05
# 27.6978,  5.506466,  0.836,  0.1180,  0.2325,  34.4060,  12 Sep 2017 03:36:05
# 27.7063,  5.510388,  0.857,  0.1095,  0.2830,  34.4273,  12 Sep 2017 03:40:05
# 27.7134,  5.511765,  0.822,  0.1167,  0.4318,  34.4318,  12 Sep 2017 03:44:05
# 27.7102,  5.511709,  0.882,  0.1118,  0.3427,  34.4337,  12 Sep 2017 03:48:05
# 27.6957,  5.510357,  0.833,  0.1106,  0.3635,  34.4348,  12 Sep 2017 03:52:05
# 27.6959,  5.510325,  0.810,  0.1057,  0.3102,  34.4344,  12 Sep 2017 03:56:05
