# 27.6683,  5.525529,  1.081,  0.1361,  0.1572,  34.5617,  23 Sep 2017 20:00:05
# 27.6536,  5.521554,  1.052,  0.1363,  0.1572,  34.5446,  23 Sep 2017 20:04:05
# 27.6477,  5.521626,  1.063,  0.1399,  0.1767,  34.5494,  23 Sep 2017 20:08:05
# 27.6447,  5.518626,  1.086,  0.1477,  0.1827,  34.5305,  23 Sep 2017 20:12:05
# 27.6437,  5.524500,  1.018,  0.1328,  0.1538,  34.5726,  23 Sep 2017 20:16:05
# 27.6406,  5.523945,  1.074,  0.1232,  0.1671,  34.5710,  23 Sep 2017 20:20:05
# 27.6328,  5.521697,  1.058,  0.1119,  0.1559,  34.5609,  23 Sep 2017 20:24:05
# 27.6333,  5.524824,  1.044,  0.1082,  0.1622,  34.5826,  23 Sep 2017 20:28:05
# 27.6215,  5.522061,  1.021,  0.1094,  0.1505,  34.5718,  23 Sep 2017 20:32:05
# 27.6158,  5.523463,  1.075,  0.1191,  0.1623,  34.5859,  23 Sep 2017 20:36:05
# 27.6022,  5.518816,  1.065,  0.1254,  0.1441,  34.5632,  23 Sep 2017 20:40:05
# 27.5982,  5.518579,  1.020,  0.1143,  0.1505,  34.5645,  23 Sep 2017 20:44:05
# 27.5901,  5.517455,  1.009,  0.1157,  0.1529,  34.5625,  23 Sep 2017 20:48:05
# 27.5912,  5.515058,  1.044,  0.1192,  0.1548,  34.5448,  23 Sep 2017 20:52:05
# 27.5804,  5.513705,  0.970,  0.1305,  0.1804,  34.5432,  23 Sep 2017 20:56:05
