# 27.2916,  5.50227,    1.067, 0.1095, 0.2527,  34.6761, 14 Oct 2017 00:01:27
# 27.2856,  5.50196,    1.085, 0.1020, 0.2528,  34.6784, 14 Oct 2017 00:05:27
# 27.2890,  5.50047,    1.094, 0.1058, 0.2370,  34.6654, 14 Oct 2017 00:09:27
# 27.2550,  5.50038,    1.120, 0.1085, 0.2914,  34.6900, 14 Oct 2017 00:13:27
# 27.2597,  5.49922,    0.998, 0.1057, 0.2698,  34.6783, 14 Oct 2017 00:17:27
# 27.2861,  5.49699,    1.051, 0.1204, 0.2782,  34.6428, 14 Oct 2017 00:21:27
# 27.3010,  5.49953,    1.122, 0.1328, 0.2649,  34.6497, 14 Oct 2017 00:25:27
# 27.3103,  5.49817,    0.917, 0.1218, 0.2593,  34.6332, 14 Oct 2017 00:29:27
# 27.2975,  5.49826,    1.053, 0.1157, 0.2805,  34.6433, 14 Oct 2017 00:33:27
# 27.2775,  5.49806,    1.054, 0.1156, 0.3136,  34.6568, 14 Oct 2017 00:37:27
# 27.2536,  5.49741,    0.987, 0.1169, 0.2922,  34.6699, 14 Oct 2017 00:41:27
# 27.2681,  5.49685,    1.057, 0.1167, 0.2747,  34.6551, 14 Oct 2017 00:45:27
# 27.2858,  5.49685,    1.067, 0.1230, 0.2458,  34.6420, 14 Oct 2017 00:49:27
# 27.2734,  5.49672,    1.112, 0.1170, 0.2457,  34.6503, 14 Oct 2017 00:53:27
# 27.2544,  5.49640,    0.998, 0.1082, 0.2808,  34.6622, 14 Oct 2017 00:57:27
