# 27.5104,  5.510898,  0.796,  0.0932,  0.2841,  34.5752,  17 Sep 2017 10:00:05
# 27.5243,  5.511515,  0.972,  0.0957,  0.4257,  34.5692,  17 Sep 2017 10:04:05
# 27.5558,  5.515122,  0.883,  0.0909,  0.4169,  34.5714,  17 Sep 2017 10:08:05
# 27.5548,  5.514956,  0.915,  0.0898,  0.3394,  34.5709,  17 Sep 2017 10:12:05
# 27.5765,  5.517796,  0.898,  0.0960,  0.4340,  34.5749,  17 Sep 2017 10:16:05
# 27.6037,  5.520154,  1.045,  0.0958,  0.5173,  34.5715,  17 Sep 2017 10:20:05
# 27.5980,  5.520756,  1.022,  0.0871,  0.3735,  34.5799,  17 Sep 2017 10:24:05
# 27.6259,  5.522869,  0.965,  0.0898,  0.3783,  34.5743,  17 Sep 2017 10:28:05
# 27.6566,  5.525814,  1.124,  0.0919,  0.3864,  34.5723,  17 Sep 2017 10:32:05
# 27.6110,  5.523827,  1.188,  0.0880,  0.3501,  34.5919,  17 Sep 2017 10:36:05
# 27.6407,  5.526519,  0.987,  0.0861,  0.4511,  34.5891,  17 Sep 2017 10:40:05
# 27.6594,  5.528364,  1.049,  0.0872,  0.3650,  34.5882,  17 Sep 2017 10:44:05
# 27.6683,  5.529322,  1.128,  0.0847,  0.4183,  34.5884,  17 Sep 2017 10:48:05
# 27.6762,  5.528799,  1.051,  0.0857,  0.3318,  34.5789,  17 Sep 2017 10:52:05
# 27.6815,  5.529045,  1.199,  0.0899,  0.3135,  34.5767,  17 Sep 2017 10:56:05
