# 26.9973,  5.437217,  1.298,  0.1229,  0.1646,  34.4319,  22 Sep 2017 07:00:05
# 26.9798,  5.434906,  1.230,  0.1157,  0.1904,  34.4285,  22 Sep 2017 07:04:05
# 26.9593,  5.430661,  1.232,  0.1181,  0.1975,  34.4134,  22 Sep 2017 07:08:05
# 26.9456,  5.428964,  1.259,  0.1117,  0.1695,  34.4115,  22 Sep 2017 07:12:05
# 26.9433,  5.428296,  1.233,  0.1120,  0.1718,  34.4084,  22 Sep 2017 07:16:05
# 26.9377,  5.427008,  1.260,  0.1044,  0.1648,  34.4033,  22 Sep 2017 07:20:05
# 26.9513,  5.428061,  1.245,  0.1070,  0.1633,  34.4008,  22 Sep 2017 07:24:05
# 26.9557,  5.428925,  1.227,  0.1021,  0.1575,  34.4038,  22 Sep 2017 07:28:05
# 26.9597,  5.428053,  1.254,  0.1057,  0.1733,  34.3945,  22 Sep 2017 07:32:05
# 26.9671,  5.429860,  1.106,  0.1058,  0.1695,  34.4020,  22 Sep 2017 07:36:05
# 26.9606,  5.427793,  1.189,  0.1034,  0.1612,  34.3920,  22 Sep 2017 07:40:05
# 26.9738,  5.430418,  1.185,  0.1009,  0.1685,  34.4010,  22 Sep 2017 07:44:05
# 26.9646,  5.427605,  1.163,  0.1007,  0.1843,  34.3878,  22 Sep 2017 07:48:05
# 26.9615,  5.425931,  1.153,  0.0981,  0.1839,  34.3781,  22 Sep 2017 07:52:05
# 26.9615,  5.425012,  1.252,  0.1044,  0.1743,  34.3715,  22 Sep 2017 07:56:05
