# 25.0856,  5.262540,  0.734,  0.1010,  0.2670,  34.6038,  06 Jun 2018 04:03:04
# 25.0785,  5.262222,  0.753,  0.0973,  0.2706,  34.6069,  06 Jun 2018 04:07:04
# 25.0745,  5.261005,  0.735,  0.0974,  0.2708,  34.6009,  06 Jun 2018 04:11:04
# 25.0780,  5.258851,  0.739,  0.1011,  0.2589,  34.5823,  06 Jun 2018 04:15:04
# 25.0639,  5.259052,  0.731,  0.1025,  0.2597,  34.5945,  06 Jun 2018 04:19:04
# 25.0645,  5.260657,  0.739,  0.1051,  0.3388,  34.6060,  06 Jun 2018 04:23:04
# 25.0610,  5.258339,  0.717,  0.0973,  0.2839,  34.5915,  06 Jun 2018 04:27:04
# 25.0680,  5.257425,  0.739,  0.1025,  0.2456,  34.5794,  06 Jun 2018 04:31:04
# 25.0788,  5.257533,  0.708,  0.1096,  0.3017,  34.5719,  06 Jun 2018 04:35:04
# 25.0710,  5.257611,  0.712,  0.0996,  0.2589,  34.5785,  06 Jun 2018 04:39:04
# 25.0574,  5.258804,  0.745,  0.0997,  0.2551,  34.5977,  06 Jun 2018 04:43:04
# 25.0497,  5.257138,  0.727,  0.1022,  0.2851,  34.5913,  06 Jun 2018 04:47:04
# 25.0414,  5.255999,  0.717,  0.0997,  0.2658,  34.5892,  06 Jun 2018 04:51:04
# 25.0413,  5.256309,  0.723,  0.1013,  0.2538,  34.5916,  06 Jun 2018 04:55:04
# 25.0467,  5.254775,  0.716,  0.1009,  0.3362,  34.5761,  06 Jun 2018 04:59:04
