# 25.3491,  5.20864,    0.987, 0.0925, 0.2267,  34.0072, 28 Dec 2017 14:03:16
# 25.3582,  5.19081,    0.977, 0.1022, 0.2312,  33.8697, 28 Dec 2017 14:07:16
# 25.3653,  5.18265,    0.965, 0.0960, 0.2219,  33.8046, 28 Dec 2017 14:11:16
# 25.3523,  5.20083,    0.946, 0.0974, 0.2396,  33.9475, 28 Dec 2017 14:15:16
# 25.3451,  5.20943,    0.948, 0.1035, 0.2708,  34.0161, 28 Dec 2017 14:19:16
# 25.3481,  5.20831,    0.950, 0.1023, 0.2684,  34.0056, 28 Dec 2017 14:23:16
# 25.3538,  5.21153,    0.961, 0.1050, 0.2970,  34.0249, 28 Dec 2017 14:27:16
# 25.3589,  5.19846,    0.951, 0.1057, 0.2586,  33.9253, 28 Dec 2017 14:31:16
# 25.3629,  5.20666,    0.946, 0.1098, 0.3208,  33.9824, 28 Dec 2017 14:35:16
# 25.3665,  5.19957,    0.926, 0.1121, 0.2684,  33.9277, 28 Dec 2017 14:39:16
# 25.3694,  5.20602,    0.948, 0.1011, 0.2625,  33.9728, 28 Dec 2017 14:43:16
# 25.3658,  5.20275,    0.934, 0.1098, 0.2589,  33.9515, 28 Dec 2017 14:47:16
# 25.3716,  5.20674,    0.912, 0.1057, 0.2926,  33.9765, 28 Dec 2017 14:51:16
# 25.3815,  5.19747,    0.911, 0.0996, 0.2441,  33.9011, 28 Dec 2017 14:55:16
# 25.3796,  5.20107,    0.944, 0.1012, 0.2575,  33.9289, 28 Dec 2017 14:59:16
