# 24.8052,  5.196687,  0.825,  0.1036,  0.2708,  34.3298,  20 Apr 2018 08:02:05
# 24.8051,  5.197312,  0.784,  0.0986,  0.2699,  34.3346,  20 Apr 2018 08:06:05
# 24.7905,  5.197459,  0.788,  0.1012,  0.3269,  34.3468,  20 Apr 2018 08:10:05
# 24.7874,  5.196425,  0.819,  0.0973,  0.3111,  34.3415,  20 Apr 2018 08:14:05
# 24.7813,  5.195354,  0.817,  0.1036,  0.2924,  34.3382,  20 Apr 2018 08:18:05
# 24.7910,  5.195076,  0.793,  0.0987,  0.2779,  34.3287,  20 Apr 2018 08:22:05
# 24.7971,  5.194960,  0.807,  0.0986,  0.2613,  34.3232,  20 Apr 2018 08:26:05
# 24.8018,  5.197273,  0.781,  0.1015,  0.3122,  34.3368,  20 Apr 2018 08:30:05
# 24.7962,  5.197906,  0.810,  0.0950,  0.2697,  34.3458,  20 Apr 2018 08:34:05
# 24.7818,  5.195840,  0.810,  0.0987,  0.2828,  34.3414,  20 Apr 2018 08:38:05
# 24.8127,  5.194575,  0.797,  0.1060,  0.2576,  34.3085,  20 Apr 2018 08:42:05
# 24.8202,  5.193287,  0.780,  0.1086,  0.3243,  34.2932,  20 Apr 2018 08:46:05
# 24.8188,  5.191707,  0.797,  0.0985,  0.3086,  34.2826,  20 Apr 2018 08:50:05
# 24.8079,  5.193835,  0.810,  0.1025,  0.3041,  34.3067,  20 Apr 2018 08:54:05
# 24.8020,  5.193580,  0.795,  0.0974,  0.2517,  34.3092,  20 Apr 2018 08:58:05
