# 25.9393,  5.341804,  0.684,  0.1009,  0.3071,  34.5364,  08 Jul 2018 06:00:08
# 25.9370,  5.341648,  0.694,  0.1022,  0.3133,  34.5370,  08 Jul 2018 06:04:08
# 25.9339,  5.341063,  0.707,  0.0997,  0.2695,  34.5351,  08 Jul 2018 06:08:08
# 25.9281,  5.340065,  0.714,  0.1012,  0.2886,  34.5322,  08 Jul 2018 06:12:08
# 25.9337,  5.339409,  0.711,  0.0997,  0.3279,  34.5232,  08 Jul 2018 06:16:08
# 25.9253,  5.340213,  0.705,  0.0983,  0.2718,  34.5354,  08 Jul 2018 06:20:08
# 25.9304,  5.339511,  0.705,  0.1059,  0.4106,  34.5265,  08 Jul 2018 06:24:08
# 25.9277,  5.338497,  0.706,  0.1035,  0.2805,  34.5211,  08 Jul 2018 06:28:08
# 25.9406,  5.338294,  0.723,  0.1059,  0.2454,  34.5099,  08 Jul 2018 06:32:08
# 25.9308,  5.337521,  0.704,  0.1033,  0.2551,  34.5116,  08 Jul 2018 06:36:08
# 25.9249,  5.336952,  0.684,  0.1021,  0.2752,  34.5120,  08 Jul 2018 06:40:08
# 25.9471,  5.338278,  0.747,  0.1022,  0.2621,  34.5049,  08 Jul 2018 06:44:08
# 25.9294,  5.338224,  0.747,  0.1060,  0.2920,  34.5179,  08 Jul 2018 06:48:08
# 25.9299,  5.338450,  0.713,  0.1024,  0.2634,  34.5191,  08 Jul 2018 06:52:08
# 25.9069,  5.338099,  0.714,  0.1022,  0.2573,  34.5339,  08 Jul 2018 06:56:08
