# 27.2937,  6.626115,  0.830,  0.1341,  0.2331,  42.7954,  13 Aug 2018 22:00:08
# 27.1800,  6.617468,  0.988,  0.1218,  0.2404,  42.8369,  13 Aug 2018 22:04:08
# 27.1983,  6.618548,  0.871,  0.1315,  0.2815,  42.8279,  13 Aug 2018 22:08:08
# 27.1760,  6.616516,  0.916,  0.1205,  0.2367,  42.8336,  13 Aug 2018 22:12:08
# 27.1703,  6.615821,  0.862,  0.1216,  0.2486,  42.8337,  13 Aug 2018 22:16:08
# 27.1523,  6.615564,  0.941,  0.1192,  0.2309,  42.8485,  13 Aug 2018 22:20:08
# 27.1574,  6.616851,  0.918,  0.1181,  0.2354,  42.8533,  13 Aug 2018 22:24:08
# 27.1505,  6.614852,  0.877,  0.1202,  0.2377,  42.8450,  13 Aug 2018 22:28:08
# 27.1252,  6.613918,  0.895,  0.1169,  0.2610,  42.8616,  13 Aug 2018 22:32:08
# 27.1751,  6.616490,  0.888,  0.1265,  0.2141,  42.8342,  13 Aug 2018 22:36:08
# 27.1062,  6.613198,  0.912,  0.1141,  0.2634,  42.8738,  13 Aug 2018 22:40:08
# 27.1317,  6.613780,  0.799,  0.1141,  0.2464,  42.8545,  13 Aug 2018 22:44:08
# 27.1273,  6.613772,  0.838,  0.1145,  0.2753,  42.8585,  13 Aug 2018 22:48:08
# 27.1229,  6.615084,  0.756,  0.1193,  0.2792,  42.8723,  13 Aug 2018 22:52:08
# 27.1233,  6.614604,  0.799,  0.1202,  0.3301,  42.8684,  13 Aug 2018 22:56:08
