# 25.5530,  5.301512,  0.790,  0.1158,  0.2023,  34.5345,  09 May 2018 18:02:05
# 25.5281,  5.300650,  0.775,  0.1149,  0.2206,  34.5471,  09 May 2018 18:06:05
# 25.5146,  5.299966,  0.788,  0.1035,  0.2385,  34.5523,  09 May 2018 18:10:05
# 25.5088,  5.298597,  0.776,  0.1059,  0.2022,  34.5467,  09 May 2018 18:14:05
# 25.4581,  5.295006,  0.782,  0.1183,  0.2396,  34.5589,  09 May 2018 18:18:05
# 25.4114,  5.291983,  0.772,  0.1196,  0.2515,  34.5722,  09 May 2018 18:22:05
# 25.4872,  5.293109,  0.770,  0.1369,  0.2252,  34.5228,  09 May 2018 18:26:05
# 25.4957,  5.293459,  0.767,  0.1283,  0.2265,  34.5190,  09 May 2018 18:30:05
# 25.4667,  5.293995,  0.787,  0.1305,  0.2538,  34.5449,  09 May 2018 18:34:05
# 25.4651,  5.293436,  0.786,  0.1185,  0.2321,  34.5420,  09 May 2018 18:38:05
# 25.4421,  5.292667,  0.788,  0.1131,  0.2515,  34.5538,  09 May 2018 18:42:05
# 25.4018,  5.290375,  0.782,  0.1255,  0.3461,  34.5676,  09 May 2018 18:46:05
# 25.4022,  5.289738,  0.775,  0.1158,  0.2660,  34.5627,  09 May 2018 18:50:05
# 25.3833,  5.288674,  0.787,  0.1247,  0.3030,  34.5692,  09 May 2018 18:54:05
# 25.4220,  5.290919,  0.792,  0.1209,  0.2395,  34.5563,  09 May 2018 18:58:05
