# 28.6691,  5.610827,  1.015,  0.1301,  0.2267,  34.4256,  14 Sep 2017 23:00:05
# 28.6670,  5.607742,  1.041,  0.1279,  0.2346,  34.4058,  14 Sep 2017 23:04:05
# 28.6621,  5.605009,  1.037,  0.1277,  0.2374,  34.3905,  14 Sep 2017 23:08:05
# 28.6547,  5.604866,  1.077,  0.1366,  0.2602,  34.3948,  14 Sep 2017 23:12:05
# 28.6448,  5.607519,  1.021,  0.1337,  0.2769,  34.4204,  14 Sep 2017 23:16:05
# 28.6583,  5.605925,  1.035,  0.1362,  0.2699,  34.3996,  14 Sep 2017 23:20:05
# 28.6589,  5.606411,  1.155,  0.1374,  0.2699,  34.4024,  14 Sep 2017 23:24:05
# 28.6488,  5.587451,  1.120,  0.1460,  0.2254,  34.2788,  14 Sep 2017 23:28:05
# 28.6515,  5.594344,  1.110,  0.1301,  0.2422,  34.3245,  14 Sep 2017 23:32:05
# 28.6505,  5.597123,  1.085,  0.1312,  0.2444,  34.3444,  14 Sep 2017 23:36:05
# 28.6505,  5.601185,  1.045,  0.1254,  0.2387,  34.3725,  14 Sep 2017 23:40:05
# 28.6546,  5.601989,  1.025,  0.1289,  0.2304,  34.3750,  14 Sep 2017 23:44:05
# 28.6452,  5.604635,  0.998,  0.1253,  0.2361,  34.4002,  14 Sep 2017 23:48:05
# 28.6270,  5.606340,  1.062,  0.1250,  0.2578,  34.4251,  14 Sep 2017 23:52:05
# 28.6202,  5.605687,  1.062,  0.1329,  0.2781,  34.4255,  14 Sep 2017 23:56:05
