# 25.3580,  5.24031,    0.870, 0.1109, 0.3210,  34.2330, 12 Dec 2017 06:03:16
# 25.3522,  5.23987,    0.872, 0.1122, 0.3032,  34.2342, 12 Dec 2017 06:07:16
# 25.3416,  5.23909,    0.872, 0.1084, 0.2589,  34.2365, 12 Dec 2017 06:11:16
# 25.3409,  5.23852,    0.872, 0.1083, 0.2759,  34.2328, 12 Dec 2017 06:15:16
# 25.3559,  5.23921,    0.873, 0.1171, 0.3087,  34.2265, 12 Dec 2017 06:19:16
# 25.3454,  5.23908,    0.871, 0.1084, 0.2937,  34.2335, 12 Dec 2017 06:23:16
# 25.3454,  5.23897,    0.872, 0.1107, 0.2985,  34.2327, 12 Dec 2017 06:27:16
# 25.3273,  5.23778,    0.873, 0.1096, 0.2879,  34.2376, 12 Dec 2017 06:31:16
# 25.3184,  5.23659,    0.874, 0.1072, 0.2698,  34.2356, 12 Dec 2017 06:35:16
# 25.3278,  5.23693,    0.874, 0.1097, 0.2806,  34.2309, 12 Dec 2017 06:39:16
# 25.3245,  5.23675,    0.875, 0.1120, 0.2519,  34.2321, 12 Dec 2017 06:43:16
# 25.3178,  5.23624,    0.875, 0.1059, 0.2616,  34.2334, 12 Dec 2017 06:47:16
# 25.3189,  5.23637,    0.875, 0.1122, 0.3125,  34.2335, 12 Dec 2017 06:51:16
# 25.3047,  5.23540,    0.870, 0.1119, 0.3390,  34.2371, 12 Dec 2017 06:55:16
# 25.3113,  5.23544,    0.835, 0.1072, 0.3045,  34.2325, 12 Dec 2017 06:59:16
