# 24.8417,  5.215600,  1.040,  0.1704,  0.2380,  34.4424,  02 May 2018 17:02:05
# 24.8164,  5.215060,  1.038,  0.1593,  0.2699,  34.4577,  02 May 2018 17:06:05
# 24.8060,  5.214628,  1.042,  0.1528,  0.2467,  34.4624,  02 May 2018 17:10:05
# 24.7866,  5.214389,  1.049,  0.1404,  0.2540,  34.4755,  02 May 2018 17:14:05
# 24.7807,  5.214242,  1.046,  0.1366,  0.2756,  34.4789,  02 May 2018 17:18:05
# 24.7620,  5.214049,  1.046,  0.1271,  0.3004,  34.4918,  02 May 2018 17:22:05
# 24.7393,  5.213355,  1.048,  0.1270,  0.2407,  34.5040,  02 May 2018 17:26:05
# 24.7326,  5.213000,  1.052,  0.1247,  0.3068,  34.5065,  02 May 2018 17:30:05
# 24.7392,  5.212675,  1.047,  0.1282,  0.2563,  34.4991,  02 May 2018 17:34:05
# 24.7483,  5.212598,  1.052,  0.1195,  0.2575,  34.4915,  02 May 2018 17:38:05
# 24.7452,  5.212220,  1.054,  0.1266,  0.2324,  34.4911,  02 May 2018 17:42:05
# 24.7186,  5.211911,  1.050,  0.1305,  0.2493,  34.5092,  02 May 2018 17:46:05
# 24.7157,  5.211541,  1.053,  0.1355,  0.3451,  34.5086,  02 May 2018 17:50:05
# 24.7366,  5.211695,  1.055,  0.1405,  0.3041,  34.4938,  02 May 2018 17:54:05
# 24.7385,  5.211486,  1.060,  0.1404,  0.2405,  34.4907,  02 May 2018 17:58:05
