# 27.2070,  5.494067,  0.789,  0.1044,  0.2908,  34.6810,  26 Jul 2018 23:00:08
# 27.2084,  5.492369,  0.797,  0.0996,  0.2908,  34.6678,  26 Jul 2018 23:04:08
# 27.2258,  5.494415,  0.761,  0.1019,  0.3117,  34.6694,  26 Jul 2018 23:08:08
# 27.2108,  5.493349,  0.791,  0.0995,  0.3571,  34.6730,  26 Jul 2018 23:12:08
# 27.2058,  5.493736,  0.793,  0.1006,  0.2881,  34.6795,  26 Jul 2018 23:16:08
# 27.1988,  5.492891,  0.778,  0.1035,  0.3668,  34.6787,  26 Jul 2018 23:20:08
# 27.1890,  5.491888,  0.765,  0.0981,  0.3252,  34.6788,  26 Jul 2018 23:24:08
# 27.1737,  5.491059,  0.777,  0.0996,  0.3004,  34.6844,  26 Jul 2018 23:28:08
# 27.1701,  5.490167,  0.797,  0.0983,  0.3311,  34.6807,  26 Jul 2018 23:32:08
# 27.1713,  5.488658,  0.780,  0.0994,  0.3471,  34.6691,  26 Jul 2018 23:36:08
# 27.1708,  5.487466,  0.829,  0.1017,  0.3083,  34.6609,  26 Jul 2018 23:40:08
# 27.1517,  5.485714,  0.818,  0.0983,  0.3363,  34.6627,  26 Jul 2018 23:44:08
# 27.1497,  5.485367,  0.819,  0.1010,  0.3150,  34.6618,  26 Jul 2018 23:48:08
# 27.1184,  5.483741,  0.782,  0.0960,  0.2966,  34.6735,  26 Jul 2018 23:52:08
# 27.1095,  5.483213,  0.837,  0.0958,  0.2860,  34.6763,  26 Jul 2018 23:56:08
