# 24.3593,  5.194413,  1.122,  0.1072,  0.2072,  34.6553,  23 Jan 2018 09:01:23
# 24.3809,  5.193688,  1.101,  0.1099,  0.2839,  34.6331,  23 Jan 2018 09:05:23
# 24.3906,  5.194119,  1.127,  0.1059,  0.1839,  34.6289,  23 Jan 2018 09:09:23
# 24.4086,  5.194335,  1.134,  0.1073,  0.2468,  34.6166,  23 Jan 2018 09:13:23
# 24.4541,  5.194797,  1.119,  0.1183,  0.2045,  34.5849,  23 Jan 2018 09:17:23
# 24.4844,  5.195644,  1.133,  0.1261,  0.2036,  34.5678,  23 Jan 2018 09:21:23
# 24.4135,  5.196702,  1.127,  0.1184,  0.2564,  34.6305,  23 Jan 2018 09:25:23
# 24.4060,  5.197203,  1.111,  0.1159,  0.2435,  34.6401,  23 Jan 2018 09:29:23
# 24.4158,  5.197696,  1.128,  0.1147,  0.2420,  34.6361,  23 Jan 2018 09:33:23
# 24.4310,  5.198652,  1.119,  0.1135,  0.2096,  34.6315,  23 Jan 2018 09:37:23
# 24.4086,  5.198622,  1.131,  0.1119,  0.2160,  34.6487,  23 Jan 2018 09:41:23
# 24.4533,  5.199107,  1.114,  0.1147,  0.2206,  34.6178,  23 Jan 2018 09:45:23
# 24.3751,  5.197998,  1.122,  0.1136,  0.2207,  34.6699,  23 Jan 2018 09:49:23
# 24.3858,  5.199047,  1.112,  0.1145,  0.2851,  34.6695,  23 Jan 2018 09:53:23
# 24.3846,  5.199656,  1.118,  0.1107,  0.2531,  34.6750,  23 Jan 2018 09:57:23
