# 27.3070,  5.472481,  1.120,  0.0970,  0.1733,  34.4535,  23 Sep 2017 09:00:05
# 27.3303,  5.475264,  1.076,  0.0969,  0.1807,  34.4560,  23 Sep 2017 09:04:05
# 27.3466,  5.477741,  1.131,  0.0999,  0.1990,  34.4615,  23 Sep 2017 09:08:05
# 27.3609,  5.478782,  1.073,  0.0980,  0.1916,  34.4584,  23 Sep 2017 09:12:05
# 27.3743,  5.480588,  1.091,  0.0943,  0.1648,  34.4613,  23 Sep 2017 09:16:05
# 27.3780,  5.480075,  1.121,  0.0946,  0.1789,  34.4549,  23 Sep 2017 09:20:05
# 27.3696,  5.481362,  1.035,  0.0919,  0.1842,  34.4702,  23 Sep 2017 09:24:05
# 27.3757,  5.481196,  1.143,  0.0919,  0.2073,  34.4645,  23 Sep 2017 09:28:05
# 27.3857,  5.480075,  1.118,  0.0971,  0.1978,  34.4492,  23 Sep 2017 09:32:05
# 27.3858,  5.482316,  1.044,  0.0945,  0.2061,  34.4650,  23 Sep 2017 09:36:05
# 27.3854,  5.483800,  1.073,  0.0919,  0.2123,  34.4758,  23 Sep 2017 09:40:05
# 27.3878,  5.485623,  1.015,  0.0982,  0.2503,  34.4870,  23 Sep 2017 09:44:05
# 27.4056,  5.488370,  1.036,  0.0933,  0.2159,  34.4932,  23 Sep 2017 09:48:05
# 27.4194,  5.490225,  1.102,  0.0871,  0.1925,  34.4962,  23 Sep 2017 09:52:05
# 27.4125,  5.492026,  0.994,  0.0870,  0.1976,  34.5140,  23 Sep 2017 09:56:05
