# 27.6006,  5.51423,    0.758, 0.1351, 0.2969,  34.5321, 31 Oct 2017 20:01:27
# 27.6055,  5.51772,    0.713, 0.1265, 0.2817,  34.5531, 31 Oct 2017 20:05:27
# 27.5951,  5.51563,    0.813, 0.1241, 0.3355,  34.5460, 31 Oct 2017 20:09:27
# 27.5930,  5.51283,    0.700, 0.1254, 0.3075,  34.5278, 31 Oct 2017 20:13:27
# 27.6053,  5.51582,    0.682, 0.1291, 0.3245,  34.5398, 31 Oct 2017 20:17:27
# 27.6001,  5.51663,    0.755, 0.1424, 0.3020,  34.5494, 31 Oct 2017 20:21:27
# 27.5975,  5.51253,    0.754, 0.1239, 0.2792,  34.5223, 31 Oct 2017 20:25:27
# 27.5916,  5.51491,    0.712, 0.1277, 0.3089,  34.5436, 31 Oct 2017 20:29:27
# 27.5742,  5.51076,    0.742, 0.1270, 0.3055,  34.5271, 31 Oct 2017 20:33:27
# 27.5741,  5.51380,    0.735, 0.1278, 0.3135,  34.5486, 31 Oct 2017 20:37:27
# 27.5623,  5.50699,    0.762, 0.1241, 0.3426,  34.5092, 31 Oct 2017 20:41:27
# 27.5666,  5.50775,    0.800, 0.1193, 0.3286,  34.5115, 31 Oct 2017 20:45:27
# 27.5688,  5.51480,    0.814, 0.1118, 0.2925,  34.5596, 31 Oct 2017 20:49:27
# 27.5364,  5.50074,    0.750, 0.1256, 0.2937,  34.4843, 31 Oct 2017 20:53:27
# 27.5300,  5.50210,    0.828, 0.1204, 0.3489,  34.4986, 31 Oct 2017 20:57:27
