# 25.2716,  5.265429,  0.891,  0.0851,  0.1620,  34.4831,  28 Jan 2018 15:01:23
# 25.2040,  5.261693,  0.892,  0.0849,  0.1802,  34.5070,  28 Jan 2018 15:05:23
# 25.2229,  5.263197,  0.893,  0.0900,  0.1839,  34.5038,  28 Jan 2018 15:09:23
# 25.2581,  5.264801,  0.880,  0.0851,  0.1547,  34.4888,  28 Jan 2018 15:13:23
# 25.2556,  5.266523,  0.895,  0.0849,  0.1632,  34.5034,  28 Jan 2018 15:17:23
# 25.2694,  5.267073,  0.883,  0.0835,  0.1536,  34.4970,  28 Jan 2018 15:21:23
# 25.2749,  5.266941,  0.872,  0.0824,  0.1586,  34.4918,  28 Jan 2018 15:25:23
# 25.2381,  5.264631,  0.878,  0.0825,  0.1692,  34.5028,  28 Jan 2018 15:29:23
# 25.2179,  5.263864,  0.861,  0.0852,  0.1527,  34.5125,  28 Jan 2018 15:33:23
# 25.1893,  5.262073,  0.875,  0.0848,  0.1865,  34.5211,  28 Jan 2018 15:37:23
# 25.1655,  5.260702,  0.862,  0.0874,  0.1535,  34.5291,  28 Jan 2018 15:41:23
# 25.2216,  5.265345,  0.868,  0.0849,  0.1560,  34.5206,  28 Jan 2018 15:45:23
# 25.2565,  5.267570,  0.867,  0.0847,  0.1621,  34.5104,  28 Jan 2018 15:49:23
# 25.2432,  5.266632,  0.855,  0.0935,  0.1595,  34.5136,  28 Jan 2018 15:53:23
# 25.2283,  5.266322,  0.850,  0.0883,  0.1985,  34.5227,  28 Jan 2018 15:57:23
