# 25.0084,  5.211706,  0.689,  0.1096,  0.2514,  34.2867,  22 Apr 2018 05:02:05
# 24.9948,  5.202492,  0.682,  0.1085,  0.2706,  34.2288,  22 Apr 2018 05:06:05
# 24.9910,  5.204636,  0.708,  0.1037,  0.2599,  34.2476,  22 Apr 2018 05:10:05
# 24.9860,  5.206650,  0.698,  0.1048,  0.2396,  34.2663,  22 Apr 2018 05:14:05
# 24.9889,  5.207600,  0.675,  0.1049,  0.2696,  34.2711,  22 Apr 2018 05:18:05
# 24.9765,  5.205424,  0.686,  0.1048,  0.2634,  34.2645,  22 Apr 2018 05:22:05
# 24.9808,  5.210679,  0.695,  0.1060,  0.2613,  34.3001,  22 Apr 2018 05:26:05
# 24.9697,  5.211598,  0.696,  0.1034,  0.2369,  34.3153,  22 Apr 2018 05:30:05
# 24.9576,  5.210803,  0.685,  0.1085,  0.2551,  34.3186,  22 Apr 2018 05:34:05
# 24.9521,  5.209800,  0.698,  0.1050,  0.2817,  34.3153,  22 Apr 2018 05:38:05
# 24.9365,  5.208959,  0.672,  0.1098,  0.2660,  34.3209,  22 Apr 2018 05:42:05
# 24.9280,  5.206026,  0.657,  0.1050,  0.3100,  34.3057,  22 Apr 2018 05:46:05
# 24.9085,  5.192946,  0.675,  0.1086,  0.2573,  34.2237,  22 Apr 2018 05:50:05
# 24.8945,  5.179265,  0.687,  0.1119,  0.3041,  34.1329,  22 Apr 2018 05:54:05
# 24.8981,  5.186189,  0.687,  0.1050,  0.2807,  34.1815,  22 Apr 2018 05:58:05
