# 25.4295,  5.277529,  0.718,  0.1147,  0.2991,  34.4523,  15 May 2018 07:03:04
# 25.4546,  5.279617,  0.721,  0.1183,  0.2943,  34.4486,  15 May 2018 07:07:04
# 25.4678,  5.280579,  0.733,  0.1174,  0.3353,  34.4457,  15 May 2018 07:11:04
# 25.4528,  5.280021,  0.707,  0.1146,  0.2805,  34.4529,  15 May 2018 07:15:04
# 25.4360,  5.278950,  0.715,  0.1097,  0.2969,  34.4578,  15 May 2018 07:19:04
# 25.4497,  5.280634,  0.718,  0.1157,  0.3098,  34.4597,  15 May 2018 07:23:04
# 25.5255,  5.284500,  0.689,  0.1195,  0.2564,  34.4308,  15 May 2018 07:27:04
# 25.4833,  5.282621,  0.675,  0.1183,  0.3400,  34.4489,  15 May 2018 07:31:04
# 25.4671,  5.281783,  0.680,  0.1183,  0.3707,  34.4550,  15 May 2018 07:35:04
# 25.4863,  5.283258,  0.663,  0.1118,  0.2959,  34.4513,  15 May 2018 07:39:04
# 25.4662,  5.282381,  0.688,  0.1059,  0.2598,  34.4601,  15 May 2018 07:43:04
# 25.4305,  5.280906,  0.659,  0.1009,  0.3267,  34.4763,  15 May 2018 07:47:04
# 25.4184,  5.279680,  0.689,  0.1049,  0.3379,  34.4765,  15 May 2018 07:51:04
# 25.4066,  5.279672,  0.678,  0.1021,  0.3464,  34.4854,  15 May 2018 07:55:04
# 25.4201,  5.280177,  0.646,  0.1025,  0.3016,  34.4789,  15 May 2018 07:59:04
