# 27.3922,  5.49779,    1.011, 0.1364, 0.1965,  34.5698, 12 Oct 2017 23:01:27
# 27.4231,  5.49427,    0.990, 0.1266, 0.2242,  34.5221, 12 Oct 2017 23:05:27
# 27.4777,  5.49143,    0.977, 0.1316, 0.2085,  34.4617, 12 Oct 2017 23:09:27
# 27.4609,  5.49390,    0.967, 0.1315, 0.2709,  34.4916, 12 Oct 2017 23:13:27
# 27.4308,  5.49480,    0.976, 0.1218, 0.2373,  34.5201, 12 Oct 2017 23:17:27
# 27.4226,  5.49530,    1.023, 0.1205, 0.2148,  34.5297, 12 Oct 2017 23:21:27
# 27.4178,  5.49541,    0.964, 0.1205, 0.2197,  34.5341, 12 Oct 2017 23:25:27
# 27.3968,  5.49764,    0.933, 0.1229, 0.2112,  34.5653, 12 Oct 2017 23:29:27
# 27.3858,  5.49788,    0.970, 0.1130, 0.2383,  34.5752, 12 Oct 2017 23:33:27
# 27.3733,  5.49801,    0.998, 0.1107, 0.2074,  34.5854, 12 Oct 2017 23:37:27
# 27.3513,  5.49680,    0.998, 0.1192, 0.2158,  34.5930, 12 Oct 2017 23:41:27
# 27.3977,  5.49530,    0.931, 0.1168, 0.2242,  34.5481, 12 Oct 2017 23:45:27
# 27.3837,  5.49630,    0.995, 0.1193, 0.2171,  34.5656, 12 Oct 2017 23:49:27
# 27.3832,  5.49590,    0.970, 0.1157, 0.2232,  34.5631, 12 Oct 2017 23:53:27
# 27.3799,  5.49598,    0.972, 0.1133, 0.2383,  34.5661, 12 Oct 2017 23:57:27
