# 26.9795,  6.001253,  0.846,  0.1144,  0.2942,  38.5037,  28 Aug 2018 12:00:08
# 26.9700,  6.018411,  0.840,  0.1130,  0.2801,  38.6363,  28 Aug 2018 12:04:08
# 26.9795,  6.013675,  0.842,  0.1093,  0.2728,  38.5940,  28 Aug 2018 12:08:08
# 27.0092,  5.979689,  0.909,  0.1141,  0.2693,  38.3226,  28 Aug 2018 12:12:08
# 26.9845,  6.023756,  0.862,  0.1141,  0.2741,  38.6630,  28 Aug 2018 12:16:08
# 26.9833,  6.022941,  0.888,  0.1082,  0.2303,  38.6581,  28 Aug 2018 12:20:08
# 26.9875,  6.010708,  0.903,  0.1167,  0.3202,  38.5658,  28 Aug 2018 12:24:08
# 27.0261,  5.931338,  0.851,  0.1155,  0.2856,  37.9584,  28 Aug 2018 12:28:08
# 27.0260,  5.988473,  0.805,  0.1092,  0.2450,  38.3724,  28 Aug 2018 12:32:08
# 27.0316,  5.993207,  0.877,  0.1132,  0.2609,  38.4021,  28 Aug 2018 12:36:08
# 27.0228,  6.038141,  0.904,  0.1167,  0.2706,  38.7355,  28 Aug 2018 12:40:08
# 27.0283,  6.040891,  0.769,  0.1091,  0.2789,  38.7510,  28 Aug 2018 12:44:08
# 27.0529,  6.035127,  0.859,  0.1070,  0.2515,  38.6885,  28 Aug 2018 12:48:08
# 27.0829,  6.021377,  0.825,  0.1034,  0.2490,  38.5637,  28 Aug 2018 12:52:08
# 27.1057,  6.006318,  0.825,  0.1042,  0.2573,  38.4357,  28 Aug 2018 12:56:08
