# 26.3699,  5.384859,  0.947,  0.0970,  0.3157,  34.5244,  19 May 2018 17:03:04
# 26.3484,  5.382675,  0.947,  0.0970,  0.3218,  34.5247,  19 May 2018 17:07:04
# 26.3375,  5.381117,  0.953,  0.0934,  0.2850,  34.5217,  19 May 2018 17:11:04
# 26.2981,  5.376985,  0.949,  0.0971,  0.2934,  34.5214,  19 May 2018 17:15:04
# 26.2779,  5.375303,  0.966,  0.1009,  0.3730,  34.5243,  19 May 2018 17:19:04
# 26.2754,  5.375163,  0.943,  0.0983,  0.3373,  34.5252,  19 May 2018 17:23:04
# 26.3148,  5.379153,  0.965,  0.0986,  0.3704,  34.5245,  19 May 2018 17:27:04
# 26.2562,  5.373786,  0.978,  0.1009,  0.4659,  34.5297,  19 May 2018 17:31:04
# 26.2525,  5.373152,  0.959,  0.1019,  0.4031,  34.5279,  19 May 2018 17:35:04
# 26.2792,  5.374967,  0.989,  0.0996,  0.3254,  34.5209,  19 May 2018 17:39:04
# 26.2789,  5.374388,  0.998,  0.1035,  0.3064,  34.5170,  19 May 2018 17:43:04
# 26.2279,  5.369829,  0.992,  0.1022,  0.4659,  34.5223,  19 May 2018 17:47:04
# 26.1985,  5.367624,  0.991,  0.0959,  0.3692,  34.5285,  19 May 2018 17:51:04
# 26.2119,  5.369211,  1.013,  0.1009,  0.3266,  34.5299,  19 May 2018 17:55:04
# 26.2178,  5.370869,  1.010,  0.0995,  0.3584,  34.5375,  19 May 2018 17:59:04
