# 24.5129,  5.16358,    0.730, 0.1357, 0.2589,  34.3065, 03 Jan 2018 22:03:16
# 24.5029,  5.16241,    0.721, 0.1295, 0.2867,  34.3055, 03 Jan 2018 22:07:16
# 24.4800,  5.15768,    0.733, 0.1258, 0.2471,  34.2875, 03 Jan 2018 22:11:16
# 24.4439,  5.14868,    0.719, 0.1295, 0.2387,  34.2479, 03 Jan 2018 22:15:16
# 24.4404,  5.14841,    0.722, 0.1273, 0.2650,  34.2486, 03 Jan 2018 22:19:16
# 24.4311,  5.14812,    0.732, 0.1245, 0.2255,  34.2535, 03 Jan 2018 22:23:16
# 24.4404,  5.15156,    0.716, 0.1222, 0.2447,  34.2722, 03 Jan 2018 22:27:16
# 24.4573,  5.15492,    0.705, 0.1185, 0.3832,  34.2843, 03 Jan 2018 22:31:16
# 24.4462,  5.15395,    0.729, 0.1137, 0.2061,  34.2855, 03 Jan 2018 22:35:16
# 24.4220,  5.15014,    0.707, 0.1147, 0.1950,  34.2756, 03 Jan 2018 22:39:16
# 24.3851,  5.14396,    0.720, 0.1099, 0.1888,  34.2576, 03 Jan 2018 22:43:16
# 24.3839,  5.14448,    0.710, 0.1150, 0.2233,  34.2624, 03 Jan 2018 22:47:16
# 24.3859,  5.14532,    0.692, 0.1135, 0.2444,  34.2671, 03 Jan 2018 22:51:16
# 24.3839,  5.14684,    0.689, 0.1099, 0.2269,  34.2800, 03 Jan 2018 22:55:16
# 24.3352,  5.13778,    0.703, 0.1135, 0.2196,  34.2495, 03 Jan 2018 22:59:16
