# 24.6455,  5.210268,  0.693,  0.1172,  0.2684,  34.5532,  04 Feb 2018 15:01:23
# 24.6319,  5.210469,  0.727,  0.1171,  0.2516,  34.5651,  04 Feb 2018 15:05:23
# 24.6953,  5.210013,  0.729,  0.1219,  0.2361,  34.5130,  04 Feb 2018 15:09:23
# 24.6919,  5.211425,  0.724,  0.1147,  0.2551,  34.5261,  04 Feb 2018 15:13:23
# 24.7851,  5.205936,  0.733,  0.1286,  0.2478,  34.4139,  04 Feb 2018 15:17:23
# 24.8167,  5.203490,  0.726,  0.1333,  0.2310,  34.3717,  04 Feb 2018 15:21:23
# 24.7329,  5.210074,  0.724,  0.1197,  0.2637,  34.4846,  04 Feb 2018 15:25:23
# 24.6114,  5.213758,  0.727,  0.1109,  0.2830,  34.6054,  04 Feb 2018 15:29:23
# 24.6175,  5.214546,  0.722,  0.1147,  0.2528,  34.6066,  04 Feb 2018 15:33:23
# 24.6477,  5.214607,  0.715,  0.1122,  0.2361,  34.5838,  04 Feb 2018 15:37:23
# 24.7052,  5.212653,  0.736,  0.1197,  0.2335,  34.5251,  04 Feb 2018 15:41:23
# 24.7332,  5.211919,  0.732,  0.1220,  0.2419,  34.4982,  04 Feb 2018 15:45:23
# 24.7244,  5.215919,  0.721,  0.1234,  0.2673,  34.5347,  04 Feb 2018 15:49:23
# 24.7096,  5.216753,  0.730,  0.1184,  0.2564,  34.5523,  04 Feb 2018 15:53:23
# 24.7306,  5.211826,  0.756,  0.1245,  0.2447,  34.4994,  04 Feb 2018 15:57:23
