# 28.0645,  5.58104,    1.138, 0.0896, 0.2670,  34.6596, 02 Nov 2017 13:01:27
# 28.0623,  5.58122,    1.197, 0.0871, 0.2347,  34.6625, 02 Nov 2017 13:05:27
# 28.0668,  5.58391,    1.067, 0.0896, 0.2853,  34.6780, 02 Nov 2017 13:09:27
# 28.0657,  5.58317,    1.150, 0.0906, 0.2602,  34.6736, 02 Nov 2017 13:13:27
# 28.0460,  5.58138,    1.247, 0.0897, 0.2444,  34.6756, 02 Nov 2017 13:17:27
# 28.0805,  5.58301,    1.113, 0.0896, 0.2625,  34.6616, 02 Nov 2017 13:21:27
# 28.1023,  5.58254,    1.152, 0.0898, 0.2479,  34.6423, 02 Nov 2017 13:25:27
# 28.1046,  5.58203,    1.168, 0.0983, 0.2551,  34.6370, 02 Nov 2017 13:29:27
# 28.1169,  5.58281,    1.102, 0.0935, 0.2370,  34.6335, 02 Nov 2017 13:33:27
# 28.1137,  5.58268,    1.206, 0.0919, 0.2445,  34.6349, 02 Nov 2017 13:37:27
# 28.1024,  5.58226,    1.181, 0.0932, 0.2840,  34.6403, 02 Nov 2017 13:41:27
# 28.0974,  5.58200,    1.186, 0.0931, 0.2514,  34.6422, 02 Nov 2017 13:45:27
# 28.0754,  5.58268,    1.138, 0.0922, 0.2325,  34.6631, 02 Nov 2017 13:49:27
# 28.1310,  5.58558,    1.167, 0.0954, 0.2625,  34.6425, 02 Nov 2017 13:53:27
# 28.1590,  5.59118,    1.211, 0.0932, 0.2650,  34.6610, 02 Nov 2017 13:57:27
