# 25.2232,  5.254896,  0.973,  0.0838,  0.2360,  34.4423,  12 Jan 2018 13:01:23
# 25.2415,  5.256802,  0.973,  0.0913,  0.2171,  34.4424,  12 Jan 2018 13:05:23
# 25.2289,  5.255965,  0.988,  0.0923,  0.2035,  34.4459,  12 Jan 2018 13:09:23
# 25.2497,  5.257871,  1.001,  0.0923,  0.2181,  34.4441,  12 Jan 2018 13:13:23
# 25.2283,  5.255609,  0.988,  0.0934,  0.2299,  34.4437,  12 Jan 2018 13:17:23
# 25.2609,  5.259026,  0.969,  0.0949,  0.2745,  34.4441,  12 Jan 2018 13:21:23
# 25.2828,  5.262196,  0.976,  0.0862,  0.2443,  34.4508,  12 Jan 2018 13:25:23
# 25.2883,  5.262831,  0.952,  0.0936,  0.2280,  34.4513,  12 Jan 2018 13:29:23
# 25.3101,  5.264351,  0.956,  0.0925,  0.2396,  34.4459,  12 Jan 2018 13:33:23
# 25.3319,  5.266824,  0.966,  0.0874,  0.2219,  34.4476,  12 Jan 2018 13:37:23
# 25.3531,  5.268553,  0.985,  0.0887,  0.2119,  34.4442,  12 Jan 2018 13:41:23
# 25.3567,  5.269391,  0.994,  0.0914,  0.2097,  34.4476,  12 Jan 2018 13:45:23
# 25.3402,  5.267646,  0.998,  0.0898,  0.2292,  34.4473,  12 Jan 2018 13:49:23
# 25.3420,  5.267312,  0.978,  0.0961,  0.2294,  34.4435,  12 Jan 2018 13:53:23
# 25.3581,  5.269181,  0.963,  0.0888,  0.2142,  34.4451,  12 Jan 2018 13:57:23
