# 25.6105,  5.26845,    0.753, 0.1368, 0.1756,  34.2491, 09 Dec 2017 19:03:16
# 25.5951,  5.26224,    0.755, 0.1269, 0.1733,  34.2153, 09 Dec 2017 19:07:16
# 25.5852,  5.25881,    0.757, 0.1209, 0.1839,  34.1977, 09 Dec 2017 19:11:16
# 25.5765,  5.25449,    0.759, 0.1220, 0.1806,  34.1726, 09 Dec 2017 19:15:16
# 25.5751,  5.25357,    0.761, 0.1279, 0.1622,  34.1670, 09 Dec 2017 19:19:16
# 25.5832,  5.25598,    0.763, 0.1247, 0.1706,  34.1786, 09 Dec 2017 19:23:16
# 25.5715,  5.25087,    0.765, 0.1221, 0.1673,  34.1499, 09 Dec 2017 19:27:16
# 25.5569,  5.24650,    0.766, 0.1244, 0.1866,  34.1289, 09 Dec 2017 19:31:16
# 25.5562,  5.24495,    0.768, 0.1244, 0.1707,  34.1182, 09 Dec 2017 19:35:16
# 25.5660,  5.24842,    0.770, 0.1316, 0.1925,  34.1362, 09 Dec 2017 19:39:16
# 25.5635,  5.24873,    0.771, 0.1257, 0.1817,  34.1403, 09 Dec 2017 19:43:16
# 25.5506,  5.24536,    0.773, 0.1368, 0.1669,  34.1253, 09 Dec 2017 19:47:16
# 25.5673,  5.25017,    0.774, 0.1246, 0.1754,  34.1479, 09 Dec 2017 19:51:16
# 25.5647,  5.24946,    0.777, 0.1330, 0.1793,  34.1447, 09 Dec 2017 19:55:16
# 25.5428,  5.24615,    0.777, 0.1207, 0.1621,  34.1370, 09 Dec 2017 19:59:16
