# 25.2074,  5.256516,  0.796,  0.0896,  0.2681,  34.4663,  21 May 2018 08:03:04
# 25.1997,  5.256361,  0.823,  0.0920,  0.3192,  34.4711,  21 May 2018 08:07:04
# 25.1855,  5.256338,  0.845,  0.0912,  0.2995,  34.4817,  21 May 2018 08:11:04
# 25.1865,  5.256997,  0.803,  0.0862,  0.2671,  34.4858,  21 May 2018 08:15:04
# 25.2076,  5.257748,  0.853,  0.0910,  0.3484,  34.4752,  21 May 2018 08:19:04
# 25.2157,  5.259034,  0.817,  0.0922,  0.3053,  34.4785,  21 May 2018 08:23:04
# 25.1884,  5.257725,  0.854,  0.0900,  0.2839,  34.4897,  21 May 2018 08:27:04
# 25.2055,  5.258616,  0.847,  0.0912,  0.3351,  34.4833,  21 May 2018 08:31:04
# 25.2298,  5.260584,  0.851,  0.0935,  0.3158,  34.4793,  21 May 2018 08:35:04
# 25.2542,  5.263181,  0.839,  0.0848,  0.2695,  34.4799,  21 May 2018 08:39:04
# 25.2690,  5.263429,  0.874,  0.0896,  0.2635,  34.4704,  21 May 2018 08:43:04
# 25.2645,  5.263274,  0.868,  0.0909,  0.2814,  34.4727,  21 May 2018 08:47:04
# 25.2549,  5.263204,  0.842,  0.0874,  0.2933,  34.4794,  21 May 2018 08:51:04
# 25.2680,  5.264359,  0.848,  0.0849,  0.2744,  34.4780,  21 May 2018 08:55:04
# 25.3051,  5.267034,  0.883,  0.0900,  0.2573,  34.4695,  21 May 2018 08:59:04
