# 27.1380,  5.477066,  0.976,  0.0999,  0.2690,  34.6114,  05 Jul 2018 19:00:08
# 27.1725,  5.480868,  1.026,  0.0983,  0.2464,  34.6127,  05 Jul 2018 19:04:08
# 27.1955,  5.482990,  1.013,  0.0960,  0.2490,  34.6107,  05 Jul 2018 19:08:08
# 27.1847,  5.481925,  1.030,  0.0958,  0.2381,  34.6112,  05 Jul 2018 19:12:08
# 27.1928,  5.482383,  1.048,  0.1008,  0.2815,  34.6084,  05 Jul 2018 19:16:08
# 27.1948,  5.483061,  1.020,  0.1022,  0.2585,  34.6118,  05 Jul 2018 19:20:08
# 27.1627,  5.479551,  1.038,  0.1021,  0.2442,  34.6106,  05 Jul 2018 19:24:08
# 27.1615,  5.479235,  1.062,  0.1017,  0.3144,  34.6093,  05 Jul 2018 19:28:08
# 27.0941,  5.472461,  1.044,  0.1021,  0.2955,  34.6112,  05 Jul 2018 19:32:08
# 27.0761,  5.470025,  1.021,  0.0997,  0.2739,  34.6072,  05 Jul 2018 19:36:08
# 27.0969,  5.470348,  1.047,  0.1083,  0.2982,  34.5941,  05 Jul 2018 19:40:08
# 27.0311,  5.464390,  1.021,  0.1044,  0.3595,  34.6006,  05 Jul 2018 19:44:08
# 27.1019,  5.469457,  1.066,  0.1131,  0.2739,  34.5840,  05 Jul 2018 19:48:08
# 27.0531,  5.465650,  1.013,  0.1102,  0.2873,  34.5932,  05 Jul 2018 19:52:08
# 27.0164,  5.462554,  1.066,  0.1083,  0.3678,  34.5985,  05 Jul 2018 19:56:08
