# 26.1518,  5.352160,  1.141,  0.1307,  0.3039,  34.4515,  18 May 2018 21:03:04
# 26.1524,  5.351879,  1.147,  0.1182,  0.2670,  34.4491,  18 May 2018 21:07:04
# 26.2877,  5.359368,  1.126,  0.1547,  0.2979,  34.4019,  18 May 2018 21:11:04
# 26.1624,  5.352902,  1.126,  0.1439,  0.3156,  34.4489,  18 May 2018 21:15:04
# 26.1780,  5.353284,  1.112,  0.1463,  0.3170,  34.4400,  18 May 2018 21:19:04
# 26.1394,  5.351285,  1.117,  0.1351,  0.3363,  34.4546,  18 May 2018 21:23:04
# 26.1300,  5.350427,  1.109,  0.1341,  0.2943,  34.4553,  18 May 2018 21:27:04
# 26.1972,  5.354666,  1.090,  0.1453,  0.3305,  34.4357,  18 May 2018 21:31:04
# 26.1852,  5.353909,  1.088,  0.1439,  0.3069,  34.4392,  18 May 2018 21:35:04
# 26.2286,  5.354291,  1.074,  0.1594,  0.3015,  34.4094,  18 May 2018 21:39:04
# 26.2289,  5.355603,  1.090,  0.1582,  0.2980,  34.4187,  18 May 2018 21:43:04
# 26.1437,  5.350083,  1.081,  0.1352,  0.4601,  34.4426,  18 May 2018 21:47:04
# 26.2120,  5.353510,  1.072,  0.1536,  0.3484,  34.4162,  18 May 2018 21:51:04
# 26.1441,  5.349427,  1.055,  0.1476,  0.3327,  34.4376,  18 May 2018 21:55:04
# 26.1414,  5.349138,  1.041,  0.1379,  0.3216,  34.4375,  18 May 2018 21:59:04
