# 24.1203,  5.114854,  0.726,  0.1086,  0.1741,  34.2421,  18 Feb 2018 12:01:23
# 24.1715,  5.107021,  0.744,  0.1135,  0.1731,  34.1440,  18 Feb 2018 12:05:23
# 24.1632,  5.109731,  0.734,  0.1147,  0.1754,  34.1707,  18 Feb 2018 12:09:23
# 24.1156,  5.115543,  0.740,  0.1086,  0.2023,  34.2509,  18 Feb 2018 12:13:23
# 24.1234,  5.112978,  0.758,  0.1136,  0.1805,  34.2256,  18 Feb 2018 12:17:23
# 24.1091,  5.113330,  0.734,  0.1122,  0.1855,  34.2392,  18 Feb 2018 12:21:23
# 24.0959,  5.115306,  0.733,  0.1049,  0.1874,  34.2642,  18 Feb 2018 12:25:23
# 24.1105,  5.111960,  0.743,  0.1086,  0.1987,  34.2278,  18 Feb 2018 12:29:23
# 24.0755,  5.117926,  0.725,  0.1108,  0.1949,  34.2996,  18 Feb 2018 12:33:23
# 24.1101,  5.112748,  0.722,  0.1158,  0.1876,  34.2340,  18 Feb 2018 12:37:23
# 24.0809,  5.115766,  0.723,  0.1086,  0.2013,  34.2792,  18 Feb 2018 12:41:23
# 24.0669,  5.117145,  0.740,  0.1086,  0.1939,  34.3003,  18 Feb 2018 12:45:23
# 24.1020,  5.109793,  0.727,  0.1123,  0.2097,  34.2180,  18 Feb 2018 12:49:23
# 24.1063,  5.109227,  0.720,  0.1136,  0.1717,  34.2104,  18 Feb 2018 12:53:23
# 24.1260,  5.104566,  0.722,  0.1137,  0.1668,  34.1603,  18 Feb 2018 12:57:23
