# 25.5341,  5.24933,    0.885, 0.1109, 0.2917,  34.1667, 12 Dec 2017 00:03:16
# 25.5123,  5.24543,    0.888, 0.1049, 0.2720,  34.1545, 12 Dec 2017 00:07:16
# 25.5047,  5.24380,    0.896, 0.1022, 0.3269,  34.1483, 12 Dec 2017 00:11:16
# 25.5132,  5.24695,    0.902, 0.1035, 0.3078,  34.1650, 12 Dec 2017 00:15:16
# 25.5096,  5.24670,    0.910, 0.1072, 0.3819,  34.1658, 12 Dec 2017 00:19:16
# 25.5116,  5.24989,    0.917, 0.1044, 0.3017,  34.1877, 12 Dec 2017 00:23:16
# 25.5104,  5.25172,    0.924, 0.1035, 0.3112,  34.2020, 12 Dec 2017 00:27:16
# 25.5173,  5.25055,    0.931, 0.1084, 0.3159,  34.1882, 12 Dec 2017 00:31:16
# 25.5320,  5.25204,    0.937, 0.1109, 0.2844,  34.1881, 12 Dec 2017 00:35:16
# 25.5265,  5.25187,    0.942, 0.1109, 0.2721,  34.1910, 12 Dec 2017 00:39:16
# 25.5322,  5.24961,    0.949, 0.1168, 0.2673,  34.1701, 12 Dec 2017 00:43:16
# 25.5390,  5.25302,    0.953, 0.1073, 0.3006,  34.1900, 12 Dec 2017 00:47:16
# 25.5165,  5.25384,    0.958, 0.1094, 0.2698,  34.2129, 12 Dec 2017 00:51:16
# 25.5215,  5.24738,    0.964, 0.1134, 0.2854,  34.1618, 12 Dec 2017 00:55:16
# 25.5055,  5.25245,    0.968, 0.1059, 0.3160,  34.2110, 12 Dec 2017 00:59:16
