# 26.3300,  5.368919,  0.716,  0.0946,  0.2320,  34.4393,  12 Jun 2018 10:03:04
# 26.3544,  5.370827,  0.713,  0.0959,  0.2205,  34.4348,  12 Jun 2018 10:07:04
# 26.3513,  5.371148,  0.702,  0.0910,  0.2181,  34.4395,  12 Jun 2018 10:11:04
# 26.3458,  5.372165,  0.734,  0.0896,  0.2380,  34.4509,  12 Jun 2018 10:15:04
# 26.3365,  5.372361,  0.738,  0.0874,  0.2537,  34.4592,  12 Jun 2018 10:19:04
# 26.3857,  5.374175,  0.771,  0.0922,  0.2214,  34.4355,  12 Jun 2018 10:23:04
# 26.3595,  5.375896,  0.763,  0.0887,  0.2069,  34.4675,  12 Jun 2018 10:27:04
# 26.4293,  5.380763,  0.765,  0.0873,  0.2068,  34.4504,  12 Jun 2018 10:31:04
# 26.3971,  5.378494,  0.763,  0.0888,  0.2381,  34.4582,  12 Jun 2018 10:35:04
# 26.4498,  5.383558,  0.764,  0.0894,  0.2430,  34.4552,  12 Jun 2018 10:39:04
# 26.4402,  5.382869,  0.771,  0.0944,  0.2333,  34.4575,  12 Jun 2018 10:43:04
# 26.4446,  5.383777,  0.817,  0.0922,  0.2318,  34.4607,  12 Jun 2018 10:47:04
# 26.4616,  5.385397,  0.811,  0.0896,  0.2167,  34.4596,  12 Jun 2018 10:51:04
# 26.4319,  5.383472,  0.829,  0.0934,  0.2215,  34.4680,  12 Jun 2018 10:55:04
# 26.4382,  5.384701,  0.802,  0.0908,  0.2204,  34.4721,  12 Jun 2018 10:59:04
