# 26.3544,  5.369107,  0.963,  0.0835,  0.2707,  34.4223,  10 Jun 2018 11:03:04
# 26.3320,  5.367340,  0.939,  0.0896,  0.3838,  34.4263,  10 Jun 2018 11:07:04
# 26.3218,  5.367426,  0.954,  0.0860,  0.4314,  34.4346,  10 Jun 2018 11:11:04
# 26.3551,  5.370624,  0.988,  0.0886,  0.3462,  34.4327,  10 Jun 2018 11:15:04
# 26.3638,  5.370796,  0.919,  0.0909,  0.3621,  34.4275,  10 Jun 2018 11:19:04
# 26.3792,  5.372196,  0.971,  0.0896,  0.3740,  34.4261,  10 Jun 2018 11:23:04
# 26.3536,  5.369662,  0.999,  0.0946,  0.3097,  34.4269,  10 Jun 2018 11:27:04
# 26.3987,  5.374495,  0.998,  0.0872,  0.3471,  34.4280,  10 Jun 2018 11:31:04
# 26.4345,  5.377891,  1.017,  0.0900,  0.2888,  34.4258,  10 Jun 2018 11:35:04
# 26.4373,  5.378650,  1.010,  0.0858,  0.2683,  34.4292,  10 Jun 2018 11:39:04
# 26.4128,  5.375387,  1.009,  0.0898,  0.3120,  34.4239,  10 Jun 2018 11:43:04
# 26.4156,  5.375997,  1.006,  0.0861,  0.2861,  34.4263,  10 Jun 2018 11:47:04
# 26.3963,  5.374707,  1.036,  0.0847,  0.2933,  34.4314,  10 Jun 2018 11:51:04
# 26.4382,  5.377883,  1.023,  0.0899,  0.2896,  34.4230,  10 Jun 2018 11:55:04
# 26.4311,  5.377852,  1.046,  0.0872,  0.2980,  34.4280,  10 Jun 2018 11:59:04
