# 27.0085,  5.45708,    0.827, 0.1387, 0.2947,  34.5654, 05 Nov 2017 19:01:27
# 27.0008,  5.45603,    0.921, 0.1363, 0.2280,  34.5636, 05 Nov 2017 19:05:27
# 26.9989,  5.45539,    1.009, 0.1328, 0.2132,  34.5604, 05 Nov 2017 19:09:27
# 26.9847,  5.45450,    0.915, 0.1243, 0.2423,  34.5647, 05 Nov 2017 19:13:27
# 26.9757,  5.45313,    0.832, 0.1231, 0.2514,  34.5616, 05 Nov 2017 19:17:27
# 26.9858,  5.45724,    0.899, 0.1257, 0.2313,  34.5834, 05 Nov 2017 19:21:27
# 27.0055,  5.46620,    0.882, 0.1142, 0.2240,  34.6326, 05 Nov 2017 19:25:27
# 27.0055,  5.46686,    0.853, 0.1180, 0.2519,  34.6374, 05 Nov 2017 19:29:27
# 26.9788,  5.46325,    0.908, 0.1157, 0.2256,  34.6315, 05 Nov 2017 19:33:27
# 26.9638,  5.46083,    0.858, 0.1166, 0.2579,  34.6254, 05 Nov 2017 19:37:27
# 26.9522,  5.45487,    0.829, 0.1328, 0.2305,  34.5915, 05 Nov 2017 19:41:27
# 26.9674,  5.45650,    0.805, 0.1254, 0.2518,  34.5918, 05 Nov 2017 19:45:27
# 26.9752,  5.46260,    0.902, 0.1352, 0.2348,  34.6295, 05 Nov 2017 19:49:27
# 26.9820,  5.46486,    0.891, 0.1315, 0.2699,  34.6406, 05 Nov 2017 19:53:27
# 26.9818,  5.46635,    0.842, 0.1266, 0.2599,  34.6514, 05 Nov 2017 19:57:27
