# 27.4980,  6.351126,  0.959,  0.1080,  0.2898,  40.6022,  02 Sep 2018 15:00:08
# 27.4907,  6.346832,  1.050,  0.1180,  0.2850,  40.5774,  02 Sep 2018 15:04:08
# 27.4697,  6.344088,  0.939,  0.1191,  0.2918,  40.5758,  02 Sep 2018 15:08:08
# 27.5222,  6.347606,  0.971,  0.1142,  0.2761,  40.5555,  02 Sep 2018 15:12:08
# 27.5083,  6.346612,  0.894,  0.1231,  0.2909,  40.5605,  02 Sep 2018 15:16:08
# 27.5169,  6.346882,  0.957,  0.1192,  0.3118,  40.5549,  02 Sep 2018 15:20:08
# 27.5064,  6.343725,  0.993,  0.1302,  0.2932,  40.5412,  02 Sep 2018 15:24:08
# 27.5512,  6.349474,  0.856,  0.1192,  0.3005,  40.5439,  02 Sep 2018 15:28:08
# 27.5716,  6.350762,  0.860,  0.1216,  0.2953,  40.5355,  02 Sep 2018 15:32:08
# 27.5651,  6.347908,  0.797,  0.1205,  0.3297,  40.5204,  02 Sep 2018 15:36:08
# 27.5803,  6.349322,  0.888,  0.1204,  0.3040,  40.5175,  02 Sep 2018 15:40:08
# 27.5626,  6.345483,  0.951,  0.1238,  0.3363,  40.5050,  02 Sep 2018 15:44:08
# 27.5609,  6.343303,  0.920,  0.1276,  0.3335,  40.4907,  02 Sep 2018 15:48:08
# 27.5806,  6.345188,  0.808,  0.1203,  0.3207,  40.4873,  02 Sep 2018 15:52:08
# 27.5872,  6.344616,  0.970,  0.1205,  0.2883,  40.4773,  02 Sep 2018 15:56:08
