# 24.8137,  5.14058,    0.989, 0.0864, 0.1612,  33.9072, 24 Dec 2017 12:03:16
# 24.8306,  5.14293,    0.980, 0.0863, 0.1596,  33.9119, 24 Dec 2017 12:07:16
# 24.8288,  5.14268,    0.987, 0.0864, 0.1753,  33.9115, 24 Dec 2017 12:11:16
# 24.8152,  5.14245,    0.999, 0.0902, 0.1767,  33.9199, 24 Dec 2017 12:15:16
# 24.8358,  5.14501,    0.978, 0.0851, 0.1672,  33.9234, 24 Dec 2017 12:19:16
# 24.8347,  5.14593,    0.958, 0.0886, 0.1565,  33.9311, 24 Dec 2017 12:23:16
# 24.8091,  5.14412,    0.974, 0.0900, 0.1636,  33.9369, 24 Dec 2017 12:27:16
# 24.8198,  5.14499,    0.977, 0.0887, 0.1803,  33.9353, 24 Dec 2017 12:31:16
# 24.8438,  5.14642,    0.931, 0.0887, 0.1634,  33.9278, 24 Dec 2017 12:35:16
# 24.8786,  5.14924,    0.948, 0.0838, 0.1804,  33.9226, 24 Dec 2017 12:39:16
# 24.8746,  5.14958,    0.926, 0.0861, 0.1595,  33.9281, 24 Dec 2017 12:43:16
# 24.8754,  5.15063,    0.939, 0.0853, 0.1574,  33.9353, 24 Dec 2017 12:47:16
# 24.9247,  5.15465,    0.908, 0.0827, 0.1469,  33.9279, 24 Dec 2017 12:51:16
# 24.9583,  5.15744,    0.912, 0.0875, 0.1505,  33.9233, 24 Dec 2017 12:55:16
# 24.9638,  5.15871,    0.903, 0.0836, 0.1528,  33.9285, 24 Dec 2017 12:59:16
