# 27.1863,  5.729656,  0.920,  0.0972,  0.2428,  36.3778,  31 Jul 2018 05:00:08
# 27.1750,  5.727210,  0.901,  0.1009,  0.3534,  36.3691,  31 Jul 2018 05:04:08
# 27.1720,  5.727596,  0.945,  0.1009,  0.3061,  36.3742,  31 Jul 2018 05:08:08
# 27.1775,  5.731177,  0.962,  0.0998,  0.2682,  36.3955,  31 Jul 2018 05:12:08
# 27.1732,  5.733623,  0.965,  0.0970,  0.2535,  36.4164,  31 Jul 2018 05:16:08
# 27.1700,  5.733470,  0.942,  0.0982,  0.2419,  36.4179,  31 Jul 2018 05:20:08
# 27.1696,  5.732939,  0.960,  0.0993,  0.2509,  36.4143,  31 Jul 2018 05:24:08
# 27.1639,  5.731724,  0.958,  0.1009,  0.2598,  36.4101,  31 Jul 2018 05:28:08
# 27.1586,  5.732046,  0.980,  0.0983,  0.2860,  36.4165,  31 Jul 2018 05:32:08
# 27.1696,  5.735378,  0.944,  0.1009,  0.2706,  36.4318,  31 Jul 2018 05:36:08
# 27.1634,  5.735048,  0.986,  0.0970,  0.2826,  36.4343,  31 Jul 2018 05:40:08
# 27.1552,  5.734879,  0.960,  0.0957,  0.2511,  36.4396,  31 Jul 2018 05:44:08
# 27.1456,  5.734871,  0.968,  0.0970,  0.3154,  36.4470,  31 Jul 2018 05:48:08
# 27.1446,  5.734340,  0.990,  0.1032,  0.2561,  36.4439,  31 Jul 2018 05:52:08
# 27.1473,  5.734646,  0.955,  0.1019,  0.2512,  36.4441,  31 Jul 2018 05:56:08
