# 27.0398,  5.460915,  0.879,  0.0884,  0.2586,  34.5694,  04 Jul 2018 14:00:08
# 27.1531,  5.472215,  0.819,  0.0848,  0.2703,  34.5656,  04 Jul 2018 14:04:08
# 27.1950,  5.475740,  0.848,  0.0831,  0.2547,  34.5596,  04 Jul 2018 14:08:08
# 27.1805,  5.474304,  0.829,  0.0909,  0.2716,  34.5602,  04 Jul 2018 14:12:08
# 27.1208,  5.468802,  0.806,  0.0847,  0.2682,  34.5654,  04 Jul 2018 14:16:08
# 27.0974,  5.467777,  0.803,  0.0847,  0.2599,  34.5755,  04 Jul 2018 14:20:08
# 27.1671,  5.474738,  0.843,  0.0871,  0.2490,  34.5732,  04 Jul 2018 14:24:08
# 27.2301,  5.482264,  0.836,  0.0958,  0.2611,  34.5799,  04 Jul 2018 14:28:08
# 27.2095,  5.479281,  0.839,  0.0895,  0.2574,  34.5740,  04 Jul 2018 14:32:08
# 27.2466,  5.483794,  0.798,  0.0882,  0.2757,  34.5785,  04 Jul 2018 14:36:08
# 27.2946,  5.490022,  0.805,  0.0860,  0.2813,  34.5871,  04 Jul 2018 14:40:08
# 27.3533,  5.495455,  0.860,  0.0858,  0.2523,  34.5821,  04 Jul 2018 14:44:08
# 27.3433,  5.493820,  0.812,  0.0898,  0.2547,  34.5779,  04 Jul 2018 14:48:08
# 27.3147,  5.490827,  0.852,  0.0958,  0.3053,  34.5779,  04 Jul 2018 14:52:08
# 27.2951,  5.488246,  0.861,  0.0869,  0.2427,  34.5741,  04 Jul 2018 14:56:08
