# 28.8927,  5.643413,  0.810,  0.1472,  0.2194,  34.4886,  14 Sep 2017 18:00:05
# 28.8955,  5.644093,  0.851,  0.1521,  0.2457,  34.4913,  14 Sep 2017 18:04:05
# 28.9047,  5.644548,  0.799,  0.1473,  0.2293,  34.4877,  14 Sep 2017 18:08:05
# 28.8924,  5.644029,  0.852,  0.1398,  0.2181,  34.4931,  14 Sep 2017 18:12:05
# 28.8860,  5.642526,  0.841,  0.1675,  0.2219,  34.4873,  14 Sep 2017 18:16:05
# 28.8805,  5.642455,  0.943,  0.1534,  0.2106,  34.4908,  14 Sep 2017 18:20:05
# 28.8773,  5.642039,  0.827,  0.1463,  0.2383,  34.4903,  14 Sep 2017 18:24:05
# 28.8760,  5.641208,  0.845,  0.1580,  0.2383,  34.4855,  14 Sep 2017 18:28:05
# 28.9007,  5.642622,  0.817,  0.1447,  0.2210,  34.4774,  14 Sep 2017 18:32:05
# 28.9007,  5.642063,  0.776,  0.1463,  0.2345,  34.4736,  14 Sep 2017 18:36:05
# 28.8563,  5.640545,  0.813,  0.1413,  0.2315,  34.4952,  14 Sep 2017 18:40:05
# 28.8549,  5.640058,  0.836,  0.1459,  0.2347,  34.4928,  14 Sep 2017 18:44:05
# 28.8572,  5.640481,  0.777,  0.1521,  0.2601,  34.4941,  14 Sep 2017 18:48:05
# 28.8481,  5.640202,  0.810,  0.1496,  0.2528,  34.4988,  14 Sep 2017 18:52:05
# 28.8915,  5.642846,  0.756,  0.1399,  0.2109,  34.4856,  14 Sep 2017 18:56:05
