# 26.9798,  5.443210,  0.859,  0.1070,  0.7208,  34.4878,  02 Sep 2017 05:00:05
# 26.9907,  5.444335,  0.912,  0.1106,  0.5211,  34.4877,  02 Sep 2017 05:04:05
# 26.9795,  5.444996,  0.841,  0.1045,  0.4811,  34.5008,  02 Sep 2017 05:08:05
# 26.9712,  5.443730,  0.915,  0.1035,  0.4047,  34.4979,  02 Sep 2017 05:12:05
# 26.9636,  5.441417,  0.740,  0.0998,  0.4367,  34.4871,  02 Sep 2017 05:16:05
# 26.9567,  5.440922,  0.781,  0.1058,  0.4500,  34.4887,  02 Sep 2017 05:20:05
# 26.9522,  5.440835,  0.826,  0.1031,  0.4244,  34.4914,  02 Sep 2017 05:24:05
# 26.9526,  5.439907,  0.932,  0.1083,  0.5728,  34.4845,  02 Sep 2017 05:28:05
# 26.9417,  5.439349,  0.814,  0.1070,  0.4063,  34.4886,  02 Sep 2017 05:32:05
# 26.9514,  5.439530,  0.855,  0.1070,  0.5713,  34.4827,  02 Sep 2017 05:36:05
# 26.9513,  5.438885,  0.774,  0.1057,  0.5234,  34.4782,  02 Sep 2017 05:40:05
# 26.9469,  5.439711,  0.830,  0.1060,  0.4171,  34.4873,  02 Sep 2017 05:44:05
# 26.9320,  5.437737,  0.767,  0.1045,  0.4521,  34.4843,  02 Sep 2017 05:48:05
# 26.9273,  5.437658,  0.883,  0.1035,  0.4584,  34.4872,  02 Sep 2017 05:52:05
# 26.9422,  5.436652,  0.958,  0.1083,  0.4206,  34.4689,  02 Sep 2017 05:56:05
