# 28.2134,  5.570863,  1.474,  0.1046,  0.2045,  34.4794,  17 Sep 2017 14:00:05
# 28.2357,  5.573390,  1.425,  0.0994,  0.2048,  34.4808,  17 Sep 2017 14:04:05
# 28.2579,  5.573835,  1.469,  0.0994,  0.2023,  34.4677,  17 Sep 2017 14:08:05
# 28.2606,  5.574343,  1.474,  0.1094,  0.2124,  34.4692,  17 Sep 2017 14:12:05
# 28.2779,  5.576148,  1.441,  0.1079,  0.2097,  34.4692,  17 Sep 2017 14:16:05
# 28.2718,  5.575003,  1.465,  0.1067,  0.2282,  34.4656,  17 Sep 2017 14:20:05
# 28.2818,  5.576561,  1.445,  0.1046,  0.2209,  34.4692,  17 Sep 2017 14:24:05
# 28.2778,  5.576243,  1.438,  0.1120,  0.2161,  34.4699,  17 Sep 2017 14:28:05
# 28.3097,  5.579081,  1.509,  0.1156,  0.2110,  34.4664,  17 Sep 2017 14:32:05
# 28.3129,  5.578230,  1.477,  0.1252,  0.2887,  34.4582,  17 Sep 2017 14:36:05
# 28.3067,  5.577698,  1.505,  0.1177,  0.2348,  34.4590,  17 Sep 2017 14:40:05
# 28.3246,  5.579065,  1.436,  0.1205,  0.2073,  34.4555,  17 Sep 2017 14:44:05
# 28.3414,  5.581204,  1.412,  0.1055,  0.2159,  34.4581,  17 Sep 2017 14:48:05
# 28.3166,  5.579049,  1.418,  0.1192,  0.2219,  34.4612,  17 Sep 2017 14:52:05
# 28.3509,  5.581951,  1.449,  0.1167,  0.2085,  34.4564,  17 Sep 2017 14:56:05
