# 24.9177,  5.14339,    0.863, 0.1109, 0.1633,  33.8500, 25 Dec 2017 19:03:16
# 24.8843,  5.13694,    0.870, 0.1099, 0.1576,  33.8273, 25 Dec 2017 19:07:16
# 24.8536,  5.13044,    0.856, 0.1099, 0.1660,  33.8022, 25 Dec 2017 19:11:16
# 24.8597,  5.13043,    0.885, 0.1122, 0.1647,  33.7976, 25 Dec 2017 19:15:16
# 24.8466,  5.12865,    0.874, 0.1100, 0.1584,  33.7942, 25 Dec 2017 19:19:16
# 24.8326,  5.12607,    0.882, 0.1098, 0.1536,  33.7856, 25 Dec 2017 19:23:16
# 24.8420,  5.12682,    0.902, 0.1111, 0.1624,  33.7842, 25 Dec 2017 19:27:16
# 24.8586,  5.12872,    0.903, 0.1084, 0.1585,  33.7858, 25 Dec 2017 19:31:16
# 24.8779,  5.13294,    0.906, 0.1098, 0.1635,  33.8025, 25 Dec 2017 19:35:16
# 24.8578,  5.13067,    0.897, 0.1109, 0.1707,  33.8008, 25 Dec 2017 19:39:16
# 24.8238,  5.12476,    0.908, 0.1110, 0.1444,  33.7825, 25 Dec 2017 19:43:16
# 24.8149,  5.11856,    0.928, 0.1110, 0.1658,  33.7433, 25 Dec 2017 19:47:16
# 24.7643,  5.11150,    0.921, 0.1146, 0.1549,  33.7288, 25 Dec 2017 19:51:16
# 24.7485,  5.10727,    0.911, 0.1159, 0.1560,  33.7093, 25 Dec 2017 19:55:16
# 24.7502,  5.10875,    0.919, 0.1096, 0.1505,  33.7190, 25 Dec 2017 19:59:16
