# 24.6224,  5.192998,  0.967,  0.1219,  0.1924,  34.4420,  03 May 2018 22:02:05
# 24.6512,  5.192203,  0.962,  0.1308,  0.1924,  34.4141,  03 May 2018 22:06:05
# 24.6380,  5.194632,  0.958,  0.1394,  0.1814,  34.4423,  03 May 2018 22:10:05
# 24.6471,  5.193421,  0.963,  0.1395,  0.1922,  34.4263,  03 May 2018 22:14:05
# 24.6522,  5.195017,  0.943,  0.1444,  0.2181,  34.4343,  03 May 2018 22:18:05
# 24.6370,  5.196027,  0.955,  0.1405,  0.1985,  34.4535,  03 May 2018 22:22:05
# 24.6312,  5.195989,  0.936,  0.1379,  0.1982,  34.4576,  03 May 2018 22:26:05
# 24.6516,  5.192866,  0.944,  0.1440,  0.2264,  34.4187,  03 May 2018 22:30:05
# 24.6248,  5.194485,  0.937,  0.1619,  0.2132,  34.4513,  03 May 2018 22:34:05
# 24.5908,  5.198349,  0.920,  0.1550,  0.2347,  34.5063,  03 May 2018 22:38:05
# 24.5624,  5.197771,  0.915,  0.1503,  0.2045,  34.5238,  03 May 2018 22:42:05
# 24.5798,  5.197370,  0.927,  0.1413,  0.2159,  34.5073,  03 May 2018 22:46:05
# 24.5717,  5.196907,  0.920,  0.1417,  0.2058,  34.5102,  03 May 2018 22:50:05
# 24.5952,  5.192127,  0.915,  0.1408,  0.2303,  34.4564,  03 May 2018 22:54:05
# 24.6094,  5.190647,  0.911,  0.1641,  0.2057,  34.4345,  03 May 2018 22:58:05
