# 27.1276,  5.436263,  1.209,  0.1255,  0.1844,  34.3289,  19 Sep 2017 04:00:05
# 27.1179,  5.431955,  1.200,  0.1194,  0.1805,  34.3054,  19 Sep 2017 04:04:05
# 27.1327,  5.428065,  1.118,  0.1305,  0.1854,  34.2669,  19 Sep 2017 04:08:05
# 27.1472,  5.439574,  1.185,  0.1167,  0.1878,  34.3380,  19 Sep 2017 04:12:05
# 27.1517,  5.442342,  1.171,  0.1215,  0.1902,  34.3543,  19 Sep 2017 04:16:05
# 27.1402,  5.443412,  1.214,  0.1129,  0.2315,  34.3704,  19 Sep 2017 04:20:05
# 27.1381,  5.445025,  1.201,  0.1119,  0.1926,  34.3834,  19 Sep 2017 04:24:05
# 27.1296,  5.444097,  1.200,  0.1059,  0.1879,  34.3831,  19 Sep 2017 04:28:05
# 27.1126,  5.441454,  1.174,  0.1070,  0.1707,  34.3768,  19 Sep 2017 04:32:05
# 27.1099,  5.440487,  1.212,  0.1034,  0.1879,  34.3720,  19 Sep 2017 04:36:05
# 27.0999,  5.438961,  1.254,  0.1031,  0.1791,  34.3685,  19 Sep 2017 04:40:05
# 27.0926,  5.436217,  1.158,  0.1046,  0.1865,  34.3544,  19 Sep 2017 04:44:05
# 27.0702,  5.433473,  1.233,  0.1083,  0.2065,  34.3514,  19 Sep 2017 04:48:05
# 27.0659,  5.432404,  1.232,  0.1056,  0.1927,  34.3470,  19 Sep 2017 04:52:05
# 27.1004,  5.438387,  1.198,  0.1157,  0.1891,  34.3641,  19 Sep 2017 04:56:05
