# 27.2879,  5.493355,  1.153,  0.0886,  0.2753,  34.6156,  20 Jul 2018 13:00:08
# 27.2756,  5.492329,  1.073,  0.0922,  0.3080,  34.6175,  20 Jul 2018 13:04:08
# 27.2951,  5.494603,  1.162,  0.0858,  0.2607,  34.6191,  20 Jul 2018 13:08:08
# 27.2984,  5.495338,  1.146,  0.0872,  0.3027,  34.6219,  20 Jul 2018 13:12:08
# 27.2920,  5.494343,  1.143,  0.0905,  0.3053,  34.6196,  20 Jul 2018 13:16:08
# 27.2695,  5.491492,  1.145,  0.0934,  0.2906,  34.6160,  20 Jul 2018 13:20:08
# 27.2912,  5.493237,  1.066,  0.0920,  0.2897,  34.6124,  20 Jul 2018 13:24:08
# 27.3135,  5.496080,  1.126,  0.0880,  0.2537,  34.6160,  20 Jul 2018 13:28:08
# 27.3569,  5.501476,  1.080,  0.0922,  0.3129,  34.6220,  20 Jul 2018 13:32:08
# 27.3756,  5.503618,  1.158,  0.0887,  0.2896,  34.6233,  20 Jul 2018 13:36:08
# 27.3874,  5.505057,  1.158,  0.0906,  0.2691,  34.6248,  20 Jul 2018 13:40:08
# 27.3796,  5.504053,  1.062,  0.0872,  0.2763,  34.6235,  20 Jul 2018 13:44:08
# 27.3574,  5.501698,  1.136,  0.0897,  0.2884,  34.6232,  20 Jul 2018 13:48:08
# 27.3786,  5.504179,  1.097,  0.0894,  0.2776,  34.6251,  20 Jul 2018 13:52:08
# 27.3516,  5.500670,  1.155,  0.0869,  0.3062,  34.6202,  20 Jul 2018 13:56:08
