# 26.2067,  5.363980,  1.065,  0.1034,  0.6086,  34.4959,  15 May 2018 15:03:04
# 26.2023,  5.362112,  1.097,  0.1035,  0.3919,  34.4857,  15 May 2018 15:07:04
# 26.2010,  5.361776,  1.099,  0.1009,  0.3538,  34.4842,  15 May 2018 15:11:04
# 26.1939,  5.361698,  1.108,  0.0998,  0.3040,  34.4890,  15 May 2018 15:15:04
# 26.1633,  5.358792,  1.097,  0.1022,  0.3475,  34.4909,  15 May 2018 15:19:04
# 26.1136,  5.354863,  1.116,  0.1021,  0.3281,  34.4998,  15 May 2018 15:23:04
# 26.0678,  5.351131,  1.116,  0.1045,  0.3291,  34.5072,  15 May 2018 15:27:04
# 26.0682,  5.350717,  1.086,  0.1122,  0.8487,  34.5039,  15 May 2018 15:31:04
# 26.0859,  5.351630,  1.110,  0.1081,  0.4581,  34.4972,  15 May 2018 15:35:04
# 26.0995,  5.352973,  1.124,  0.1073,  0.3545,  34.4967,  15 May 2018 15:39:04
# 26.1050,  5.353621,  1.131,  0.1034,  0.3363,  34.4973,  15 May 2018 15:43:04
# 26.1057,  5.353934,  1.125,  0.1070,  0.4115,  34.4990,  15 May 2018 15:47:04
# 26.1210,  5.355566,  1.136,  0.1022,  0.3870,  34.4993,  15 May 2018 15:51:04
# 26.0967,  5.353574,  1.124,  0.1093,  0.4372,  34.5032,  15 May 2018 15:55:04
# 26.1070,  5.354144,  1.139,  0.1045,  0.3756,  34.4996,  15 May 2018 15:59:04
