# 26.8133,  5.437283,  1.106,  0.1031,  0.2477,  34.5693,  04 Jul 2018 21:00:08
# 26.8201,  5.435718,  1.100,  0.1156,  0.2512,  34.5531,  04 Jul 2018 21:04:08
# 26.7883,  5.432653,  1.090,  0.1134,  0.2322,  34.5548,  04 Jul 2018 21:08:08
# 26.8564,  5.435843,  1.110,  0.1182,  0.2367,  34.5269,  04 Jul 2018 21:12:08
# 26.9133,  5.440128,  1.098,  0.1328,  0.2238,  34.5152,  04 Jul 2018 21:16:08
# 26.8893,  5.439114,  1.115,  0.1104,  0.2094,  34.5258,  04 Jul 2018 21:20:08
# 26.8369,  5.436009,  1.106,  0.1144,  0.2228,  34.5426,  04 Jul 2018 21:24:08
# 26.7941,  5.434076,  1.112,  0.1082,  0.2417,  34.5607,  04 Jul 2018 21:28:08
# 26.7888,  5.433242,  1.109,  0.1096,  0.2129,  34.5587,  04 Jul 2018 21:32:08
# 26.7592,  5.431184,  1.107,  0.1035,  0.2301,  34.5660,  04 Jul 2018 21:36:08
# 26.7416,  5.429494,  1.113,  0.1046,  0.2277,  34.5670,  04 Jul 2018 21:40:08
# 26.7248,  5.427687,  1.109,  0.1057,  0.2467,  34.5667,  04 Jul 2018 21:44:08
# 26.7237,  5.427177,  1.106,  0.1083,  0.2380,  34.5638,  04 Jul 2018 21:48:08
# 26.7645,  5.430068,  1.111,  0.1131,  0.2406,  34.5541,  04 Jul 2018 21:52:08
# 26.7638,  5.429934,  1.098,  0.1096,  0.2451,  34.5537,  04 Jul 2018 21:56:08
