# 23.6957,  5.125855,  1.060,  0.1160,  0.3403,  34.6539,  14 Feb 2018 02:01:23
# 23.6890,  5.125886,  1.062,  0.1161,  0.4710,  34.6594,  14 Feb 2018 02:05:23
# 23.6814,  5.125411,  1.074,  0.1099,  0.4035,  34.6617,  14 Feb 2018 02:09:23
# 23.6806,  5.124721,  1.074,  0.1086,  0.3747,  34.6571,  14 Feb 2018 02:13:23
# 23.6848,  5.123748,  1.079,  0.1109,  0.3709,  34.6464,  14 Feb 2018 02:17:23
# 23.6870,  5.123947,  1.081,  0.1170,  0.3612,  34.6462,  14 Feb 2018 02:21:23
# 23.6839,  5.125196,  1.076,  0.1063,  0.3270,  34.6581,  14 Feb 2018 02:25:23
# 23.6845,  5.125434,  1.085,  0.1122,  0.3293,  34.6594,  14 Feb 2018 02:29:23
# 23.6889,  5.121594,  1.090,  0.1125,  0.3220,  34.6269,  14 Feb 2018 02:33:23
# 23.6986,  5.119449,  1.094,  0.1089,  0.3055,  34.6030,  14 Feb 2018 02:37:23
# 23.6924,  5.123219,  1.102,  0.1124,  0.3331,  34.6365,  14 Feb 2018 02:41:23
# 23.6937,  5.123004,  1.102,  0.1110,  0.3624,  34.6338,  14 Feb 2018 02:45:23
# 23.6964,  5.123280,  1.108,  0.1049,  0.3031,  34.6338,  14 Feb 2018 02:49:23
# 23.6961,  5.123472,  1.111,  0.1112,  0.3185,  34.6355,  14 Feb 2018 02:53:23
# 23.7116,  5.119579,  1.118,  0.1135,  0.2995,  34.5938,  14 Feb 2018 02:57:23
