# 25.1042,  5.16779,    1.156, 0.1025, 0.2648,  33.8902, 18 Dec 2017 02:03:16
# 25.0692,  5.15982,    1.173, 0.1035, 0.2023,  33.8576, 18 Dec 2017 02:07:16
# 25.0876,  5.16290,    1.189, 0.1012, 0.2120,  33.8665, 18 Dec 2017 02:11:16
# 25.0905,  5.16277,    1.194, 0.0975, 0.1973,  33.8634, 18 Dec 2017 02:15:16
# 25.0922,  5.16375,    1.197, 0.1011, 0.2160,  33.8694, 18 Dec 2017 02:19:16
# 25.1064,  5.16725,    1.200, 0.0998, 0.2233,  33.8846, 18 Dec 2017 02:23:16
# 25.0956,  5.16701,    1.202, 0.0974, 0.2058,  33.8909, 18 Dec 2017 02:27:16
# 25.1030,  5.16785,    1.218, 0.0972, 0.1926,  33.8915, 18 Dec 2017 02:31:16
# 25.0852,  5.16481,    1.217, 0.0964, 0.2023,  33.8824, 18 Dec 2017 02:35:16
# 25.1323,  5.17305,    1.229, 0.1000, 0.2208,  33.9079, 18 Dec 2017 02:39:16
# 25.1398,  5.17768,    1.228, 0.0973, 0.2158,  33.9363, 18 Dec 2017 02:43:16
# 25.0467,  5.16400,    1.235, 0.1025, 0.1682,  33.9053, 18 Dec 2017 02:47:16
# 25.0706,  5.16411,    1.243, 0.0998, 0.2048,  33.8882, 18 Dec 2017 02:51:16
# 25.0831,  5.16735,    1.246, 0.0986, 0.4329,  33.9027, 18 Dec 2017 02:55:16
# 25.0702,  5.16595,    1.260, 0.0959, 0.1852,  33.9021, 18 Dec 2017 02:59:16
