# 25.8177,  5.308618,  0.719,  0.1245,  0.2086,  34.3864,  21 Nov 2017 23:02:57
# 25.8082,  5.307786,  0.720,  0.1245,  0.1793,  34.3876,  21 Nov 2017 23:06:57
# 25.8043,  5.307669,  0.720,  0.1230,  0.1974,  34.3896,  21 Nov 2017 23:10:57
# 25.7868,  5.304628,  0.715,  0.1196,  0.2733,  34.3807,  21 Nov 2017 23:14:57
# 25.7177,  5.288932,  0.717,  0.1293,  0.2457,  34.3182,  21 Nov 2017 23:18:57
# 25.6542,  5.272015,  0.717,  0.1550,  0.2060,  34.2424,  21 Nov 2017 23:22:57
# 25.6756,  5.274754,  0.717,  0.1440,  0.2051,  34.2463,  21 Nov 2017 23:26:57
# 25.6998,  5.280218,  0.716,  0.1382,  0.2012,  34.2681,  21 Nov 2017 23:30:57
# 25.7241,  5.285382,  0.716,  0.1355,  0.1975,  34.2875,  21 Nov 2017 23:34:57
# 25.7559,  5.292553,  0.715,  0.1304,  0.2098,  34.3159,  21 Nov 2017 23:38:57
# 25.7014,  5.278495,  0.717,  0.1208,  0.2258,  34.2543,  21 Nov 2017 23:42:57
# 25.6978,  5.277043,  0.716,  0.1342,  0.1878,  34.2463,  21 Nov 2017 23:46:57
# 25.6921,  5.276415,  0.720,  0.1266,  0.1840,  34.2461,  21 Nov 2017 23:50:57
# 25.6821,  5.272581,  0.721,  0.1293,  0.1942,  34.2256,  21 Nov 2017 23:54:57
# 25.6736,  5.271162,  0.721,  0.1466,  0.1865,  34.2216,  21 Nov 2017 23:58:57
