# 25.4776,  5.285596,  0.946,  0.1035,  0.2787,  34.4750,  22 May 2018 11:03:04
# 25.4613,  5.284136,  0.949,  0.0961,  0.2405,  34.4766,  22 May 2018 11:07:04
# 25.4287,  5.281613,  0.949,  0.0986,  0.2848,  34.4828,  22 May 2018 11:11:04
# 25.4340,  5.282048,  0.958,  0.0926,  0.4432,  34.4820,  22 May 2018 11:15:04
# 25.4628,  5.284020,  0.955,  0.0949,  0.3006,  34.4746,  22 May 2018 11:19:04
# 25.4654,  5.283957,  0.927,  0.0974,  0.2673,  34.4722,  22 May 2018 11:23:04
# 25.5448,  5.289386,  0.921,  0.0974,  0.2827,  34.4519,  22 May 2018 11:27:04
# 25.5774,  5.292128,  0.960,  0.1025,  0.2743,  34.4472,  22 May 2018 11:31:04
# 25.5081,  5.288415,  0.957,  0.0975,  0.2670,  34.4725,  22 May 2018 11:35:04
# 25.5104,  5.288975,  0.952,  0.0932,  0.2552,  34.4749,  22 May 2018 11:39:04
# 25.5412,  5.292673,  0.954,  0.0923,  0.2551,  34.4787,  22 May 2018 11:43:04
# 25.5311,  5.291445,  0.960,  0.0972,  0.2838,  34.4773,  22 May 2018 11:47:04
# 25.5492,  5.293442,  0.974,  0.0948,  0.2516,  34.4782,  22 May 2018 11:51:04
# 25.5394,  5.293652,  0.975,  0.0951,  0.2514,  34.4872,  22 May 2018 11:55:04
# 25.5732,  5.295338,  0.979,  0.0933,  0.2624,  34.4739,  22 May 2018 11:59:04
