# 27.4481,  5.507570,  0.957,  0.1316,  0.2213,  34.5976,  26 Jul 2018 20:00:08
# 27.4405,  5.507151,  0.962,  0.1398,  0.2278,  34.6003,  26 Jul 2018 20:04:08
# 27.4339,  5.507183,  0.974,  0.1326,  0.2489,  34.6054,  26 Jul 2018 20:08:08
# 27.4229,  5.506669,  0.939,  0.1290,  0.2174,  34.6100,  26 Jul 2018 20:12:08
# 27.3925,  5.505681,  0.962,  0.1192,  0.2284,  34.6255,  26 Jul 2018 20:16:08
# 27.3930,  5.505317,  0.924,  0.1192,  0.2474,  34.6226,  26 Jul 2018 20:20:08
# 27.3972,  5.505926,  0.932,  0.1315,  0.2345,  34.6237,  26 Jul 2018 20:24:08
# 27.3866,  5.505009,  0.926,  0.1253,  0.2537,  34.6251,  26 Jul 2018 20:28:08
# 27.4110,  5.505072,  0.918,  0.1302,  0.2191,  34.6074,  26 Jul 2018 20:32:08
# 27.3960,  5.505064,  0.929,  0.1304,  0.2490,  34.6185,  26 Jul 2018 20:36:08
# 27.3854,  5.504290,  0.915,  0.1179,  0.2426,  34.6209,  26 Jul 2018 20:40:08
# 27.3961,  5.502969,  0.889,  0.1155,  0.2020,  34.6036,  26 Jul 2018 20:44:08
# 27.3909,  5.503444,  0.892,  0.1191,  0.2429,  34.6108,  26 Jul 2018 20:48:08
# 27.3613,  5.501800,  0.877,  0.1084,  0.2251,  34.6212,  26 Jul 2018 20:52:08
# 27.3482,  5.501271,  0.861,  0.1168,  0.2354,  34.6271,  26 Jul 2018 20:56:08
