# 25.4774,  5.245273,  0.926,  0.1096,  0.2086,  34.1795,  03 Dec 2017 17:02:57
# 25.4592,  5.239159,  0.926,  0.1083,  0.2022,  34.1484,  03 Dec 2017 17:06:57
# 25.4539,  5.239267,  0.912,  0.1081,  0.2048,  34.1532,  03 Dec 2017 17:10:57
# 25.4280,  5.233760,  0.881,  0.1134,  0.2121,  34.1323,  03 Dec 2017 17:14:57
# 25.3990,  5.226052,  0.891,  0.1119,  0.1923,  34.0975,  03 Dec 2017 17:18:57
# 25.3874,  5.226863,  0.851,  0.1085,  0.2036,  34.1123,  03 Dec 2017 17:22:57
# 25.3743,  5.217924,  0.887,  0.1184,  0.2000,  34.0564,  03 Dec 2017 17:26:57
# 25.4003,  5.221376,  0.878,  0.1173,  0.1851,  34.0623,  03 Dec 2017 17:30:57
# 25.3839,  5.217607,  0.838,  0.1220,  0.2033,  34.0470,  03 Dec 2017 17:34:57
# 25.4402,  5.230303,  0.864,  0.1221,  0.2302,  34.0978,  03 Dec 2017 17:38:57
# 25.4286,  5.232955,  0.836,  0.1182,  0.2469,  34.1260,  03 Dec 2017 17:42:57
# 25.4316,  5.239244,  0.852,  0.1147,  0.2193,  34.1698,  03 Dec 2017 17:46:57
# 25.4197,  5.240135,  0.851,  0.1221,  0.2087,  34.1853,  03 Dec 2017 17:50:57
# 25.3587,  5.223633,  0.829,  0.1208,  0.1948,  34.1101,  03 Dec 2017 17:54:57
# 25.3981,  5.234394,  0.836,  0.1147,  0.2507,  34.1594,  03 Dec 2017 17:58:57
