# 26.7336,  5.412775,  0.722,  0.1005,  0.2080,  34.4534,  22 Jun 2018 05:00:08
# 26.7131,  5.408876,  0.710,  0.0997,  0.2044,  34.4407,  22 Jun 2018 05:04:08
# 26.7035,  5.408546,  0.710,  0.1021,  0.2107,  34.4455,  22 Jun 2018 05:08:08
# 26.6955,  5.403989,  0.701,  0.0980,  0.1996,  34.4188,  22 Jun 2018 05:12:08
# 26.6807,  5.398360,  0.739,  0.0998,  0.1873,  34.3895,  22 Jun 2018 05:16:08
# 26.6720,  5.396996,  0.705,  0.0995,  0.1962,  34.3862,  22 Jun 2018 05:20:08
# 26.6881,  5.403613,  0.714,  0.1057,  0.2070,  34.4216,  22 Jun 2018 05:24:08
# 26.6672,  5.406241,  0.711,  0.1083,  0.2190,  34.4560,  22 Jun 2018 05:28:08
# 26.6604,  5.405072,  0.692,  0.1019,  0.1958,  34.4527,  22 Jun 2018 05:32:08
# 26.6427,  5.389475,  0.701,  0.1081,  0.1860,  34.3540,  22 Jun 2018 05:36:08
# 26.6490,  5.383961,  0.701,  0.1106,  0.1936,  34.3098,  22 Jun 2018 05:40:08
# 26.6493,  5.393204,  0.698,  0.1082,  0.2192,  34.3758,  22 Jun 2018 05:44:08
# 26.6383,  5.395602,  0.695,  0.1058,  0.2277,  34.4012,  22 Jun 2018 05:48:08
# 26.6267,  5.394708,  0.691,  0.0996,  0.2023,  34.4035,  22 Jun 2018 05:52:08
# 26.6183,  5.395453,  0.700,  0.1008,  0.1984,  34.4150,  22 Jun 2018 05:56:08
