# 25.0878,  5.19896,    0.815, 0.1354, 0.2086,  34.1324, 10 Jan 2018 16:03:16
# 25.1099,  5.19602,    0.815, 0.1450, 0.1974,  34.0941, 10 Jan 2018 16:07:16
# 25.1077,  5.19621,    0.813, 0.1444, 0.1985,  34.0972, 10 Jan 2018 16:11:16
# 25.1064,  5.19282,    0.803, 0.1479, 0.1830,  34.0731, 10 Jan 2018 16:15:16
# 25.0922,  5.19338,    0.801, 0.1618, 0.2013,  34.0879, 10 Jan 2018 16:19:16
# 25.0898,  5.19290,    0.783, 0.1621, 0.2206,  34.0862, 10 Jan 2018 16:23:16
# 25.0835,  5.19366,    0.806, 0.1512, 0.1939,  34.0966, 10 Jan 2018 16:27:16
# 25.0890,  5.19069,    0.801, 0.1464, 0.2625,  34.0705, 10 Jan 2018 16:31:16
# 25.0924,  5.18935,    0.780, 0.1563, 0.1986,  34.0581, 10 Jan 2018 16:35:16
# 25.0905,  5.18921,    0.787, 0.1478, 0.2010,  34.0584, 10 Jan 2018 16:39:16
# 25.0842,  5.19191,    0.775, 0.1429, 0.2033,  34.0831, 10 Jan 2018 16:43:16
# 25.0804,  5.18981,    0.770, 0.1380, 0.1830,  34.0705, 10 Jan 2018 16:47:16
# 25.0670,  5.19327,    0.789, 0.1425, 0.2047,  34.1061, 10 Jan 2018 16:51:16
# 25.0612,  5.18968,    0.781, 0.1418, 0.1816,  34.0840, 10 Jan 2018 16:55:16
# 25.0630,  5.18686,    0.771, 0.1431, 0.1779,  34.0618, 10 Jan 2018 16:59:16
