# 25.6888,  5.295406,  0.724,  0.0859,  0.1960,  34.3872,  12 May 2018 10:03:04
# 25.7248,  5.297707,  0.735,  0.0835,  0.1825,  34.3769,  12 May 2018 10:07:04
# 25.7624,  5.293617,  0.749,  0.0910,  0.1898,  34.3187,  12 May 2018 10:11:04
# 25.7202,  5.292818,  0.760,  0.0948,  0.2932,  34.3446,  12 May 2018 10:15:04
# 25.6972,  5.293626,  0.748,  0.0874,  0.2191,  34.3679,  12 May 2018 10:19:04
# 25.6910,  5.294365,  0.766,  0.0861,  0.2056,  34.3779,  12 May 2018 10:23:04
# 25.7311,  5.295818,  0.759,  0.0862,  0.1935,  34.3583,  12 May 2018 10:27:04
# 25.7392,  5.294605,  0.751,  0.0887,  0.1897,  34.3434,  12 May 2018 10:31:04
# 25.6880,  5.293805,  0.783,  0.0911,  0.2068,  34.3761,  12 May 2018 10:35:04
# 25.6655,  5.294987,  0.790,  0.0874,  0.2071,  34.4017,  12 May 2018 10:39:04
# 25.7219,  5.297645,  0.785,  0.0847,  0.1972,  34.3786,  12 May 2018 10:43:04
# 25.7525,  5.300692,  0.797,  0.0837,  0.1752,  34.3778,  12 May 2018 10:47:04
# 25.8007,  5.304503,  0.800,  0.0810,  0.1839,  34.3693,  12 May 2018 10:51:04
# 25.8764,  5.304152,  0.811,  0.0847,  0.2193,  34.3098,  12 May 2018 10:55:04
# 25.9308,  5.305955,  0.815,  0.0825,  0.1875,  34.2821,  12 May 2018 10:59:04
