# 27.2476,  5.460982,  0.837,  0.1141,  0.1995,  34.4159,  25 Jun 2018 21:00:08
# 27.2438,  5.463267,  0.824,  0.1182,  0.2090,  34.4350,  25 Jun 2018 21:04:08
# 27.2375,  5.463322,  0.828,  0.1182,  0.1909,  34.4400,  25 Jun 2018 21:08:08
# 27.2188,  5.460778,  0.828,  0.1218,  0.2056,  34.4357,  25 Jun 2018 21:12:08
# 27.2219,  5.461061,  0.823,  0.1178,  0.1980,  34.4355,  25 Jun 2018 21:16:08
# 27.2134,  5.458690,  0.819,  0.1205,  0.2081,  34.4249,  25 Jun 2018 21:20:08
# 27.2012,  5.459762,  0.815,  0.1191,  0.2092,  34.4415,  25 Jun 2018 21:24:08
# 27.1798,  5.458494,  0.801,  0.1104,  0.2129,  34.4484,  25 Jun 2018 21:28:08
# 27.1796,  5.455564,  0.811,  0.1181,  0.2276,  34.4278,  25 Jun 2018 21:32:08
# 27.1579,  5.453659,  0.800,  0.1106,  0.2068,  34.4302,  25 Jun 2018 21:36:08
# 27.1805,  5.459951,  0.800,  0.1093,  0.2210,  34.4582,  25 Jun 2018 21:40:08
# 27.1717,  5.456265,  0.797,  0.1118,  0.2030,  34.4386,  25 Jun 2018 21:44:08
# 27.1560,  5.453069,  0.798,  0.1182,  0.2142,  34.4274,  25 Jun 2018 21:48:08
# 27.1482,  5.454777,  0.774,  0.1095,  0.2439,  34.4453,  25 Jun 2018 21:52:08
# 27.1335,  5.453817,  0.818,  0.1081,  0.2620,  34.4494,  25 Jun 2018 21:56:08
