# 27.0252,  5.457331,  1.066,  0.1134,  0.4718,  34.5547,  15 Jul 2018 22:00:08
# 27.0145,  5.456622,  0.981,  0.1106,  0.3994,  34.5576,  15 Jul 2018 22:04:08
# 27.0132,  5.456134,  0.989,  0.1105,  0.3560,  34.5551,  15 Jul 2018 22:08:08
# 27.0423,  5.454874,  0.998,  0.1253,  0.3584,  34.5245,  15 Jul 2018 22:12:08
# 27.0268,  5.457000,  0.944,  0.1131,  0.3996,  34.5511,  15 Jul 2018 22:16:08
# 27.0253,  5.458402,  0.981,  0.1107,  0.4424,  34.5623,  15 Jul 2018 22:20:08
# 27.0295,  5.459174,  0.937,  0.1158,  0.3954,  34.5647,  15 Jul 2018 22:24:08
# 27.0315,  5.459426,  0.968,  0.1121,  0.3458,  34.5650,  15 Jul 2018 22:28:08
# 27.0324,  5.459198,  0.977,  0.1105,  0.3371,  34.5626,  15 Jul 2018 22:32:08
# 27.0330,  5.458552,  0.945,  0.1131,  0.3507,  34.5576,  15 Jul 2018 22:36:08
# 27.0273,  5.457827,  0.993,  0.1131,  0.3778,  34.5567,  15 Jul 2018 22:40:08
# 27.0204,  5.456811,  0.944,  0.1120,  0.3531,  34.5546,  15 Jul 2018 22:44:08
# 27.0196,  5.456008,  0.954,  0.1155,  0.3460,  34.5495,  15 Jul 2018 22:48:08
# 27.0152,  5.456205,  0.947,  0.1160,  0.3980,  34.5541,  15 Jul 2018 22:52:08
# 26.9878,  5.454835,  0.904,  0.1121,  0.3264,  34.5647,  15 Jul 2018 22:56:08
