# 26.8331,  5.415709,  0.868,  0.1204,  0.3352,  34.4004,  14 Jun 2018 22:03:04
# 26.8085,  5.412578,  0.868,  0.1241,  0.3083,  34.3963,  14 Jun 2018 22:07:04
# 26.8203,  5.414006,  0.881,  0.1131,  0.3025,  34.3977,  14 Jun 2018 22:11:04
# 26.8033,  5.412554,  0.854,  0.1192,  0.4115,  34.3999,  14 Jun 2018 22:15:04
# 26.7834,  5.410475,  0.838,  0.1180,  0.2969,  34.3999,  14 Jun 2018 22:19:04
# 26.8078,  5.410467,  0.817,  0.1230,  0.2884,  34.3817,  14 Jun 2018 22:23:04
# 26.7901,  5.409643,  0.828,  0.1208,  0.2921,  34.3890,  14 Jun 2018 22:27:04
# 26.7403,  5.405510,  0.819,  0.1207,  0.2944,  34.3963,  14 Jun 2018 22:31:04
# 26.7347,  5.404867,  0.831,  0.1205,  0.3594,  34.3959,  14 Jun 2018 22:35:04
# 26.7484,  5.404482,  0.839,  0.1205,  0.3118,  34.3830,  14 Jun 2018 22:39:04
# 26.7346,  5.403863,  0.796,  0.1180,  0.3460,  34.3888,  14 Jun 2018 22:43:04
# 26.6611,  5.399811,  0.778,  0.1144,  0.2944,  34.4144,  14 Jun 2018 22:47:04
# 26.7436,  5.402146,  0.831,  0.1266,  0.2776,  34.3698,  14 Jun 2018 22:51:04
# 26.7014,  5.399426,  0.797,  0.1256,  0.3288,  34.3817,  14 Jun 2018 22:55:04
# 26.6269,  5.396056,  0.813,  0.1156,  0.3422,  34.4129,  14 Jun 2018 22:59:04
