# 26.1561,  5.341020,  0.774,  0.1368,  0.2921,  34.3678,  18 May 2018 00:03:04
# 26.1438,  5.342995,  0.797,  0.1366,  0.2886,  34.3913,  18 May 2018 00:07:04
# 26.1369,  5.340287,  0.804,  0.1331,  0.2802,  34.3768,  18 May 2018 00:11:04
# 26.1334,  5.340490,  0.806,  0.1304,  0.2887,  34.3810,  18 May 2018 00:15:04
# 26.1560,  5.338883,  0.771,  0.1294,  0.2705,  34.3524,  18 May 2018 00:19:04
# 26.1510,  5.341434,  0.751,  0.1315,  0.2358,  34.3746,  18 May 2018 00:23:04
# 26.1067,  5.341716,  0.750,  0.1218,  0.3096,  34.4098,  18 May 2018 00:27:04
# 26.1165,  5.336575,  0.767,  0.1292,  0.3596,  34.3652,  18 May 2018 00:31:04
# 26.1387,  5.337487,  0.759,  0.1319,  0.2548,  34.3553,  18 May 2018 00:35:04
# 26.1444,  5.337783,  0.748,  0.1391,  0.2562,  34.3531,  18 May 2018 00:39:04
# 26.1122,  5.338540,  0.757,  0.1241,  0.2669,  34.3827,  18 May 2018 00:43:04
# 26.0831,  5.338104,  0.743,  0.1268,  0.3402,  34.4013,  18 May 2018 00:47:04
# 26.0951,  5.340460,  0.735,  0.1229,  0.3436,  34.4094,  18 May 2018 00:51:04
# 26.1084,  5.338767,  0.747,  0.1244,  0.2969,  34.3872,  18 May 2018 00:55:04
# 26.1072,  5.340686,  0.728,  0.1207,  0.3291,  34.4020,  18 May 2018 00:59:04
