# 26.4362,  5.376819,  0.945,  0.1009,  0.3461,  34.4168,  14 Jun 2018 04:03:04
# 26.4575,  5.376513,  0.912,  0.1009,  0.3017,  34.3987,  14 Jun 2018 04:07:04
# 26.4817,  5.377217,  0.951,  0.1063,  0.3167,  34.3857,  14 Jun 2018 04:11:04
# 26.4668,  5.377851,  0.941,  0.1033,  0.2622,  34.4014,  14 Jun 2018 04:15:04
# 26.4572,  5.377710,  0.914,  0.1008,  0.2852,  34.4076,  14 Jun 2018 04:19:04
# 26.4355,  5.378485,  0.943,  0.0972,  0.3133,  34.4293,  14 Jun 2018 04:23:04
# 26.4387,  5.378188,  0.952,  0.0970,  0.2488,  34.4248,  14 Jun 2018 04:27:04
# 26.4361,  5.377499,  0.965,  0.0958,  0.2681,  34.4218,  14 Jun 2018 04:31:04
# 26.4360,  5.377554,  0.959,  0.0948,  0.2790,  34.4223,  14 Jun 2018 04:35:04
# 26.4168,  5.378134,  0.919,  0.0934,  0.2621,  34.4408,  14 Jun 2018 04:39:04
# 26.4101,  5.377257,  0.950,  0.0948,  0.2731,  34.4394,  14 Jun 2018 04:43:04
# 26.4117,  5.376749,  0.934,  0.0961,  0.2547,  34.4346,  14 Jun 2018 04:47:04
# 26.4230,  5.375974,  0.957,  0.1061,  0.4496,  34.4205,  14 Jun 2018 04:51:04
# 26.4234,  5.375989,  0.974,  0.0984,  0.3361,  34.4204,  14 Jun 2018 04:55:04
# 26.4332,  5.376287,  0.956,  0.1021,  0.3374,  34.4152,  14 Jun 2018 04:59:04
