# 26.9543,  6.166171,  1.096,  0.0909,  0.2232,  39.7261,  04 Sep 2018 08:00:08
# 26.9509,  6.166004,  1.083,  0.0960,  0.2368,  39.7278,  04 Sep 2018 08:04:08
# 26.9599,  6.166669,  1.090,  0.0968,  0.2741,  39.7249,  04 Sep 2018 08:08:08
# 26.9592,  6.169387,  1.079,  0.0985,  0.2158,  39.7454,  04 Sep 2018 08:12:08
# 26.9487,  6.171325,  1.049,  0.0981,  0.2368,  39.7687,  04 Sep 2018 08:16:08
# 26.9503,  6.172879,  1.049,  0.0983,  0.2332,  39.7786,  04 Sep 2018 08:20:08
# 26.9756,  6.172147,  1.107,  0.0956,  0.2477,  39.7515,  04 Sep 2018 08:24:08
# 26.9909,  6.172879,  1.081,  0.0958,  0.2119,  39.7436,  04 Sep 2018 08:28:08
# 26.9976,  6.173577,  1.107,  0.0982,  0.2119,  39.7430,  04 Sep 2018 08:32:08
# 26.9944,  6.175531,  1.116,  0.0918,  0.2166,  39.7600,  04 Sep 2018 08:36:08
# 27.0118,  6.177402,  0.988,  0.0948,  0.2142,  39.7587,  04 Sep 2018 08:40:08
# 27.0245,  6.180014,  1.157,  0.0922,  0.2278,  39.7669,  04 Sep 2018 08:44:08
# 27.0293,  6.179931,  1.102,  0.0970,  0.2289,  39.7621,  04 Sep 2018 08:48:08
# 27.0234,  6.180181,  1.156,  0.0946,  0.2142,  39.7690,  04 Sep 2018 08:52:08
# 27.0286,  6.181678,  1.169,  0.0958,  0.2992,  39.7754,  04 Sep 2018 08:56:08
