# 27.3378,  5.473647,  1.312,  0.1179,  0.2688,  34.4390,  08 Sep 2017 05:00:05
# 27.3313,  5.473513,  1.173,  0.1117,  0.2469,  34.4429,  08 Sep 2017 05:04:05
# 27.3380,  5.473253,  1.243,  0.1142,  0.2577,  34.4360,  08 Sep 2017 05:08:05
# 27.3376,  5.473143,  1.325,  0.1154,  0.3088,  34.4356,  08 Sep 2017 05:12:05
# 27.3364,  5.471960,  1.304,  0.1144,  0.2661,  34.4281,  08 Sep 2017 05:16:05
# 27.3305,  5.472496,  1.337,  0.1134,  0.2566,  34.4362,  08 Sep 2017 05:20:05
# 27.3201,  5.474129,  1.299,  0.1095,  0.2482,  34.4554,  08 Sep 2017 05:24:05
# 27.3127,  5.473829,  1.294,  0.1133,  0.2808,  34.4588,  08 Sep 2017 05:28:05
# 27.3020,  5.472047,  1.224,  0.1144,  0.2603,  34.4541,  08 Sep 2017 05:32:05
# 27.2932,  5.471022,  1.119,  0.1168,  0.2950,  34.4534,  08 Sep 2017 05:36:05
# 27.2964,  5.470786,  1.330,  0.1157,  0.2792,  34.4492,  08 Sep 2017 05:40:05
# 27.3171,  5.469626,  1.243,  0.1157,  0.2458,  34.4258,  08 Sep 2017 05:44:05
# 27.4375,  5.472131,  1.290,  0.1326,  0.2316,  34.3549,  08 Sep 2017 05:48:05
# 27.4037,  5.473859,  1.287,  0.1270,  0.2604,  34.3919,  08 Sep 2017 05:52:05
# 27.3715,  5.475965,  1.240,  0.1218,  0.2677,  34.4306,  08 Sep 2017 05:56:05
