# 27.1429,  6.825872,  0.980,  0.1180,  0.2382,  44.4144,  05 Aug 2018 23:00:08
# 27.1302,  6.821671,  0.957,  0.1144,  0.2561,  44.3954,  05 Aug 2018 23:04:08
# 27.1308,  6.821097,  0.954,  0.1218,  0.2430,  44.3906,  05 Aug 2018 23:08:08
# 27.1292,  6.822132,  0.965,  0.1141,  0.2394,  44.3998,  05 Aug 2018 23:12:08
# 27.1110,  6.822506,  1.001,  0.1093,  0.2330,  44.4201,  05 Aug 2018 23:16:08
# 27.1107,  6.821088,  0.973,  0.1132,  0.2298,  44.4098,  05 Aug 2018 23:20:08
# 27.1030,  6.819723,  0.947,  0.1119,  0.2800,  44.4072,  05 Aug 2018 23:24:08
# 27.0981,  6.820532,  0.970,  0.1106,  0.2454,  44.4179,  05 Aug 2018 23:28:08
# 27.1050,  6.823289,  0.939,  0.1132,  0.2451,  44.4317,  05 Aug 2018 23:32:08
# 27.0866,  6.810630,  0.956,  0.1254,  0.2081,  44.3553,  05 Aug 2018 23:36:08
# 27.0832,  6.808049,  0.970,  0.1279,  0.2419,  44.3394,  05 Aug 2018 23:40:08
# 27.0874,  6.811230,  0.991,  0.1206,  0.2635,  44.3590,  05 Aug 2018 23:44:08
# 27.0950,  6.815863,  0.988,  0.1168,  0.2487,  44.3861,  05 Aug 2018 23:48:08
# 27.0972,  6.817715,  0.942,  0.1141,  0.2610,  44.3977,  05 Aug 2018 23:52:08
# 27.0839,  6.821150,  0.945,  0.1159,  0.2586,  44.4361,  05 Aug 2018 23:56:08
