# 27.5666,  5.512764,  0.972,  0.1020,  0.3013,  34.5468,  02 Jul 2018 16:00:08
# 27.5478,  5.511016,  0.995,  0.0944,  0.2273,  34.5483,  02 Jul 2018 16:04:08
# 27.4897,  5.503750,  1.004,  0.1011,  0.2357,  34.5399,  02 Jul 2018 16:08:08
# 27.5174,  5.505363,  1.007,  0.1009,  0.2368,  34.5308,  02 Jul 2018 16:12:08
# 27.5518,  5.509118,  1.003,  0.0970,  0.2200,  34.5319,  02 Jul 2018 16:16:08
# 27.4864,  5.503007,  1.020,  0.1057,  0.2277,  34.5371,  02 Jul 2018 16:20:08
# 27.4734,  5.501656,  0.984,  0.1020,  0.2126,  34.5372,  02 Jul 2018 16:24:08
# 27.4824,  5.502636,  1.035,  0.1032,  0.2572,  34.5374,  02 Jul 2018 16:28:08
# 27.4463,  5.499214,  1.036,  0.1116,  0.9979,  34.5399,  02 Jul 2018 16:32:08
# 27.4271,  5.497089,  1.030,  0.1045,  0.2251,  34.5390,  02 Jul 2018 16:36:08
# 27.4343,  5.497729,  1.034,  0.1020,  0.2139,  34.5382,  02 Jul 2018 16:40:08
# 27.4311,  5.497168,  1.059,  0.1009,  0.2071,  34.5366,  02 Jul 2018 16:44:08
# 27.4159,  5.495652,  1.053,  0.1008,  0.2426,  34.5372,  02 Jul 2018 16:48:08
# 27.3895,  5.493488,  1.051,  0.0995,  0.2192,  34.5414,  02 Jul 2018 16:52:08
# 27.3358,  5.488821,  1.038,  0.1006,  0.2092,  34.5481,  02 Jul 2018 16:56:08
