# 27.0077,  5.470530,  0.877,  0.0969,  0.3420,  34.6619,  27 Jul 2018 01:00:08
# 26.9969,  5.469521,  0.855,  0.0960,  0.2921,  34.6628,  27 Jul 2018 01:04:08
# 26.9935,  5.467906,  0.886,  0.0973,  0.3095,  34.6537,  27 Jul 2018 01:08:08
# 26.9844,  5.467370,  0.886,  0.0958,  0.2776,  34.6567,  27 Jul 2018 01:12:08
# 26.9780,  5.467401,  0.849,  0.0983,  0.3328,  34.6617,  27 Jul 2018 01:16:08
# 26.9739,  5.467449,  0.890,  0.0945,  0.2851,  34.6651,  27 Jul 2018 01:20:08
# 26.9644,  5.466006,  0.896,  0.0973,  0.3508,  34.6619,  27 Jul 2018 01:24:08
# 26.9603,  5.464801,  0.879,  0.0970,  0.2895,  34.6564,  27 Jul 2018 01:28:08
# 26.9571,  5.464509,  0.887,  0.0971,  0.3118,  34.6567,  27 Jul 2018 01:32:08
# 26.9472,  5.465203,  0.878,  0.0982,  0.3142,  34.6690,  27 Jul 2018 01:36:08
# 26.9405,  5.463753,  0.887,  0.0932,  0.2982,  34.6637,  27 Jul 2018 01:40:08
# 26.9463,  5.463359,  0.887,  0.0983,  0.2946,  34.6565,  27 Jul 2018 01:44:08
# 26.9469,  5.462910,  0.899,  0.0974,  0.2586,  34.6529,  27 Jul 2018 01:48:08
# 26.9419,  5.464777,  0.907,  0.0945,  0.2824,  34.6699,  27 Jul 2018 01:52:08
# 26.9469,  5.464399,  0.881,  0.1008,  0.2907,  34.6635,  27 Jul 2018 01:56:08
