# 27.9194,  5.56843,    1.099, 0.0846, 0.2720,  34.6781, 02 Nov 2017 12:01:27
# 27.9319,  5.56991,    1.086, 0.0848, 0.2336,  34.6793, 02 Nov 2017 12:05:27
# 27.9552,  5.57072,    1.045, 0.0858, 0.2588,  34.6678, 02 Nov 2017 12:09:27
# 27.9750,  5.57243,    1.107, 0.0848, 0.2323,  34.6652, 02 Nov 2017 12:13:27
# 27.9537,  5.57022,    1.060, 0.0820, 0.2552,  34.6654, 02 Nov 2017 12:17:27
# 27.9681,  5.57176,    1.052, 0.0883, 0.2503,  34.6656, 02 Nov 2017 12:21:27
# 27.9798,  5.57355,    1.039, 0.0848, 0.2721,  34.6695, 02 Nov 2017 12:25:27
# 27.9847,  5.57340,    1.104, 0.0832, 0.2526,  34.6649, 02 Nov 2017 12:29:27
# 28.0417,  5.57843,    1.077, 0.0858, 0.2291,  34.6581, 02 Nov 2017 12:33:27
# 28.0591,  5.57904,    1.123, 0.0858, 0.2707,  34.6496, 02 Nov 2017 12:37:27
# 28.0842,  5.58142,    1.035, 0.0845, 0.2406,  34.6478, 02 Nov 2017 12:41:27
# 28.0526,  5.57990,    1.187, 0.0859, 0.2610,  34.6603, 02 Nov 2017 12:45:27
# 28.0564,  5.58094,    1.142, 0.0858, 0.2648,  34.6649, 02 Nov 2017 12:49:27
# 28.0277,  5.58094,    1.183, 0.0906, 0.2540,  34.6859, 02 Nov 2017 12:53:27
# 28.0678,  5.58024,    1.171, 0.0883, 0.2325,  34.6515, 02 Nov 2017 12:57:27
