# 24.5592,  5.177677,  0.869,  0.1477,  0.2036,  34.3762,  04 May 2018 00:02:05
# 24.5437,  5.183776,  0.834,  0.1369,  0.2071,  34.4336,  04 May 2018 00:06:05
# 24.5380,  5.183121,  0.833,  0.1273,  0.1888,  34.4332,  04 May 2018 00:10:05
# 24.5213,  5.184562,  0.814,  0.1284,  0.2036,  34.4567,  04 May 2018 00:14:05
# 24.5211,  5.185063,  0.814,  0.1295,  0.2021,  34.4606,  04 May 2018 00:18:05
# 24.5098,  5.181990,  0.808,  0.1209,  0.2058,  34.4464,  04 May 2018 00:22:05
# 24.5072,  5.179934,  0.797,  0.1210,  0.1900,  34.4329,  04 May 2018 00:26:05
# 24.5076,  5.179910,  0.785,  0.1207,  0.1998,  34.4325,  04 May 2018 00:30:05
# 24.5288,  5.188260,  0.813,  0.1369,  0.1875,  34.4786,  04 May 2018 00:34:05
# 24.5068,  5.192144,  0.803,  0.1283,  0.2108,  34.5245,  04 May 2018 00:38:05
# 24.5087,  5.191481,  0.783,  0.1404,  0.2278,  34.5181,  04 May 2018 00:42:05
# 24.4957,  5.187151,  0.781,  0.1429,  0.2830,  34.4957,  04 May 2018 00:46:05
# 24.5198,  5.184778,  0.780,  0.1619,  0.1975,  34.4595,  04 May 2018 00:50:05
# 24.5150,  5.186272,  0.777,  0.1574,  0.2145,  34.4744,  04 May 2018 00:54:05
# 24.5020,  5.185471,  0.776,  0.1501,  0.2158,  34.4783,  04 May 2018 00:58:05
