# 26.4102,  6.575022,  0.933,  0.1109,  0.2750,  43.2419,  26 Aug 2018 02:00:08
# 26.4140,  6.578846,  0.953,  0.1059,  0.2716,  43.2670,  26 Aug 2018 02:04:08
# 26.4123,  6.579530,  0.923,  0.1059,  0.2609,  43.2737,  26 Aug 2018 02:08:08
# 26.4067,  6.577254,  1.040,  0.1079,  0.2465,  43.2619,  26 Aug 2018 02:12:08
# 26.3979,  6.572302,  1.028,  0.1106,  0.2479,  43.2331,  26 Aug 2018 02:16:08
# 26.3955,  6.572285,  1.053,  0.1132,  0.2382,  43.2353,  26 Aug 2018 02:20:08
# 26.3986,  6.575193,  1.032,  0.1121,  0.2906,  43.2541,  26 Aug 2018 02:24:08
# 26.3929,  6.574338,  0.994,  0.1106,  0.2611,  43.2531,  26 Aug 2018 02:28:08
# 26.3789,  6.568608,  0.994,  0.1131,  0.2289,  43.2234,  26 Aug 2018 02:32:08
# 26.3918,  6.569215,  0.871,  0.1166,  0.2430,  43.2158,  26 Aug 2018 02:36:08
# 26.3942,  6.569138,  1.004,  0.1120,  0.2392,  43.2130,  26 Aug 2018 02:40:08
# 26.4090,  6.575330,  0.937,  0.1080,  0.2643,  43.2454,  26 Aug 2018 02:44:08
# 26.4000,  6.570130,  1.010,  0.1106,  0.2499,  43.2149,  26 Aug 2018 02:48:08
# 26.3921,  6.564599,  0.932,  0.1194,  0.2559,  43.1809,  26 Aug 2018 02:52:08
# 26.3816,  6.565881,  1.049,  0.1108,  0.2535,  43.2004,  26 Aug 2018 02:56:08
