# 25.3076,  5.20936,    0.842, 0.1099, 0.1409,  34.0437, 09 Dec 2017 23:03:16
# 25.3195,  5.21268,    0.843, 0.1123, 0.1563,  34.0591, 09 Dec 2017 23:07:16
# 25.3118,  5.21018,    0.847, 0.1123, 0.1537,  34.0465, 09 Dec 2017 23:11:16
# 25.2869,  5.20481,    0.849, 0.1169, 0.1755,  34.0257, 09 Dec 2017 23:15:16
# 25.2764,  5.20251,    0.851, 0.1121, 0.1562,  34.0168, 09 Dec 2017 23:19:16
# 25.2579,  5.19814,    0.853, 0.1157, 0.1396,  33.9984, 09 Dec 2017 23:23:16
# 25.2599,  5.19740,    0.855, 0.1147, 0.1518,  33.9916, 09 Dec 2017 23:27:16
# 25.2707,  5.19840,    0.858, 0.1099, 0.1530,  33.9908, 09 Dec 2017 23:31:16
# 25.2774,  5.19993,    0.859, 0.1095, 0.1681,  33.9970, 09 Dec 2017 23:35:16
# 25.2631,  5.19796,    0.862, 0.1135, 0.1431,  33.9933, 09 Dec 2017 23:39:16
# 25.2658,  5.19811,    0.862, 0.1097, 0.1379,  33.9924, 09 Dec 2017 23:43:16
# 25.2659,  5.19764,    0.866, 0.1047, 0.1658,  33.9888, 09 Dec 2017 23:47:16
# 25.2808,  5.20247,    0.868, 0.1084, 0.1445,  34.0132, 09 Dec 2017 23:51:16
# 25.2802,  5.20337,    0.872, 0.1060, 0.1598,  34.0202, 09 Dec 2017 23:55:16
# 25.2693,  5.20155,    0.872, 0.1061, 0.1490,  34.0150, 09 Dec 2017 23:59:16
