# 27.8346,  5.55252,    1.089, 0.1168, 0.2096,  34.6290, 12 Oct 2017 13:01:27
# 27.8113,  5.55020,    1.130, 0.1217, 0.1998,  34.6298, 12 Oct 2017 13:05:27
# 27.8161,  5.55155,    1.171, 0.1169, 0.2145,  34.6358, 12 Oct 2017 13:09:27
# 27.7873,  5.54936,    1.175, 0.1252, 0.2194,  34.6416, 12 Oct 2017 13:13:27
# 27.7558,  5.54785,    1.065, 0.1279, 0.2360,  34.6543, 12 Oct 2017 13:17:27
# 27.7448,  5.54634,    1.072, 0.1290, 0.2493,  34.6517, 12 Oct 2017 13:21:27
# 27.8001,  5.55125,    1.116, 0.1286, 0.2515,  34.6455, 12 Oct 2017 13:25:27
# 27.7965,  5.55092,    1.086, 0.1229, 0.2157,  34.6458, 12 Oct 2017 13:29:27
# 27.7480,  5.54674,    1.087, 0.1230, 0.2060,  34.6522, 12 Oct 2017 13:33:27
# 27.7975,  5.54972,    1.031, 0.1277, 0.2196,  34.6366, 12 Oct 2017 13:37:27
# 27.8054,  5.55084,    1.026, 0.1228, 0.2197,  34.6387, 12 Oct 2017 13:41:27
# 27.8061,  5.55092,    1.048, 0.1265, 0.2099,  34.6387, 12 Oct 2017 13:45:27
# 27.8108,  5.55200,    1.111, 0.1135, 0.2195,  34.6428, 12 Oct 2017 13:49:27
# 27.8240,  5.55324,    0.995, 0.1106, 0.2000,  34.6418, 12 Oct 2017 13:53:27
# 27.7873,  5.55059,    1.011, 0.1304, 0.2245,  34.6503, 12 Oct 2017 13:57:27
