# 28.0398,  5.568450,  0.941,  0.0881,  0.1901,  34.5897,  23 Sep 2017 14:00:05
# 28.0022,  5.566075,  0.913,  0.0858,  0.1853,  34.6007,  23 Sep 2017 14:04:05
# 28.0511,  5.570675,  0.955,  0.0832,  0.1706,  34.5970,  23 Sep 2017 14:08:05
# 28.1605,  5.577430,  1.000,  0.0882,  0.1669,  34.5640,  23 Sep 2017 14:12:05
# 28.1726,  5.577064,  0.943,  0.0931,  0.1656,  34.5526,  23 Sep 2017 14:16:05
# 28.1315,  5.574997,  0.958,  0.0861,  0.1778,  34.5683,  23 Sep 2017 14:20:05
# 28.0984,  5.571763,  0.885,  0.0896,  0.1767,  34.5700,  23 Sep 2017 14:24:05
# 28.1820,  5.580594,  0.924,  0.0832,  0.1670,  34.5703,  23 Sep 2017 14:28:05
# 28.1440,  5.578177,  1.004,  0.0846,  0.1646,  34.5813,  23 Sep 2017 14:32:05
# 28.0882,  5.574307,  0.942,  0.0896,  0.1730,  34.5952,  23 Sep 2017 14:36:05
# 28.1512,  5.579465,  0.923,  0.0847,  0.1730,  34.5851,  23 Sep 2017 14:40:05
# 28.0785,  5.573456,  0.985,  0.0921,  0.1792,  34.5964,  23 Sep 2017 14:44:05
# 28.0190,  5.569929,  0.956,  0.0931,  0.1745,  34.6154,  23 Sep 2017 14:48:05
# 28.0762,  5.567615,  0.914,  0.0955,  0.1670,  34.5572,  23 Sep 2017 14:52:05
# 28.0022,  5.563780,  0.954,  0.0994,  0.1745,  34.5846,  23 Sep 2017 14:56:05
