# 27.3238,  5.49321,    0.932, 0.1762, 0.2195,  34.5881, 07 Oct 2017 20:01:27
# 27.3326,  5.49538,    0.908, 0.1616, 0.2199,  34.5969, 07 Oct 2017 20:05:27
# 27.3618,  5.49937,    0.909, 0.2126, 0.2136,  34.6035, 07 Oct 2017 20:09:27
# 27.3609,  5.51077,    0.939, 0.1689, 0.2506,  34.6850, 07 Oct 2017 20:13:27
# 27.3564,  5.51104,    0.968, 0.1712, 0.2840,  34.6902, 07 Oct 2017 20:17:27
# 27.3420,  5.50792,    0.910, 0.1761, 0.2650,  34.6788, 07 Oct 2017 20:21:27
# 27.3611,  5.50952,    0.896, 0.2089, 0.2710,  34.6759, 07 Oct 2017 20:25:27
# 27.3609,  5.51588,    0.867, 0.1689, 0.2650,  34.7213, 07 Oct 2017 20:29:27
# 27.3421,  5.50594,    0.832, 0.1905, 0.2796,  34.6647, 07 Oct 2017 20:33:27
# 27.3310,  5.49726,    0.902, 0.2221, 0.2482,  34.6114, 07 Oct 2017 20:37:27
# 27.3472,  5.50793,    0.788, 0.1955, 0.3365,  34.6751, 07 Oct 2017 20:41:27
# 27.3412,  5.50763,    0.826, 0.1759, 0.2614,  34.6774, 07 Oct 2017 20:45:27
# 27.3290,  5.50303,    0.830, 0.1653, 0.2351,  34.6539, 07 Oct 2017 20:49:27
# 27.3288,  5.50292,    0.883, 0.1836, 0.2662,  34.6532, 07 Oct 2017 20:53:27
# 27.3397,  5.50507,    0.848, 0.1957, 0.3032,  34.6604, 07 Oct 2017 20:57:27
