# 24.1341,  5.11372,    1.307, 0.1147, 0.1939,  34.2227, 04 Jan 2018 08:03:16
# 24.1213,  5.11203,    1.291, 0.1173, 0.2361,  34.2198, 04 Jan 2018 08:07:16
# 24.1354,  5.11408,    1.297, 0.1173, 0.2432,  34.2245, 04 Jan 2018 08:11:16
# 24.1450,  5.11519,    1.286, 0.1161, 0.1903,  34.2255, 04 Jan 2018 08:15:16
# 24.1112,  5.11248,    1.267, 0.1111, 0.1987,  34.2310, 04 Jan 2018 08:19:16
# 24.1329,  5.11452,    1.263, 0.1184, 0.2222,  34.2297, 04 Jan 2018 08:23:16
# 24.1628,  5.11839,    1.257, 0.1185, 0.2195,  34.2359, 04 Jan 2018 08:27:16
# 24.1731,  5.11981,    1.258, 0.1234, 0.2202,  34.2386, 04 Jan 2018 08:31:16
# 24.1613,  5.11843,    1.232, 0.1163, 0.2023,  34.2373, 04 Jan 2018 08:35:16
# 24.1652,  5.11894,    1.233, 0.1173, 0.2182,  34.2382, 04 Jan 2018 08:39:16
# 24.1842,  5.12145,    1.207, 0.1209, 0.2210,  34.2424, 04 Jan 2018 08:43:16
# 24.1909,  5.12252,    1.226, 0.1135, 0.1914,  34.2454, 04 Jan 2018 08:47:16
# 24.2010,  5.12365,    1.222, 0.1147, 0.1889,  34.2461, 04 Jan 2018 08:51:16
# 24.2223,  5.12605,    1.218, 0.1210, 0.2077,  34.2479, 04 Jan 2018 08:55:16
# 24.2132,  5.12506,    1.219, 0.1086, 0.2169,  34.2474, 04 Jan 2018 08:59:16
