# 26.0675,  5.335834,  0.901,  0.1402,  0.2441,  34.3966,  17 May 2018 23:03:04
# 26.1090,  5.331202,  0.888,  0.1463,  0.2165,  34.3319,  17 May 2018 23:07:04
# 26.1365,  5.326743,  0.877,  0.1498,  0.2426,  34.2791,  17 May 2018 23:11:04
# 26.1372,  5.328691,  0.853,  0.1453,  0.2345,  34.2927,  17 May 2018 23:15:04
# 26.0844,  5.333144,  0.856,  0.1294,  0.2586,  34.3644,  17 May 2018 23:19:04
# 26.1184,  5.327725,  0.869,  0.1415,  0.2560,  34.2997,  17 May 2018 23:23:04
# 26.1130,  5.328450,  0.845,  0.1388,  0.2625,  34.3090,  17 May 2018 23:27:04
# 26.1204,  5.335397,  0.830,  0.1402,  0.2575,  34.3537,  17 May 2018 23:31:04
# 26.1621,  5.329540,  0.838,  0.1441,  0.2321,  34.2802,  17 May 2018 23:35:04
# 26.1421,  5.338571,  0.851,  0.1401,  0.2465,  34.3605,  17 May 2018 23:39:04
# 26.1413,  5.339343,  0.836,  0.1341,  0.2574,  34.3667,  17 May 2018 23:43:04
# 26.1602,  5.337424,  0.847,  0.1452,  0.2757,  34.3387,  17 May 2018 23:47:04
# 26.1588,  5.341762,  0.812,  0.1377,  0.2537,  34.3711,  17 May 2018 23:51:04
# 26.1543,  5.341387,  0.814,  0.1302,  0.2503,  34.3717,  17 May 2018 23:55:04
# 26.1680,  5.341613,  0.824,  0.1528,  0.2564,  34.3632,  17 May 2018 23:59:04
