# 26.7940,  6.641061,  0.939,  0.1304,  0.3667,  43.3726,  11 Aug 2018 06:00:08
# 26.7870,  6.632273,  0.930,  0.1193,  0.4250,  43.3138,  11 Aug 2018 06:04:08
# 26.7942,  6.637478,  0.861,  0.1217,  0.4214,  43.3458,  11 Aug 2018 06:08:08
# 26.8253,  6.643380,  0.826,  0.1230,  0.3561,  43.3604,  11 Aug 2018 06:12:08
# 26.7449,  6.638793,  0.799,  0.1169,  0.4092,  43.4021,  11 Aug 2018 06:16:08
# 26.7461,  6.627809,  0.845,  0.1180,  0.3655,  43.3191,  11 Aug 2018 06:20:08
# 26.7214,  6.631365,  0.983,  0.1170,  0.4504,  43.3689,  11 Aug 2018 06:24:08
# 26.7220,  6.632859,  0.877,  0.1167,  0.3922,  43.3795,  11 Aug 2018 06:28:08
# 26.7877,  6.639119,  0.882,  0.1230,  0.3459,  43.3641,  11 Aug 2018 06:32:08
# 26.7500,  6.628307,  0.900,  0.1206,  0.3397,  43.3192,  11 Aug 2018 06:36:08
# 26.7548,  6.632025,  0.826,  0.1231,  0.3644,  43.3423,  11 Aug 2018 06:40:08
# 26.7867,  6.635236,  0.799,  0.1305,  0.3743,  43.3362,  11 Aug 2018 06:44:08
# 26.7162,  6.626325,  0.816,  0.1205,  0.4411,  43.3363,  11 Aug 2018 06:48:08
# 26.7254,  6.628093,  0.885,  0.1228,  0.4101,  43.3408,  11 Aug 2018 06:52:08
# 26.7419,  6.627475,  0.856,  0.1207,  0.3519,  43.3206,  11 Aug 2018 06:56:08
