# 25.5679,  5.25374,    0.804, 0.1072, 0.2841,  34.1736, 11 Dec 2017 23:03:16
# 25.5601,  5.25234,    0.806, 0.1074, 0.3033,  34.1692, 11 Dec 2017 23:07:16
# 25.5487,  5.25093,    0.810, 0.1057, 0.2952,  34.1675, 11 Dec 2017 23:11:16
# 25.5421,  5.24947,    0.815, 0.1023, 0.2853,  34.1618, 11 Dec 2017 23:15:16
# 25.5407,  5.24839,    0.820, 0.1033, 0.2901,  34.1549, 11 Dec 2017 23:19:16
# 25.5505,  5.24695,    0.827, 0.1095, 0.2864,  34.1370, 11 Dec 2017 23:23:16
# 25.5487,  5.24881,    0.835, 0.1060, 0.2782,  34.1519, 11 Dec 2017 23:27:16
# 25.5330,  5.24097,    0.840, 0.1033, 0.2576,  34.1063, 11 Dec 2017 23:31:16
# 25.5312,  5.23771,    0.848, 0.1060, 0.2983,  34.0839, 11 Dec 2017 23:35:16
# 25.5298,  5.24359,    0.854, 0.1025, 0.2901,  34.1279, 11 Dec 2017 23:39:16
# 25.5258,  5.24484,    0.858, 0.1048, 0.2673,  34.1401, 11 Dec 2017 23:43:16
# 25.5193,  5.24372,    0.864, 0.1047, 0.3452,  34.1368, 11 Dec 2017 23:47:16
# 25.5175,  5.24433,    0.870, 0.1034, 0.2985,  34.1425, 11 Dec 2017 23:51:16
# 25.5274,  5.24923,    0.875, 0.1046, 0.3135,  34.1710, 11 Dec 2017 23:55:16
# 25.5352,  5.24455,    0.879, 0.1071, 0.3428,  34.1310, 11 Dec 2017 23:59:16
