# 26.0781,  5.343534,  0.851,  0.1045,  0.2257,  34.4445,  16 Nov 2017 10:02:57
# 26.0789,  5.344315,  0.854,  0.1037,  0.2233,  34.4495,  16 Nov 2017 10:06:57
# 26.0974,  5.346149,  0.843,  0.0996,  0.2107,  34.4489,  16 Nov 2017 10:10:57
# 26.1336,  5.348693,  0.856,  0.0985,  0.2184,  34.4402,  16 Nov 2017 10:14:57
# 26.1292,  5.347694,  0.873,  0.1060,  0.2074,  34.4362,  16 Nov 2017 10:18:57
# 26.1236,  5.347780,  0.826,  0.1072,  0.2184,  34.4411,  16 Nov 2017 10:22:57
# 26.1179,  5.347913,  0.819,  0.1086,  0.2494,  34.4463,  16 Nov 2017 10:26:57
# 26.1118,  5.348334,  0.818,  0.1093,  0.2531,  34.4539,  16 Nov 2017 10:30:57
# 26.1177,  5.349084,  0.843,  0.1062,  0.2313,  34.4550,  16 Nov 2017 10:34:57
# 26.1327,  5.350395,  0.812,  0.1060,  0.2386,  34.4532,  16 Nov 2017 10:38:57
# 26.1516,  5.351402,  0.863,  0.0996,  0.2121,  34.4463,  16 Nov 2017 10:42:57
# 26.1628,  5.352277,  0.850,  0.1045,  0.2110,  34.4442,  16 Nov 2017 10:46:57
# 26.1706,  5.352800,  0.842,  0.1056,  0.3198,  34.4422,  16 Nov 2017 10:50:57
# 26.1770,  5.352253,  0.851,  0.1044,  0.2085,  34.4334,  16 Nov 2017 10:54:57
# 26.1834,  5.352175,  0.869,  0.1059,  0.3011,  34.4280,  16 Nov 2017 10:58:57
