# 25.3303,  5.265428,  0.806,  0.0862,  0.2310,  34.4386,  26 Apr 2018 11:02:05
# 25.3475,  5.263908,  0.824,  0.0875,  0.2383,  34.4143,  26 Apr 2018 11:06:05
# 25.3521,  5.265629,  0.816,  0.0849,  0.2253,  34.4235,  26 Apr 2018 11:10:05
# 25.3627,  5.267327,  0.793,  0.0824,  0.2278,  34.4280,  26 Apr 2018 11:14:05
# 25.3386,  5.267049,  0.814,  0.0837,  0.2481,  34.4442,  26 Apr 2018 11:18:05
# 25.3681,  5.270197,  0.823,  0.0829,  0.2490,  34.4450,  26 Apr 2018 11:22:05
# 25.3806,  5.270810,  0.853,  0.0826,  0.2094,  34.4400,  26 Apr 2018 11:26:05
# 25.3826,  5.269514,  0.854,  0.0837,  0.2266,  34.4289,  26 Apr 2018 11:30:05
# 25.3930,  5.272268,  0.853,  0.0851,  0.2418,  34.4413,  26 Apr 2018 11:34:05
# 25.4158,  5.272470,  0.871,  0.0822,  0.2181,  34.4255,  26 Apr 2018 11:38:05
# 25.4061,  5.272276,  0.870,  0.0826,  0.2168,  34.4314,  26 Apr 2018 11:42:05
# 25.4612,  5.275115,  0.876,  0.0849,  0.2245,  34.4105,  26 Apr 2018 11:46:05
# 25.4258,  5.273703,  0.873,  0.0860,  0.2419,  34.4270,  26 Apr 2018 11:50:05
# 25.4362,  5.275046,  0.865,  0.0837,  0.2278,  34.4289,  26 Apr 2018 11:54:05
# 25.4643,  5.277327,  0.889,  0.0825,  0.2589,  34.4244,  26 Apr 2018 11:58:05
