# 25.2355,  5.19515,    0.676, 0.1221, 0.2314,  33.9933, 19 Dec 2017 22:03:16
# 25.2356,  5.19529,    0.689, 0.1257, 0.2171,  33.9943, 19 Dec 2017 22:07:16
# 25.2231,  5.19242,    0.713, 0.1270, 0.2193,  33.9826, 19 Dec 2017 22:11:16
# 25.2155,  5.19044,    0.684, 0.1232, 0.2490,  33.9737, 19 Dec 2017 22:15:16
# 25.2126,  5.18970,    0.716, 0.1369, 0.2804,  33.9704, 19 Dec 2017 22:19:16
# 25.2135,  5.18880,    0.707, 0.1257, 0.2542,  33.9632, 19 Dec 2017 22:23:16
# 25.2070,  5.18778,    0.730, 0.1208, 0.2530,  33.9605, 19 Dec 2017 22:27:16
# 25.2129,  5.18953,    0.714, 0.1284, 0.2159,  33.9690, 19 Dec 2017 22:31:16
# 25.2108,  5.18990,    0.738, 0.1231, 0.2396,  33.9732, 19 Dec 2017 22:35:16
# 25.2139,  5.19017,    0.736, 0.1208, 0.2219,  33.9728, 19 Dec 2017 22:39:16
# 25.2101,  5.18976,    0.726, 0.1210, 0.2324,  33.9727, 19 Dec 2017 22:43:16
# 25.1967,  5.18802,    0.726, 0.1146, 0.2059,  33.9700, 19 Dec 2017 22:47:16
# 25.1881,  5.18598,    0.729, 0.1196, 0.1997,  33.9614, 19 Dec 2017 22:51:16
# 25.1885,  5.18649,    0.761, 0.1182, 0.2899,  33.9649, 19 Dec 2017 22:55:16
# 25.1886,  5.18684,    0.745, 0.1121, 0.2047,  33.9673, 19 Dec 2017 22:59:16
