# 26.8759,  5.452357,  1.115,  0.0922,  0.3582,  34.6304,  19 Jul 2018 12:00:08
# 26.8881,  5.455089,  1.128,  0.0907,  0.3779,  34.6408,  19 Jul 2018 12:04:08
# 26.8965,  5.455459,  1.058,  0.0921,  0.3859,  34.6372,  19 Jul 2018 12:08:08
# 26.9402,  5.459845,  1.119,  0.0895,  0.3411,  34.6359,  19 Jul 2018 12:12:08
# 26.9749,  5.463508,  1.130,  0.0908,  0.4634,  34.6362,  19 Jul 2018 12:16:08
# 26.9802,  5.464091,  1.133,  0.0946,  0.4228,  34.6363,  19 Jul 2018 12:20:08
# 26.9968,  5.466006,  1.046,  0.0921,  0.3944,  34.6377,  19 Jul 2018 12:24:08
# 26.9682,  5.463564,  1.054,  0.0887,  0.4174,  34.6416,  19 Jul 2018 12:28:08
# 27.0001,  5.466266,  1.044,  0.0958,  0.6282,  34.6371,  19 Jul 2018 12:32:08
# 27.0306,  5.469552,  1.008,  0.0945,  0.5010,  34.6377,  19 Jul 2018 12:36:08
# 27.0165,  5.467952,  1.076,  0.0960,  0.5431,  34.6369,  19 Jul 2018 12:40:08
# 27.0346,  5.469734,  1.089,  0.0958,  0.5864,  34.6361,  19 Jul 2018 12:44:08
# 27.0446,  5.470798,  1.125,  0.0908,  0.4238,  34.6362,  19 Jul 2018 12:48:08
# 27.0359,  5.469931,  0.992,  0.0920,  0.4479,  34.6365,  19 Jul 2018 12:52:08
# 27.0370,  5.470088,  0.959,  0.1043,  0.9917,  34.6369,  19 Jul 2018 12:56:08
