# 27.6922,  5.519013,  1.098,  0.1133,  0.1519,  34.4983,  03 Oct 2017 01:00:05
# 27.7129,  5.524546,  1.093,  0.1095,  0.1865,  34.5220,  03 Oct 2017 01:04:05
# 27.6983,  5.521720,  1.140,  0.1119,  0.1550,  34.5128,  03 Oct 2017 01:08:05
# 27.6823,  5.524475,  1.086,  0.1044,  0.1684,  34.5440,  03 Oct 2017 01:12:05
# 27.6207,  5.510184,  1.115,  0.1019,  0.1479,  34.4886,  03 Oct 2017 01:16:05
# 27.6374,  5.515532,  1.083,  0.0983,  0.1516,  34.5141,  03 Oct 2017 01:20:05
# 27.6370,  5.515302,  1.121,  0.1006,  0.1817,  34.5127,  03 Oct 2017 01:24:05
# 27.6480,  5.519995,  1.152,  0.1023,  0.1865,  34.5377,  03 Oct 2017 01:28:05
# 27.6546,  5.519987,  1.163,  0.1116,  0.1528,  34.5328,  03 Oct 2017 01:32:05
# 27.6578,  5.520771,  1.134,  0.1157,  0.1657,  34.5359,  03 Oct 2017 01:36:05
# 27.6738,  5.525560,  1.131,  0.1141,  0.1537,  34.5579,  03 Oct 2017 01:40:05
# 27.6528,  5.519876,  1.137,  0.1069,  0.1517,  34.5333,  03 Oct 2017 01:44:05
# 27.6453,  5.518863,  1.147,  0.1054,  0.1633,  34.5317,  03 Oct 2017 01:48:05
# 27.6564,  5.520335,  1.126,  0.1083,  0.1493,  34.5339,  03 Oct 2017 01:52:05
# 27.6728,  5.523723,  1.131,  0.1045,  0.1552,  34.5457,  03 Oct 2017 01:56:05
