# 22.4372,  4.950800,  0.726,  0.1025,  0.1539,  34.2956,  10 Mar 2018 08:00:46
# 22.4312,  4.950491,  0.711,  0.1015,  0.1598,  34.2979,  10 Mar 2018 08:04:46
# 22.4268,  4.949222,  0.731,  0.1004,  0.1482,  34.2916,  10 Mar 2018 08:08:46
# 22.4172,  4.946112,  0.730,  0.0999,  0.1575,  34.2749,  10 Mar 2018 08:12:46
# 22.4055,  4.943387,  0.722,  0.0989,  0.1548,  34.2629,  10 Mar 2018 08:16:46
# 22.4100,  4.940965,  0.726,  0.0991,  0.1534,  34.2405,  10 Mar 2018 08:20:46
# 22.4194,  4.941259,  0.720,  0.0987,  0.1633,  34.2354,  10 Mar 2018 08:24:46
# 22.4250,  4.942670,  0.715,  0.0964,  0.1535,  34.2420,  10 Mar 2018 08:28:46
# 22.4335,  4.943666,  0.719,  0.0987,  0.1469,  34.2431,  10 Mar 2018 08:32:46
# 22.4356,  4.941304,  0.728,  0.0977,  0.1559,  34.2231,  10 Mar 2018 08:36:46
# 22.4508,  4.943689,  0.734,  0.0938,  0.1507,  34.2297,  10 Mar 2018 08:40:46
# 22.4683,  4.946043,  0.739,  0.0964,  0.1531,  34.2342,  10 Mar 2018 08:44:46
# 22.4939,  4.952332,  0.736,  0.0913,  0.2026,  34.2630,  10 Mar 2018 08:48:46
# 22.5245,  4.958557,  0.740,  0.0964,  0.1494,  34.2872,  10 Mar 2018 08:52:46
# 22.5403,  4.963160,  0.735,  0.0938,  0.1563,  34.3105,  10 Mar 2018 08:56:46
