# 26.7323,  5.45573,    1.184, 0.0972, 0.2245,  34.7621, 18 Oct 2017 15:01:27
# 26.7303,  5.45322,    1.188, 0.1057, 0.2454,  34.7456, 18 Oct 2017 15:05:27
# 26.7258,  5.45245,    1.233, 0.1183, 0.2307,  34.7434, 18 Oct 2017 15:09:27
# 26.7267,  5.45260,    1.193, 0.1106, 0.2243,  34.7438, 18 Oct 2017 15:13:27
# 26.7340,  5.45353,    1.202, 0.1071, 0.2184,  34.7451, 18 Oct 2017 15:17:27
# 26.7388,  5.45416,    1.212, 0.1035, 0.2171,  34.7460, 18 Oct 2017 15:21:27
# 26.7363,  5.45490,    1.203, 0.1107, 0.2147,  34.7531, 18 Oct 2017 15:25:27
# 26.7467,  5.45656,    1.235, 0.1032, 0.2268,  34.7573, 18 Oct 2017 15:29:27
# 26.7451,  5.45785,    1.188, 0.1093, 0.2363,  34.7677, 18 Oct 2017 15:33:27
# 26.7437,  5.45714,    1.175, 0.0980, 0.2271,  34.7636, 18 Oct 2017 15:37:27
# 26.7526,  5.45852,    1.182, 0.1058, 0.2317,  34.7669, 18 Oct 2017 15:41:27
# 26.7636,  5.46029,    1.254, 0.1094, 0.2171,  34.7712, 18 Oct 2017 15:45:27
# 26.7647,  5.46038,    1.171, 0.1055, 0.2494,  34.7711, 18 Oct 2017 15:49:27
# 26.7598,  5.45949,    1.187, 0.1057, 0.2121,  34.7684, 18 Oct 2017 15:53:27
# 26.7562,  5.45890,    1.154, 0.0981, 0.2000,  34.7669, 18 Oct 2017 15:57:27
