# 27.5266,  6.960094,  1.266,  0.0945,  0.1945,  45.0382,  06 Aug 2018 13:00:08
# 27.5495,  6.961796,  1.268,  0.0943,  0.2200,  45.0285,  06 Aug 2018 13:04:08
# 27.5531,  6.961120,  1.273,  0.0921,  0.2080,  45.0200,  06 Aug 2018 13:08:08
# 27.5061,  6.957505,  1.276,  0.0920,  0.2019,  45.0389,  06 Aug 2018 13:12:08
# 27.5421,  6.959663,  1.266,  0.0934,  0.2091,  45.0199,  06 Aug 2018 13:16:08
# 27.5791,  6.962787,  1.262,  0.0906,  0.2238,  45.0071,  06 Aug 2018 13:20:08
# 27.5738,  6.962138,  1.231,  0.0945,  0.2538,  45.0075,  06 Aug 2018 13:24:08
# 27.6265,  6.968643,  1.264,  0.0971,  0.1920,  45.0044,  06 Aug 2018 13:28:08
# 27.6396,  6.970759,  1.250,  0.0908,  0.1969,  45.0073,  06 Aug 2018 13:32:08
# 27.6186,  6.970162,  1.265,  0.0906,  0.1971,  45.0233,  06 Aug 2018 13:36:08
# 27.6071,  6.969960,  1.262,  0.0919,  0.1921,  45.0329,  06 Aug 2018 13:40:08
# 27.6491,  6.973499,  1.261,  0.0921,  0.1849,  45.0184,  06 Aug 2018 13:44:08
# 27.5984,  6.971296,  1.272,  0.0920,  0.2166,  45.0513,  06 Aug 2018 13:48:08
# 27.6756,  6.979922,  1.258,  0.0883,  0.1787,  45.0400,  06 Aug 2018 13:52:08
# 27.6989,  6.985098,  1.247,  0.0898,  0.1811,  45.0556,  06 Aug 2018 13:56:08
