# 27.6807,  5.527326,  0.871,  0.0871,  0.2675,  34.5653,  20 Sep 2017 12:00:05
# 27.6919,  5.529924,  0.913,  0.0870,  0.2724,  34.5753,  20 Sep 2017 12:04:05
# 27.7118,  5.532031,  0.904,  0.0861,  0.2351,  34.5755,  20 Sep 2017 12:08:05
# 27.7090,  5.531444,  0.849,  0.0882,  0.2742,  34.5734,  20 Sep 2017 12:12:05
# 27.7118,  5.532237,  1.024,  0.0859,  0.2770,  34.5769,  20 Sep 2017 12:16:05
# 27.7061,  5.533330,  0.875,  0.0848,  0.2337,  34.5889,  20 Sep 2017 12:20:05
# 27.7028,  5.533655,  0.931,  0.0850,  0.2407,  34.5935,  20 Sep 2017 12:24:05
# 27.7733,  5.539788,  0.859,  0.0848,  0.2232,  34.5847,  20 Sep 2017 12:28:05
# 27.7789,  5.540414,  0.971,  0.0880,  0.2529,  34.5850,  20 Sep 2017 12:32:05
# 27.7438,  5.538069,  1.010,  0.0871,  0.2245,  34.5944,  20 Sep 2017 12:36:05
# 27.7654,  5.539979,  0.957,  0.0932,  0.2460,  34.5919,  20 Sep 2017 12:40:05
# 27.8063,  5.544379,  0.986,  0.0858,  0.2676,  34.5926,  20 Sep 2017 12:44:05
# 27.8292,  5.547432,  1.030,  0.0848,  0.2425,  34.5972,  20 Sep 2017 12:48:05
# 27.8573,  5.550200,  1.127,  0.0848,  0.2351,  34.5960,  20 Sep 2017 12:52:05
# 27.8452,  5.549216,  1.028,  0.0882,  0.2457,  34.5979,  20 Sep 2017 12:56:05
