# 25.8954,  5.337343,  0.735,  0.1021,  0.2551,  34.5371,  08 Jul 2018 07:00:08
# 25.9106,  5.336804,  0.747,  0.0998,  0.2573,  34.5217,  08 Jul 2018 07:04:08
# 25.9150,  5.336718,  0.743,  0.1024,  0.2562,  34.5177,  08 Jul 2018 07:08:08
# 25.9097,  5.336446,  0.774,  0.1009,  0.2814,  34.5198,  08 Jul 2018 07:12:08
# 25.9090,  5.336056,  0.724,  0.0996,  0.2765,  34.5175,  08 Jul 2018 07:16:08
# 25.9208,  5.336024,  0.759,  0.1012,  0.2537,  34.5083,  08 Jul 2018 07:20:08
# 25.9247,  5.335681,  0.747,  0.0998,  0.2416,  34.5029,  08 Jul 2018 07:24:08
# 25.9330,  5.336570,  0.759,  0.1010,  0.2596,  34.5031,  08 Jul 2018 07:28:08
# 25.9488,  5.337888,  0.764,  0.0970,  0.2227,  34.5007,  08 Jul 2018 07:32:08
# 25.9371,  5.338208,  0.741,  0.1035,  0.3437,  34.5119,  08 Jul 2018 07:36:08
# 25.9514,  5.338137,  0.804,  0.0973,  0.2779,  34.5006,  08 Jul 2018 07:40:08
# 25.9494,  5.338566,  0.790,  0.1024,  0.4494,  34.5052,  08 Jul 2018 07:44:08
# 25.9448,  5.338504,  0.806,  0.0996,  0.3790,  34.5082,  08 Jul 2018 07:48:08
# 25.9486,  5.339183,  0.797,  0.0970,  0.3215,  34.5103,  08 Jul 2018 07:52:08
# 25.9667,  5.339682,  0.772,  0.1035,  0.3231,  34.5003,  08 Jul 2018 07:56:08
