# 25.0969,  5.18233,    0.931, 0.0913, 0.2047,  34.0029, 29 Dec 2017 10:03:16
# 25.1040,  5.17995,    0.940, 0.0900, 0.1781,  33.9800, 29 Dec 2017 10:07:16
# 25.1129,  5.18496,    0.949, 0.0874, 0.1831,  34.0103, 29 Dec 2017 10:11:16
# 25.1241,  5.19610,    0.934, 0.0874, 0.1852,  34.0839, 29 Dec 2017 10:15:16
# 25.1329,  5.19691,    0.960, 0.0874, 0.1791,  34.0833, 29 Dec 2017 10:19:16
# 25.1479,  5.19697,    0.962, 0.0864, 0.2145,  34.0725, 29 Dec 2017 10:23:16
# 25.1535,  5.19336,    0.961, 0.0873, 0.2110,  34.0416, 29 Dec 2017 10:27:16
# 25.1670,  5.18940,    0.959, 0.0853, 0.1960,  34.0023, 29 Dec 2017 10:31:16
# 25.1621,  5.18098,    0.961, 0.0863, 0.2386,  33.9441, 29 Dec 2017 10:35:16
# 25.1566,  5.14981,    0.978, 0.0924, 0.2671,  33.7187, 29 Dec 2017 10:39:16
# 25.1634,  5.16059,    0.968, 0.0876, 0.2253,  33.7930, 29 Dec 2017 10:43:16
# 25.1717,  5.17885,    0.972, 0.0887, 0.1962,  33.9212, 29 Dec 2017 10:47:16
# 25.1817,  5.19350,    0.984, 0.0899, 0.2036,  34.0215, 29 Dec 2017 10:51:16
# 25.1932,  5.19455,    0.985, 0.0912, 0.1866,  34.0206, 29 Dec 2017 10:55:16
# 25.2094,  5.18072,    0.992, 0.0826, 0.1839,  33.9067, 29 Dec 2017 10:59:16
