# 26.6861,  5.395146,  0.917,  0.1007,  0.1895,  34.3624,  25 Jun 2018 03:00:08
# 26.6875,  5.394864,  0.908,  0.1033,  0.1701,  34.3593,  25 Jun 2018 03:04:08
# 26.6752,  5.391534,  0.905,  0.1057,  0.1946,  34.3446,  25 Jun 2018 03:08:08
# 26.6777,  5.393117,  0.891,  0.1057,  0.1994,  34.3540,  25 Jun 2018 03:12:08
# 26.6713,  5.392623,  0.899,  0.1057,  0.1753,  34.3553,  25 Jun 2018 03:16:08
# 26.6703,  5.391793,  0.899,  0.1009,  0.1750,  34.3500,  25 Jun 2018 03:20:08
# 26.6555,  5.382262,  0.893,  0.1046,  0.1641,  34.2927,  25 Jun 2018 03:24:08
# 26.6534,  5.378826,  0.895,  0.1134,  0.2079,  34.2697,  25 Jun 2018 03:28:08
# 26.6443,  5.380572,  0.884,  0.1034,  0.1870,  34.2890,  25 Jun 2018 03:32:08
# 26.6480,  5.379593,  0.895,  0.1082,  0.1800,  34.2792,  25 Jun 2018 03:36:08
# 26.6698,  5.393219,  0.841,  0.1044,  0.2179,  34.3607,  25 Jun 2018 03:40:08
# 26.6653,  5.392247,  0.871,  0.1008,  0.2020,  34.3571,  25 Jun 2018 03:44:08
# 26.6551,  5.388527,  0.859,  0.1022,  0.1946,  34.3380,  25 Jun 2018 03:48:08
# 26.6425,  5.378850,  0.859,  0.1085,  0.1934,  34.2779,  25 Jun 2018 03:52:08
# 26.6525,  5.376776,  0.868,  0.1130,  0.1751,  34.2557,  25 Jun 2018 03:56:08
