# 25.3222,  5.272976,  0.709,  0.1036,  0.2573,  34.5003,  07 Jun 2018 06:03:04
# 25.3182,  5.272789,  0.717,  0.1022,  0.2661,  34.5020,  07 Jun 2018 06:07:04
# 25.3189,  5.272642,  0.738,  0.1072,  0.2897,  34.5003,  07 Jun 2018 06:11:04
# 25.3108,  5.271897,  0.720,  0.1010,  0.2320,  34.5010,  07 Jun 2018 06:15:04
# 25.3256,  5.272502,  0.739,  0.1058,  0.2515,  34.4942,  07 Jun 2018 06:19:04
# 25.3201,  5.272681,  0.718,  0.1060,  0.2429,  34.4997,  07 Jun 2018 06:23:04
# 25.3494,  5.280271,  0.745,  0.0986,  0.2169,  34.5332,  07 Jun 2018 06:27:04
# 25.3501,  5.279099,  0.728,  0.1020,  0.3257,  34.5241,  07 Jun 2018 06:31:04
# 25.3353,  5.275513,  0.707,  0.1008,  0.2240,  34.5090,  07 Jun 2018 06:35:04
# 25.3399,  5.276095,  0.756,  0.1036,  0.2827,  34.5098,  07 Jun 2018 06:39:04
# 25.3277,  5.273441,  0.742,  0.1061,  0.2779,  34.4995,  07 Jun 2018 06:43:04
# 25.3213,  5.273232,  0.726,  0.1012,  0.2245,  34.5028,  07 Jun 2018 06:47:04
# 25.3218,  5.272525,  0.714,  0.1007,  0.2743,  34.4973,  07 Jun 2018 06:51:04
# 25.3230,  5.273767,  0.741,  0.1024,  0.2887,  34.5055,  07 Jun 2018 06:55:04
# 25.3137,  5.272223,  0.724,  0.1023,  0.2562,  34.5012,  07 Jun 2018 06:59:04
