# 25.1385,  5.17852,    0.873, 0.0958, 0.1720,  33.9436, 21 Dec 2017 17:03:16
# 25.1217,  5.17831,    0.880, 0.1010, 0.1704,  33.9547, 21 Dec 2017 17:07:16
# 25.1162,  5.18133,    0.841, 0.1145, 0.2024,  33.9811, 21 Dec 2017 17:11:16
# 25.1081,  5.18133,    0.837, 0.1147, 0.1950,  33.9871, 21 Dec 2017 17:15:16
# 25.1010,  5.18086,    0.835, 0.1158, 0.2058,  33.9890, 21 Dec 2017 17:19:16
# 25.0903,  5.17990,    0.881, 0.1096, 0.1865,  33.9899, 21 Dec 2017 17:23:16
# 25.0796,  5.17821,    0.819, 0.1036, 0.2294,  33.9856, 21 Dec 2017 17:27:16
# 25.0606,  5.17539,    0.891, 0.0973, 0.1864,  33.9790, 21 Dec 2017 17:31:16
# 25.0501,  5.17424,    0.862, 0.0938, 0.1743,  33.9784, 21 Dec 2017 17:35:16
# 25.0435,  5.17337,    0.881, 0.0925, 0.1671,  33.9769, 21 Dec 2017 17:39:16
# 25.0121,  5.16930,    0.868, 0.0874, 0.1816,  33.9706, 21 Dec 2017 17:43:16
# 24.9837,  5.16406,    0.872, 0.0959, 0.1792,  33.9531, 21 Dec 2017 17:47:16
# 24.9786,  5.15919,    0.830, 0.0987, 0.1975,  33.9211, 21 Dec 2017 17:51:16
# 24.9734,  5.15829,    0.873, 0.1033, 0.2023,  33.9183, 21 Dec 2017 17:55:16
# 24.9557,  5.15496,    0.856, 0.1122, 0.1999,  33.9069, 21 Dec 2017 17:59:16
