# 24.0881,  5.110536,  1.098,  0.1050,  0.2196,  34.2342,  18 Feb 2018 06:01:23
# 24.0873,  5.112511,  1.091,  0.1075,  0.2363,  34.2496,  18 Feb 2018 06:05:23
# 24.0743,  5.110827,  1.096,  0.1035,  0.2444,  34.2470,  18 Feb 2018 06:09:23
# 24.0738,  5.109916,  1.099,  0.1060,  0.2444,  34.2405,  18 Feb 2018 06:13:23
# 24.0668,  5.105692,  1.096,  0.1061,  0.2338,  34.2141,  18 Feb 2018 06:17:23
# 24.0596,  5.103022,  1.096,  0.1071,  0.2171,  34.1995,  18 Feb 2018 06:21:23
# 24.0505,  5.098608,  1.098,  0.1096,  0.2045,  34.1732,  18 Feb 2018 06:25:23
# 24.0544,  5.100742,  1.068,  0.1060,  0.2541,  34.1863,  18 Feb 2018 06:29:23
# 24.0645,  5.097170,  1.099,  0.1099,  0.2234,  34.1517,  18 Feb 2018 06:33:23
# 24.0586,  5.098402,  1.087,  0.1171,  0.2936,  34.1654,  18 Feb 2018 06:37:23
# 24.0490,  5.102027,  1.092,  0.1036,  0.3056,  34.2001,  18 Feb 2018 06:41:23
# 24.0448,  5.099052,  1.081,  0.1073,  0.2504,  34.1809,  18 Feb 2018 06:45:23
# 24.0489,  5.092469,  1.097,  0.1122,  0.2699,  34.1283,  18 Feb 2018 06:49:23
# 24.0458,  5.098960,  1.078,  0.1061,  0.2710,  34.1795,  18 Feb 2018 06:53:23
# 24.0511,  5.097958,  1.081,  0.1061,  0.2409,  34.1679,  18 Feb 2018 06:57:23
