# 26.8738,  5.456845,  0.912,  0.0996,  0.3266,  34.6642,  27 Jul 2018 03:00:08
# 26.8617,  5.456066,  0.904,  0.0999,  0.3216,  34.6676,  27 Jul 2018 03:04:08
# 26.8572,  5.456956,  0.876,  0.0970,  0.2943,  34.6773,  27 Jul 2018 03:08:08
# 26.8513,  5.456767,  0.941,  0.0996,  0.2740,  34.6804,  27 Jul 2018 03:12:08
# 26.8505,  5.457720,  0.910,  0.0973,  0.2934,  34.6878,  27 Jul 2018 03:16:08
# 26.8548,  5.456271,  0.928,  0.0985,  0.2680,  34.6742,  27 Jul 2018 03:20:08
# 26.8495,  5.455090,  0.913,  0.0970,  0.3241,  34.6697,  27 Jul 2018 03:24:08
# 26.8454,  5.455334,  0.948,  0.0973,  0.2672,  34.6746,  27 Jul 2018 03:28:08
# 26.8482,  5.456255,  0.952,  0.1011,  0.3289,  34.6790,  27 Jul 2018 03:32:08
# 26.8410,  5.456066,  0.904,  0.0974,  0.3155,  34.6831,  27 Jul 2018 03:36:08
# 26.8454,  5.457224,  0.916,  0.1007,  0.2992,  34.6881,  27 Jul 2018 03:40:08
# 26.8412,  5.456948,  0.950,  0.1021,  0.2871,  34.6892,  27 Jul 2018 03:44:08
# 26.8330,  5.455586,  0.949,  0.0998,  0.2848,  34.6857,  27 Jul 2018 03:48:08
# 26.8384,  5.455421,  0.900,  0.1021,  0.2943,  34.6804,  27 Jul 2018 03:52:08
# 26.8417,  5.455310,  0.929,  0.0997,  0.2802,  34.6771,  27 Jul 2018 03:56:08
