# 27.6216,  5.502752,  0.889,  0.1058,  0.1736,  34.4357,  20 Jun 2018 18:00:08
# 27.6470,  5.503534,  0.898,  0.1046,  0.1691,  34.4226,  20 Jun 2018 18:04:08
# 27.6884,  5.504727,  0.905,  0.1157,  0.1639,  34.4006,  20 Jun 2018 18:08:08
# 27.6677,  5.503976,  0.901,  0.1106,  0.1664,  34.4105,  20 Jun 2018 18:12:08
# 27.6707,  5.503462,  0.909,  0.1021,  0.1529,  34.4046,  20 Jun 2018 18:16:08
# 27.6350,  5.502546,  0.892,  0.1082,  0.1592,  34.4244,  20 Jun 2018 18:20:08
# 27.6347,  5.501906,  0.888,  0.0981,  0.1641,  34.4201,  20 Jun 2018 18:24:08
# 27.6181,  5.500341,  0.888,  0.1054,  0.1691,  34.4213,  20 Jun 2018 18:28:08
# 27.6084,  5.499607,  0.919,  0.0945,  0.1524,  34.4233,  20 Jun 2018 18:32:08
# 27.6286,  5.498840,  0.931,  0.0944,  0.1450,  34.4030,  20 Jun 2018 18:36:08
# 27.5820,  5.496447,  0.927,  0.0919,  0.1522,  34.4204,  20 Jun 2018 18:40:08
# 27.6142,  5.496691,  0.933,  0.0968,  0.1581,  34.3985,  20 Jun 2018 18:44:08
# 27.6122,  5.496272,  0.915,  0.1033,  0.1513,  34.3969,  20 Jun 2018 18:48:08
# 27.6403,  5.496532,  0.954,  0.1044,  0.1666,  34.3782,  20 Jun 2018 18:52:08
# 27.6420,  5.495948,  0.956,  0.1156,  0.1592,  34.3728,  20 Jun 2018 18:56:08
