# 26.8941,  6.021734,  0.936,  0.1279,  0.2847,  38.7239,  28 Aug 2018 22:00:08
# 26.8891,  6.020961,  0.944,  0.1195,  0.2956,  38.7225,  28 Aug 2018 22:04:08
# 26.8780,  6.018815,  0.907,  0.1328,  0.3154,  38.7162,  28 Aug 2018 22:08:08
# 26.8694,  6.007284,  0.841,  0.1401,  0.3129,  38.6395,  28 Aug 2018 22:12:08
# 26.8809,  6.029163,  0.870,  0.1305,  0.3117,  38.7892,  28 Aug 2018 22:16:08
# 26.8920,  6.026332,  0.902,  0.1379,  0.3107,  38.7592,  28 Aug 2018 22:20:08
# 26.8845,  6.025551,  0.885,  0.1350,  0.3095,  38.7598,  28 Aug 2018 22:24:08
# 26.8657,  6.008131,  0.812,  0.1277,  0.3252,  38.6487,  28 Aug 2018 22:28:08
# 26.8641,  6.011475,  0.900,  0.1254,  0.3007,  38.6744,  28 Aug 2018 22:32:08
# 26.8624,  6.019128,  0.796,  0.1254,  0.3025,  38.7316,  28 Aug 2018 22:36:08
# 26.8506,  6.012987,  0.862,  0.1353,  0.3240,  38.6967,  28 Aug 2018 22:40:08
# 26.8480,  6.011648,  0.869,  0.1317,  0.2873,  38.6891,  28 Aug 2018 22:44:08
# 26.8501,  6.022401,  0.808,  0.1228,  0.3026,  38.7657,  28 Aug 2018 22:48:08
# 26.8447,  6.027921,  0.753,  0.1254,  0.3155,  38.8106,  28 Aug 2018 22:52:08
# 26.8328,  6.012264,  0.717,  0.1401,  0.3655,  38.7064,  28 Aug 2018 22:56:08
