# 25.9078,  5.315810,  0.797,  0.1231,  0.1731,  34.3710,  20 Nov 2017 19:02:57
# 25.9125,  5.315864,  0.790,  0.1331,  0.1854,  34.3679,  20 Nov 2017 19:06:57
# 25.9285,  5.317328,  0.783,  0.1405,  0.1731,  34.3665,  20 Nov 2017 19:10:57
# 25.8965,  5.315062,  0.787,  0.1145,  0.1656,  34.3741,  20 Nov 2017 19:14:57
# 25.9123,  5.316004,  0.784,  0.1183,  0.1756,  34.3691,  20 Nov 2017 19:18:57
# 25.9191,  5.316705,  0.782,  0.1318,  0.1707,  34.3691,  20 Nov 2017 19:22:57
# 25.9115,  5.315459,  0.744,  0.1415,  0.1830,  34.3657,  20 Nov 2017 19:26:57
# 25.9339,  5.317141,  0.752,  0.1619,  0.1854,  34.3611,  20 Nov 2017 19:30:57
# 25.9366,  5.317366,  0.753,  0.1575,  0.2268,  34.3608,  20 Nov 2017 19:34:57
# 25.9204,  5.316160,  0.746,  0.1404,  0.1731,  34.3641,  20 Nov 2017 19:38:57
# 25.9385,  5.317164,  0.734,  0.1525,  0.1827,  34.3579,  20 Nov 2017 19:42:57
# 25.9431,  5.318667,  0.740,  0.1605,  0.2210,  34.3653,  20 Nov 2017 19:46:57
# 25.9430,  5.318932,  0.742,  0.1441,  0.1817,  34.3674,  20 Nov 2017 19:50:57
# 25.9288,  5.317849,  0.744,  0.1513,  0.1817,  34.3702,  20 Nov 2017 19:54:57
# 25.9164,  5.316845,  0.738,  0.1489,  0.1804,  34.3721,  20 Nov 2017 19:58:57
