# 25.2219,  5.230917,  0.813,  0.1149,  0.2381,  34.2667,  02 Dec 2017 11:02:57
# 25.2160,  5.228142,  0.830,  0.1221,  0.2071,  34.2508,  02 Dec 2017 11:06:57
# 25.1854,  5.213031,  0.825,  0.1135,  0.2173,  34.1625,  02 Dec 2017 11:10:57
# 25.1774,  5.208831,  0.841,  0.1133,  0.2111,  34.1377,  02 Dec 2017 11:14:57
# 25.1912,  5.210560,  0.824,  0.1211,  0.2049,  34.1400,  02 Dec 2017 11:18:57
# 25.2111,  5.220020,  0.845,  0.1209,  0.2087,  34.1947,  02 Dec 2017 11:22:57
# 25.2163,  5.222847,  0.861,  0.1134,  0.2313,  34.2115,  02 Dec 2017 11:26:57
# 25.2250,  5.226487,  0.866,  0.1186,  0.2059,  34.2317,  02 Dec 2017 11:30:57
# 25.2181,  5.223790,  0.864,  0.1221,  0.2195,  34.2171,  02 Dec 2017 11:34:57
# 25.2149,  5.222206,  0.867,  0.1218,  0.2268,  34.2079,  02 Dec 2017 11:38:57
# 25.1995,  5.218653,  0.877,  0.1121,  0.1986,  34.1933,  02 Dec 2017 11:42:57
# 25.2046,  5.221387,  0.879,  0.1135,  0.1999,  34.2096,  02 Dec 2017 11:46:57
# 25.2024,  5.221094,  0.887,  0.1121,  0.2269,  34.2091,  02 Dec 2017 11:50:57
# 25.2204,  5.227114,  0.900,  0.1158,  0.2409,  34.2398,  02 Dec 2017 11:54:57
# 25.2308,  5.230569,  0.896,  0.1186,  0.2471,  34.2574,  02 Dec 2017 11:58:57
