# 25.4109,  5.21836,    0.990, 0.0899, 0.1563,  34.0322, 30 Dec 2017 14:03:16
# 25.4124,  5.21853,    1.005, 0.0912, 0.1743,  34.0324, 30 Dec 2017 14:07:16
# 25.4190,  5.21985,    0.998, 0.0886, 0.1579,  34.0370, 30 Dec 2017 14:11:16
# 25.4321,  5.22139,    0.998, 0.0912, 0.1643,  34.0386, 30 Dec 2017 14:15:16
# 25.4174,  5.22258,    0.996, 0.0924, 0.1730,  34.0582, 30 Dec 2017 14:19:16
# 25.4483,  5.22328,    0.988, 0.0910, 0.1456,  34.0403, 30 Dec 2017 14:23:16
# 25.4527,  5.22287,    0.989, 0.0910, 0.1611,  34.0340, 30 Dec 2017 14:27:16
# 25.4441,  5.22120,    0.985, 0.0935, 0.1559,  34.0282, 30 Dec 2017 14:31:16
# 25.4391,  5.22229,    0.978, 0.0971, 0.3586,  34.0399, 30 Dec 2017 14:35:16
# 25.4720,  5.22413,    0.972, 0.0933, 0.1855,  34.0288, 30 Dec 2017 14:39:16
# 25.4691,  5.22458,    0.988, 0.0925, 0.1767,  34.0342, 30 Dec 2017 14:43:16
# 25.4803,  5.22578,    0.972, 0.0911, 0.1670,  34.0347, 30 Dec 2017 14:47:16
# 25.4739,  5.22664,    0.952, 0.0934, 0.1711,  34.0457, 30 Dec 2017 14:51:16
# 25.4878,  5.22799,    0.960, 0.0996, 0.1814,  34.0452, 30 Dec 2017 14:55:16
# 25.4857,  5.22827,    0.969, 0.0913, 0.1695,  34.0488, 30 Dec 2017 14:59:16
