# 28.0158,  5.544486,  1.101,  0.0922,  0.2986,  34.4397,  05 Sep 2017 12:00:05
# 27.9722,  5.539896,  1.044,  0.0896,  0.3297,  34.4395,  05 Sep 2017 12:04:05
# 28.0115,  5.545723,  1.069,  0.0898,  0.3368,  34.4515,  05 Sep 2017 12:08:05
# 28.0450,  5.550236,  1.101,  0.0859,  0.3661,  34.4585,  05 Sep 2017 12:12:05
# 28.0964,  5.554441,  1.078,  0.0898,  0.3138,  34.4504,  05 Sep 2017 12:16:05
# 28.0648,  5.551545,  1.147,  0.0934,  0.3491,  34.4532,  05 Sep 2017 12:20:05
# 28.1048,  5.555251,  1.131,  0.0929,  0.2844,  34.4499,  05 Sep 2017 12:24:05
# 28.0737,  5.551696,  1.248,  0.0880,  0.2996,  34.4478,  05 Sep 2017 12:28:05
# 28.0803,  5.552965,  1.131,  0.0873,  0.3087,  34.4518,  05 Sep 2017 12:32:05
# 28.0859,  5.553981,  1.267,  0.0909,  0.3233,  34.4548,  05 Sep 2017 12:36:05
# 28.0901,  5.554378,  1.197,  0.0929,  0.2818,  34.4545,  05 Sep 2017 12:40:05
# 28.0830,  5.553426,  1.113,  0.0917,  0.3123,  34.4530,  05 Sep 2017 12:44:05
# 28.0938,  5.554132,  1.165,  0.0896,  0.2745,  34.4501,  05 Sep 2017 12:48:05
# 28.1034,  5.555306,  1.116,  0.0954,  0.3257,  34.4513,  05 Sep 2017 12:52:05
# 28.0703,  5.552212,  1.160,  0.0931,  0.3008,  34.4538,  05 Sep 2017 12:56:05
