# 27.0005,  5.46114,    0.686, 0.1069, 0.2085,  34.6003, 04 Nov 2017 22:01:27
# 26.9928,  5.45939,    0.659, 0.1141, 0.2136,  34.5936, 04 Nov 2017 22:05:27
# 26.9907,  5.45972,    0.684, 0.1081, 0.2061,  34.5975, 04 Nov 2017 22:09:27
# 26.9899,  5.46104,    0.667, 0.1030, 0.1879,  34.6075, 04 Nov 2017 22:13:27
# 26.9873,  5.46224,    0.621, 0.1032, 0.1975,  34.6180, 04 Nov 2017 22:17:27
# 26.9575,  5.45560,    0.607, 0.1044, 0.2011,  34.5928, 04 Nov 2017 22:21:27
# 26.9548,  5.45478,    0.663, 0.1134, 0.2171,  34.5890, 04 Nov 2017 22:25:27
# 26.9615,  5.45777,    0.798, 0.1144, 0.2046,  34.6052, 04 Nov 2017 22:29:27
# 26.9752,  5.46244,    0.696, 0.1145, 0.2134,  34.6284, 04 Nov 2017 22:33:27
# 26.9745,  5.46420,    0.752, 0.1121, 0.2059,  34.6415, 04 Nov 2017 22:37:27
# 26.9756,  5.46578,    0.661, 0.1178, 0.2305,  34.6520, 04 Nov 2017 22:41:27
# 26.9613,  5.46411,    0.713, 0.1082, 0.2171,  34.6508, 04 Nov 2017 22:45:27
# 26.9504,  5.46181,    0.690, 0.1083, 0.2306,  34.6424, 04 Nov 2017 22:49:27
# 26.9103,  5.44741,    0.673, 0.1119, 0.2429,  34.5696, 04 Nov 2017 22:53:27
# 26.9385,  5.45465,    0.676, 0.1107, 0.2108,  34.6002, 04 Nov 2017 22:57:27
