# 26.5042,  5.389665,  0.759,  0.1389,  0.1999,  34.4585,  14 Nov 2017 21:02:57
# 26.5028,  5.389579,  0.769,  0.1466,  0.1952,  34.4589,  14 Nov 2017 21:06:57
# 26.5026,  5.390801,  0.756,  0.1230,  0.2085,  34.4679,  14 Nov 2017 21:10:57
# 26.5040,  5.391796,  0.760,  0.1168,  0.1962,  34.4740,  14 Nov 2017 21:14:57
# 26.5089,  5.394217,  0.797,  0.1169,  0.1880,  34.4878,  14 Nov 2017 21:18:57
# 26.5114,  5.396035,  0.756,  0.1192,  0.2493,  34.4990,  14 Nov 2017 21:22:57
# 26.5080,  5.395925,  0.819,  0.1155,  0.1961,  34.5007,  14 Nov 2017 21:26:57
# 26.5038,  5.395612,  0.772,  0.1131,  0.2053,  34.5016,  14 Nov 2017 21:30:57
# 26.4892,  5.393293,  0.777,  0.1193,  0.2097,  34.4959,  14 Nov 2017 21:34:57
# 26.4963,  5.395549,  0.802,  0.1193,  0.2146,  34.5068,  14 Nov 2017 21:38:57
# 26.4743,  5.392094,  0.860,  0.1147,  0.2444,  34.4983,  14 Nov 2017 21:42:57
# 26.4726,  5.390371,  0.837,  0.1145,  0.1963,  34.4872,  14 Nov 2017 21:46:57
# 26.4917,  5.393496,  0.838,  0.1181,  0.1926,  34.4954,  14 Nov 2017 21:50:57
# 26.4840,  5.390370,  0.783,  0.1327,  0.1987,  34.4787,  14 Nov 2017 21:54:57
# 26.4906,  5.389070,  0.816,  0.1341,  0.2033,  34.4644,  14 Nov 2017 21:58:57
