# 27.5807,  5.510992,  1.105,  0.1191,  0.2419,  34.5239,  17 Sep 2017 02:00:05
# 27.5917,  5.509299,  1.201,  0.1252,  0.2517,  34.5037,  17 Sep 2017 02:04:05
# 27.5876,  5.509576,  1.099,  0.1238,  0.2925,  34.5088,  17 Sep 2017 02:08:05
# 27.5542,  5.509853,  1.134,  0.1178,  0.2542,  34.5353,  17 Sep 2017 02:12:05
# 27.5182,  5.507972,  1.180,  0.1157,  0.2734,  34.5486,  17 Sep 2017 02:16:05
# 27.5069,  5.506818,  1.155,  0.1168,  0.3270,  34.5488,  17 Sep 2017 02:20:05
# 27.5547,  5.506682,  1.186,  0.1279,  0.3333,  34.5126,  17 Sep 2017 02:24:05
# 27.5667,  5.508066,  1.168,  0.1266,  0.2940,  34.5135,  17 Sep 2017 02:28:05
# 27.5666,  5.509924,  1.185,  0.1181,  0.2805,  34.5267,  17 Sep 2017 02:32:05
# 27.5619,  5.509735,  1.188,  0.1157,  0.2712,  34.5288,  17 Sep 2017 02:36:05
# 27.5665,  5.508635,  1.172,  0.1202,  0.3539,  34.5177,  17 Sep 2017 02:40:05
# 27.5678,  5.509537,  1.201,  0.1194,  0.2840,  34.5230,  17 Sep 2017 02:44:05
# 27.5826,  5.509110,  1.110,  0.1292,  0.2542,  34.5091,  17 Sep 2017 02:48:05
# 27.6105,  5.508476,  1.170,  0.1253,  0.2711,  34.4841,  17 Sep 2017 02:52:05
# 27.5916,  5.508777,  1.123,  0.1193,  0.2616,  34.5002,  17 Sep 2017 02:56:05
