# 27.7816,  5.517848,  1.028,  0.1035,  0.1646,  34.4244,  01 Oct 2017 01:00:05
# 27.7784,  5.518394,  1.104,  0.0982,  0.1668,  34.4306,  01 Oct 2017 01:04:05
# 27.7800,  5.521861,  1.060,  0.1009,  0.1670,  34.4538,  01 Oct 2017 01:08:05
# 27.7639,  5.516558,  0.997,  0.0969,  0.1656,  34.4284,  01 Oct 2017 01:12:05
# 27.7638,  5.520864,  1.079,  0.1031,  0.1875,  34.4587,  01 Oct 2017 01:16:05
# 27.7572,  5.518924,  1.054,  0.1007,  0.1682,  34.4499,  01 Oct 2017 01:20:05
# 27.7552,  5.518141,  1.062,  0.0995,  0.1768,  34.4458,  01 Oct 2017 01:24:05
# 27.7685,  5.516827,  0.965,  0.1044,  0.1927,  34.4269,  01 Oct 2017 01:28:05
# 27.7604,  5.515324,  1.057,  0.0982,  0.1940,  34.4223,  01 Oct 2017 01:32:05
# 27.7463,  5.514121,  1.103,  0.1009,  0.1682,  34.4241,  01 Oct 2017 01:36:05
# 27.7294,  5.509289,  1.115,  0.0996,  0.1669,  34.4026,  01 Oct 2017 01:40:05
# 27.7267,  5.509162,  1.041,  0.0969,  0.1695,  34.4037,  01 Oct 2017 01:44:05
# 27.7195,  5.505984,  1.076,  0.0982,  0.1679,  34.3866,  01 Oct 2017 01:48:05
# 27.7274,  5.511171,  1.053,  0.0955,  0.1669,  34.4172,  01 Oct 2017 01:52:05
# 27.7217,  5.506600,  1.038,  0.0995,  0.1649,  34.3893,  01 Oct 2017 01:56:05
