# 24.8511,  5.17572,    0.900, 0.0848, 0.1887,  34.1394, 16 Dec 2017 12:03:16
# 24.8938,  5.18126,    0.906, 0.0874, 0.1781,  34.1482, 16 Dec 2017 12:07:16
# 24.9224,  5.18521,    0.908, 0.0851, 0.1683,  34.1558, 16 Dec 2017 12:11:16
# 24.9302,  5.18764,    0.912, 0.0840, 0.1923,  34.1678, 16 Dec 2017 12:15:16
# 24.9623,  5.19113,    0.903, 0.0898, 0.1718,  34.1694, 16 Dec 2017 12:19:16
# 24.9608,  5.19133,    0.911, 0.0884, 0.2097,  34.1720, 16 Dec 2017 12:23:16
# 24.9834,  5.19376,    0.906, 0.0864, 0.1660,  34.1728, 16 Dec 2017 12:27:16
# 25.0229,  5.19833,    0.919, 0.0848, 0.1793,  34.1768, 16 Dec 2017 12:31:16
# 25.0406,  5.20059,    0.909, 0.0861, 0.1635,  34.1801, 16 Dec 2017 12:35:16
# 25.0588,  5.20298,    0.919, 0.0862, 0.1609,  34.1840, 16 Dec 2017 12:39:16
# 25.0674,  5.20483,    0.919, 0.0848, 0.1743,  34.1912, 16 Dec 2017 12:43:16
# 25.1047,  5.20822,    0.915, 0.0899, 0.1843,  34.1880, 16 Dec 2017 12:47:16
# 25.1316,  5.21153,    0.918, 0.0863, 0.1717,  34.1921, 16 Dec 2017 12:51:16
# 25.1633,  5.21610,    0.926, 0.0861, 0.1670,  34.2018, 16 Dec 2017 12:55:16
# 25.1866,  5.21959,    0.922, 0.0847, 0.1621,  34.2099, 16 Dec 2017 12:59:16
