# 26.7827,  5.44775,    1.048, 0.0999, 0.2208,  34.6671, 06 Nov 2017 10:01:27
# 26.8089,  5.44923,    0.978, 0.0959, 0.2457,  34.6581, 06 Nov 2017 10:05:27
# 26.8064,  5.44842,    0.948, 0.0998, 0.2614,  34.6543, 06 Nov 2017 10:09:27
# 26.8027,  5.44838,    0.950, 0.1036, 0.3355,  34.6567, 06 Nov 2017 10:13:27
# 26.8176,  5.44964,    0.954, 0.1007, 0.2433,  34.6546, 06 Nov 2017 10:17:27
# 26.8164,  5.45066,    0.953, 0.0996, 0.2650,  34.6628, 06 Nov 2017 10:21:27
# 26.8361,  5.45264,    1.010, 0.0958, 0.3246,  34.6622, 06 Nov 2017 10:25:27
# 26.8682,  5.45554,    0.951, 0.1019, 0.2804,  34.6590, 06 Nov 2017 10:29:27
# 26.8653,  5.45698,    0.966, 0.0909, 0.2912,  34.6714, 06 Nov 2017 10:33:27
# 26.8471,  5.45646,    0.903, 0.0960, 0.2612,  34.6813, 06 Nov 2017 10:37:27
# 26.8093,  5.45285,    0.887, 0.1093, 0.2864,  34.6838, 06 Nov 2017 10:41:27
# 26.7554,  5.44919,    0.988, 0.1020, 0.2818,  34.6980, 06 Nov 2017 10:45:27
# 26.7876,  5.45126,    0.879, 0.0998, 0.2495,  34.6887, 06 Nov 2017 10:49:27
# 26.8051,  5.45245,    0.837, 0.0945, 0.2575,  34.6841, 06 Nov 2017 10:53:27
# 26.8273,  5.45456,    0.771, 0.0970, 0.2698,  34.6826, 06 Nov 2017 10:57:27
