# 26.5974,  5.417597,  0.807,  0.1144,  0.3780,  34.5897,  21 Jul 2018 03:00:08
# 26.5797,  5.417974,  0.807,  0.1120,  0.2837,  34.6056,  21 Jul 2018 03:04:08
# 26.5805,  5.418335,  0.774,  0.1108,  0.2992,  34.6076,  21 Jul 2018 03:08:08
# 26.5798,  5.417801,  0.796,  0.1121,  0.2979,  34.6043,  21 Jul 2018 03:12:08
# 26.5786,  5.417574,  0.781,  0.1059,  0.2645,  34.6035,  21 Jul 2018 03:16:08
# 26.5637,  5.417511,  0.808,  0.1132,  0.2824,  34.6142,  21 Jul 2018 03:20:08
# 26.5483,  5.416036,  0.792,  0.1093,  0.3133,  34.6152,  21 Jul 2018 03:24:08
# 26.5433,  5.415604,  0.747,  0.1146,  0.2803,  34.6159,  21 Jul 2018 03:28:08
# 26.5305,  5.414709,  0.769,  0.1099,  0.2839,  34.6190,  21 Jul 2018 03:32:08
# 26.5144,  5.414168,  0.704,  0.1118,  0.3944,  34.6272,  21 Jul 2018 03:36:08
# 26.5117,  5.413776,  0.736,  0.1070,  0.3106,  34.6264,  21 Jul 2018 03:40:08
# 26.5170,  5.413336,  0.763,  0.1081,  0.2777,  34.6193,  21 Jul 2018 03:44:08
# 26.5133,  5.412041,  0.764,  0.1108,  0.4078,  34.6127,  21 Jul 2018 03:48:08
# 26.5063,  5.412183,  0.720,  0.1072,  0.3179,  34.6190,  21 Jul 2018 03:52:08
# 26.4929,  5.410566,  0.728,  0.1095,  0.3409,  34.6174,  21 Jul 2018 03:56:08
