# 25.7667,  5.325494,  0.821,  0.1330,  0.2610,  34.5479,  10 May 2018 17:03:04
# 25.8369,  5.326943,  0.812,  0.1341,  0.2380,  34.5055,  10 May 2018 17:07:04
# 25.8265,  5.326725,  0.811,  0.1268,  0.2464,  34.5117,  10 May 2018 17:11:04
# 25.8786,  5.325056,  0.800,  0.1208,  0.2659,  34.4603,  10 May 2018 17:15:04
# 25.8184,  5.323148,  0.810,  0.1244,  0.2501,  34.4918,  10 May 2018 17:19:04
# 25.8349,  5.323748,  0.787,  0.1167,  0.2278,  34.4837,  10 May 2018 17:23:04
# 25.8029,  5.320040,  0.795,  0.1280,  0.2406,  34.4808,  10 May 2018 17:27:04
# 25.7091,  5.318578,  0.792,  0.1279,  0.2599,  34.5411,  10 May 2018 17:31:04
# 25.7724,  5.324723,  0.786,  0.1293,  0.2753,  34.5380,  10 May 2018 17:35:04
# 25.7162,  5.319753,  0.792,  0.1366,  0.2707,  34.5442,  10 May 2018 17:39:04
# 25.6897,  5.316740,  0.791,  0.1302,  0.2563,  34.5423,  10 May 2018 17:43:04
# 25.7153,  5.317565,  0.781,  0.1245,  0.2346,  34.5290,  10 May 2018 17:47:04
# 25.6384,  5.313517,  0.784,  0.1269,  0.2961,  34.5576,  10 May 2018 17:51:04
# 25.6191,  5.309315,  0.789,  0.1268,  0.2671,  34.5416,  10 May 2018 17:55:04
# 25.6744,  5.312505,  0.776,  0.1254,  0.2430,  34.5230,  10 May 2018 17:59:04
