# 27.0598,  5.447348,  1.051,  0.1057,  0.2740,  34.4579,  17 Jun 2018 17:03:04
# 27.0536,  5.446506,  1.082,  0.1035,  0.2790,  34.4565,  17 Jun 2018 17:07:04
# 27.0604,  5.446868,  1.085,  0.1083,  0.2812,  34.4540,  17 Jun 2018 17:11:04
# 27.0292,  5.444807,  1.079,  0.1033,  0.2764,  34.4625,  17 Jun 2018 17:15:04
# 27.0029,  5.441833,  1.099,  0.1009,  0.2837,  34.4608,  17 Jun 2018 17:19:04
# 27.0127,  5.442250,  1.083,  0.1118,  0.2803,  34.4565,  17 Jun 2018 17:23:04
# 27.0019,  5.441306,  1.109,  0.1067,  0.2492,  34.4578,  17 Jun 2018 17:27:04
# 27.0237,  5.442195,  1.116,  0.1108,  0.2559,  34.4479,  17 Jun 2018 17:31:04
# 27.0202,  5.441990,  1.121,  0.1131,  0.2537,  34.4491,  17 Jun 2018 17:35:04
# 26.9855,  5.439773,  1.123,  0.1083,  0.2612,  34.4590,  17 Jun 2018 17:39:04
# 26.9844,  5.439584,  1.126,  0.1044,  0.2763,  34.4585,  17 Jun 2018 17:43:04
# 26.9490,  5.436754,  1.120,  0.1131,  0.3837,  34.4646,  17 Jun 2018 17:47:04
# 26.9434,  5.436416,  1.136,  0.1107,  0.2898,  34.4663,  17 Jun 2018 17:51:04
# 26.9553,  5.437155,  1.139,  0.1083,  0.2597,  34.4627,  17 Jun 2018 17:55:04
# 26.9673,  5.437249,  1.143,  0.1208,  0.2679,  34.4545,  17 Jun 2018 17:59:04
