# 24.5731,  5.16707,    0.922, 0.1135, 0.2516,  34.2865, 07 Jan 2018 18:03:16
# 24.5632,  5.16583,    0.913, 0.1086, 0.2443,  34.2848, 07 Jan 2018 18:07:16
# 24.5500,  5.16400,    0.930, 0.1110, 0.2293,  34.2813, 07 Jan 2018 18:11:16
# 24.5468,  5.16269,    0.913, 0.1196, 0.2296,  34.2739, 07 Jan 2018 18:15:16
# 24.5394,  5.16182,    0.930, 0.1184, 0.2217,  34.2731, 07 Jan 2018 18:19:16
# 24.5313,  5.16118,    0.923, 0.1144, 0.2121,  34.2744, 07 Jan 2018 18:23:16
# 24.5432,  5.16317,    0.921, 0.1147, 0.2506,  34.2802, 07 Jan 2018 18:27:16
# 24.5379,  5.16311,    0.945, 0.1173, 0.2551,  34.2837, 07 Jan 2018 18:31:16
# 24.5229,  5.16164,    0.943, 0.1172, 0.2446,  34.2843, 07 Jan 2018 18:35:16
# 24.5096,  5.15977,    0.950, 0.1121, 0.2107,  34.2805, 07 Jan 2018 18:39:16
# 24.5284,  5.16115,    0.954, 0.1224, 0.2602,  34.2765, 07 Jan 2018 18:43:16
# 24.5400,  5.16374,    0.951, 0.1209, 0.2282,  34.2869, 07 Jan 2018 18:47:16
# 24.5437,  5.16447,    0.940, 0.1245, 0.2864,  34.2896, 07 Jan 2018 18:51:16
# 24.5534,  5.16616,    0.960, 0.1208, 0.2384,  34.2947, 07 Jan 2018 18:55:16
# 24.5475,  5.16590,    0.976, 0.1199, 0.2245,  34.2972, 07 Jan 2018 18:59:16
