# 25.3233,  5.14015,    0.720, 0.1084, 0.3126,  33.5245, 27 Dec 2017 18:03:16
# 25.3123,  5.13169,    0.731, 0.1109, 0.3124,  33.4706, 27 Dec 2017 18:07:16
# 25.2755,  5.09411,    0.732, 0.1135, 0.3256,  33.2224, 27 Dec 2017 18:11:16
# 25.2991,  5.12330,    0.728, 0.1135, 0.3172,  33.4189, 27 Dec 2017 18:15:16
# 25.2846,  5.13747,    0.735, 0.1194, 0.3149,  33.5334, 27 Dec 2017 18:19:16
# 25.2831,  5.13065,    0.719, 0.1112, 0.2950,  33.4845, 27 Dec 2017 18:23:16
# 25.2782,  5.12574,    0.737, 0.1109, 0.2993,  33.4521, 27 Dec 2017 18:27:16
# 25.2762,  5.12995,    0.744, 0.1110, 0.3280,  33.4844, 27 Dec 2017 18:31:16
# 25.2671,  5.13505,    0.735, 0.1097, 0.3488,  33.5286, 27 Dec 2017 18:35:16
# 25.2593,  5.13663,    0.752, 0.1120, 0.3794,  33.5459, 27 Dec 2017 18:39:16
# 25.2253,  5.09612,    0.743, 0.1110, 0.3075,  33.2739, 27 Dec 2017 18:43:16
# 25.2321,  5.10138,    0.742, 0.1071, 0.2840,  33.3075, 27 Dec 2017 18:47:16
# 25.2355,  5.12017,    0.752, 0.1097, 0.3030,  33.4428, 27 Dec 2017 18:51:16
# 25.2331,  5.12664,    0.756, 0.1109, 0.2628,  33.4920, 27 Dec 2017 18:55:16
# 25.2285,  5.12053,    0.751, 0.1082, 0.2591,  33.4506, 27 Dec 2017 18:59:16
