# 26.9258,  5.46701,    1.136, 0.0887, 0.3136,  34.6979, 15 Oct 2017 10:01:27
# 26.9204,  5.46800,    1.027, 0.0862, 0.2889,  34.7090, 15 Oct 2017 10:05:27
# 26.9837,  5.46996,    1.182, 0.1035, 0.4082,  34.6757, 15 Oct 2017 10:09:27
# 26.9845,  5.47161,    1.103, 0.0932, 0.3452,  34.6868, 15 Oct 2017 10:13:27
# 27.0168,  5.47508,    1.136, 0.0885, 0.2960,  34.6874, 15 Oct 2017 10:17:27
# 27.0459,  5.47528,    1.046, 0.0970, 0.3635,  34.6672, 15 Oct 2017 10:21:27
# 27.0318,  5.47655,    1.127, 0.0934, 0.3996,  34.6867, 15 Oct 2017 10:25:27
# 27.0079,  5.47763,    1.242, 0.0921, 0.3913,  34.7122, 15 Oct 2017 10:29:27
# 27.0268,  5.47943,    0.957, 0.0896, 0.3683,  34.7110, 15 Oct 2017 10:33:27
# 27.0281,  5.48012,    1.088, 0.0906, 0.3686,  34.7150, 15 Oct 2017 10:37:27
# 27.0516,  5.48250,    1.103, 0.0896, 0.3527,  34.7144, 15 Oct 2017 10:41:27
# 27.0840,  5.48430,    1.336, 0.0983, 0.4558,  34.7030, 15 Oct 2017 10:45:27
# 27.0921,  5.48498,    1.148, 0.0922, 0.4208,  34.7018, 15 Oct 2017 10:49:27
# 27.0908,  5.48576,    1.103, 0.0859, 0.3842,  34.7084, 15 Oct 2017 10:53:27
# 27.0981,  5.48675,    1.148, 0.0896, 0.3441,  34.7099, 15 Oct 2017 10:57:27
