# 26.6452,  6.116730,  1.004,  0.1045,  0.2528,  39.6299,  03 Aug 2018 08:00:08
# 26.6489,  6.117409,  1.013,  0.1036,  0.2441,  39.6318,  03 Aug 2018 08:04:08
# 26.6469,  6.117707,  0.996,  0.1020,  0.2875,  39.6357,  03 Aug 2018 08:08:08
# 26.6342,  6.117260,  1.022,  0.1034,  0.2956,  39.6433,  03 Aug 2018 08:12:08
# 26.6491,  6.118908,  1.017,  0.1033,  0.2416,  39.6426,  03 Aug 2018 08:16:08
# 26.6656,  6.120299,  1.036,  0.1037,  0.3497,  39.6385,  03 Aug 2018 08:20:08
# 26.6843,  6.122411,  1.029,  0.1033,  0.2847,  39.6379,  03 Aug 2018 08:24:08
# 26.6949,  6.123795,  1.024,  0.1022,  0.2571,  39.6390,  03 Aug 2018 08:28:08
# 26.6974,  6.124085,  1.042,  0.1084,  0.2789,  39.6390,  03 Aug 2018 08:32:08
# 26.7077,  6.125584,  1.032,  0.1054,  0.2583,  39.6411,  03 Aug 2018 08:36:08
# 26.7051,  6.126347,  1.025,  0.1042,  0.2585,  39.6489,  03 Aug 2018 08:40:08
# 26.7529,  6.130689,  1.043,  0.1046,  0.2288,  39.6396,  03 Aug 2018 08:44:08
# 26.7230,  6.131021,  1.044,  0.1021,  0.2573,  39.6678,  03 Aug 2018 08:48:08
# 26.7423,  6.134943,  1.041,  0.0996,  0.2512,  39.6799,  03 Aug 2018 08:52:08
# 26.7363,  6.135606,  1.039,  0.1068,  0.2573,  39.6900,  03 Aug 2018 08:56:08
