# 26.5471,  6.076451,  0.839,  0.1021,  0.2959,  39.4183,  30 Aug 2018 03:00:08
# 26.5345,  6.078285,  0.808,  0.1044,  0.2814,  39.4426,  30 Aug 2018 03:04:08
# 26.5382,  6.081440,  0.899,  0.1044,  0.2933,  39.4626,  30 Aug 2018 03:08:08
# 26.5481,  6.084595,  0.832,  0.1070,  0.2586,  39.4774,  30 Aug 2018 03:12:08
# 26.5276,  6.082192,  0.951,  0.1044,  0.2728,  39.4772,  30 Aug 2018 03:16:08
# 26.5220,  6.082093,  0.906,  0.0996,  0.2392,  39.4813,  30 Aug 2018 03:20:08
# 26.5041,  6.080714,  0.965,  0.1009,  0.2332,  39.4865,  30 Aug 2018 03:24:08
# 26.4951,  6.078872,  0.965,  0.1010,  0.3372,  39.4807,  30 Aug 2018 03:28:08
# 26.5083,  6.078558,  0.947,  0.1009,  0.2789,  39.4671,  30 Aug 2018 03:32:08
# 26.5107,  6.081449,  0.853,  0.0998,  0.2644,  39.4864,  30 Aug 2018 03:36:08
# 26.5039,  6.082556,  0.954,  0.1008,  0.3181,  39.5003,  30 Aug 2018 03:40:08
# 26.5075,  6.080656,  0.915,  0.0996,  0.2477,  39.4832,  30 Aug 2018 03:44:08
# 26.5250,  6.078318,  0.973,  0.1044,  0.2467,  39.4509,  30 Aug 2018 03:48:08
# 26.5040,  6.078343,  0.923,  0.1044,  0.2812,  39.4692,  30 Aug 2018 03:52:08
# 26.4805,  6.078468,  0.997,  0.1006,  0.2512,  39.4903,  30 Aug 2018 03:56:08
