# 26.3225,  6.578103,  0.989,  0.1106,  0.5417,  43.3481,  25 Aug 2018 04:00:08
# 26.3142,  6.576889,  0.998,  0.1033,  0.4718,  43.3468,  25 Aug 2018 04:04:08
# 26.3170,  6.575759,  1.042,  0.1070,  0.4251,  43.3357,  25 Aug 2018 04:08:08
# 26.3212,  6.575237,  1.074,  0.1070,  0.4481,  43.3278,  25 Aug 2018 04:12:08
# 26.3148,  6.572398,  1.023,  0.1042,  0.4466,  43.3125,  25 Aug 2018 04:16:08
# 26.3181,  6.566960,  1.030,  0.1082,  0.4312,  43.2686,  25 Aug 2018 04:20:08
# 26.3063,  6.561336,  1.088,  0.1059,  0.3941,  43.2375,  25 Aug 2018 04:24:08
# 26.3074,  6.556397,  0.936,  0.1070,  0.4636,  43.1995,  25 Aug 2018 04:28:08
# 26.3016,  6.554219,  1.053,  0.1070,  0.4034,  43.1886,  25 Aug 2018 04:32:08
# 26.3036,  6.553638,  1.030,  0.1071,  0.3716,  43.1823,  25 Aug 2018 04:36:08
# 26.3147,  6.554637,  0.995,  0.1061,  0.4041,  43.1793,  25 Aug 2018 04:40:08
# 26.3067,  6.552843,  0.886,  0.1044,  0.4192,  43.1735,  25 Aug 2018 04:44:08
# 26.3054,  6.556670,  0.950,  0.1071,  0.4456,  43.2034,  25 Aug 2018 04:48:08
# 26.3055,  6.558644,  1.066,  0.1070,  0.4127,  43.2180,  25 Aug 2018 04:52:08
# 26.3058,  6.558858,  0.984,  0.1033,  0.3858,  43.2195,  25 Aug 2018 04:56:08
