# 23.0848,  5.034795,  0.903,  0.1260,  0.1420,  34.4363,  10 Mar 2018 22:00:46
# 23.0699,  5.032688,  0.911,  0.1173,  0.1481,  34.4318,  10 Mar 2018 22:04:46
# 23.0782,  5.033882,  0.916,  0.1260,  0.1434,  34.4344,  10 Mar 2018 22:08:46
# 23.0676,  5.032734,  0.916,  0.1285,  0.1505,  34.4339,  10 Mar 2018 22:12:46
# 23.0796,  5.034027,  0.922,  0.1298,  0.1537,  34.4344,  10 Mar 2018 22:16:46
# 23.1050,  5.036947,  0.927,  0.1272,  0.1505,  34.4370,  10 Mar 2018 22:20:46
# 23.1024,  5.036582,  0.926,  0.1236,  0.1647,  34.4362,  10 Mar 2018 22:24:46
# 23.0908,  5.035913,  0.929,  0.1310,  0.1443,  34.4401,  10 Mar 2018 22:28:46
# 23.1066,  5.037297,  0.934,  0.1235,  0.1549,  34.4384,  10 Mar 2018 22:32:46
# 23.1349,  5.041162,  0.939,  0.1283,  0.1491,  34.4459,  10 Mar 2018 22:36:46
# 23.1281,  5.040850,  0.943,  0.1185,  0.1472,  34.4488,  10 Mar 2018 22:40:46
# 23.1075,  5.038400,  0.949,  0.1160,  0.1469,  34.4462,  10 Mar 2018 22:44:46
# 23.0922,  5.036856,  0.954,  0.1147,  0.1371,  34.4462,  10 Mar 2018 22:48:46
# 23.0821,  5.035616,  0.950,  0.1186,  0.1780,  34.4447,  10 Mar 2018 22:52:46
# 23.0809,  5.035928,  0.956,  0.1195,  0.1421,  34.4480,  10 Mar 2018 22:56:46
