# 26.7540,  5.429282,  1.070,  0.1317,  0.2512,  34.5563,  12 Jul 2018 20:00:08
# 26.7471,  5.430005,  1.064,  0.1401,  0.2453,  34.5667,  12 Jul 2018 20:04:08
# 26.7343,  5.430139,  0.995,  0.1306,  0.2641,  34.5772,  12 Jul 2018 20:08:08
# 26.7292,  5.429400,  1.060,  0.1291,  0.2382,  34.5757,  12 Jul 2018 20:12:08
# 26.7273,  5.429667,  1.028,  0.1402,  0.2321,  34.5790,  12 Jul 2018 20:16:08
# 26.7197,  5.430673,  0.999,  0.1292,  0.2573,  34.5919,  12 Jul 2018 20:20:08
# 26.7064,  5.430179,  0.990,  0.1245,  0.2573,  34.5983,  12 Jul 2018 20:24:08
# 26.7249,  5.428339,  1.006,  0.1365,  0.2354,  34.5713,  12 Jul 2018 20:28:08
# 26.7227,  5.428339,  0.988,  0.1379,  0.2438,  34.5730,  12 Jul 2018 20:32:08
# 26.7219,  5.428159,  0.945,  0.1379,  0.2367,  34.5723,  12 Jul 2018 20:36:08
# 26.7121,  5.429015,  0.959,  0.1292,  0.2690,  34.5857,  12 Jul 2018 20:40:08
# 26.7062,  5.428819,  0.973,  0.1208,  0.2370,  34.5887,  12 Jul 2018 20:44:08
# 26.6968,  5.428167,  0.919,  0.1305,  0.2587,  34.5911,  12 Jul 2018 20:48:08
# 26.6986,  5.427743,  0.938,  0.1192,  0.2415,  34.5867,  12 Jul 2018 20:52:08
# 26.7008,  5.426863,  0.917,  0.1279,  0.2390,  34.5788,  12 Jul 2018 20:56:08
