# 28.3641,  5.583988,  1.489,  0.1104,  0.1913,  34.4609,  17 Sep 2017 15:00:05
# 28.3552,  5.584123,  1.418,  0.1106,  0.2008,  34.4684,  17 Sep 2017 15:04:05
# 28.3328,  5.583559,  1.472,  0.1179,  0.2258,  34.4807,  17 Sep 2017 15:08:05
# 28.2496,  5.577953,  1.467,  0.1167,  0.2255,  34.5024,  17 Sep 2017 15:12:05
# 28.2746,  5.580585,  1.421,  0.1118,  0.2021,  34.5025,  17 Sep 2017 15:16:05
# 28.2731,  5.580625,  1.335,  0.1129,  0.2743,  34.5039,  17 Sep 2017 15:20:05
# 28.2360,  5.579281,  1.439,  0.1144,  0.2171,  34.5216,  17 Sep 2017 15:24:05
# 28.2350,  5.579584,  1.447,  0.1120,  0.2073,  34.5244,  17 Sep 2017 15:28:05
# 28.1928,  5.577501,  1.400,  0.1093,  0.2470,  34.5407,  17 Sep 2017 15:32:05
# 28.2299,  5.579631,  1.408,  0.1081,  0.2036,  34.5284,  17 Sep 2017 15:36:05
# 28.2379,  5.581182,  1.434,  0.1056,  0.1951,  34.5334,  17 Sep 2017 15:40:05
# 28.2702,  5.583098,  1.299,  0.0967,  0.1841,  34.5232,  17 Sep 2017 15:44:05
# 28.2700,  5.583154,  1.374,  0.1008,  0.1891,  34.5238,  17 Sep 2017 15:48:05
# 28.2909,  5.584291,  1.315,  0.0932,  0.1781,  34.5164,  17 Sep 2017 15:52:05
# 28.2664,  5.582542,  1.332,  0.0980,  0.2096,  34.5222,  17 Sep 2017 15:56:05
