# 24.1369,  5.134612,  0.838,  0.1036,  0.3221,  34.3779,  18 Jan 2018 21:01:23
# 24.1370,  5.135425,  0.843,  0.0974,  0.3494,  34.3839,  18 Jan 2018 21:05:23
# 24.1302,  5.136753,  0.821,  0.0987,  0.4168,  34.3992,  18 Jan 2018 21:09:23
# 24.1172,  5.135119,  0.817,  0.0999,  0.3934,  34.3969,  18 Jan 2018 21:13:23
# 24.1025,  5.133646,  0.841,  0.0948,  0.4083,  34.3971,  18 Jan 2018 21:17:23
# 24.0743,  5.131622,  0.796,  0.0948,  0.3441,  34.4037,  18 Jan 2018 21:21:23
# 24.0716,  5.132197,  0.802,  0.1015,  0.3462,  34.4101,  18 Jan 2018 21:25:23
# 24.0468,  5.128908,  0.825,  0.0949,  0.3512,  34.4044,  18 Jan 2018 21:29:23
# 24.0266,  5.126455,  0.821,  0.0939,  0.3342,  34.4015,  18 Jan 2018 21:33:23
# 24.0323,  5.127375,  0.810,  0.0961,  0.2902,  34.4041,  18 Jan 2018 21:37:23
# 24.0270,  5.127015,  0.788,  0.0975,  0.3491,  34.4054,  18 Jan 2018 21:41:23
# 24.0059,  5.125091,  0.815,  0.0974,  0.3455,  34.4072,  18 Jan 2018 21:45:23
# 23.9753,  5.122187,  0.819,  0.1025,  0.3153,  34.4090,  18 Jan 2018 21:49:23
# 23.9719,  5.120969,  0.783,  0.0987,  0.4266,  34.4023,  18 Jan 2018 21:53:23
# 23.9690,  5.119368,  0.774,  0.0986,  0.3610,  34.3926,  18 Jan 2018 21:57:23
