# 25.1058,  5.253054,  0.848,  0.0974,  0.2119,  34.5182,  10 May 2018 11:02:05
# 25.1383,  5.254867,  0.855,  0.0974,  0.2281,  34.5068,  10 May 2018 11:06:05
# 25.1257,  5.253557,  0.853,  0.1062,  0.2303,  34.5067,  10 May 2018 11:10:05
# 25.1058,  5.253256,  0.862,  0.0986,  0.2310,  34.5197,  10 May 2018 11:14:05
# 25.1255,  5.254875,  0.864,  0.0958,  0.2264,  34.5166,  10 May 2018 11:18:05
# 25.1540,  5.258167,  0.862,  0.0961,  0.2302,  34.5192,  10 May 2018 11:22:05
# 25.1659,  5.261709,  0.876,  0.0951,  0.2551,  34.5362,  10 May 2018 11:26:05
# 25.2029,  5.266462,  0.886,  0.0951,  0.2358,  34.5431,  10 May 2018 11:30:05
# 25.2415,  5.269222,  0.892,  0.0962,  0.2132,  34.5340,  10 May 2018 11:34:05
# 25.2382,  5.269346,  0.896,  0.0933,  0.2142,  34.5374,  10 May 2018 11:38:05
# 25.2304,  5.269626,  0.900,  0.0933,  0.2245,  34.5455,  10 May 2018 11:42:05
# 25.2806,  5.275141,  0.891,  0.0950,  0.2383,  34.5479,  10 May 2018 11:46:05
# 25.3079,  5.274761,  0.912,  0.0989,  0.2293,  34.5243,  10 May 2018 11:50:05
# 25.2900,  5.274388,  0.906,  0.0959,  0.2441,  34.5352,  10 May 2018 11:54:05
# 25.3364,  5.279254,  0.909,  0.1037,  0.2383,  34.5356,  10 May 2018 11:58:05
