# 24.5515,  5.15872,    0.985, 0.1221, 0.2210,  34.2407, 02 Jan 2018 09:03:16
# 24.5531,  5.15839,    0.944, 0.1199, 0.2232,  34.2370, 02 Jan 2018 09:07:16
# 24.5408,  5.15720,    0.934, 0.1172, 0.2060,  34.2375, 02 Jan 2018 09:11:16
# 24.5556,  5.15938,    0.945, 0.1124, 0.2087,  34.2425, 02 Jan 2018 09:15:16
# 24.5489,  5.16007,    0.953, 0.1160, 0.1963,  34.2527, 02 Jan 2018 09:19:16
# 24.5511,  5.15994,    0.923, 0.1113, 0.2109,  34.2501, 02 Jan 2018 09:23:16
# 24.5564,  5.15955,    0.917, 0.1086, 0.2036,  34.2431, 02 Jan 2018 09:27:16
# 24.5542,  5.15811,    0.902, 0.1144, 0.1948,  34.2341, 02 Jan 2018 09:31:16
# 24.5512,  5.15606,    0.917, 0.1147, 0.2541,  34.2211, 02 Jan 2018 09:35:16
# 24.5605,  5.15684,    0.896, 0.1137, 0.1802,  34.2198, 02 Jan 2018 09:39:16
# 24.5709,  5.15735,    0.883, 0.1123, 0.1902,  34.2158, 02 Jan 2018 09:43:16
# 24.5879,  5.16310,    0.880, 0.1111, 0.2061,  34.2456, 02 Jan 2018 09:47:16
# 24.5804,  5.16404,    0.874, 0.1072, 0.2000,  34.2583, 02 Jan 2018 09:51:16
# 24.5846,  5.16389,    0.858, 0.1086, 0.2086,  34.2540, 02 Jan 2018 09:55:16
# 24.5968,  5.16503,    0.847, 0.1135, 0.2158,  34.2532, 02 Jan 2018 09:59:16
