# 24.1239,  5.10925,    1.183, 0.1172, 0.1952,  34.1970, 15 Dec 2017 04:03:16
# 24.1167,  5.10858,    1.183, 0.1209, 0.2161,  34.1974, 15 Dec 2017 04:07:16
# 24.1182,  5.10874,    1.185, 0.1221, 0.1842,  34.1975, 15 Dec 2017 04:11:16
# 24.1141,  5.10842,    1.186, 0.1234, 0.2161,  34.1982, 15 Dec 2017 04:15:16
# 24.1172,  5.10843,    1.188, 0.1181, 0.1930,  34.1960, 15 Dec 2017 04:19:16
# 24.1251,  5.10923,    1.190, 0.1260, 0.1878,  34.1960, 15 Dec 2017 04:23:16
# 24.1371,  5.11057,    1.191, 0.1173, 0.1917,  34.1967, 15 Dec 2017 04:27:16
# 24.1403,  5.11086,    1.192, 0.1207, 0.1928,  34.1965, 15 Dec 2017 04:31:16
# 24.1355,  5.11045,    1.192, 0.1198, 0.1915,  34.1971, 15 Dec 2017 04:35:16
# 24.1446,  5.11122,    1.192, 0.1198, 0.2023,  34.1960, 15 Dec 2017 04:39:16
# 24.1472,  5.11168,    1.193, 0.1145, 0.1890,  34.1975, 15 Dec 2017 04:43:16
# 24.1510,  5.11205,    1.192, 0.1208, 0.2037,  34.1973, 15 Dec 2017 04:47:16
# 24.1549,  5.11253,    1.194, 0.1207, 0.2126,  34.1979, 15 Dec 2017 04:51:16
# 24.1449,  5.11174,    1.192, 0.1209, 0.1903,  34.1996, 15 Dec 2017 04:55:16
# 24.1413,  5.11125,    1.192, 0.1147, 0.2099,  34.1987, 15 Dec 2017 04:59:16
