# 24.8740,  5.13494,    0.861, 0.1072, 0.1708,  33.8202, 24 Dec 2017 18:03:16
# 24.8768,  5.13719,    0.849, 0.1072, 0.1574,  33.8348, 24 Dec 2017 18:07:16
# 24.8334,  5.13170,    0.844, 0.1083, 0.1691,  33.8267, 24 Dec 2017 18:11:16
# 24.7829,  5.12625,    0.834, 0.1023, 0.1608,  33.8242, 24 Dec 2017 18:15:16
# 24.7873,  5.12544,    0.860, 0.1096, 0.1670,  33.8149, 24 Dec 2017 18:19:16
# 24.7456,  5.12080,    0.867, 0.1073, 0.2097,  33.8118, 24 Dec 2017 18:23:16
# 24.7517,  5.12086,    0.865, 0.1012, 0.1547,  33.8077, 24 Dec 2017 18:27:16
# 24.7037,  5.11443,    0.892, 0.1014, 0.1531,  33.7960, 24 Dec 2017 18:31:16
# 24.7224,  5.11606,    0.881, 0.1051, 0.1633,  33.7941, 24 Dec 2017 18:35:16
# 24.7310,  5.11731,    0.897, 0.1069, 0.1535,  33.7968, 24 Dec 2017 18:39:16
# 24.7359,  5.11760,    0.887, 0.1086, 0.1527,  33.7954, 24 Dec 2017 18:43:16
# 24.7392,  5.11803,    0.896, 0.1073, 0.1527,  33.7961, 24 Dec 2017 18:47:16
# 24.7209,  5.11615,    0.877, 0.1085, 0.1633,  33.7958, 24 Dec 2017 18:51:16
# 24.6981,  5.11191,    0.885, 0.1121, 0.1469,  33.7815, 24 Dec 2017 18:55:16
# 24.7099,  5.11291,    0.899, 0.1122, 0.1561,  33.7801, 24 Dec 2017 18:59:16
