# 27.1243,  6.927636,  0.900,  0.1144,  0.2743,  45.1898,  09 Aug 2018 00:00:08
# 27.1214,  6.927601,  0.940,  0.1083,  0.2155,  45.1925,  09 Aug 2018 00:04:08
# 27.1314,  6.922443,  0.907,  0.1135,  0.2154,  45.1442,  09 Aug 2018 00:08:08
# 27.1051,  6.925342,  0.910,  0.1083,  0.2180,  45.1916,  09 Aug 2018 00:12:08
# 27.0998,  6.924449,  0.929,  0.1070,  0.1994,  45.1902,  09 Aug 2018 00:16:08
# 27.0937,  6.925272,  0.928,  0.1057,  0.2228,  45.2023,  09 Aug 2018 00:20:08
# 27.0859,  6.924493,  0.925,  0.1081,  0.1970,  45.2041,  09 Aug 2018 00:24:08
# 27.0757,  6.923179,  0.934,  0.1068,  0.2070,  45.2043,  09 Aug 2018 00:28:08
# 27.0757,  6.921665,  0.954,  0.1054,  0.2502,  45.1930,  09 Aug 2018 00:32:08
# 27.0841,  6.922269,  0.920,  0.1105,  0.2175,  45.1892,  09 Aug 2018 00:36:08
# 27.0792,  6.921927,  0.926,  0.1104,  0.2319,  45.1915,  09 Aug 2018 00:40:08
# 27.0869,  6.918793,  0.959,  0.1130,  0.2117,  45.1606,  09 Aug 2018 00:44:08
# 27.0701,  6.918155,  0.958,  0.1155,  0.2357,  45.1723,  09 Aug 2018 00:48:08
# 27.0807,  6.916631,  0.974,  0.1081,  0.2195,  45.1505,  09 Aug 2018 00:52:08
# 27.0728,  6.918715,  0.937,  0.1083,  0.2067,  45.1738,  09 Aug 2018 00:56:08
