# 24.7611,  5.176935,  1.076,  0.1184,  0.1867,  34.2166,  05 Dec 2017 09:02:57
# 24.7817,  5.179398,  1.104,  0.1209,  0.1878,  34.2193,  05 Dec 2017 09:06:57
# 24.7602,  5.176873,  1.069,  0.1122,  0.1865,  34.2169,  05 Dec 2017 09:10:57
# 24.7624,  5.177358,  1.065,  0.1087,  0.1698,  34.2188,  05 Dec 2017 09:14:57
# 24.7710,  5.178697,  1.051,  0.1110,  0.1769,  34.2222,  05 Dec 2017 09:18:57
# 24.7457,  5.175788,  1.020,  0.1060,  0.1634,  34.2199,  05 Dec 2017 09:22:57
# 24.7528,  5.176103,  1.016,  0.1099,  0.1731,  34.2168,  05 Dec 2017 09:26:57
# 24.7513,  5.176134,  1.022,  0.1038,  0.1708,  34.2182,  05 Dec 2017 09:30:57
# 24.7523,  5.175272,  1.010,  0.1013,  0.1537,  34.2110,  05 Dec 2017 09:34:57
# 24.7721,  5.178243,  0.984,  0.1072,  0.1765,  34.2180,  05 Dec 2017 09:38:57
# 24.7990,  5.180722,  0.979,  0.1083,  0.1817,  34.2160,  05 Dec 2017 09:42:57
# 24.8129,  5.183147,  0.970,  0.1024,  0.1791,  34.2234,  05 Dec 2017 09:46:57
# 24.8291,  5.184549,  0.958,  0.1023,  0.1820,  34.2216,  05 Dec 2017 09:50:57
# 24.8514,  5.186898,  0.934,  0.1060,  0.1988,  34.2221,  05 Dec 2017 09:54:57
# 24.8644,  5.188924,  0.934,  0.0998,  0.1745,  34.2273,  05 Dec 2017 09:58:57
