# 25.1364,  5.20875,    1.266, 0.0997, 0.1395,  34.1678, 30 Dec 2017 03:03:16
# 25.1199,  5.20317,    1.266, 0.1035, 0.1492,  34.1391, 30 Dec 2017 03:07:16
# 25.1094,  5.19883,    1.265, 0.1026, 0.1480,  34.1150, 30 Dec 2017 03:11:16
# 25.1066,  5.19913,    1.266, 0.1023, 0.1481,  34.1194, 30 Dec 2017 03:15:16
# 25.0899,  5.19526,    1.264, 0.1014, 0.1606,  34.1034, 30 Dec 2017 03:19:16
# 25.0849,  5.19461,    1.264, 0.1135, 0.1465,  34.1024, 30 Dec 2017 03:23:16
# 25.0836,  5.19413,    1.262, 0.1048, 0.1504,  34.0999, 30 Dec 2017 03:27:16
# 25.0852,  5.19533,    1.261, 0.0997, 0.1453,  34.1074, 30 Dec 2017 03:31:16
# 25.0825,  5.19606,    1.259, 0.1048, 0.1563,  34.1149, 30 Dec 2017 03:35:16
# 25.0699,  5.19323,    1.256, 0.1058, 0.1491,  34.1035, 30 Dec 2017 03:39:16
# 25.0377,  5.18469,    1.258, 0.1071, 0.1420,  34.0648, 30 Dec 2017 03:43:16
# 25.0528,  5.18880,    1.251, 0.1022, 0.1406,  34.0838, 30 Dec 2017 03:47:16
# 25.0360,  5.18307,    1.251, 0.1051, 0.1527,  34.0541, 30 Dec 2017 03:51:16
# 25.0580,  5.18938,    1.244, 0.1058, 0.1585,  34.0840, 30 Dec 2017 03:55:16
# 25.0749,  5.19530,    1.239, 0.1071, 0.1622,  34.1151, 30 Dec 2017 03:59:16
