# 25.7726,  5.300591,  0.800,  0.1304,  0.2698,  34.3619,  01 Dec 2017 17:02:57
# 25.7652,  5.300957,  0.810,  0.1269,  0.2542,  34.3701,  01 Dec 2017 17:06:57
# 25.7629,  5.300879,  0.792,  0.1182,  0.2601,  34.3713,  01 Dec 2017 17:10:57
# 25.7597,  5.302971,  0.793,  0.1254,  0.2782,  34.3890,  01 Dec 2017 17:14:57
# 25.7681,  5.304853,  0.770,  0.1254,  0.3651,  34.3964,  01 Dec 2017 17:18:57
# 25.7689,  5.305390,  0.772,  0.1269,  0.3056,  34.3997,  01 Dec 2017 17:22:57
# 25.7708,  5.305795,  0.745,  0.1269,  0.2997,  34.4012,  01 Dec 2017 17:26:57
# 25.7733,  5.306604,  0.767,  0.1341,  0.2802,  34.4052,  01 Dec 2017 17:30:57
# 25.7701,  5.304713,  0.754,  0.1378,  0.2841,  34.3938,  01 Dec 2017 17:34:57
# 25.7631,  5.303663,  0.734,  0.1318,  0.2935,  34.3915,  01 Dec 2017 17:38:57
# 25.7375,  5.299145,  0.732,  0.1244,  0.2745,  34.3778,  01 Dec 2017 17:42:57
# 25.7245,  5.296479,  0.720,  0.1231,  0.2935,  34.3681,  01 Dec 2017 17:46:57
# 25.7506,  5.301836,  0.697,  0.1232,  0.3280,  34.3876,  01 Dec 2017 17:50:57
# 25.7374,  5.299969,  0.721,  0.1192,  0.3034,  34.3839,  01 Dec 2017 17:54:57
# 25.7341,  5.298181,  0.708,  0.1524,  0.3183,  34.3733,  01 Dec 2017 17:58:57
