# 27.8161,  6.984313,  1.361,  0.1022,  0.1785,  44.9364,  08 Aug 2018 16:00:08
# 27.7920,  6.982371,  1.362,  0.0969,  0.1823,  44.9454,  08 Aug 2018 16:04:08
# 27.8127,  6.985351,  1.353,  0.0980,  0.1786,  44.9473,  08 Aug 2018 16:08:08
# 27.8063,  6.985298,  1.316,  0.0955,  0.1931,  44.9531,  08 Aug 2018 16:12:08
# 27.8042,  6.985984,  1.266,  0.0944,  0.1969,  44.9602,  08 Aug 2018 16:16:08
# 27.8367,  6.990090,  1.330,  0.0994,  0.2116,  44.9590,  08 Aug 2018 16:20:08
# 27.8362,  6.989448,  1.299,  0.0969,  0.1859,  44.9548,  08 Aug 2018 16:24:08
# 27.8433,  6.991373,  1.275,  0.1020,  0.1871,  44.9621,  08 Aug 2018 16:28:08
# 27.8386,  6.989791,  1.227,  0.0945,  0.1934,  44.9550,  08 Aug 2018 16:32:08
# 27.8537,  6.992640,  1.290,  0.0954,  0.1761,  44.9614,  08 Aug 2018 16:36:08
# 27.8521,  6.991382,  1.280,  0.0968,  0.1810,  44.9536,  08 Aug 2018 16:40:08
# 27.8395,  6.989245,  1.240,  0.1007,  0.1956,  44.9501,  08 Aug 2018 16:44:08
# 27.8006,  6.986512,  1.211,  0.0981,  0.1917,  44.9676,  08 Aug 2018 16:48:08
# 27.7805,  6.984824,  1.169,  0.1035,  0.1979,  44.9746,  08 Aug 2018 16:52:08
# 27.7769,  6.983180,  1.189,  0.0980,  0.1919,  44.9660,  08 Aug 2018 16:56:08
