# 24.8808,  5.16081,    0.858, 0.1022, 0.2146,  34.0066, 17 Dec 2017 10:03:16
# 24.8982,  5.16518,    0.856, 0.0948, 0.2087,  34.0258, 17 Dec 2017 10:07:16
# 24.9123,  5.16680,    0.858, 0.0948, 0.2024,  34.0271, 17 Dec 2017 10:11:16
# 24.9141,  5.16887,    0.854, 0.0933, 0.1924,  34.0411, 17 Dec 2017 10:15:16
# 24.9277,  5.17074,    0.853, 0.0949, 0.2001,  34.0447, 17 Dec 2017 10:19:16
# 24.9482,  5.17398,    0.855, 0.0961, 0.2072,  34.0533, 17 Dec 2017 10:23:16
# 24.9679,  5.17832,    0.857, 0.0977, 0.2086,  34.0704, 17 Dec 2017 10:27:16
# 24.9724,  5.17739,    0.854, 0.0987, 0.2097,  34.0602, 17 Dec 2017 10:31:16
# 24.9807,  5.17812,    0.849, 0.0986, 0.2244,  34.0593, 17 Dec 2017 10:35:16
# 25.0203,  5.18174,    0.846, 0.0924, 0.2099,  34.0562, 17 Dec 2017 10:39:16
# 25.0407,  5.18546,    0.853, 0.0948, 0.2077,  34.0683, 17 Dec 2017 10:43:16
# 25.0208,  5.18302,    0.832, 0.0948, 0.1964,  34.0653, 17 Dec 2017 10:47:16
# 24.9995,  5.17982,    0.856, 0.0988, 0.2121,  34.0578, 17 Dec 2017 10:51:16
# 24.9978,  5.18029,    0.845, 0.1034, 0.2313,  34.0625, 17 Dec 2017 10:55:16
# 25.0162,  5.17990,    0.851, 0.0961, 0.1939,  34.0457, 17 Dec 2017 10:59:16
