# 26.2578,  5.356352,  1.015,  0.1132,  0.2225,  34.4025,  12 Jun 2018 02:03:04
# 26.2673,  5.352665,  1.022,  0.1147,  0.2096,  34.3688,  12 Jun 2018 02:07:04
# 26.2614,  5.355384,  1.005,  0.1121,  0.2104,  34.3928,  12 Jun 2018 02:11:04
# 26.2584,  5.355110,  1.011,  0.1168,  0.2094,  34.3931,  12 Jun 2018 02:15:04
# 26.2358,  5.356931,  1.020,  0.1156,  0.1960,  34.4231,  12 Jun 2018 02:19:04
# 26.2407,  5.354150,  0.973,  0.1222,  0.2094,  34.3994,  12 Jun 2018 02:23:04
# 26.2407,  5.343321,  0.989,  0.1220,  0.2068,  34.3212,  12 Jun 2018 02:27:04
# 26.2409,  5.342143,  0.999,  0.1218,  0.1968,  34.3125,  12 Jun 2018 02:31:04
# 26.2258,  5.341230,  1.009,  0.1154,  0.1995,  34.3171,  12 Jun 2018 02:35:04
# 26.2488,  5.337532,  1.013,  0.1305,  0.1874,  34.2733,  12 Jun 2018 02:39:04
# 26.2520,  5.347060,  1.002,  0.1207,  0.2168,  34.3397,  12 Jun 2018 02:43:04
# 26.2508,  5.354454,  0.980,  0.1180,  0.2251,  34.3940,  12 Jun 2018 02:47:04
# 26.2284,  5.357228,  0.989,  0.1073,  0.1984,  34.4308,  12 Jun 2018 02:51:04
# 26.2442,  5.354712,  1.005,  0.1219,  0.2118,  34.4008,  12 Jun 2018 02:55:04
# 26.2284,  5.355478,  0.967,  0.1119,  0.2116,  34.4182,  12 Jun 2018 02:59:04
