# 25.0225,  5.233852,  0.718,  0.1317,  0.4317,  34.4397,  01 Feb 2018 21:01:23
# 25.0105,  5.235755,  0.737,  0.1303,  0.4133,  34.4630,  01 Feb 2018 21:05:23
# 24.9658,  5.239206,  0.725,  0.1341,  0.4448,  34.5226,  01 Feb 2018 21:09:23
# 25.0191,  5.233210,  0.716,  0.1281,  0.4071,  34.4376,  01 Feb 2018 21:13:23
# 25.0339,  5.230673,  0.722,  0.1343,  0.4328,  34.4076,  01 Feb 2018 21:17:23
# 24.9632,  5.235253,  0.719,  0.1221,  0.4315,  34.4954,  01 Feb 2018 21:21:23
# 24.9437,  5.236676,  0.711,  0.1294,  0.5011,  34.5208,  01 Feb 2018 21:25:23
# 24.9722,  5.235144,  0.713,  0.1257,  0.5473,  34.4877,  01 Feb 2018 21:29:23
# 24.9431,  5.235547,  0.694,  0.1243,  0.4304,  34.5130,  01 Feb 2018 21:33:23
# 24.9287,  5.236243,  0.716,  0.1196,  0.4350,  34.5291,  01 Feb 2018 21:37:23
# 24.9396,  5.234363,  0.689,  0.1292,  0.4823,  34.5068,  01 Feb 2018 21:41:23
# 24.9558,  5.228038,  0.695,  0.1282,  0.3574,  34.4476,  01 Feb 2018 21:45:23
# 24.9469,  5.229994,  0.694,  0.1292,  0.3645,  34.4688,  01 Feb 2018 21:49:23
# 24.9514,  5.229700,  0.697,  0.1231,  0.4388,  34.4633,  01 Feb 2018 21:53:23
# 24.9115,  5.232887,  0.704,  0.1245,  0.3685,  34.5174,  01 Feb 2018 21:57:23
