# 26.5073,  6.099394,  1.015,  0.1034,  0.2311,  39.6213,  30 Aug 2018 05:00:08
# 26.4913,  6.097657,  1.129,  0.0970,  0.2273,  39.6223,  30 Aug 2018 05:04:08
# 26.4704,  6.094689,  1.038,  0.1007,  0.2465,  39.6185,  30 Aug 2018 05:08:08
# 26.4820,  6.099783,  1.197,  0.1007,  0.2368,  39.6459,  30 Aug 2018 05:12:08
# 26.4925,  6.104424,  1.107,  0.1033,  0.2693,  39.6710,  30 Aug 2018 05:16:08
# 26.5024,  6.110192,  1.138,  0.1021,  0.2319,  39.7050,  30 Aug 2018 05:20:08
# 26.5278,  6.112741,  1.002,  0.1069,  0.2393,  39.7018,  30 Aug 2018 05:24:08
# 26.5513,  6.113353,  1.031,  0.1071,  0.2511,  39.6860,  30 Aug 2018 05:28:08
# 26.5475,  6.110282,  1.197,  0.1083,  0.2488,  39.6667,  30 Aug 2018 05:32:08
# 26.5045,  6.107295,  1.129,  0.1072,  0.3352,  39.6819,  30 Aug 2018 05:36:08
# 26.5000,  6.107618,  1.084,  0.1061,  0.2276,  39.6881,  30 Aug 2018 05:40:08
# 26.5119,  6.111127,  1.172,  0.1032,  0.2320,  39.7036,  30 Aug 2018 05:44:08
# 26.5558,  6.111639,  1.145,  0.1118,  0.2216,  39.6695,  30 Aug 2018 05:48:08
# 26.5524,  6.113072,  1.148,  0.1119,  0.2081,  39.6830,  30 Aug 2018 05:52:08
# 26.5396,  6.119548,  1.230,  0.1059,  0.2428,  39.7417,  30 Aug 2018 05:56:08
