# 27.6629,  5.526281,  1.205,  0.0883,  0.1756,  34.5709,  29 Sep 2017 10:00:05
# 27.6977,  5.528102,  1.247,  0.0883,  0.1793,  34.5581,  29 Sep 2017 10:04:05
# 27.7105,  5.529116,  1.282,  0.0896,  0.1790,  34.5558,  29 Sep 2017 10:08:05
# 27.7172,  5.530026,  1.193,  0.0871,  0.1646,  34.5573,  29 Sep 2017 10:12:05
# 27.6990,  5.529947,  1.248,  0.0822,  0.1669,  34.5701,  29 Sep 2017 10:16:05
# 27.7217,  5.531761,  1.182,  0.0848,  0.1732,  34.5662,  29 Sep 2017 10:20:05
# 27.7244,  5.533409,  1.216,  0.0809,  0.1706,  34.5758,  29 Sep 2017 10:24:05
# 27.7153,  5.533172,  1.206,  0.0849,  0.1694,  34.5808,  29 Sep 2017 10:28:05
# 27.7605,  5.535825,  1.232,  0.0831,  0.1781,  34.5662,  29 Sep 2017 10:32:05
# 27.7251,  5.534257,  1.252,  0.0896,  0.2170,  34.5812,  29 Sep 2017 10:36:05
# 27.7116,  5.534321,  1.249,  0.0944,  0.2358,  34.5917,  29 Sep 2017 10:40:05
# 27.6981,  5.535319,  1.216,  0.0857,  0.2158,  34.6086,  29 Sep 2017 10:44:05
# 27.7745,  5.539566,  1.240,  0.0822,  0.1804,  34.5822,  29 Sep 2017 10:48:05
# 27.7657,  5.539234,  1.277,  0.0868,  0.1816,  34.5863,  29 Sep 2017 10:52:05
# 27.7750,  5.540851,  1.251,  0.0848,  0.1888,  34.5908,  29 Sep 2017 10:56:05
