# 26.9438,  6.662769,  0.699,  0.1144,  0.2029,  43.3928,  16 Aug 2018 02:00:08
# 26.9495,  6.662554,  0.746,  0.1143,  0.2203,  43.3859,  16 Aug 2018 02:04:08
# 26.9024,  6.659767,  0.683,  0.1092,  0.2238,  43.4096,  16 Aug 2018 02:08:08
# 26.9068,  6.657995,  0.725,  0.1141,  0.2452,  43.3922,  16 Aug 2018 02:12:08
# 26.9041,  6.657918,  0.717,  0.1118,  0.2230,  43.3942,  16 Aug 2018 02:16:08
# 26.9045,  6.657616,  0.729,  0.1143,  0.2267,  43.3915,  16 Aug 2018 02:20:08
# 26.9051,  6.657092,  0.791,  0.1143,  0.2316,  43.3871,  16 Aug 2018 02:24:08
# 26.8877,  6.655699,  0.757,  0.1057,  0.2406,  43.3931,  16 Aug 2018 02:28:08
# 26.8794,  6.654684,  0.705,  0.1058,  0.2202,  43.3934,  16 Aug 2018 02:32:08
# 26.8863,  6.654486,  0.794,  0.1057,  0.2043,  43.3855,  16 Aug 2018 02:36:08
# 26.8951,  6.654520,  0.799,  0.1033,  0.2164,  43.3774,  16 Aug 2018 02:40:08
# 26.8939,  6.653927,  0.742,  0.1107,  0.2463,  43.3742,  16 Aug 2018 02:44:08
# 26.8851,  6.654090,  0.600,  0.1070,  0.2908,  43.3837,  16 Aug 2018 02:48:08
# 26.8743,  6.654564,  0.650,  0.1082,  0.3193,  43.3974,  16 Aug 2018 02:52:08
# 26.8658,  6.653996,  0.779,  0.1070,  0.2451,  43.4011,  16 Aug 2018 02:56:08
