# 27.0815,  5.48187,    0.782, 0.1119, 0.2682,  34.6877, 08 Nov 2017 14:01:27
# 27.1032,  5.48395,    0.780, 0.1055, 0.2567,  34.6863, 08 Nov 2017 14:05:27
# 27.0889,  5.48294,    0.719, 0.1033, 0.2827,  34.6898, 08 Nov 2017 14:09:27
# 27.0824,  5.48284,    0.761, 0.1106, 0.3033,  34.6939, 08 Nov 2017 14:13:27
# 27.1083,  5.48465,    0.768, 0.1057, 0.2760,  34.6875, 08 Nov 2017 14:17:27
# 27.0854,  5.48081,    0.739, 0.1144, 0.2457,  34.6772, 08 Nov 2017 14:21:27
# 27.0880,  5.48329,    0.781, 0.1167, 0.3139,  34.6929, 08 Nov 2017 14:25:27
# 27.1077,  5.48593,    0.756, 0.1143, 0.2938,  34.6970, 08 Nov 2017 14:29:27
# 27.1206,  5.48815,    0.771, 0.1095, 0.2684,  34.7032, 08 Nov 2017 14:33:27
# 27.1600,  5.49102,    0.687, 0.1032, 0.2757,  34.6943, 08 Nov 2017 14:37:27
# 27.1324,  5.48844,    0.710, 0.1157, 0.2708,  34.6965, 08 Nov 2017 14:41:27
# 27.1721,  5.49242,    0.714, 0.1105, 0.2792,  34.6953, 08 Nov 2017 14:45:27
# 27.1782,  5.49329,    0.754, 0.1057, 0.3043,  34.6968, 08 Nov 2017 14:49:27
# 27.1938,  5.49606,    0.715, 0.1056, 0.2673,  34.7050, 08 Nov 2017 14:53:27
# 27.1922,  5.49492,    0.697, 0.1167, 0.3056,  34.6980, 08 Nov 2017 14:57:27
