# 25.6518,  5.23714,    0.852, 0.1007, 0.2025,  33.9896, 29 Dec 2017 16:03:16
# 25.6851,  5.23535,    0.849, 0.0985, 0.1887,  33.9518, 29 Dec 2017 16:07:16
# 25.6853,  5.23601,    0.845, 0.0971, 0.1901,  33.9565, 29 Dec 2017 16:11:16
# 25.7211,  5.22890,    0.827, 0.1074, 0.1609,  33.8781, 29 Dec 2017 16:15:16
# 25.6947,  5.21884,    0.805, 0.1007, 0.1779,  33.8244, 29 Dec 2017 16:19:16
# 25.6916,  5.22379,    0.803, 0.1038, 0.1925,  33.8628, 29 Dec 2017 16:23:16
# 25.7037,  5.22135,    0.803, 0.1059, 0.1827,  33.8360, 29 Dec 2017 16:27:16
# 25.6717,  5.22527,    0.797, 0.1071, 0.1886,  33.8883, 29 Dec 2017 16:31:16
# 25.6459,  5.23057,    0.805, 0.1022, 0.1852,  33.9461, 29 Dec 2017 16:35:16
# 25.6163,  5.23796,    0.797, 0.1047, 0.1814,  34.0221, 29 Dec 2017 16:39:16
# 25.6951,  5.22587,    0.778, 0.0985, 0.1719,  33.8753, 29 Dec 2017 16:43:16
# 25.6582,  5.21731,    0.778, 0.1147, 0.1681,  33.8403, 29 Dec 2017 16:47:16
# 25.5957,  5.23626,    0.764, 0.1083, 0.1743,  34.0251, 29 Dec 2017 16:51:16
# 25.5693,  5.24399,    0.770, 0.1062, 0.1830,  34.1013, 29 Dec 2017 16:55:16
# 25.5674,  5.24585,    0.762, 0.1021, 0.1973,  34.1163, 29 Dec 2017 16:59:16
