# 22.5347,  4.959781,  0.737,  0.0900,  0.1967,  34.2887,  10 Mar 2018 09:00:46
# 22.5465,  4.960809,  0.747,  0.0975,  0.1506,  34.2874,  10 Mar 2018 09:04:46
# 22.5680,  4.964792,  0.754,  0.0913,  0.1611,  34.3014,  10 Mar 2018 09:08:46
# 22.5777,  4.965571,  0.738,  0.0889,  0.1892,  34.2998,  10 Mar 2018 09:12:46
# 22.5931,  4.968595,  0.739,  0.0927,  0.1572,  34.3112,  10 Mar 2018 09:16:46
# 22.6055,  4.969526,  0.747,  0.0890,  0.1467,  34.3087,  10 Mar 2018 09:20:46
# 22.6201,  4.970418,  0.734,  0.0865,  0.1432,  34.3041,  10 Mar 2018 09:24:46
# 22.6342,  4.969964,  0.743,  0.0853,  0.1560,  34.2895,  10 Mar 2018 09:28:46
# 22.6511,  4.974185,  0.766,  0.0888,  0.1479,  34.3089,  10 Mar 2018 09:32:46
# 22.6661,  4.977719,  0.740,  0.0923,  0.1549,  34.3245,  10 Mar 2018 09:36:46
# 22.6876,  4.982011,  0.761,  0.0892,  0.1530,  34.3409,  10 Mar 2018 09:40:46
# 22.7015,  4.981928,  0.746,  0.0852,  0.1493,  34.3293,  10 Mar 2018 09:44:46
# 22.7103,  4.985729,  0.750,  0.0891,  0.1550,  34.3518,  10 Mar 2018 09:48:46
# 22.7197,  4.986972,  0.775,  0.0903,  0.1550,  34.3540,  10 Mar 2018 09:52:46
# 22.7409,  4.988411,  0.764,  0.0837,  0.1457,  34.3485,  10 Mar 2018 09:56:46
