# 26.2684,  5.42422,    1.004, 0.1010, 0.4205,  34.8853, 17 Oct 2017 05:01:27
# 26.2415,  5.42217,    1.141, 0.1131, 0.9559,  34.8908, 17 Oct 2017 05:05:27
# 26.2451,  5.42152,    1.033, 0.1021, 0.5317,  34.8834, 17 Oct 2017 05:09:27
# 26.2419,  5.42364,    0.971, 0.0946, 0.4209,  34.9013, 17 Oct 2017 05:13:27
# 26.2281,  5.42166,    1.008, 0.0998, 0.4607,  34.8973, 17 Oct 2017 05:17:27
# 26.1841,  5.41574,    1.036, 0.1035, 0.4413,  34.8879, 17 Oct 2017 05:21:27
# 26.2359,  5.41949,    0.970, 0.1072, 0.3891,  34.8758, 17 Oct 2017 05:25:27
# 26.2650,  5.42352,    1.106, 0.1024, 0.4218,  34.8827, 17 Oct 2017 05:29:27
# 26.2598,  5.42359,    0.989, 0.1009, 0.4609,  34.8872, 17 Oct 2017 05:33:27
# 26.2945,  5.42657,    0.918, 0.1058, 0.4833,  34.8825, 17 Oct 2017 05:37:27
# 26.2997,  5.42758,    0.971, 0.1009, 0.3819,  34.8859, 17 Oct 2017 05:41:27
# 26.3300,  5.43135,    0.936, 0.0971, 0.3430,  34.8902, 17 Oct 2017 05:45:27
# 26.2881,  5.42772,    0.982, 0.1008, 0.4723,  34.8957, 17 Oct 2017 05:49:27
# 26.2882,  5.42594,    0.797, 0.1022, 0.4146,  34.8828, 17 Oct 2017 05:53:27
# 26.2936,  5.42810,    0.960, 0.0983, 0.4329,  34.8943, 17 Oct 2017 05:57:27
