# 27.3532,  6.832524,  1.278,  0.1129,  0.7895,  44.2618,  09 Aug 2018 13:00:08
# 27.3875,  6.831827,  0.977,  0.1168,  0.7503,  44.2240,  09 Aug 2018 13:04:08
# 27.2938,  6.816215,  1.350,  0.1131,  0.6560,  44.1979,  09 Aug 2018 13:08:08
# 27.4476,  6.828832,  1.809,  0.1257,  1.1209,  44.1443,  09 Aug 2018 13:12:08
# 27.4063,  6.826545,  1.099,  0.1196,  0.9005,  44.1670,  09 Aug 2018 13:16:08
# 27.4199,  6.826640,  1.442,  0.1232,  1.1019,  44.1547,  09 Aug 2018 13:20:08
# 27.2710,  6.803840,  1.410,  0.1216,  0.7439,  44.1281,  09 Aug 2018 13:24:08
# 27.2991,  6.803084,  1.236,  0.1181,  0.6094,  44.0958,  09 Aug 2018 13:28:08
# 27.4370,  6.819733,  1.438,  0.1203,  0.6765,  44.0874,  09 Aug 2018 13:32:08
# 27.3297,  6.806697,  1.501,  0.1264,  0.8859,  44.0932,  09 Aug 2018 13:36:08
# 27.4032,  6.812996,  1.362,  0.1168,  0.6861,  44.0698,  09 Aug 2018 13:40:08
# 27.3857,  6.808521,  1.408,  0.1155,  0.6774,  44.0534,  09 Aug 2018 13:44:08
# 27.3808,  6.804116,  1.399,  0.1218,  0.7786,  44.0256,  09 Aug 2018 13:48:08
# 27.4359,  6.810614,  1.521,  0.1232,  0.8483,  44.0211,  09 Aug 2018 13:52:08
# 27.5267,  6.816993,  1.670,  0.1256,  1.0244,  43.9819,  09 Aug 2018 13:56:08
