# 24.1524,  5.184884,  0.920,  0.1122,  0.3057,  34.7443,  25 Jan 2018 07:01:23
# 24.1718,  5.184976,  0.928,  0.1160,  0.2886,  34.7299,  25 Jan 2018 07:05:23
# 24.1839,  5.185931,  0.944,  0.1145,  0.3008,  34.7277,  25 Jan 2018 07:09:23
# 24.1790,  5.186062,  0.976,  0.1149,  0.2984,  34.7325,  25 Jan 2018 07:13:23
# 24.1793,  5.185808,  0.957,  0.1147,  0.2997,  34.7303,  25 Jan 2018 07:17:23
# 24.2349,  5.185360,  0.951,  0.1247,  0.2673,  34.6838,  25 Jan 2018 07:21:23
# 24.2273,  5.185276,  0.963,  0.1186,  0.2708,  34.6890,  25 Jan 2018 07:25:23
# 24.2040,  5.186193,  0.954,  0.1183,  0.2540,  34.7141,  25 Jan 2018 07:29:23
# 24.1886,  5.183766,  0.935,  0.1161,  0.2686,  34.7078,  25 Jan 2018 07:33:23
# 24.1892,  5.181849,  0.964,  0.1147,  0.2833,  34.6928,  25 Jan 2018 07:37:23
# 24.1788,  5.178215,  0.948,  0.1086,  0.3208,  34.6736,  25 Jan 2018 07:41:23
# 24.1738,  5.181110,  0.949,  0.1084,  0.2747,  34.6992,  25 Jan 2018 07:45:23
# 24.1627,  5.183544,  0.972,  0.1073,  0.2783,  34.7262,  25 Jan 2018 07:49:23
# 24.1589,  5.184576,  0.966,  0.1096,  0.3148,  34.7370,  25 Jan 2018 07:53:23
# 24.1532,  5.185354,  0.989,  0.1097,  0.2947,  34.7472,  25 Jan 2018 07:57:23
