# 27.6308,  5.48459,    1.377, 0.1008, 0.2047,  34.3010, 02 Nov 2017 03:01:27
# 27.6134,  5.48042,    1.362, 0.1007, 0.1984,  34.2843, 02 Nov 2017 03:05:27
# 27.6029,  5.47990,    1.282, 0.1009, 0.1914,  34.2884, 02 Nov 2017 03:09:27
# 27.6033,  5.47875,    1.351, 0.0969, 0.1962,  34.2800, 02 Nov 2017 03:13:27
# 27.6039,  5.47775,    1.332, 0.0983, 0.1753,  34.2725, 02 Nov 2017 03:17:27
# 27.6167,  5.48098,    1.340, 0.0970, 0.1706,  34.2859, 02 Nov 2017 03:21:27
# 27.6187,  5.48412,    1.367, 0.0935, 0.1900,  34.3065, 02 Nov 2017 03:25:27
# 27.6035,  5.48011,    1.237, 0.0983, 0.1789,  34.2894, 02 Nov 2017 03:29:27
# 27.6023,  5.47969,    1.270, 0.0955, 0.1790,  34.2874, 02 Nov 2017 03:33:27
# 27.6149,  5.48350,    1.260, 0.0958, 0.1804,  34.3050, 02 Nov 2017 03:37:27
# 27.6160,  5.48493,    1.306, 0.0983, 0.1816,  34.3142, 02 Nov 2017 03:41:27
# 27.6078,  5.48315,    1.318, 0.0998, 0.1852,  34.3076, 02 Nov 2017 03:45:27
# 27.6019,  5.48298,    1.285, 0.0969, 0.1827,  34.3108, 02 Nov 2017 03:49:27
# 27.6010,  5.48351,    1.213, 0.0932, 0.1753,  34.3152, 02 Nov 2017 03:53:27
# 27.5936,  5.48209,    1.317, 0.0960, 0.1727,  34.3106, 02 Nov 2017 03:57:27
