# 25.9218,  5.328391,  0.674,  0.1123,  0.3064,  34.4521,  11 Jun 2018 06:03:04
# 25.9315,  5.328671,  0.686,  0.1109,  0.2575,  34.4468,  11 Jun 2018 06:07:04
# 25.9107,  5.326809,  0.685,  0.1084,  0.2633,  34.4489,  11 Jun 2018 06:11:04
# 25.9282,  5.327643,  0.659,  0.1109,  0.2789,  34.4418,  11 Jun 2018 06:15:04
# 25.9183,  5.327035,  0.679,  0.1082,  0.2498,  34.4449,  11 Jun 2018 06:19:04
# 25.9355,  5.328500,  0.667,  0.1157,  0.2332,  34.4425,  11 Jun 2018 06:23:04
# 25.9786,  5.330767,  0.658,  0.1157,  0.2981,  34.4266,  11 Jun 2018 06:27:04
# 26.0208,  5.332615,  0.675,  0.1218,  0.2335,  34.4083,  11 Jun 2018 06:31:04
# 25.9686,  5.331033,  0.654,  0.1244,  0.3658,  34.4360,  11 Jun 2018 06:35:04
# 25.9539,  5.329996,  0.657,  0.1120,  0.2552,  34.4396,  11 Jun 2018 06:39:04
# 25.9217,  5.328578,  0.661,  0.1108,  0.2549,  34.4535,  11 Jun 2018 06:43:04
# 25.9142,  5.327775,  0.643,  0.1097,  0.2156,  34.4533,  11 Jun 2018 06:47:04
# 25.9218,  5.327323,  0.643,  0.1036,  0.2302,  34.4443,  11 Jun 2018 06:51:04
# 25.9184,  5.327121,  0.635,  0.1083,  0.2204,  34.4454,  11 Jun 2018 06:55:04
# 25.9147,  5.326762,  0.640,  0.1044,  0.2129,  34.4456,  11 Jun 2018 06:59:04
