# 24.6693,  5.185083,  0.693,  0.1013,  0.2456,  34.3473,  23 Apr 2018 08:02:05
# 24.6754,  5.186408,  0.691,  0.0999,  0.2347,  34.3525,  23 Apr 2018 08:06:05
# 24.6723,  5.186678,  0.715,  0.0999,  0.2443,  34.3569,  23 Apr 2018 08:10:05
# 24.6667,  5.186046,  0.725,  0.0948,  0.2301,  34.3564,  23 Apr 2018 08:14:05
# 24.6622,  5.188959,  0.726,  0.0962,  0.2420,  34.3815,  23 Apr 2018 08:18:05
# 24.6629,  5.189552,  0.721,  0.0936,  0.2095,  34.3855,  23 Apr 2018 08:22:05
# 24.6777,  5.190407,  0.730,  0.0949,  0.2009,  34.3805,  23 Apr 2018 08:26:05
# 24.6793,  5.189914,  0.715,  0.0961,  0.2346,  34.3756,  23 Apr 2018 08:30:05
# 24.6815,  5.190384,  0.754,  0.0948,  0.2381,  34.3774,  23 Apr 2018 08:34:05
# 24.6790,  5.190538,  0.751,  0.0948,  0.2311,  34.3805,  23 Apr 2018 08:38:05
# 24.6886,  5.190653,  0.752,  0.0914,  0.2132,  34.3740,  23 Apr 2018 08:42:05
# 24.6642,  5.190045,  0.736,  0.0948,  0.2639,  34.3881,  23 Apr 2018 08:46:05
# 24.7021,  5.189405,  0.734,  0.0986,  0.2998,  34.3544,  23 Apr 2018 08:50:05
# 24.7590,  5.189982,  0.739,  0.1012,  0.2477,  34.3153,  23 Apr 2018 08:54:05
# 24.7266,  5.192109,  0.748,  0.1013,  0.2505,  34.3558,  23 Apr 2018 08:58:05
