# 26.8162,  5.443111,  0.933,  0.0996,  0.2306,  34.6089,  26 Jul 2018 04:00:08
# 26.8135,  5.442136,  0.916,  0.0999,  0.2332,  34.6040,  26 Jul 2018 04:04:08
# 26.8120,  5.440610,  0.910,  0.1022,  0.2215,  34.5941,  26 Jul 2018 04:08:08
# 26.8123,  5.437668,  0.923,  0.1033,  0.2405,  34.5729,  26 Jul 2018 04:12:08
# 26.8116,  5.438848,  0.920,  0.1081,  0.2536,  34.5819,  26 Jul 2018 04:16:08
# 26.8038,  5.440350,  0.916,  0.1067,  0.2277,  34.5984,  26 Jul 2018 04:20:08
# 26.7938,  5.439745,  0.912,  0.1046,  0.2322,  34.6016,  26 Jul 2018 04:24:08
# 26.7998,  5.437291,  0.896,  0.1044,  0.2142,  34.5795,  26 Jul 2018 04:28:08
# 26.8696,  5.437227,  0.949,  0.1228,  0.2216,  34.5270,  26 Jul 2018 04:32:08
# 26.8609,  5.440090,  0.893,  0.1141,  0.2390,  34.5540,  26 Jul 2018 04:36:08
# 26.8198,  5.439438,  0.901,  0.1118,  0.2464,  34.5799,  26 Jul 2018 04:40:08
# 26.8095,  5.438691,  0.861,  0.1057,  0.2367,  34.5823,  26 Jul 2018 04:44:08
# 26.8139,  5.438478,  0.933,  0.1093,  0.2573,  34.5775,  26 Jul 2018 04:48:08
# 26.7925,  5.432944,  0.926,  0.1069,  0.2512,  34.5539,  26 Jul 2018 04:52:08
# 26.7886,  5.436466,  0.926,  0.1032,  0.2562,  34.5820,  26 Jul 2018 04:56:08
