# 24.0728,  5.151962,  0.713,  0.0850,  0.1431,  34.5581,  09 Feb 2018 17:01:23
# 24.0528,  5.149911,  0.709,  0.0875,  0.1517,  34.5581,  09 Feb 2018 17:05:23
# 24.0521,  5.149135,  0.714,  0.0851,  0.1312,  34.5529,  09 Feb 2018 17:09:23
# 24.0211,  5.146786,  0.707,  0.0862,  0.1469,  34.5591,  09 Feb 2018 17:13:23
# 23.9915,  5.143623,  0.709,  0.0850,  0.1407,  34.5583,  09 Feb 2018 17:17:23
# 23.9802,  5.142511,  0.716,  0.0850,  0.1458,  34.5586,  09 Feb 2018 17:21:23
# 23.9663,  5.140753,  0.701,  0.0864,  0.1357,  34.5562,  09 Feb 2018 17:25:23
# 23.9369,  5.137922,  0.706,  0.0874,  0.1324,  34.5576,  09 Feb 2018 17:29:23
# 23.9307,  5.136848,  0.715,  0.0851,  0.1348,  34.5542,  09 Feb 2018 17:33:23
# 23.9109,  5.134800,  0.713,  0.0816,  0.1505,  34.5542,  09 Feb 2018 17:37:23
# 23.8974,  5.133634,  0.696,  0.0851,  0.1395,  34.5559,  09 Feb 2018 17:41:23
# 23.8870,  5.132630,  0.696,  0.0816,  0.1286,  34.5563,  09 Feb 2018 17:45:23
# 23.8671,  5.129754,  0.689,  0.0852,  0.1350,  34.5500,  09 Feb 2018 17:49:23
# 23.8588,  5.128620,  0.694,  0.0852,  0.1573,  34.5479,  09 Feb 2018 17:53:23
# 23.8471,  5.127179,  0.695,  0.0863,  0.1480,  34.5461,  09 Feb 2018 17:57:23
