# 25.5021,  5.280447,  0.904,  0.0864,  0.2290,  34.4186,  26 Apr 2018 12:02:05
# 25.4248,  5.276963,  0.896,  0.0838,  0.2359,  34.4517,  26 Apr 2018 12:06:05
# 25.3536,  5.271191,  0.912,  0.0863,  0.2393,  34.4633,  26 Apr 2018 12:10:05
# 25.3879,  5.273820,  0.909,  0.0837,  0.2143,  34.4565,  26 Apr 2018 12:14:05
# 25.4234,  5.276187,  0.915,  0.0885,  0.2334,  34.4470,  26 Apr 2018 12:18:05
# 25.4032,  5.274511,  0.916,  0.0826,  0.2372,  34.4500,  26 Apr 2018 12:22:05
# 25.4013,  5.274821,  0.927,  0.0874,  0.2179,  34.4537,  26 Apr 2018 12:26:05
# 25.4709,  5.281620,  0.938,  0.0849,  0.2407,  34.4509,  26 Apr 2018 12:30:05
# 25.5216,  5.287879,  0.944,  0.0813,  0.2278,  34.4583,  26 Apr 2018 12:34:05
# 25.5204,  5.287040,  0.938,  0.0862,  0.2360,  34.4531,  26 Apr 2018 12:38:05
# 25.5444,  5.289215,  0.959,  0.0850,  0.2155,  34.4509,  26 Apr 2018 12:42:05
# 25.5029,  5.289472,  0.965,  0.0837,  0.2345,  34.4842,  26 Apr 2018 12:46:05
# 25.4883,  5.289200,  0.965,  0.0849,  0.2216,  34.4933,  26 Apr 2018 12:50:05
# 25.5063,  5.289938,  0.966,  0.0837,  0.2144,  34.4850,  26 Apr 2018 12:54:05
# 25.5385,  5.289106,  0.963,  0.0861,  0.2610,  34.4546,  26 Apr 2018 12:58:05
