# 26.9419,  5.454143,  0.746,  0.1106,  0.2275,  34.5941,  25 Jul 2018 07:00:08
# 26.9157,  5.452915,  0.742,  0.1054,  0.2211,  34.6048,  25 Jul 2018 07:04:08
# 26.9213,  5.452899,  0.728,  0.1070,  0.2170,  34.6006,  25 Jul 2018 07:08:08
# 26.9087,  5.452561,  0.733,  0.1046,  0.2214,  34.6075,  25 Jul 2018 07:12:08
# 26.8884,  5.451444,  0.686,  0.1085,  0.2464,  34.6146,  25 Jul 2018 07:16:08
# 26.8862,  5.450774,  0.713,  0.1019,  0.2332,  34.6115,  25 Jul 2018 07:20:08
# 26.8668,  5.450295,  0.732,  0.0982,  0.2165,  34.6226,  25 Jul 2018 07:24:08
# 26.8542,  5.449382,  0.704,  0.1046,  0.3053,  34.6254,  25 Jul 2018 07:28:08
# 26.8592,  5.449610,  0.707,  0.1032,  0.2276,  34.6234,  25 Jul 2018 07:32:08
# 26.8667,  5.449822,  0.712,  0.1035,  0.2193,  34.6193,  25 Jul 2018 07:36:08
# 26.8622,  5.449240,  0.699,  0.1020,  0.2311,  34.6185,  25 Jul 2018 07:40:08
# 26.8456,  5.448390,  0.691,  0.1020,  0.2190,  34.6248,  25 Jul 2018 07:44:08
# 26.8296,  5.447100,  0.689,  0.1006,  0.2265,  34.6275,  25 Jul 2018 07:48:08
# 26.8332,  5.446927,  0.670,  0.0997,  0.2191,  34.6236,  25 Jul 2018 07:52:08
# 26.8309,  5.446376,  0.681,  0.0997,  0.2152,  34.6213,  25 Jul 2018 07:56:08
