# 26.3369,  5.350720,  1.055,  0.1131,  0.2186,  34.3028,  13 Nov 2017 23:02:57
# 26.2981,  5.338646,  1.014,  0.1157,  0.1816,  34.2446,  13 Nov 2017 23:06:57
# 26.3096,  5.341627,  1.073,  0.1170,  0.2049,  34.2575,  13 Nov 2017 23:10:57
# 26.3243,  5.347386,  1.077,  0.1095,  0.1926,  34.2881,  13 Nov 2017 23:14:57
# 26.2981,  5.337742,  1.105,  0.1120,  0.1913,  34.2380,  13 Nov 2017 23:18:57
# 26.2923,  5.335753,  1.063,  0.1095,  0.1878,  34.2280,  13 Nov 2017 23:22:57
# 26.2970,  5.337047,  1.096,  0.1082,  0.1842,  34.2339,  13 Nov 2017 23:26:57
# 26.3193,  5.343593,  1.114,  0.1020,  0.2049,  34.2644,  13 Nov 2017 23:30:57
# 26.3236,  5.338521,  1.153,  0.1109,  0.2000,  34.2247,  13 Nov 2017 23:34:57
# 26.3105,  5.340909,  1.142,  0.1160,  0.1929,  34.2516,  13 Nov 2017 23:38:57
# 26.2818,  5.332080,  1.090,  0.1132,  0.1989,  34.2093,  13 Nov 2017 23:42:57
# 26.2727,  5.329531,  1.145,  0.1121,  0.2061,  34.1977,  13 Nov 2017 23:46:57
# 26.2823,  5.332524,  1.137,  0.1147,  0.1915,  34.2121,  13 Nov 2017 23:50:57
# 26.3041,  5.341580,  1.133,  0.1082,  0.1971,  34.2612,  13 Nov 2017 23:54:57
# 26.2965,  5.340020,  1.179,  0.1061,  0.1877,  34.2556,  13 Nov 2017 23:58:57
