# 27.1605,  5.462024,  0.900,  0.1119,  0.4453,  34.4877,  01 Sep 2017 22:00:05
# 27.1535,  5.461567,  1.046,  0.1118,  0.4641,  34.4896,  01 Sep 2017 22:04:05
# 27.1446,  5.461787,  0.944,  0.1219,  0.9913,  34.4978,  01 Sep 2017 22:08:05
# 27.1469,  5.462520,  1.008,  0.1110,  0.6735,  34.5013,  01 Sep 2017 22:12:05
# 27.1408,  5.463836,  0.947,  0.1071,  0.4940,  34.5152,  01 Sep 2017 22:16:05
# 27.1487,  5.461535,  1.026,  0.1123,  0.4931,  34.4929,  01 Sep 2017 22:20:05
# 27.1375,  5.463127,  0.856,  0.1120,  0.6870,  34.5126,  01 Sep 2017 22:24:05
# 27.1278,  5.461551,  0.993,  0.1094,  0.5174,  34.5086,  01 Sep 2017 22:28:05
# 27.1050,  5.460417,  0.768,  0.1131,  0.4958,  34.5175,  01 Sep 2017 22:32:05
# 27.1000,  5.458417,  1.111,  0.1069,  0.5088,  34.5069,  01 Sep 2017 22:36:05
# 27.1007,  5.458039,  0.998,  0.1070,  0.5678,  34.5037,  01 Sep 2017 22:40:05
# 27.1120,  5.459645,  1.165,  0.1094,  0.5922,  34.5066,  01 Sep 2017 22:44:05
# 27.1138,  5.458338,  0.854,  0.1157,  0.7792,  34.4961,  01 Sep 2017 22:48:05
# 27.1179,  5.458558,  1.024,  0.1083,  0.5234,  34.4946,  01 Sep 2017 22:52:05
# 27.1253,  5.461875,  1.284,  0.1083,  0.5273,  34.5126,  01 Sep 2017 22:56:05
