# 27.7532,  5.741171,  1.033,  0.1044,  0.1810,  36.0203,  30 Jul 2018 21:00:08
# 27.7355,  5.740528,  1.057,  0.1069,  0.1736,  36.0294,  30 Jul 2018 21:04:08
# 27.7274,  5.739867,  1.052,  0.1118,  0.1713,  36.0309,  30 Jul 2018 21:08:08
# 27.7203,  5.739868,  1.041,  0.1067,  0.1664,  36.0363,  30 Jul 2018 21:12:08
# 27.6911,  5.738057,  1.065,  0.1009,  0.1749,  36.0460,  30 Jul 2018 21:16:08
# 27.7022,  5.738741,  1.013,  0.1055,  0.1836,  36.0423,  30 Jul 2018 21:20:08
# 27.7050,  5.739312,  1.017,  0.1104,  0.1677,  36.0442,  30 Jul 2018 21:24:08
# 27.7137,  5.739819,  1.023,  0.1179,  0.2193,  36.0411,  30 Jul 2018 21:28:08
# 27.7108,  5.740045,  1.024,  0.1115,  0.1848,  36.0449,  30 Jul 2018 21:32:08
# 27.7062,  5.739691,  0.983,  0.1202,  0.1994,  36.0460,  30 Jul 2018 21:36:08
# 27.7113,  5.740665,  1.010,  0.1277,  0.1958,  36.0489,  30 Jul 2018 21:40:08
# 27.7103,  5.740383,  0.977,  0.1316,  0.1724,  36.0477,  30 Jul 2018 21:44:08
# 27.6885,  5.741036,  0.981,  0.1216,  0.1862,  36.0691,  30 Jul 2018 21:48:08
# 27.6429,  5.741681,  0.959,  0.1231,  0.1995,  36.1089,  30 Jul 2018 21:52:08
# 27.6408,  5.741818,  0.939,  0.1181,  0.1944,  36.1114,  30 Jul 2018 21:56:08
