# 27.0448,  6.620147,  0.797,  0.1243,  0.2954,  42.9823,  05 Aug 2018 02:00:08
# 27.0429,  6.621538,  0.826,  0.1120,  0.2355,  42.9944,  05 Aug 2018 02:04:08
# 27.0252,  6.619419,  0.803,  0.1118,  0.2536,  42.9952,  05 Aug 2018 02:08:08
# 27.0403,  6.625194,  0.797,  0.1143,  0.2320,  43.0239,  05 Aug 2018 02:12:08
# 27.0345,  6.624138,  0.799,  0.1115,  0.2884,  43.0215,  05 Aug 2018 02:16:08
# 27.0265,  6.621461,  0.784,  0.1218,  0.2477,  43.0091,  05 Aug 2018 02:20:08
# 27.0228,  6.621804,  0.774,  0.1194,  0.2536,  43.0151,  05 Aug 2018 02:24:08
# 27.0053,  6.619548,  0.790,  0.1155,  0.2754,  43.0147,  05 Aug 2018 02:28:08
# 26.9909,  6.618029,  0.765,  0.1108,  0.2620,  43.0169,  05 Aug 2018 02:32:08
# 27.0054,  6.621598,  0.756,  0.1118,  0.2560,  43.0298,  05 Aug 2018 02:36:08
# 26.9983,  6.621324,  0.755,  0.1155,  0.2439,  43.0344,  05 Aug 2018 02:40:08
# 26.9890,  6.620638,  0.751,  0.1058,  0.2621,  43.0380,  05 Aug 2018 02:44:08
# 26.9769,  6.620381,  0.738,  0.1083,  0.2550,  43.0474,  05 Aug 2018 02:48:08
# 26.9819,  6.621487,  0.760,  0.1107,  0.2683,  43.0509,  05 Aug 2018 02:52:08
# 26.9842,  6.621805,  0.753,  0.1106,  0.3107,  43.0512,  05 Aug 2018 02:56:08
