# 26.8569,  5.44681,    0.979, 0.0983, 0.3452,  34.6049, 23 Oct 2017 11:01:27
# 26.8508,  5.44699,    1.034, 0.1032, 0.4329,  34.6108, 23 Oct 2017 11:05:27
# 26.8489,  5.44649,    0.847, 0.1044, 0.3783,  34.6087, 23 Oct 2017 11:09:27
# 26.8517,  5.44664,    1.040, 0.1007, 0.3890,  34.6076, 23 Oct 2017 11:13:27
# 26.8520,  5.44612,    1.022, 0.1084, 0.6430,  34.6037, 23 Oct 2017 11:17:27
# 26.8534,  5.44563,    0.985, 0.1144, 0.7591,  34.5991, 23 Oct 2017 11:21:27
# 26.8519,  5.44514,    0.869, 0.1084, 0.5606,  34.5968, 23 Oct 2017 11:25:27
# 26.8447,  5.44512,    0.869, 0.1046, 0.4627,  34.6020, 23 Oct 2017 11:29:27
# 26.8407,  5.44505,    0.927, 0.1093, 0.5811,  34.6045, 23 Oct 2017 11:33:27
# 26.8314,  5.44479,    0.847, 0.1045, 0.5306,  34.6096, 23 Oct 2017 11:37:27
# 26.8195,  5.44564,    0.823, 0.1009, 0.5688,  34.6246, 23 Oct 2017 11:41:27
# 26.8239,  5.44566,    0.899, 0.1033, 0.5230,  34.6214, 23 Oct 2017 11:45:27
# 26.8329,  5.44514,    0.789, 0.1096, 0.5532,  34.6110, 23 Oct 2017 11:49:27
# 26.8308,  5.44548,    0.835, 0.1009, 0.4927,  34.6150, 23 Oct 2017 11:53:27
# 26.8307,  5.44621,    0.883, 0.1010, 0.4231,  34.6203, 23 Oct 2017 11:57:27
