# 24.9913,  5.224520,  0.760,  0.1172,  0.2361,  34.3945,  23 Apr 2018 04:02:05
# 24.9708,  5.224080,  0.758,  0.1099,  0.2481,  34.4068,  23 Apr 2018 04:06:05
# 24.9633,  5.222427,  0.735,  0.1108,  0.2394,  34.4003,  23 Apr 2018 04:10:05
# 24.9466,  5.221168,  0.724,  0.1057,  0.2813,  34.4037,  23 Apr 2018 04:14:05
# 24.9290,  5.219862,  0.747,  0.1060,  0.2457,  34.4074,  23 Apr 2018 04:18:05
# 24.8989,  5.217607,  0.748,  0.1122,  0.2671,  34.4137,  23 Apr 2018 04:22:05
# 24.8667,  5.215522,  0.720,  0.1110,  0.2969,  34.4228,  23 Apr 2018 04:26:05
# 24.8877,  5.215020,  0.695,  0.1085,  0.2708,  34.4030,  23 Apr 2018 04:30:05
# 24.8949,  5.214773,  0.696,  0.1134,  0.2575,  34.3957,  23 Apr 2018 04:34:05
# 24.8760,  5.214040,  0.713,  0.1122,  0.2624,  34.4047,  23 Apr 2018 04:38:05
# 24.8893,  5.212526,  0.688,  0.1157,  0.2455,  34.3834,  23 Apr 2018 04:42:05
# 24.8966,  5.206359,  0.696,  0.1198,  0.2268,  34.3321,  23 Apr 2018 04:46:05
# 24.8681,  5.209523,  0.690,  0.1122,  0.2719,  34.3772,  23 Apr 2018 04:50:05
# 24.8647,  5.207887,  0.685,  0.1099,  0.2515,  34.3677,  23 Apr 2018 04:54:05
# 24.8559,  5.208644,  0.683,  0.1147,  0.2457,  34.3800,  23 Apr 2018 04:58:05
