# 26.8269,  6.627061,  1.227,  0.0970,  0.1871,  43.2373,  17 Aug 2018 09:00:08
# 26.8317,  6.627319,  1.256,  0.0983,  0.2042,  43.2348,  17 Aug 2018 09:04:08
# 26.8559,  6.630040,  1.235,  0.0981,  0.2080,  43.2322,  17 Aug 2018 09:08:08
# 26.8967,  6.633293,  1.268,  0.1022,  0.1907,  43.2181,  17 Aug 2018 09:12:08
# 26.9048,  6.634092,  1.217,  0.1043,  0.2007,  43.2164,  17 Aug 2018 09:16:08
# 26.9106,  6.635861,  1.179,  0.0980,  0.3243,  43.2241,  17 Aug 2018 09:20:08
# 26.9066,  6.636170,  1.251,  0.0970,  0.1935,  43.2302,  17 Aug 2018 09:24:08
# 26.9207,  6.638343,  1.319,  0.0945,  0.1774,  43.2331,  17 Aug 2018 09:28:08
# 26.9972,  6.644898,  1.267,  0.0946,  0.1981,  43.2099,  17 Aug 2018 09:32:08
# 27.0477,  6.649263,  1.231,  0.0980,  0.2019,  43.1950,  17 Aug 2018 09:36:08
# 27.0953,  6.653794,  1.242,  0.0970,  0.1846,  43.1839,  17 Aug 2018 09:40:08
# 27.0990,  6.655643,  1.298,  0.0971,  0.1801,  43.1941,  17 Aug 2018 09:44:08
# 27.1019,  6.657062,  1.241,  0.0957,  0.1801,  43.2019,  17 Aug 2018 09:48:08
# 27.1179,  6.659075,  1.240,  0.0958,  0.1886,  43.2018,  17 Aug 2018 09:52:08
# 27.1572,  6.663316,  1.237,  0.0970,  0.1781,  43.1964,  17 Aug 2018 09:56:08
