# 26.5722,  6.920433,  0.712,  0.1132,  0.4278,  45.6823,  07 Aug 2018 07:00:08
# 26.5740,  6.922298,  0.656,  0.1121,  0.4552,  45.6946,  07 Aug 2018 07:04:08
# 26.5643,  6.922841,  0.731,  0.1073,  0.3828,  45.7083,  07 Aug 2018 07:08:08
# 26.5826,  6.923313,  0.755,  0.1083,  0.3003,  45.6936,  07 Aug 2018 07:12:08
# 26.5625,  6.922053,  0.743,  0.1082,  0.4100,  45.7043,  07 Aug 2018 07:16:08
# 26.5663,  6.920993,  0.767,  0.1093,  0.4029,  45.6924,  07 Aug 2018 07:20:08
# 26.5607,  6.922981,  0.695,  0.1033,  0.3666,  45.7130,  07 Aug 2018 07:24:08
# 26.5659,  6.926133,  0.713,  0.1045,  0.3971,  45.7317,  07 Aug 2018 07:28:08
# 26.5724,  6.925853,  0.726,  0.1047,  0.3644,  45.7230,  07 Aug 2018 07:32:08
# 26.5646,  6.926527,  0.753,  0.0983,  0.3301,  45.7359,  07 Aug 2018 07:36:08
# 26.5797,  6.926536,  0.726,  0.1022,  0.3579,  45.7209,  07 Aug 2018 07:40:08
# 26.6192,  6.928076,  0.769,  0.1085,  0.3315,  45.6930,  07 Aug 2018 07:44:08
# 26.6149,  6.929434,  0.701,  0.1093,  0.6727,  45.7075,  07 Aug 2018 07:48:08
# 26.6137,  6.930433,  0.722,  0.1043,  0.4322,  45.7163,  07 Aug 2018 07:52:08
# 26.6237,  6.934331,  0.761,  0.0983,  0.4164,  45.7357,  07 Aug 2018 07:56:08
