# 24.4671,  5.136632,  1.007,  0.1260,  0.2962,  34.1401,  28 Nov 2017 00:02:57
# 24.4780,  5.139962,  1.012,  0.1234,  0.2867,  34.1567,  28 Nov 2017 00:06:57
# 24.4612,  5.136249,  1.014,  0.1247,  0.2506,  34.1417,  28 Nov 2017 00:10:57
# 24.4573,  5.134768,  1.014,  0.1221,  0.2519,  34.1336,  28 Nov 2017 00:14:57
# 24.4562,  5.134584,  1.015,  0.1183,  0.2641,  34.1331,  28 Nov 2017 00:18:57
# 24.4767,  5.144483,  1.021,  0.1183,  0.2409,  34.1914,  28 Nov 2017 00:22:57
# 24.4575,  5.139648,  1.022,  0.1183,  0.2457,  34.1699,  28 Nov 2017 00:26:57
# 24.4409,  5.130788,  1.024,  0.1260,  0.2972,  34.1164,  28 Nov 2017 00:30:57
# 24.4504,  5.135313,  1.015,  0.1221,  0.2866,  34.1430,  28 Nov 2017 00:34:57
# 24.4643,  5.139678,  1.025,  0.1283,  0.3539,  34.1650,  28 Nov 2017 00:38:57
# 24.4647,  5.141812,  1.027,  0.1332,  0.2889,  34.1806,  28 Nov 2017 00:42:57
# 24.4709,  5.141904,  1.028,  0.1318,  0.3099,  34.1766,  28 Nov 2017 00:46:57
# 24.4684,  5.144637,  1.028,  0.1294,  0.3771,  34.1989,  28 Nov 2017 00:50:57
# 24.4646,  5.144529,  1.031,  0.1295,  0.3090,  34.2010,  28 Nov 2017 00:54:57
# 24.4644,  5.145328,  1.027,  0.1285,  0.3198,  34.2071,  28 Nov 2017 00:58:57
