# 27.9265,  5.569366,  1.071,  0.1080,  0.1802,  34.6795,  29 Sep 2017 16:00:05
# 27.9300,  5.569883,  1.012,  0.1092,  0.2039,  34.6805,  29 Sep 2017 16:04:05
# 27.9331,  5.570264,  0.986,  0.1007,  0.1852,  34.6809,  29 Sep 2017 16:08:05
# 27.9353,  5.570407,  0.997,  0.1031,  0.1949,  34.6803,  29 Sep 2017 16:12:05
# 27.9343,  5.570351,  0.926,  0.0970,  0.1840,  34.6806,  29 Sep 2017 16:16:05
# 27.9309,  5.570153,  0.986,  0.1044,  0.1914,  34.6818,  29 Sep 2017 16:20:05
# 27.9284,  5.569708,  0.947,  0.1054,  0.1828,  34.6805,  29 Sep 2017 16:24:05
# 27.9268,  5.569604,  0.997,  0.1030,  0.1940,  34.6809,  29 Sep 2017 16:28:05
# 27.9252,  5.569430,  0.994,  0.1054,  0.1791,  34.6809,  29 Sep 2017 16:32:05
# 27.9290,  5.569684,  0.916,  0.0957,  0.1937,  34.6799,  29 Sep 2017 16:36:05
# 27.9252,  5.569064,  1.027,  0.1020,  0.1949,  34.6783,  29 Sep 2017 16:40:05
# 27.9127,  5.568310,  1.019,  0.1054,  0.1901,  34.6822,  29 Sep 2017 16:44:05
# 27.9141,  5.568325,  0.936,  0.1018,  0.1914,  34.6814,  29 Sep 2017 16:48:05
# 27.9136,  5.568055,  0.960,  0.1032,  0.1925,  34.6798,  29 Sep 2017 16:52:05
# 27.9012,  5.566411,  0.972,  0.1118,  0.2035,  34.6774,  29 Sep 2017 16:56:05
