# 24.1419,  5.04455,    0.899, 0.1258, 0.1828,  33.6976, 23 Dec 2017 02:03:16
# 24.1582,  5.04618,    0.903, 0.1221, 0.1731,  33.6975, 23 Dec 2017 02:07:16
# 24.1678,  5.04800,    0.923, 0.1199, 0.1717,  33.7039, 23 Dec 2017 02:11:16
# 24.1877,  5.05246,    0.916, 0.1233, 0.1720,  33.7223, 23 Dec 2017 02:15:16
# 24.1776,  5.05032,    0.924, 0.1185, 0.1865,  33.7139, 23 Dec 2017 02:19:16
# 24.1597,  5.04784,    0.936, 0.1106, 0.1791,  33.7088, 23 Dec 2017 02:23:16
# 24.1513,  5.04601,    0.933, 0.1147, 0.1563,  33.7014, 23 Dec 2017 02:27:16
# 24.1584,  5.04685,    0.942, 0.1134, 0.1535,  33.7023, 23 Dec 2017 02:31:16
# 24.1544,  5.04605,    0.914, 0.1111, 0.1596,  33.6993, 23 Dec 2017 02:35:16
# 24.1779,  5.04960,    0.946, 0.1297, 0.1670,  33.7083, 23 Dec 2017 02:39:16
# 24.1811,  5.05074,    0.949, 0.1209, 0.1695,  33.7144, 23 Dec 2017 02:43:16
# 24.1652,  5.04969,    0.946, 0.1135, 0.1829,  33.7186, 23 Dec 2017 02:47:16
# 24.1472,  5.04760,    0.950, 0.1085, 0.1622,  33.7164, 23 Dec 2017 02:51:16
# 24.1489,  5.04827,    0.958, 0.1110, 0.1901,  33.7202, 23 Dec 2017 02:55:16
# 24.1455,  5.04811,    0.964, 0.1109, 0.1490,  33.7215, 23 Dec 2017 02:59:16
