# 27.3568,  5.45592,    1.368, 0.0972, 0.1807,  34.2995, 03 Nov 2017 04:01:27
# 27.3756,  5.46001,    1.301, 0.0969, 0.1705,  34.3147, 03 Nov 2017 04:05:27
# 27.3638,  5.45488,    1.404, 0.0958, 0.1837,  34.2870, 03 Nov 2017 04:09:27
# 27.3609,  5.45540,    1.380, 0.0959, 0.1655,  34.2929, 03 Nov 2017 04:13:27
# 27.3635,  5.45407,    1.378, 0.0957, 0.1549,  34.2815, 03 Nov 2017 04:17:27
# 27.3885,  5.45432,    1.338, 0.1020, 0.1537,  34.2649, 03 Nov 2017 04:21:27
# 27.3939,  5.45685,    1.403, 0.0958, 0.1718,  34.2789, 03 Nov 2017 04:25:27
# 27.4114,  5.46097,    1.302, 0.0944, 0.1706,  34.2952, 03 Nov 2017 04:29:27
# 27.3951,  5.45702,    1.349, 0.1007, 0.1505,  34.2792, 03 Nov 2017 04:33:27
# 27.3940,  5.45834,    1.369, 0.0981, 0.1644,  34.2893, 03 Nov 2017 04:37:27
# 27.4064,  5.46087,    1.331, 0.0956, 0.1679,  34.2981, 03 Nov 2017 04:41:27
# 27.3990,  5.45816,    1.381, 0.0941, 0.1537,  34.2844, 03 Nov 2017 04:45:27
# 27.4133,  5.45996,    1.294, 0.0970, 0.1548,  34.2867, 03 Nov 2017 04:49:27
# 27.4759,  5.46784,    1.362, 0.0996, 0.1694,  34.2964, 03 Nov 2017 04:53:27
# 27.4832,  5.47100,    1.333, 0.1020, 0.1828,  34.3132, 03 Nov 2017 04:57:27
