# 26.9616,  5.457671,  1.085,  0.0908,  0.2391,  34.6044,  22 Jul 2018 11:00:08
# 26.9653,  5.457986,  1.097,  0.0883,  0.2416,  34.6039,  22 Jul 2018 11:04:08
# 26.9935,  5.462310,  1.082,  0.0871,  0.2598,  34.6137,  22 Jul 2018 11:08:08
# 27.0414,  5.467156,  1.096,  0.0886,  0.2396,  34.6127,  22 Jul 2018 11:12:08
# 27.0560,  5.470451,  1.102,  0.0887,  0.2753,  34.6252,  22 Jul 2018 11:16:08
# 27.0623,  5.470522,  1.114,  0.0897,  0.2238,  34.6210,  22 Jul 2018 11:20:08
# 27.0512,  5.469245,  1.118,  0.0896,  0.2427,  34.6202,  22 Jul 2018 11:24:08
# 27.0639,  5.469229,  1.123,  0.0906,  0.2319,  34.6107,  22 Jul 2018 11:28:08
# 27.0701,  5.469063,  1.123,  0.0907,  0.2835,  34.6049,  22 Jul 2018 11:32:08
# 27.0846,  5.471467,  1.111,  0.0887,  0.2404,  34.6112,  22 Jul 2018 11:36:08
# 27.1007,  5.473336,  1.137,  0.0935,  0.2321,  34.6125,  22 Jul 2018 11:40:08
# 27.0971,  5.473099,  1.142,  0.0886,  0.2426,  34.6135,  22 Jul 2018 11:44:08
# 27.1197,  5.475465,  1.147,  0.0906,  0.2275,  34.6135,  22 Jul 2018 11:48:08
# 27.1504,  5.478778,  1.156,  0.0898,  0.2249,  34.6143,  22 Jul 2018 11:52:08
# 27.1392,  5.478872,  1.149,  0.0885,  0.2466,  34.6233,  22 Jul 2018 11:56:08
