# 27.0828,  5.459796,  1.202,  0.0943,  0.3861,  34.5294,  28 Jun 2018 17:00:08
# 27.0908,  5.460055,  1.168,  0.0997,  0.3632,  34.5253,  28 Jun 2018 17:04:08
# 27.0834,  5.458598,  1.206,  0.1069,  0.2968,  34.5204,  28 Jun 2018 17:08:08
# 27.0766,  5.458173,  1.198,  0.1056,  0.3676,  34.5224,  28 Jun 2018 17:12:08
# 27.0699,  5.458071,  1.188,  0.0994,  0.3107,  34.5267,  28 Jun 2018 17:16:08
# 27.0555,  5.456764,  1.201,  0.1009,  0.3412,  34.5281,  28 Jun 2018 17:20:08
# 27.0539,  5.455913,  1.199,  0.1105,  0.3372,  34.5232,  28 Jun 2018 17:24:08
# 27.0623,  5.456023,  1.198,  0.1096,  0.3180,  34.5177,  28 Jun 2018 17:28:08
# 27.0552,  5.455480,  1.207,  0.1106,  0.3108,  34.5192,  28 Jun 2018 17:32:08
# 27.0360,  5.454842,  1.166,  0.0983,  0.3421,  34.5289,  28 Jun 2018 17:36:08
# 27.0370,  5.455094,  1.200,  0.0982,  0.3349,  34.5300,  28 Jun 2018 17:40:08
# 27.0540,  5.455858,  1.194,  0.1054,  0.3446,  34.5228,  28 Jun 2018 17:44:08
# 27.0529,  5.455299,  1.192,  0.1117,  0.3143,  34.5196,  28 Jun 2018 17:48:08
# 27.0489,  5.454645,  1.202,  0.1107,  0.4092,  34.5179,  28 Jun 2018 17:52:08
# 27.0165,  5.452520,  1.203,  0.1034,  0.3882,  34.5268,  28 Jun 2018 17:56:08
