# 26.1567,  5.348248,  0.804,  0.0909,  0.1866,  34.4197,  20 Nov 2017 12:02:57
# 26.1976,  5.351659,  0.794,  0.0897,  0.1743,  34.4137,  20 Nov 2017 12:06:57
# 26.2189,  5.353830,  0.814,  0.0909,  0.1927,  34.4134,  20 Nov 2017 12:10:57
# 26.2410,  5.355485,  0.794,  0.0897,  0.1720,  34.4089,  20 Nov 2017 12:14:57
# 26.2003,  5.352245,  0.796,  0.0971,  0.1878,  34.4159,  20 Nov 2017 12:18:57
# 26.1851,  5.350714,  0.838,  0.0947,  0.1793,  34.4162,  20 Nov 2017 12:22:57
# 26.1976,  5.351987,  0.809,  0.0970,  0.1765,  34.4160,  20 Nov 2017 12:26:57
# 26.2093,  5.352362,  0.786,  0.0911,  0.1668,  34.4100,  20 Nov 2017 12:30:57
# 26.2001,  5.351901,  0.798,  0.0938,  0.1815,  34.4136,  20 Nov 2017 12:34:57
# 26.1958,  5.350824,  0.804,  0.0973,  0.2255,  34.4090,  20 Nov 2017 12:38:57
# 26.1997,  5.351417,  0.788,  0.0912,  0.1938,  34.4103,  20 Nov 2017 12:42:57
# 26.1980,  5.351386,  0.781,  0.0996,  0.1987,  34.4114,  20 Nov 2017 12:46:57
# 26.1957,  5.351261,  0.803,  0.1044,  0.2098,  34.4122,  20 Nov 2017 12:50:57
# 26.1948,  5.351558,  0.761,  0.1009,  0.1976,  34.4151,  20 Nov 2017 12:54:57
# 26.1728,  5.350051,  0.792,  0.1046,  0.1878,  34.4206,  20 Nov 2017 12:58:57
