# 27.1283,  5.447669,  0.921,  0.0873,  0.2333,  34.4095,  14 Jun 2018 13:03:04
# 27.1000,  5.445671,  0.950,  0.0885,  0.2381,  34.4162,  14 Jun 2018 13:07:04
# 27.1122,  5.447111,  0.940,  0.0907,  0.2524,  34.4175,  14 Jun 2018 13:11:04
# 27.0937,  5.446080,  0.933,  0.0932,  0.3119,  34.4238,  14 Jun 2018 13:15:04
# 27.1058,  5.446631,  0.996,  0.0935,  0.3328,  34.4187,  14 Jun 2018 13:19:04
# 27.1141,  5.447536,  0.994,  0.0886,  0.3040,  34.4191,  14 Jun 2018 13:23:04
# 27.0899,  5.445191,  0.971,  0.0907,  0.2730,  34.4203,  14 Jun 2018 13:27:04
# 27.0690,  5.443052,  1.014,  0.0908,  0.2659,  34.4205,  14 Jun 2018 13:31:04
# 27.0630,  5.443319,  1.024,  0.0920,  0.2585,  34.4268,  14 Jun 2018 13:35:04
# 27.1077,  5.448071,  1.001,  0.0921,  0.2679,  34.4276,  14 Jun 2018 13:39:04
# 27.1091,  5.448598,  1.008,  0.0908,  0.3131,  34.4303,  14 Jun 2018 13:43:04
# 27.1196,  5.449047,  1.036,  0.0910,  0.2775,  34.4257,  14 Jun 2018 13:47:04
# 27.1405,  5.450975,  1.052,  0.0909,  0.2850,  34.4240,  14 Jun 2018 13:51:04
# 27.1430,  5.451030,  1.062,  0.0896,  0.2465,  34.4225,  14 Jun 2018 13:55:04
# 27.1043,  5.447764,  1.075,  0.0922,  0.2572,  34.4279,  14 Jun 2018 13:59:04
