# 27.4807,  6.708927,  0.973,  0.1157,  0.2346,  43.2306,  17 Aug 2018 15:00:08
# 27.5139,  6.712017,  0.945,  0.1155,  0.2319,  43.2224,  17 Aug 2018 15:04:08
# 27.5282,  6.713321,  1.037,  0.1083,  0.2139,  43.2187,  17 Aug 2018 15:08:08
# 27.5293,  6.714123,  0.950,  0.1156,  0.2154,  43.2236,  17 Aug 2018 15:12:08
# 27.6265,  6.720685,  0.909,  0.1191,  0.2055,  43.1814,  17 Aug 2018 15:16:08
# 27.6625,  6.725575,  0.967,  0.1217,  0.2202,  43.1837,  17 Aug 2018 15:20:08
# 27.6754,  6.728185,  0.971,  0.1115,  0.1970,  43.1908,  17 Aug 2018 15:24:08
# 27.6975,  6.730034,  0.972,  0.1069,  0.1941,  43.1838,  17 Aug 2018 15:28:08
# 27.6921,  6.729801,  0.984,  0.1120,  0.1887,  43.1872,  17 Aug 2018 15:32:08
# 27.6967,  6.730726,  0.964,  0.1105,  0.1993,  43.1897,  17 Aug 2018 15:36:08
# 27.6494,  6.725835,  0.956,  0.1168,  0.1898,  43.1977,  17 Aug 2018 15:40:08
# 27.6355,  6.723484,  0.961,  0.1229,  0.2237,  43.1935,  17 Aug 2018 15:44:08
# 27.6308,  6.723873,  0.940,  0.1180,  0.1972,  43.2006,  17 Aug 2018 15:48:08
# 27.6237,  6.723493,  0.993,  0.1168,  0.2005,  43.2045,  17 Aug 2018 15:52:08
# 27.6575,  6.725134,  0.935,  0.1190,  0.2102,  43.1851,  17 Aug 2018 15:56:08
