# 24.6763,  5.201726,  0.912,  0.1072,  0.3747,  34.4658,  02 Feb 2018 02:01:23
# 24.6256,  5.207783,  0.919,  0.1036,  0.3861,  34.5499,  02 Feb 2018 02:05:23
# 24.6517,  5.198672,  0.921,  0.1049,  0.3224,  34.4619,  02 Feb 2018 02:09:23
# 24.6318,  5.192998,  0.923,  0.1073,  0.4264,  34.4348,  02 Feb 2018 02:13:23
# 24.6229,  5.194609,  0.946,  0.1060,  0.4155,  34.4537,  02 Feb 2018 02:17:23
# 24.5924,  5.193569,  0.937,  0.1036,  0.5740,  34.4693,  02 Feb 2018 02:21:23
# 24.6008,  5.189152,  0.945,  0.1024,  0.5566,  34.4299,  02 Feb 2018 02:25:23
# 24.5844,  5.193546,  0.962,  0.0986,  0.4304,  34.4753,  02 Feb 2018 02:29:23
# 24.5786,  5.194425,  0.974,  0.1024,  0.3948,  34.4863,  02 Feb 2018 02:33:23
# 24.5696,  5.195766,  0.973,  0.0999,  0.4926,  34.5032,  02 Feb 2018 02:37:23
# 24.5709,  5.196059,  0.981,  0.1025,  0.4279,  34.5044,  02 Feb 2018 02:41:23
# 24.5723,  5.197347,  0.990,  0.1049,  0.4009,  34.5129,  02 Feb 2018 02:45:23
# 24.5660,  5.196846,  0.998,  0.1024,  0.4662,  34.5141,  02 Feb 2018 02:49:23
# 24.5864,  5.196067,  0.991,  0.1096,  0.4024,  34.4926,  02 Feb 2018 02:53:23
# 24.5626,  5.196460,  1.006,  0.1086,  0.4055,  34.5138,  02 Feb 2018 02:57:23
