# 26.7121,  5.40089,    0.866, 0.1487, 0.2349,  34.3842, 28 Oct 2017 20:01:27
# 26.7070,  5.40023,    0.793, 0.1522, 0.2577,  34.3833, 28 Oct 2017 20:05:27
# 26.7014,  5.39845,    0.837, 0.1438, 0.2243,  34.3747, 28 Oct 2017 20:09:27
# 26.6978,  5.39834,    0.926, 0.1574, 0.2206,  34.3765, 28 Oct 2017 20:13:27
# 26.6965,  5.39893,    0.877, 0.1557, 0.2383,  34.3818, 28 Oct 2017 20:17:27
# 26.6915,  5.39842,    0.800, 0.1427, 0.2349,  34.3819, 28 Oct 2017 20:21:27
# 26.6924,  5.39922,    0.835, 0.1488, 0.2268,  34.3869, 28 Oct 2017 20:25:27
# 26.6898,  5.39972,    0.905, 0.1316, 0.2221,  34.3924, 28 Oct 2017 20:29:27
# 26.6845,  5.39885,    0.901, 0.1537, 0.2135,  34.3901, 28 Oct 2017 20:33:27
# 26.6798,  5.39816,    0.878, 0.1489, 0.2184,  34.3887, 28 Oct 2017 20:37:27
# 26.6764,  5.39796,    0.954, 0.1257, 0.2060,  34.3897, 28 Oct 2017 20:41:27
# 26.6737,  5.39746,    0.857, 0.1366, 0.2172,  34.3881, 28 Oct 2017 20:45:27
# 26.6718,  5.39620,    0.893, 0.1416, 0.2361,  34.3805, 28 Oct 2017 20:49:27
# 26.6724,  5.39693,    0.934, 0.1487, 0.2135,  34.3853, 28 Oct 2017 20:53:27
# 26.6678,  5.39540,    0.885, 0.1463, 0.2271,  34.3778, 28 Oct 2017 20:57:27
