# 23.6688,  5.120216,  0.873,  0.0826,  0.1385,  34.6322,  09 Feb 2018 11:01:23
# 23.6878,  5.121433,  0.863,  0.0851,  0.1348,  34.6265,  09 Feb 2018 11:05:23
# 23.7301,  5.125165,  0.879,  0.0800,  0.1324,  34.6218,  09 Feb 2018 11:09:23
# 23.7518,  5.127625,  0.866,  0.0816,  0.1420,  34.6236,  09 Feb 2018 11:13:23
# 23.7677,  5.128744,  0.879,  0.0814,  0.1385,  34.6197,  09 Feb 2018 11:17:23
# 23.8082,  5.132700,  0.877,  0.0802,  0.1326,  34.6181,  09 Feb 2018 11:21:23
# 23.8330,  5.134978,  0.875,  0.0793,  0.1324,  34.6161,  09 Feb 2018 11:25:23
# 23.8435,  5.135100,  0.882,  0.0853,  0.1370,  34.6088,  09 Feb 2018 11:29:23
# 23.8811,  5.138522,  0.884,  0.0792,  0.1420,  34.6055,  09 Feb 2018 11:33:23
# 23.9085,  5.140662,  0.886,  0.0792,  0.1493,  34.6003,  09 Feb 2018 11:37:23
# 23.9335,  5.142212,  0.893,  0.0826,  0.2409,  34.5926,  09 Feb 2018 11:41:23
# 23.9124,  5.139703,  0.883,  0.0829,  0.1632,  34.5900,  09 Feb 2018 11:45:23
# 23.8930,  5.137171,  0.887,  0.0793,  0.1528,  34.5860,  09 Feb 2018 11:49:23
# 23.8870,  5.137785,  0.886,  0.0816,  0.1457,  34.5952,  09 Feb 2018 11:53:23
# 23.8928,  5.139550,  0.892,  0.0800,  0.1407,  34.6041,  09 Feb 2018 11:57:23
