# 24.3742,  5.176040,  0.926,  0.1206,  0.2911,  34.5061,  04 Feb 2018 22:01:23
# 24.4081,  5.174893,  0.939,  0.1321,  0.2602,  34.4713,  04 Feb 2018 22:05:23
# 24.4300,  5.176832,  0.932,  0.1357,  0.2650,  34.4691,  04 Feb 2018 22:09:23
# 24.3919,  5.175501,  0.935,  0.1244,  0.2961,  34.4884,  04 Feb 2018 22:13:23
# 24.3706,  5.174724,  0.932,  0.1220,  0.3353,  34.4990,  04 Feb 2018 22:17:23
# 24.3641,  5.174932,  0.912,  0.1270,  0.2854,  34.5055,  04 Feb 2018 22:21:23
# 24.3512,  5.174094,  0.940,  0.1218,  0.2916,  34.5092,  04 Feb 2018 22:25:23
# 24.3659,  5.175232,  0.918,  0.1174,  0.2708,  34.5065,  04 Feb 2018 22:29:23
# 24.3772,  5.174701,  0.926,  0.1283,  0.2491,  34.4937,  04 Feb 2018 22:33:23
# 24.3657,  5.173839,  0.907,  0.1219,  0.2602,  34.4962,  04 Feb 2018 22:37:23
# 24.4027,  5.168160,  0.915,  0.1321,  0.2526,  34.4251,  04 Feb 2018 22:41:23
# 24.4113,  5.172022,  0.896,  0.1321,  0.2544,  34.4475,  04 Feb 2018 22:45:23
# 24.4008,  5.171546,  0.914,  0.1367,  0.2370,  34.4520,  04 Feb 2018 22:49:23
# 24.3515,  5.172747,  0.897,  0.1247,  0.2589,  34.4989,  04 Feb 2018 22:53:23
# 24.3397,  5.170316,  0.902,  0.1183,  0.2376,  34.4898,  04 Feb 2018 22:57:23
