# 26.2018,  5.358447,  1.169,  0.1196,  0.2490,  34.4595,  16 May 2018 17:03:04
# 26.2045,  5.357939,  1.171,  0.1169,  0.2673,  34.4539,  16 May 2018 17:07:04
# 26.2471,  5.358314,  1.175,  0.1316,  0.2719,  34.4246,  16 May 2018 17:11:04
# 26.2713,  5.358376,  1.178,  0.1257,  0.2775,  34.4069,  16 May 2018 17:15:04
# 26.2823,  5.358579,  1.179,  0.1366,  0.2635,  34.4002,  16 May 2018 17:19:04
# 26.2552,  5.359658,  1.183,  0.1241,  0.2920,  34.4282,  16 May 2018 17:23:04
# 26.2209,  5.359307,  1.185,  0.1196,  0.2908,  34.4514,  16 May 2018 17:27:04
# 26.2220,  5.358838,  1.186,  0.1179,  0.2801,  34.4472,  16 May 2018 17:31:04
# 26.2091,  5.357431,  1.188,  0.1279,  0.3071,  34.4467,  16 May 2018 17:35:04
# 26.1894,  5.355479,  1.190,  0.1169,  0.2886,  34.4473,  16 May 2018 17:39:04
# 26.1886,  5.355198,  1.189,  0.1181,  0.2982,  34.4459,  16 May 2018 17:43:04
# 26.1904,  5.355221,  1.191,  0.1146,  0.2531,  34.4448,  16 May 2018 17:47:04
# 26.1990,  5.353877,  1.192,  0.1180,  0.2525,  34.4285,  16 May 2018 17:51:04
# 26.2169,  5.353854,  1.192,  0.1230,  0.2302,  34.4149,  16 May 2018 17:55:04
# 26.2282,  5.353025,  1.190,  0.1340,  0.2345,  34.4006,  16 May 2018 17:59:04
