# 26.1660,  5.343486,  0.900,  0.1296,  0.2507,  34.3782,  15 Nov 2017 23:02:57
# 26.1498,  5.341777,  0.918,  0.1205,  0.3088,  34.3779,  15 Nov 2017 23:06:57
# 26.1538,  5.342862,  0.915,  0.1194,  0.2540,  34.3828,  15 Nov 2017 23:10:57
# 26.1481,  5.342347,  0.880,  0.1195,  0.2087,  34.3833,  15 Nov 2017 23:14:57
# 26.1651,  5.344751,  0.955,  0.1283,  0.2324,  34.3880,  15 Nov 2017 23:18:57
# 26.1826,  5.347154,  0.950,  0.1209,  0.2292,  34.3923,  15 Nov 2017 23:22:57
# 26.2239,  5.354080,  0.923,  0.1353,  0.2324,  34.4115,  15 Nov 2017 23:26:57
# 26.2175,  5.352166,  0.968,  0.1317,  0.2296,  34.4024,  15 Nov 2017 23:30:57
# 26.2061,  5.349644,  0.961,  0.1279,  0.2278,  34.3927,  15 Nov 2017 23:34:57
# 26.1969,  5.348958,  0.972,  0.1206,  0.2207,  34.3946,  15 Nov 2017 23:38:57
# 26.1852,  5.347779,  0.954,  0.1194,  0.2157,  34.3949,  15 Nov 2017 23:42:57
# 26.1863,  5.348200,  1.043,  0.1331,  0.2305,  34.3970,  15 Nov 2017 23:46:57
# 26.1763,  5.345250,  1.022,  0.1283,  0.2348,  34.3832,  15 Nov 2017 23:50:57
# 26.1728,  5.343931,  0.968,  0.1293,  0.2306,  34.3763,  15 Nov 2017 23:54:57
# 26.1735,  5.345070,  0.971,  0.1292,  0.2758,  34.3840,  15 Nov 2017 23:58:57
