# 23.9077,  5.153931,  0.690,  0.1070,  0.3724,  34.7014,  27 Feb 2018 19:00:46
# 23.9332,  5.150382,  0.647,  0.1135,  0.4340,  34.6547,  27 Feb 2018 19:04:46
# 23.8678,  5.151182,  0.654,  0.1013,  0.4221,  34.7118,  27 Feb 2018 19:08:46
# 23.8464,  5.146850,  0.638,  0.1060,  0.4350,  34.6957,  27 Feb 2018 19:12:46
# 23.8403,  5.146290,  0.656,  0.1036,  0.4181,  34.6961,  27 Feb 2018 19:16:46
# 23.8137,  5.144371,  0.685,  0.1051,  0.4263,  34.7023,  27 Feb 2018 19:20:46
# 23.7957,  5.142698,  0.649,  0.1036,  0.4193,  34.7038,  27 Feb 2018 19:24:46
# 23.7981,  5.142253,  0.655,  0.1072,  0.4820,  34.6985,  27 Feb 2018 19:28:46
# 23.7829,  5.141416,  0.636,  0.1050,  0.4268,  34.7040,  27 Feb 2018 19:32:46
# 23.7756,  5.139475,  0.636,  0.1034,  0.4303,  34.6950,  27 Feb 2018 19:36:46
# 23.7388,  5.136982,  0.624,  0.1013,  0.4571,  34.7048,  27 Feb 2018 19:40:46
# 23.7281,  5.135064,  0.650,  0.1050,  0.3926,  34.6986,  27 Feb 2018 19:44:46
# 23.7150,  5.135018,  0.619,  0.1023,  0.4568,  34.7086,  27 Feb 2018 19:48:46
# 23.6993,  5.134182,  0.632,  0.1012,  0.4364,  34.7145,  27 Feb 2018 19:52:46
# 23.7267,  5.132686,  0.622,  0.1073,  0.4244,  34.6818,  27 Feb 2018 19:56:46
