# 26.7272,  6.111644,  0.799,  0.1131,  0.2662,  39.5223,  01 Sep 2018 03:00:08
# 26.7230,  6.112638,  0.734,  0.1082,  0.2717,  39.5331,  01 Sep 2018 03:04:08
# 26.7162,  6.113698,  0.741,  0.1081,  0.2731,  39.5467,  01 Sep 2018 03:08:08
# 26.7061,  6.113483,  0.794,  0.1093,  0.2344,  39.5538,  01 Sep 2018 03:12:08
# 26.6960,  6.109559,  0.833,  0.1080,  0.2727,  39.5337,  01 Sep 2018 03:16:08
# 26.6894,  6.111231,  0.785,  0.1093,  0.2775,  39.5517,  01 Sep 2018 03:20:08
# 26.6889,  6.114592,  0.738,  0.1070,  0.2705,  39.5767,  01 Sep 2018 03:24:08
# 26.6853,  6.117458,  0.854,  0.1070,  0.2238,  39.6008,  01 Sep 2018 03:28:08
# 26.6810,  6.118808,  0.758,  0.1081,  0.2621,  39.6144,  01 Sep 2018 03:32:08
# 26.6742,  6.120175,  0.856,  0.1058,  0.2379,  39.6303,  01 Sep 2018 03:36:08
# 26.6809,  6.122966,  0.818,  0.1035,  0.2573,  39.6450,  01 Sep 2018 03:40:08
# 26.6867,  6.126405,  0.841,  0.1055,  0.2551,  39.6653,  01 Sep 2018 03:44:08
# 26.6936,  6.130732,  0.727,  0.1044,  0.2524,  39.6911,  01 Sep 2018 03:48:08
# 26.6864,  6.130301,  0.779,  0.1057,  0.2884,  39.6941,  01 Sep 2018 03:52:08
# 26.6743,  6.125933,  0.884,  0.1072,  0.2550,  39.6724,  01 Sep 2018 03:56:08
