# 23.3036,  5.055072,  0.840,  0.0913,  0.1768,  34.4206,  08 Mar 2018 10:00:46
# 23.3355,  5.059987,  0.823,  0.0876,  0.1731,  34.4333,  08 Mar 2018 10:04:46
# 23.3680,  5.062632,  0.826,  0.0887,  0.1548,  34.4282,  08 Mar 2018 10:08:46
# 23.3878,  5.058888,  0.832,  0.0911,  0.1508,  34.3841,  08 Mar 2018 10:12:46
# 23.3796,  5.057760,  0.838,  0.0913,  0.1587,  34.3819,  08 Mar 2018 10:16:46
# 23.3875,  5.061549,  0.830,  0.0914,  0.1550,  34.4047,  08 Mar 2018 10:20:46
# 23.4041,  5.066101,  0.825,  0.0901,  0.1660,  34.4265,  08 Mar 2018 10:24:46
# 23.4068,  5.068259,  0.830,  0.0900,  0.1669,  34.4409,  08 Mar 2018 10:28:46
# 23.3772,  5.067985,  0.804,  0.0923,  0.2304,  34.4619,  08 Mar 2018 10:32:46
# 23.4030,  5.069388,  0.820,  0.0925,  0.1647,  34.4524,  08 Mar 2018 10:36:46
# 23.4449,  5.072439,  0.821,  0.0890,  0.1561,  34.4430,  08 Mar 2018 10:40:46
# 23.4679,  5.071630,  0.815,  0.0874,  0.1479,  34.4190,  08 Mar 2018 10:44:46
# 23.4972,  5.072835,  0.814,  0.0912,  0.1348,  34.4054,  08 Mar 2018 10:48:46
# 23.5257,  5.075635,  0.808,  0.0854,  0.1563,  34.4045,  08 Mar 2018 10:52:46
# 23.5522,  5.078185,  0.809,  0.0839,  0.1489,  34.4033,  08 Mar 2018 10:56:46
