# 24.4693,  5.15494,    0.974, 0.1098, 0.2348,  34.2753, 05 Jan 2018 17:03:16
# 24.4644,  5.15628,    0.934, 0.1112, 0.2542,  34.2890, 05 Jan 2018 17:07:16
# 24.4619,  5.15797,    0.955, 0.1100, 0.2470,  34.3036, 05 Jan 2018 17:11:16
# 24.4597,  5.15770,    0.976, 0.1086, 0.2603,  34.3031, 05 Jan 2018 17:15:16
# 24.4540,  5.15786,    0.938, 0.1099, 0.2496,  34.3087, 05 Jan 2018 17:19:16
# 24.4513,  5.15951,    0.996, 0.1096, 0.2735,  34.3231, 05 Jan 2018 17:23:16
# 24.4464,  5.15862,    0.998, 0.1086, 0.2293,  34.3202, 05 Jan 2018 17:27:16
# 24.4286,  5.15541,    0.991, 0.1049, 0.2410,  34.3099, 05 Jan 2018 17:31:16
# 24.4285,  5.15455,    1.001, 0.1061, 0.2282,  34.3035, 05 Jan 2018 17:35:16
# 24.4256,  5.15479,    0.998, 0.1099, 0.2589,  34.3075, 05 Jan 2018 17:39:16
# 24.4307,  5.15605,    0.995, 0.1232, 0.2245,  34.3130, 05 Jan 2018 17:43:16
# 24.4220,  5.15584,    1.021, 0.1036, 0.2112,  34.3181, 05 Jan 2018 17:47:16
# 24.4168,  5.15507,    1.021, 0.1035, 0.2097,  34.3163, 05 Jan 2018 17:51:16
# 24.4103,  5.15300,    1.026, 0.1073, 0.2025,  34.3058, 05 Jan 2018 17:55:16
# 24.4186,  5.15391,    1.022, 0.1061, 0.2161,  34.3062, 05 Jan 2018 17:59:16
