# 27.1987,  5.459589,  1.190,  0.1119,  0.1995,  34.4421,  10 Jul 2018 17:00:08
# 27.1870,  5.458344,  1.217,  0.1094,  0.1785,  34.4419,  10 Jul 2018 17:04:08
# 27.1469,  5.454880,  1.206,  0.1218,  0.1871,  34.4469,  10 Jul 2018 17:08:08
# 27.1637,  5.456053,  1.223,  0.1117,  0.1762,  34.4429,  10 Jul 2018 17:12:08
# 27.1461,  5.455604,  1.191,  0.1104,  0.1981,  34.4527,  10 Jul 2018 17:16:08
# 27.1537,  5.455116,  1.180,  0.1168,  0.1801,  34.4436,  10 Jul 2018 17:20:08
# 27.1439,  5.454179,  1.190,  0.1219,  0.1836,  34.4441,  10 Jul 2018 17:24:08
# 27.1523,  5.455179,  1.199,  0.1131,  0.1764,  34.4451,  10 Jul 2018 17:28:08
# 27.1430,  5.454833,  1.152,  0.1069,  0.1739,  34.4495,  10 Jul 2018 17:32:08
# 27.1437,  5.455022,  1.116,  0.1032,  0.1849,  34.4503,  10 Jul 2018 17:36:08
# 27.1360,  5.453786,  1.106,  0.1044,  0.1885,  34.4472,  10 Jul 2018 17:40:08
# 27.1235,  5.452282,  1.141,  0.1044,  0.1849,  34.4458,  10 Jul 2018 17:44:08
# 27.1013,  5.449669,  1.117,  0.1155,  0.2042,  34.4436,  10 Jul 2018 17:48:08
# 27.0921,  5.447583,  1.145,  0.1276,  0.2056,  34.4356,  10 Jul 2018 17:52:08
# 27.0635,  5.446600,  1.135,  0.1265,  0.1923,  34.4498,  10 Jul 2018 17:56:08
