# 27.1639,  5.455108,  1.032,  0.1242,  0.6883,  34.4360,  04 Sep 2017 06:00:05
# 27.1761,  5.454926,  0.835,  0.1220,  0.5283,  34.4258,  04 Sep 2017 06:04:05
# 27.1952,  5.454241,  0.877,  0.1192,  0.3736,  34.4068,  04 Sep 2017 06:08:05
# 27.1895,  5.454469,  0.800,  0.1178,  0.4119,  34.4126,  04 Sep 2017 06:12:05
# 27.1631,  5.456045,  0.967,  0.1132,  0.4607,  34.4433,  04 Sep 2017 06:16:05
# 27.1558,  5.455187,  0.854,  0.1106,  0.4181,  34.4427,  04 Sep 2017 06:20:05
# 27.1644,  5.453801,  0.824,  0.1135,  0.3950,  34.4265,  04 Sep 2017 06:24:05
# 27.1802,  5.453304,  0.795,  0.1182,  0.4108,  34.4113,  04 Sep 2017 06:28:05
# 27.1523,  5.453612,  0.860,  0.1157,  0.4087,  34.4340,  04 Sep 2017 06:32:05
# 27.1607,  5.452013,  0.849,  0.1205,  0.4057,  34.4165,  04 Sep 2017 06:36:05
# 27.1405,  5.452156,  0.768,  0.1206,  0.4537,  34.4325,  04 Sep 2017 06:40:05
# 27.1497,  5.451722,  0.821,  0.1218,  0.4747,  34.4226,  04 Sep 2017 06:44:05
# 27.1507,  5.451793,  0.886,  0.1231,  0.4941,  34.4222,  04 Sep 2017 06:48:05
# 27.1414,  5.452502,  0.836,  0.1217,  0.4640,  34.4342,  04 Sep 2017 06:52:05
# 27.1451,  5.451778,  0.865,  0.1167,  0.4085,  34.4263,  04 Sep 2017 06:56:05
