# 24.8989,  5.253701,  0.896,  0.0913,  0.2242,  34.6814,  29 Jan 2018 15:01:23
# 24.8663,  5.250828,  0.906,  0.0937,  0.2576,  34.6851,  29 Jan 2018 15:05:23
# 24.8532,  5.249341,  0.913,  0.0935,  0.2519,  34.6842,  29 Jan 2018 15:09:23
# 24.8461,  5.248520,  0.926,  0.0972,  0.2493,  34.6836,  29 Jan 2018 15:13:23
# 24.8958,  5.253476,  0.917,  0.0963,  0.2254,  34.6821,  29 Jan 2018 15:17:23
# 24.8753,  5.251501,  0.925,  0.1012,  0.2469,  34.6832,  29 Jan 2018 15:21:23
# 24.8802,  5.251672,  0.921,  0.1023,  0.2407,  34.6807,  29 Jan 2018 15:25:23
# 24.8972,  5.253623,  0.882,  0.0974,  0.2335,  34.6821,  29 Jan 2018 15:29:23
# 24.8821,  5.252214,  0.921,  0.0996,  0.2793,  34.6833,  29 Jan 2018 15:33:23
# 24.8841,  5.252462,  0.899,  0.0988,  0.2362,  34.6836,  29 Jan 2018 15:37:23
# 24.8830,  5.252051,  0.924,  0.1072,  0.2455,  34.6814,  29 Jan 2018 15:41:23
# 24.8803,  5.252671,  0.880,  0.1011,  0.2518,  34.6880,  29 Jan 2018 15:45:23
# 24.8670,  5.250618,  0.904,  0.1110,  0.2879,  34.6831,  29 Jan 2018 15:49:23
# 24.8413,  5.248520,  0.911,  0.1064,  0.2542,  34.6872,  29 Jan 2018 15:53:23
# 24.8776,  5.251424,  0.887,  0.1086,  0.2734,  34.6809,  29 Jan 2018 15:57:23
