# 24.3965,  5.115332,  0.940,  0.1170,  0.2843,  34.0347,  27 Nov 2017 23:02:57
# 24.3971,  5.118449,  0.946,  0.1211,  0.2589,  34.0576,  27 Nov 2017 23:06:57
# 24.3925,  5.118058,  0.949,  0.1084,  0.2528,  34.0581,  27 Nov 2017 23:10:57
# 24.3966,  5.120479,  0.954,  0.1137,  0.2434,  34.0731,  27 Nov 2017 23:14:57
# 24.3820,  5.117553,  0.964,  0.1136,  0.2593,  34.0623,  27 Nov 2017 23:18:57
# 24.3793,  5.115937,  0.968,  0.1220,  0.2532,  34.0523,  27 Nov 2017 23:22:57
# 24.4119,  5.126273,  0.975,  0.1258,  0.2747,  34.1047,  27 Nov 2017 23:26:57
# 24.4151,  5.127944,  0.975,  0.1196,  0.2589,  34.1148,  27 Nov 2017 23:30:57
# 24.4048,  5.125928,  0.985,  0.1123,  0.2351,  34.1076,  27 Nov 2017 23:34:57
# 24.3886,  5.120702,  0.986,  0.1135,  0.2410,  34.0808,  27 Nov 2017 23:38:57
# 24.4304,  5.121337,  0.991,  0.1321,  0.2456,  34.0538,  27 Nov 2017 23:42:57
# 24.4486,  5.130542,  0.994,  0.1270,  0.2640,  34.1087,  27 Nov 2017 23:46:57
# 24.4548,  5.135788,  0.993,  0.1342,  0.2758,  34.1432,  27 Nov 2017 23:50:57
# 24.4511,  5.134254,  0.999,  0.1295,  0.2493,  34.1345,  27 Nov 2017 23:54:57
# 24.4654,  5.135412,  1.006,  0.1380,  0.2663,  34.1323,  27 Nov 2017 23:58:57
