# 27.8123,  5.527395,  0.984,  0.0819,  0.1537,  34.4690,  24 Sep 2017 11:00:05
# 27.7941,  5.528243,  0.970,  0.0822,  0.1717,  34.4883,  24 Sep 2017 11:04:05
# 27.8290,  5.531751,  1.004,  0.0809,  0.1698,  34.4873,  24 Sep 2017 11:08:05
# 27.8909,  5.532566,  1.039,  0.0896,  0.1561,  34.4477,  24 Sep 2017 11:12:05
# 27.8695,  5.532234,  1.018,  0.0908,  0.1634,  34.4610,  24 Sep 2017 11:16:05
# 27.9126,  5.533326,  0.974,  0.0935,  0.1902,  34.4371,  24 Sep 2017 11:20:05
# 27.9603,  5.535132,  1.027,  0.0907,  0.1537,  34.4149,  24 Sep 2017 11:24:05
# 27.9220,  5.535925,  0.972,  0.0906,  0.1901,  34.4484,  24 Sep 2017 11:28:05
# 27.9048,  5.538668,  0.996,  0.0944,  0.1976,  34.4802,  24 Sep 2017 11:32:05
# 27.8667,  5.540579,  0.930,  0.0994,  0.1865,  34.5216,  24 Sep 2017 11:36:05
# 27.9486,  5.544899,  0.941,  0.0896,  0.1804,  34.4918,  24 Sep 2017 11:40:05
# 27.8974,  5.542537,  0.925,  0.0957,  0.2168,  34.5128,  24 Sep 2017 11:44:05
# 27.8359,  5.540517,  0.980,  0.0983,  0.1986,  34.5437,  24 Sep 2017 11:48:05
# 27.7769,  5.538575,  0.921,  0.0967,  0.1865,  34.5736,  24 Sep 2017 11:52:05
# 27.7984,  5.541207,  0.949,  0.0932,  0.1974,  34.5762,  24 Sep 2017 11:56:05
