# 25.0526,  5.242695,  0.715,  0.0974,  0.2634,  34.4822,  01 May 2018 12:02:05
# 25.0625,  5.243252,  0.706,  0.0971,  0.2179,  34.4788,  01 May 2018 12:06:05
# 25.0721,  5.244235,  0.734,  0.0912,  0.2132,  34.4787,  01 May 2018 12:10:05
# 25.0746,  5.244513,  0.727,  0.0923,  0.2110,  34.4789,  01 May 2018 12:14:05
# 25.0822,  5.245024,  0.727,  0.0926,  0.1973,  34.4768,  01 May 2018 12:18:05
# 25.1059,  5.247199,  0.715,  0.0887,  0.1923,  34.4749,  01 May 2018 12:22:05
# 25.0811,  5.245032,  0.721,  0.0936,  0.2254,  34.4777,  01 May 2018 12:26:05
# 25.0667,  5.243732,  0.752,  0.0950,  0.2633,  34.4791,  01 May 2018 12:30:05
# 25.1048,  5.247416,  0.735,  0.0885,  0.1984,  34.4773,  01 May 2018 12:34:05
# 25.1334,  5.250428,  0.742,  0.0901,  0.2010,  34.4778,  01 May 2018 12:38:05
# 25.1404,  5.250606,  0.757,  0.0885,  0.1985,  34.4737,  01 May 2018 12:42:05
# 25.1147,  5.247594,  0.741,  0.0925,  0.2010,  34.4711,  01 May 2018 12:46:05
# 25.1519,  5.251225,  0.773,  0.0948,  0.1997,  34.4696,  01 May 2018 12:50:05
# 25.1619,  5.252131,  0.743,  0.0973,  0.1951,  34.4686,  01 May 2018 12:54:05
# 25.1613,  5.251597,  0.775,  0.0970,  0.1911,  34.4651,  01 May 2018 12:58:05
