# 27.4267,  5.490320,  0.990,  0.1119,  0.5644,  34.4914,  01 Sep 2017 18:00:05
# 27.3896,  5.488315,  1.121,  0.1094,  0.5294,  34.5047,  01 Sep 2017 18:04:05
# 27.4323,  5.489609,  0.764,  0.1216,  0.6798,  34.4824,  01 Sep 2017 18:08:05
# 27.3500,  5.484171,  0.928,  0.1106,  0.5185,  34.5047,  01 Sep 2017 18:12:05
# 27.3157,  5.480850,  1.006,  0.1167,  0.6664,  34.5064,  01 Sep 2017 18:16:05
# 27.3407,  5.482112,  0.971,  0.1144,  0.5763,  34.4969,  01 Sep 2017 18:20:05
# 27.3312,  5.482357,  1.061,  0.1120,  0.5884,  34.5056,  01 Sep 2017 18:24:05
# 27.3001,  5.479950,  0.977,  0.1156,  0.5471,  34.5116,  01 Sep 2017 18:28:05
# 27.3181,  5.481031,  0.926,  0.1084,  0.5062,  34.5060,  01 Sep 2017 18:32:05
# 27.3340,  5.481189,  1.100,  0.1169,  0.5862,  34.4953,  01 Sep 2017 18:36:05
# 27.3418,  5.481433,  0.895,  0.1120,  0.5039,  34.4913,  01 Sep 2017 18:40:05
# 27.3476,  5.481157,  1.013,  0.1160,  0.5028,  34.4851,  01 Sep 2017 18:44:05
# 27.3285,  5.479910,  0.996,  0.1143,  0.5924,  34.4903,  01 Sep 2017 18:48:05
# 27.3116,  5.478972,  1.003,  0.1179,  1.2230,  34.4962,  01 Sep 2017 18:52:05
# 27.3166,  5.480613,  0.995,  0.1118,  0.6239,  34.5041,  01 Sep 2017 18:56:05
