# 27.6243,  5.507155,  1.011,  0.1401,  0.5932,  34.4647,  03 Sep 2017 19:00:05
# 27.6203,  5.506452,  0.968,  0.1428,  0.6149,  34.4627,  03 Sep 2017 19:04:05
# 27.6094,  5.505630,  1.239,  0.1402,  0.5607,  34.4648,  03 Sep 2017 19:08:05
# 27.5943,  5.504057,  1.005,  0.1377,  0.5561,  34.4650,  03 Sep 2017 19:12:05
# 27.6065,  5.504017,  1.027,  0.1548,  0.6359,  34.4557,  03 Sep 2017 19:16:05
# 27.5966,  5.502911,  0.950,  0.1579,  0.4701,  34.4552,  03 Sep 2017 19:20:05
# 27.5812,  5.502120,  0.869,  0.1437,  0.4856,  34.4610,  03 Sep 2017 19:24:05
# 27.5691,  5.501346,  0.930,  0.1426,  0.5064,  34.4644,  03 Sep 2017 19:28:05
# 27.5765,  5.501551,  1.062,  0.1437,  0.4572,  34.4603,  03 Sep 2017 19:32:05
# 27.5755,  5.501322,  1.032,  0.1390,  0.4266,  34.4595,  03 Sep 2017 19:36:05
# 27.5776,  5.501441,  0.915,  0.1427,  0.4234,  34.4588,  03 Sep 2017 19:40:05
# 27.5642,  5.500058,  1.010,  0.1341,  0.4317,  34.4589,  03 Sep 2017 19:44:05
# 27.5530,  5.498960,  0.912,  0.1398,  0.5690,  34.4594,  03 Sep 2017 19:48:05
# 27.5456,  5.498533,  0.876,  0.1414,  0.5090,  34.4619,  03 Sep 2017 19:52:05
# 27.5488,  5.498596,  0.875,  0.1401,  0.5370,  34.4600,  03 Sep 2017 19:56:05
