# 25.7019,  5.311290,  1.140,  0.1109,  0.3029,  34.4932,  20 May 2018 22:03:04
# 25.6623,  5.309353,  1.145,  0.1130,  0.3040,  34.5089,  20 May 2018 22:07:04
# 25.6278,  5.307260,  1.134,  0.1061,  0.3510,  34.5198,  20 May 2018 22:11:04
# 25.6237,  5.306723,  1.134,  0.1023,  0.3609,  34.5190,  20 May 2018 22:15:04
# 25.6297,  5.306918,  1.142,  0.1011,  0.3052,  34.5158,  20 May 2018 22:19:04
# 25.6342,  5.307268,  1.127,  0.1119,  0.4519,  34.5150,  20 May 2018 22:23:04
# 25.6409,  5.307314,  1.134,  0.1061,  0.3402,  34.5103,  20 May 2018 22:27:04
# 25.6516,  5.307913,  1.138,  0.1110,  0.3594,  34.5066,  20 May 2018 22:31:04
# 25.6727,  5.308255,  1.137,  0.1220,  0.3220,  34.4931,  20 May 2018 22:35:04
# 25.6437,  5.306949,  1.132,  0.1111,  0.3229,  34.5054,  20 May 2018 22:39:04
# 25.6396,  5.306591,  1.130,  0.1108,  0.3597,  34.5060,  20 May 2018 22:43:04
# 25.6840,  5.308979,  1.118,  0.1244,  0.3807,  34.4898,  20 May 2018 22:47:04
# 25.6982,  5.309127,  1.086,  0.1230,  0.3922,  34.4802,  20 May 2018 22:51:04
# 25.7251,  5.310076,  1.116,  0.1369,  0.3291,  34.4668,  20 May 2018 22:55:04
# 25.6968,  5.308278,  1.092,  0.1221,  0.3436,  34.4750,  20 May 2018 22:59:04
