# 27.3082,  5.492762,  0.806,  0.1255,  0.1656,  34.5965,  26 Sep 2017 01:00:05
# 27.3148,  5.493615,  0.837,  0.1318,  0.2011,  34.5976,  26 Sep 2017 01:04:05
# 27.3192,  5.493418,  0.770,  0.1363,  0.1961,  34.5930,  26 Sep 2017 01:08:05
# 27.3144,  5.492833,  0.907,  0.1277,  0.1842,  34.5924,  26 Sep 2017 01:12:05
# 27.3086,  5.492360,  0.815,  0.1197,  0.1878,  34.5933,  26 Sep 2017 01:16:05
# 27.3087,  5.493268,  0.936,  0.1158,  0.2085,  34.5997,  26 Sep 2017 01:20:05
# 27.3073,  5.493378,  0.816,  0.1319,  0.2148,  34.6015,  26 Sep 2017 01:24:05
# 27.3063,  5.492604,  0.795,  0.1366,  0.1843,  34.5968,  26 Sep 2017 01:28:05
# 27.3033,  5.492889,  0.799,  0.1231,  0.1769,  34.6010,  26 Sep 2017 01:32:05
# 27.2963,  5.492068,  0.749,  0.1132,  0.2083,  34.6004,  26 Sep 2017 01:36:05
# 27.2914,  5.492463,  0.818,  0.1289,  0.1926,  34.6068,  26 Sep 2017 01:40:05
# 27.2970,  5.492328,  0.804,  0.1268,  0.2163,  34.6017,  26 Sep 2017 01:44:05
# 27.2985,  5.492376,  0.902,  0.1256,  0.1951,  34.6009,  26 Sep 2017 01:48:05
# 27.2991,  5.492644,  0.814,  0.1327,  0.2147,  34.6024,  26 Sep 2017 01:52:05
# 27.2969,  5.493015,  0.776,  0.1353,  0.2234,  34.6066,  26 Sep 2017 01:56:05
