# 23.8681,  5.143334,  0.900,  0.1051,  0.3282,  34.6520,  02 Mar 2018 18:00:46
# 23.8638,  5.141185,  0.879,  0.1050,  0.2967,  34.6390,  02 Mar 2018 18:04:46
# 23.8609,  5.140095,  0.898,  0.1061,  0.3342,  34.6330,  02 Mar 2018 18:08:46
# 23.8591,  5.137686,  0.882,  0.1110,  0.2831,  34.6162,  02 Mar 2018 18:12:46
# 23.8515,  5.138883,  0.896,  0.1036,  0.2970,  34.6312,  02 Mar 2018 18:16:46
# 23.8386,  5.139067,  0.893,  0.1024,  0.2770,  34.6427,  02 Mar 2018 18:20:46
# 23.8379,  5.138492,  0.899,  0.1033,  0.2782,  34.6389,  02 Mar 2018 18:24:46
# 23.8343,  5.138231,  0.880,  0.1061,  0.3021,  34.6397,  02 Mar 2018 18:28:46
# 23.8249,  5.138062,  0.900,  0.1035,  0.2754,  34.6457,  02 Mar 2018 18:32:46
# 23.8137,  5.137640,  0.879,  0.1025,  0.2997,  34.6512,  02 Mar 2018 18:36:46
# 23.8126,  5.137195,  0.853,  0.1025,  0.3172,  34.6488,  02 Mar 2018 18:40:46
# 23.8096,  5.137449,  0.865,  0.1088,  0.3076,  34.6530,  02 Mar 2018 18:44:46
# 23.8067,  5.137433,  0.860,  0.1012,  0.2817,  34.6552,  02 Mar 2018 18:48:46
# 23.8252,  5.133183,  0.879,  0.1147,  0.3672,  34.6085,  02 Mar 2018 18:52:46
# 23.8202,  5.133421,  0.871,  0.1071,  0.2850,  34.6142,  02 Mar 2018 18:56:46
