# 26.2080,  5.355174,  0.924,  0.1059,  0.4814,  34.4312,  17 Jun 2018 07:03:04
# 26.1976,  5.354815,  0.894,  0.1073,  0.4950,  34.4365,  17 Jun 2018 07:07:04
# 26.2260,  5.355876,  0.931,  0.0986,  0.2895,  34.4229,  17 Jun 2018 07:11:04
# 26.2274,  5.356314,  0.893,  0.1024,  0.2980,  34.4250,  17 Jun 2018 07:15:04
# 26.2144,  5.355783,  0.919,  0.0969,  0.3074,  34.4309,  17 Jun 2018 07:19:04
# 26.2174,  5.356408,  0.917,  0.0970,  0.2706,  34.4332,  17 Jun 2018 07:23:04
# 26.2122,  5.356384,  0.882,  0.0970,  0.2862,  34.4369,  17 Jun 2018 07:27:04
# 26.2213,  5.356572,  0.885,  0.0983,  0.3193,  34.4314,  17 Jun 2018 07:31:04
# 26.2353,  5.357689,  0.895,  0.1007,  0.3694,  34.4290,  17 Jun 2018 07:35:04
# 26.2341,  5.357650,  0.917,  0.0983,  0.2777,  34.4297,  17 Jun 2018 07:39:04
# 26.2580,  5.358524,  0.913,  0.1023,  0.2719,  34.4180,  17 Jun 2018 07:43:04
# 26.2351,  5.358392,  0.899,  0.0996,  0.3167,  34.4343,  17 Jun 2018 07:47:04
# 26.2339,  5.358814,  0.891,  0.0948,  0.2859,  34.4382,  17 Jun 2018 07:51:04
# 26.2198,  5.358447,  0.914,  0.0935,  0.3050,  34.4461,  17 Jun 2018 07:55:04
# 26.2387,  5.359587,  0.923,  0.0935,  0.3085,  34.4402,  17 Jun 2018 07:59:04
