# 27.5159,  5.510162,  0.851,  0.0982,  0.1879,  34.5658,  03 Oct 2017 08:00:05
# 27.4771,  5.497705,  0.758,  0.0958,  0.1828,  34.5065,  03 Oct 2017 08:04:05
# 27.4505,  5.489025,  0.826,  0.0998,  0.1717,  34.4648,  03 Oct 2017 08:08:05
# 27.4933,  5.499980,  0.920,  0.0959,  0.1843,  34.5106,  03 Oct 2017 08:12:05
# 27.5264,  5.508446,  0.874,  0.0921,  0.1914,  34.5460,  03 Oct 2017 08:16:05
# 27.5290,  5.506944,  0.871,  0.0935,  0.1792,  34.5334,  03 Oct 2017 08:20:05
# 27.5283,  5.506169,  0.791,  0.0920,  0.1755,  34.5285,  03 Oct 2017 08:24:05
# 27.5368,  5.508003,  0.811,  0.0944,  0.2507,  34.5352,  03 Oct 2017 08:28:05
# 27.5567,  5.513357,  0.846,  0.0958,  0.1940,  34.5583,  03 Oct 2017 08:32:05
# 27.5534,  5.510739,  0.834,  0.0897,  0.1866,  34.5423,  03 Oct 2017 08:36:05
# 27.5522,  5.507402,  0.823,  0.0909,  0.1829,  34.5196,  03 Oct 2017 08:40:05
# 27.5696,  5.511696,  0.856,  0.0907,  0.1743,  34.5370,  03 Oct 2017 08:44:05
# 27.5949,  5.520328,  0.850,  0.0919,  0.2184,  34.5793,  03 Oct 2017 08:48:05
# 27.6048,  5.522837,  0.820,  0.0946,  0.1963,  34.5896,  03 Oct 2017 08:52:05
# 27.6113,  5.525007,  0.819,  0.0909,  0.1891,  34.6002,  03 Oct 2017 08:56:05
