# 27.0293,  5.448702,  1.141,  0.1108,  0.5333,  34.4901,  02 Sep 2017 02:00:05
# 27.0379,  5.451843,  1.060,  0.1045,  0.4749,  34.5061,  02 Sep 2017 02:04:05
# 27.0361,  5.451008,  1.012,  0.1094,  0.5027,  34.5015,  02 Sep 2017 02:08:05
# 27.0393,  5.449654,  1.096,  0.1033,  0.4182,  34.4895,  02 Sep 2017 02:12:05
# 27.0326,  5.449631,  1.023,  0.1057,  0.4992,  34.4944,  02 Sep 2017 02:16:05
# 27.0553,  5.446293,  0.993,  0.1157,  0.4376,  34.4537,  02 Sep 2017 02:20:05
# 27.0318,  5.448135,  0.978,  0.1094,  0.4330,  34.4843,  02 Sep 2017 02:24:05
# 27.0287,  5.447034,  0.983,  0.1118,  0.5485,  34.4787,  02 Sep 2017 02:28:05
# 27.0097,  5.447892,  1.010,  0.1019,  0.5259,  34.4989,  02 Sep 2017 02:32:05
# 27.0178,  5.445027,  1.007,  0.1108,  0.4895,  34.4725,  02 Sep 2017 02:36:05
# 26.9883,  5.444453,  1.060,  0.1045,  0.4340,  34.4903,  02 Sep 2017 02:40:05
# 26.9832,  5.444556,  1.034,  0.1083,  0.4473,  34.4948,  02 Sep 2017 02:44:05
# 26.9907,  5.443564,  0.861,  0.1143,  0.7865,  34.4823,  02 Sep 2017 02:48:05
# 26.9870,  5.444414,  0.932,  0.1058,  0.4820,  34.4910,  02 Sep 2017 02:52:05
# 26.9850,  5.444595,  1.020,  0.1045,  0.4932,  34.4938,  02 Sep 2017 02:56:05
