# 26.6906,  5.422825,  0.831,  0.1044,  0.1785,  34.5575,  09 Jul 2018 22:00:08
# 26.6800,  5.421545,  0.837,  0.1011,  0.3803,  34.5562,  09 Jul 2018 22:04:08
# 26.6707,  5.419299,  0.838,  0.0971,  0.1862,  34.5470,  09 Jul 2018 22:08:08
# 26.6634,  5.417871,  0.841,  0.1069,  0.1907,  34.5422,  09 Jul 2018 22:12:08
# 26.6494,  5.413899,  0.882,  0.1060,  0.1727,  34.5241,  09 Jul 2018 22:16:08
# 26.6487,  5.413130,  0.880,  0.1046,  0.1765,  34.5191,  09 Jul 2018 22:20:08
# 26.6406,  5.402939,  0.847,  0.1044,  0.1802,  34.4521,  09 Jul 2018 22:24:08
# 26.6437,  5.386882,  0.861,  0.1205,  0.1873,  34.3346,  09 Jul 2018 22:28:08
# 26.6484,  5.400258,  0.853,  0.1192,  0.1739,  34.4271,  09 Jul 2018 22:32:08
# 26.6416,  5.404790,  0.892,  0.1106,  0.1846,  34.4646,  09 Jul 2018 22:36:08
# 26.6324,  5.405998,  0.896,  0.1042,  0.1921,  34.4801,  09 Jul 2018 22:40:08
# 26.6294,  5.404453,  0.877,  0.1035,  0.1785,  34.4713,  09 Jul 2018 22:44:08
# 26.6590,  5.412062,  0.875,  0.1108,  0.1848,  34.5039,  09 Jul 2018 22:48:08
# 26.6658,  5.414071,  0.890,  0.1083,  0.1970,  34.5132,  09 Jul 2018 22:52:08
# 26.6642,  5.415453,  0.896,  0.1082,  0.1821,  34.5242,  09 Jul 2018 22:56:08
