# 27.7755,  5.523642,  1.387,  0.1218,  0.4268,  34.4695,  03 Sep 2017 16:00:05
# 27.7541,  5.521893,  1.300,  0.1243,  0.5256,  34.4729,  03 Sep 2017 16:04:05
# 27.7699,  5.523056,  1.353,  0.1303,  0.4676,  34.4695,  03 Sep 2017 16:08:05
# 27.7737,  5.523555,  1.375,  0.1220,  0.4699,  34.4702,  03 Sep 2017 16:12:05
# 27.7673,  5.523056,  1.178,  0.1243,  0.4474,  34.4715,  03 Sep 2017 16:16:05
# 27.7791,  5.523714,  1.517,  0.1327,  0.5484,  34.4674,  03 Sep 2017 16:20:05
# 27.7886,  5.524386,  1.365,  0.1290,  0.4450,  34.4651,  03 Sep 2017 16:24:05
# 27.7681,  5.522257,  1.299,  0.1329,  0.5087,  34.4653,  03 Sep 2017 16:28:05
# 27.7882,  5.523935,  1.209,  0.1281,  0.5630,  34.4623,  03 Sep 2017 16:32:05
# 27.7942,  5.524814,  1.345,  0.1341,  0.5222,  34.4640,  03 Sep 2017 16:36:05
# 27.8056,  5.526183,  1.238,  0.1353,  0.5422,  34.4653,  03 Sep 2017 16:40:05
# 27.7952,  5.525091,  1.367,  0.1255,  0.4652,  34.4652,  03 Sep 2017 16:44:05
# 27.7835,  5.523991,  1.366,  0.1353,  0.5957,  34.4661,  03 Sep 2017 16:48:05
# 27.7947,  5.524711,  1.488,  0.1305,  0.4869,  34.4629,  03 Sep 2017 16:52:05
# 27.7872,  5.523539,  1.295,  0.1328,  0.4342,  34.4602,  03 Sep 2017 16:56:05
