# 27.4012,  6.667235,  0.972,  0.1218,  0.2055,  42.9983,  19 Aug 2018 00:00:08
# 27.4246,  6.663335,  0.916,  0.1241,  0.2075,  42.9479,  19 Aug 2018 00:04:08
# 27.4139,  6.664644,  0.966,  0.1192,  0.2127,  42.9674,  19 Aug 2018 00:08:08
# 27.4097,  6.663534,  0.947,  0.1144,  0.1933,  42.9631,  19 Aug 2018 00:12:08
# 27.4069,  6.659283,  0.981,  0.1082,  0.1947,  42.9345,  19 Aug 2018 00:16:08
# 27.4173,  6.655653,  0.966,  0.1182,  0.1834,  42.8982,  19 Aug 2018 00:20:08
# 27.4381,  6.650321,  0.946,  0.1194,  0.1799,  42.8399,  19 Aug 2018 00:24:08
# 27.4601,  6.647621,  0.896,  0.1305,  0.1885,  42.7998,  19 Aug 2018 00:28:08
# 27.4269,  6.654044,  0.919,  0.1281,  0.1858,  42.8776,  19 Aug 2018 00:32:08
# 27.4161,  6.651929,  0.960,  0.1179,  0.1859,  42.8720,  19 Aug 2018 00:36:08
# 27.3990,  6.656660,  0.953,  0.1144,  0.1957,  42.9226,  19 Aug 2018 00:40:08
# 27.3845,  6.638720,  0.889,  0.1192,  0.2055,  42.8042,  19 Aug 2018 00:44:08
# 27.3749,  6.637869,  0.961,  0.1194,  0.1836,  42.8068,  19 Aug 2018 00:48:08
# 27.3789,  6.626208,  0.967,  0.1339,  0.1870,  42.7175,  19 Aug 2018 00:52:08
# 27.3705,  6.631016,  1.027,  0.1203,  0.1944,  42.7604,  19 Aug 2018 00:56:08
