# 25.2538,  5.258259,  0.977,  0.1097,  0.2404,  34.4438,  26 May 2018 01:03:04
# 25.2508,  5.259165,  0.980,  0.1073,  0.2766,  34.4528,  26 May 2018 01:07:04
# 25.2360,  5.258313,  0.959,  0.1157,  0.2553,  34.4578,  26 May 2018 01:11:04
# 25.2105,  5.258228,  0.981,  0.1083,  0.2647,  34.4765,  26 May 2018 01:15:04
# 25.2209,  5.256252,  0.967,  0.1133,  0.2419,  34.4541,  26 May 2018 01:19:04
# 25.2398,  5.255198,  0.966,  0.1183,  0.2525,  34.4320,  26 May 2018 01:23:04
# 25.2245,  5.256144,  0.983,  0.1255,  0.2813,  34.4506,  26 May 2018 01:27:04
# 25.2195,  5.257554,  0.959,  0.1112,  0.2589,  34.4647,  26 May 2018 01:31:04
# 25.2153,  5.256988,  0.973,  0.1159,  0.2612,  34.4638,  26 May 2018 01:35:04
# 25.1989,  5.257159,  0.954,  0.1083,  0.2732,  34.4775,  26 May 2018 01:39:04
# 25.2018,  5.256624,  0.973,  0.1096,  0.2825,  34.4713,  26 May 2018 01:43:04
# 25.2142,  5.255710,  0.966,  0.1210,  0.2612,  34.4552,  26 May 2018 01:47:04
# 25.1885,  5.256028,  0.977,  0.1121,  0.2550,  34.4770,  26 May 2018 01:51:04
# 25.1966,  5.254804,  0.976,  0.1244,  0.4008,  34.4619,  26 May 2018 01:55:04
# 25.2012,  5.254199,  0.971,  0.1132,  0.2599,  34.4539,  26 May 2018 01:59:04
