# 26.5012,  5.416515,  1.005,  0.1295,  0.3111,  34.6539,  11 Nov 2017 01:02:57
# 26.5031,  5.417520,  0.920,  0.1305,  0.2257,  34.6598,  11 Nov 2017 01:06:57
# 26.5034,  5.419923,  0.968,  0.1205,  0.2795,  34.6768,  11 Nov 2017 01:10:57
# 26.5025,  5.420205,  0.933,  0.1246,  0.2457,  34.6796,  11 Nov 2017 01:14:57
# 26.5022,  5.422043,  0.909,  0.1231,  0.2421,  34.6930,  11 Nov 2017 01:18:57
# 26.5076,  5.420339,  0.990,  0.1328,  0.2293,  34.6766,  11 Nov 2017 01:22:57
# 26.5095,  5.419923,  0.864,  0.1342,  0.2518,  34.6723,  11 Nov 2017 01:26:57
# 26.5050,  5.418902,  0.919,  0.1355,  0.2311,  34.6683,  11 Nov 2017 01:30:57
# 26.5041,  5.416955,  0.944,  0.1305,  0.2338,  34.6549,  11 Nov 2017 01:34:57
# 26.5013,  5.416931,  1.006,  0.1244,  0.2312,  34.6569,  11 Nov 2017 01:38:57
# 26.5013,  5.416350,  0.953,  0.1318,  0.2458,  34.6527,  11 Nov 2017 01:42:57
# 26.5019,  5.418556,  0.948,  0.1343,  0.2926,  34.6681,  11 Nov 2017 01:46:57
# 26.4924,  5.419405,  0.879,  0.1207,  0.2528,  34.6814,  11 Nov 2017 01:50:57
# 26.4763,  5.418816,  0.936,  0.1232,  0.2454,  34.6892,  11 Nov 2017 01:54:57
# 26.4720,  5.418361,  0.944,  0.1156,  0.2673,  34.6892,  11 Nov 2017 01:58:57
