# 27.5150,  5.52455,    1.027, 0.1906, 0.2914,  34.6681, 09 Oct 2017 21:01:27
# 27.5126,  5.52508,    0.976, 0.1602, 0.2759,  34.6736, 09 Oct 2017 21:05:27
# 27.5027,  5.52168,    1.012, 0.1713, 0.3341,  34.6569, 09 Oct 2017 21:09:27
# 27.5002,  5.51921,    0.988, 0.1930, 0.2697,  34.6414, 09 Oct 2017 21:13:27
# 27.5010,  5.52217,    1.042, 0.1662, 0.2640,  34.6616, 09 Oct 2017 21:17:27
# 27.4929,  5.52089,    0.952, 0.1549, 0.2698,  34.6586, 09 Oct 2017 21:21:27
# 27.4922,  5.52103,    1.042, 0.1617, 0.2543,  34.6601, 09 Oct 2017 21:25:27
# 27.4915,  5.52066,    0.948, 0.1771, 0.2663,  34.6581, 09 Oct 2017 21:29:27
# 27.4847,  5.52138,    0.939, 0.1619, 0.2818,  34.6682, 09 Oct 2017 21:33:27
# 27.4850,  5.52131,    1.019, 0.1675, 0.2673,  34.6675, 09 Oct 2017 21:37:27
# 27.4834,  5.52119,    0.957, 0.1608, 0.2865,  34.6678, 09 Oct 2017 21:41:27
# 27.4773,  5.51924,    0.836, 0.1832, 0.3045,  34.6585, 09 Oct 2017 21:45:27
# 27.4748,  5.51925,    1.029, 0.1580, 0.2988,  34.6605, 09 Oct 2017 21:49:27
# 27.4662,  5.51731,    0.902, 0.1572, 0.2673,  34.6531, 09 Oct 2017 21:53:27
# 27.4626,  5.51672,    0.905, 0.1652, 0.2842,  34.6517, 09 Oct 2017 21:57:27
