# 27.3686,  5.38996,    1.230, 0.0969, 0.1915,  33.8250, 30 Oct 2017 14:01:27
# 27.3793,  5.48618,    1.211, 0.1034, 0.2034,  34.4970, 30 Oct 2017 14:05:27
# 27.3925,  5.48806,    1.192, 0.0983, 0.2084,  34.5006, 30 Oct 2017 14:09:27
# 27.4230,  5.49052,    1.183, 0.1007, 0.1826,  34.4956, 30 Oct 2017 14:13:27
# 27.4327,  5.49040,    1.212, 0.1009, 0.1987,  34.4875, 30 Oct 2017 14:17:27
# 27.4483,  5.49165,    1.195, 0.0996, 0.1740,  34.4848, 30 Oct 2017 14:21:27
# 27.4667,  5.49240,    1.174, 0.1048, 0.1730,  34.4767, 30 Oct 2017 14:25:27
# 27.4866,  5.49348,    1.194, 0.1104, 0.1975,  34.4695, 30 Oct 2017 14:29:27
# 27.4715,  5.49256,    1.146, 0.1104, 0.1840,  34.4742, 30 Oct 2017 14:33:27
# 27.4789,  5.49327,    1.151, 0.1069, 0.2194,  34.4738, 30 Oct 2017 14:37:27
# 27.4846,  5.49395,    1.167, 0.1046, 0.1865,  34.4744, 30 Oct 2017 14:41:27
# 27.5105,  5.49838,    1.151, 0.1009, 0.1766,  34.4866, 30 Oct 2017 14:45:27
# 27.4861,  5.49831,    1.129, 0.1032, 0.1965,  34.5041, 30 Oct 2017 14:49:27
# 27.5019,  5.49948,    1.129, 0.0970, 0.1999,  34.5007, 30 Oct 2017 14:53:27
# 27.5153,  5.50115,    1.061, 0.0970, 0.1987,  34.5026, 30 Oct 2017 14:57:27
