# 24.4013,  5.165861,  0.837,  0.1173,  0.1951,  34.4090,  29 Apr 2018 01:02:05
# 24.3920,  5.168268,  0.823,  0.1159,  0.2244,  34.4342,  29 Apr 2018 01:06:05
# 24.3782,  5.173631,  0.839,  0.1122,  0.1986,  34.4850,  29 Apr 2018 01:10:05
# 24.3651,  5.172824,  0.832,  0.1147,  0.1948,  34.4890,  29 Apr 2018 01:14:05
# 24.3623,  5.172139,  0.857,  0.1136,  0.1863,  34.4860,  29 Apr 2018 01:18:05
# 24.3703,  5.171477,  0.849,  0.1147,  0.1925,  34.4749,  29 Apr 2018 01:22:05
# 24.3923,  5.175078,  0.860,  0.1195,  0.2120,  34.4849,  29 Apr 2018 01:26:05
# 24.3809,  5.173423,  0.866,  0.1257,  0.1959,  34.4813,  29 Apr 2018 01:30:05
# 24.3692,  5.168715,  0.870,  0.1182,  0.2181,  34.4550,  29 Apr 2018 01:34:05
# 24.3635,  5.167007,  0.877,  0.1206,  0.1925,  34.4467,  29 Apr 2018 01:38:05
# 24.3631,  5.165554,  0.874,  0.1171,  0.2046,  34.4361,  29 Apr 2018 01:42:05
# 24.3808,  5.166530,  0.878,  0.1122,  0.1802,  34.4298,  29 Apr 2018 01:46:05
# 24.3843,  5.168938,  0.879,  0.1199,  0.2011,  34.4451,  29 Apr 2018 01:50:05
# 24.3691,  5.167323,  0.890,  0.1123,  0.1950,  34.4447,  29 Apr 2018 01:54:05
# 24.3605,  5.164008,  0.889,  0.1132,  0.1901,  34.4265,  29 Apr 2018 01:58:05
