# 26.2272,  5.375727,  0.963,  0.1022,  0.3593,  34.5655,  07 Jul 2018 21:00:08
# 26.2109,  5.373982,  0.975,  0.1009,  0.3278,  34.5651,  07 Jul 2018 21:04:08
# 26.2456,  5.372441,  0.985,  0.1144,  0.2634,  34.5279,  07 Jul 2018 21:08:08
# 26.1995,  5.372035,  0.987,  0.1121,  0.3218,  34.5596,  07 Jul 2018 21:12:08
# 26.2105,  5.372473,  0.992,  0.1047,  0.2550,  34.5545,  07 Jul 2018 21:16:08
# 26.1982,  5.371096,  0.995,  0.1048,  0.3008,  34.5538,  07 Jul 2018 21:20:08
# 26.2019,  5.371831,  0.991,  0.1046,  0.2763,  34.5563,  07 Jul 2018 21:24:08
# 26.2054,  5.371557,  1.012,  0.1060,  0.2681,  34.5517,  07 Jul 2018 21:28:08
# 26.1770,  5.369900,  1.000,  0.1022,  0.2792,  34.5611,  07 Jul 2018 21:32:08
# 26.1837,  5.369227,  1.009,  0.1061,  0.2647,  34.5512,  07 Jul 2018 21:36:08
# 26.1854,  5.368156,  0.944,  0.1070,  0.3254,  34.5422,  07 Jul 2018 21:40:08
# 26.1883,  5.368562,  1.008,  0.1073,  0.2886,  34.5429,  07 Jul 2018 21:44:08
# 26.2002,  5.367108,  1.026,  0.1044,  0.2695,  34.5234,  07 Jul 2018 21:48:08
# 26.2296,  5.366099,  0.983,  0.1096,  0.2899,  34.4941,  07 Jul 2018 21:52:08
# 26.2379,  5.366888,  0.990,  0.1083,  0.2658,  34.4936,  07 Jul 2018 21:56:08
