# 28.0682,  5.556339,  0.930,  0.1054,  0.2672,  34.4843,  10 Sep 2017 14:00:05
# 28.0618,  5.556632,  0.986,  0.1118,  0.2519,  34.4910,  10 Sep 2017 14:04:05
# 28.0409,  5.555863,  0.846,  0.1154,  0.3021,  34.5009,  10 Sep 2017 14:08:05
# 28.0082,  5.554554,  0.883,  0.1157,  0.2795,  34.5158,  10 Sep 2017 14:12:05
# 27.9731,  5.551467,  0.948,  0.1263,  0.2927,  34.5199,  10 Sep 2017 14:16:05
# 27.9732,  5.551237,  0.905,  0.1167,  0.2759,  34.5182,  10 Sep 2017 14:20:05
# 28.0291,  5.556911,  0.887,  0.1132,  0.2763,  34.5169,  10 Sep 2017 14:24:05
# 28.0126,  5.555832,  0.930,  0.1168,  0.2615,  34.5214,  10 Sep 2017 14:28:05
# 28.0869,  5.565319,  0.964,  0.1168,  0.2830,  34.5334,  10 Sep 2017 14:32:05
# 28.0588,  5.562444,  0.837,  0.1193,  0.2901,  34.5338,  10 Sep 2017 14:36:05
# 28.0677,  5.563247,  0.951,  0.1143,  0.3259,  34.5329,  10 Sep 2017 14:40:05
# 28.0455,  5.560174,  0.965,  0.1167,  0.3318,  34.5277,  10 Sep 2017 14:44:05
# 28.0228,  5.557880,  1.016,  0.1144,  0.2675,  34.5282,  10 Sep 2017 14:48:05
# 28.0184,  5.557379,  0.980,  0.1180,  0.2760,  34.5280,  10 Sep 2017 14:52:05
# 27.9496,  5.550103,  1.086,  0.1244,  0.2832,  34.5275,  10 Sep 2017 14:56:05
