# 27.2477,  5.49700,    0.841, 0.1559, 0.3393,  34.6714, 10 Oct 2017 02:01:27
# 27.2442,  5.49553,    0.931, 0.1365, 0.4070,  34.6636, 10 Oct 2017 02:05:27
# 27.2399,  5.49488,    0.800, 0.1350, 0.5703,  34.6622, 10 Oct 2017 02:09:27
# 27.2231,  5.49441,    0.823, 0.1316, 0.6149,  34.6714, 10 Oct 2017 02:13:27
# 27.2143,  5.49427,    0.810, 0.1279, 0.4723,  34.6770, 10 Oct 2017 02:17:27
# 27.2212,  5.49574,    0.822, 0.1342, 0.3565,  34.6823, 10 Oct 2017 02:21:27
# 27.2209,  5.49332,    0.781, 0.1340, 0.3124,  34.6653, 10 Oct 2017 02:25:27
# 27.2117,  5.49134,    0.779, 0.1352, 0.4243,  34.6581, 10 Oct 2017 02:29:27
# 27.2140,  5.49238,    0.802, 0.1318, 0.3491,  34.6637, 10 Oct 2017 02:33:27
# 27.2153,  5.49254,    0.784, 0.1279, 0.3851,  34.6639, 10 Oct 2017 02:37:27
# 27.2149,  5.49321,    0.825, 0.1281, 0.3391,  34.6689, 10 Oct 2017 02:41:27
# 27.2126,  5.49343,    0.953, 0.1231, 0.4038,  34.6722, 10 Oct 2017 02:45:27
# 27.1986,  5.49174,    0.855, 0.1240, 0.3651,  34.6706, 10 Oct 2017 02:49:27
# 27.2199,  5.49622,    0.850, 0.1255, 0.3442,  34.6866, 10 Oct 2017 02:53:27
# 27.2126,  5.49637,    0.954, 0.1170, 0.3293,  34.6931, 10 Oct 2017 02:57:27
