# 25.1505,  5.23280,    0.832, 0.1197, 0.2174,  34.3346, 07 Dec 2017 23:03:16
# 25.1406,  5.23023,    0.828, 0.1234, 0.2120,  34.3232, 07 Dec 2017 23:07:16
# 25.1327,  5.22853,    0.828, 0.1286, 0.2220,  34.3166, 07 Dec 2017 23:11:16
# 25.1170,  5.22590,    0.825, 0.1196, 0.2245,  34.3092, 07 Dec 2017 23:15:16
# 25.1109,  5.22456,    0.827, 0.1232, 0.2396,  34.3039, 07 Dec 2017 23:19:16
# 25.0974,  5.22202,    0.817, 0.1357, 0.2330,  34.2954, 07 Dec 2017 23:23:16
# 25.0984,  5.22220,    0.813, 0.1286, 0.2306,  34.2959, 07 Dec 2017 23:27:16
# 25.0995,  5.22287,    0.816, 0.1270, 0.2434,  34.3001, 07 Dec 2017 23:31:16
# 25.0971,  5.22316,    0.816, 0.1160, 0.2061,  34.3040, 07 Dec 2017 23:35:16
# 25.0964,  5.22302,    0.810, 0.1149, 0.2577,  34.3035, 07 Dec 2017 23:39:16
# 25.0876,  5.22162,    0.797, 0.1197, 0.2542,  34.2999, 07 Dec 2017 23:43:16
# 25.0981,  5.22317,    0.800, 0.1184, 0.2245,  34.3033, 07 Dec 2017 23:47:16
# 25.1021,  5.22395,    0.799, 0.1245, 0.2148,  34.3060, 07 Dec 2017 23:51:16
# 25.0527,  5.21269,    0.803, 0.1293, 0.2013,  34.2603, 07 Dec 2017 23:55:16
# 25.0645,  5.21647,    0.798, 0.1198, 0.2295,  34.2793, 07 Dec 2017 23:59:16
