# 26.9689,  5.429207,  1.017,  0.1278,  0.2622,  34.3960,  14 Jun 2018 21:03:04
# 26.9593,  5.427903,  1.018,  0.1306,  0.2884,  34.3938,  14 Jun 2018 21:07:04
# 26.9520,  5.427110,  0.966,  0.1279,  0.2750,  34.3936,  14 Jun 2018 21:11:04
# 26.9469,  5.427094,  0.990,  0.1291,  0.2632,  34.3973,  14 Jun 2018 21:15:04
# 26.9490,  5.426764,  0.971,  0.1254,  0.2718,  34.3933,  14 Jun 2018 21:19:04
# 26.9369,  5.426301,  0.929,  0.1244,  0.2682,  34.3990,  14 Jun 2018 21:23:04
# 26.9319,  5.425767,  0.975,  0.1219,  0.3121,  34.3989,  14 Jun 2018 21:27:04
# 26.9211,  5.425115,  0.960,  0.1241,  0.3053,  34.4022,  14 Jun 2018 21:31:04
# 26.8819,  5.422209,  0.972,  0.1207,  0.3028,  34.4106,  14 Jun 2018 21:35:04
# 26.8626,  5.420018,  0.930,  0.1144,  0.2908,  34.4092,  14 Jun 2018 21:39:04
# 26.8778,  5.417914,  0.910,  0.1341,  0.3107,  34.3830,  14 Jun 2018 21:43:04
# 26.8696,  5.418487,  0.890,  0.1206,  0.3253,  34.3931,  14 Jun 2018 21:47:04
# 26.8784,  5.417459,  0.879,  0.1254,  0.3204,  34.3793,  14 Jun 2018 21:51:04
# 26.8730,  5.417906,  0.878,  0.1277,  0.3497,  34.3865,  14 Jun 2018 21:55:04
# 26.8654,  5.417427,  0.866,  0.1144,  0.3680,  34.3887,  14 Jun 2018 21:59:04
