# 26.6732,  6.138345,  1.052,  0.1017,  0.2055,  39.7645,  30 Aug 2018 09:00:08
# 26.6499,  6.140203,  1.126,  0.1021,  0.1981,  39.7983,  30 Aug 2018 09:04:08
# 26.6354,  6.143838,  1.085,  0.1006,  0.2117,  39.8376,  30 Aug 2018 09:08:08
# 26.6071,  6.143498,  1.020,  0.1071,  0.2165,  39.8596,  30 Aug 2018 09:12:08
# 26.6093,  6.145514,  1.027,  0.1046,  0.2226,  39.8725,  30 Aug 2018 09:16:08
# 26.6185,  6.147157,  1.057,  0.0985,  0.1981,  39.8766,  30 Aug 2018 09:20:08
# 26.6594,  6.148999,  1.017,  0.1119,  0.2119,  39.8547,  30 Aug 2018 09:24:08
# 26.6427,  6.147738,  0.974,  0.1093,  0.2188,  39.8599,  30 Aug 2018 09:28:08
# 26.6129,  6.147963,  1.110,  0.1082,  0.2191,  39.8873,  30 Aug 2018 09:32:08
# 26.6081,  6.148145,  0.929,  0.1109,  0.2068,  39.8929,  30 Aug 2018 09:36:08
# 26.6296,  6.149041,  1.023,  0.1128,  0.2344,  39.8809,  30 Aug 2018 09:40:08
# 26.6281,  6.149523,  0.921,  0.1094,  0.2180,  39.8857,  30 Aug 2018 09:44:08
# 26.6445,  6.151357,  1.034,  0.1093,  0.2068,  39.8850,  30 Aug 2018 09:48:08
# 26.6931,  6.153191,  0.870,  0.1106,  0.2254,  39.8564,  30 Aug 2018 09:52:08
# 26.6765,  6.153366,  1.060,  0.1130,  0.2106,  39.8720,  30 Aug 2018 09:56:08
