# 27.5329,  5.54689,    1.155, 0.1317, 0.3864,  34.8127, 07 Oct 2017 17:01:27
# 27.5640,  5.55055,    1.155, 0.1254, 0.3633,  34.8154, 07 Oct 2017 17:05:27
# 27.5771,  5.55228,    1.206, 0.1230, 0.3575,  34.8178, 07 Oct 2017 17:09:27
# 27.5840,  5.55331,    1.166, 0.1215, 0.3587,  34.8199, 07 Oct 2017 17:13:27
# 27.5838,  5.55334,    1.085, 0.1203, 0.3137,  34.8204, 07 Oct 2017 17:17:27
# 27.5778,  5.55265,    1.192, 0.1180, 0.3088,  34.8199, 07 Oct 2017 17:21:27
# 27.5595,  5.55057,    1.099, 0.1230, 0.3137,  34.8189, 07 Oct 2017 17:25:27
# 27.5249,  5.54670,    1.204, 0.1292, 0.3416,  34.8173, 07 Oct 2017 17:29:27
# 27.5219,  5.54607,    1.148, 0.1325, 0.3295,  34.8150, 07 Oct 2017 17:33:27
# 27.5208,  5.54563,    1.159, 0.1353, 0.3330,  34.8128, 07 Oct 2017 17:37:27
# 27.5124,  5.54475,    1.157, 0.1391, 0.3148,  34.8128, 07 Oct 2017 17:41:27
# 27.5129,  5.54424,    1.122, 0.1364, 0.3069,  34.8088, 07 Oct 2017 17:45:27
# 27.5197,  5.54504,    1.146, 0.1303, 0.3501,  34.8094, 07 Oct 2017 17:49:27
# 27.5119,  5.54457,    1.153, 0.1278, 0.2793,  34.8119, 07 Oct 2017 17:53:27
# 27.4934,  5.54259,    1.061, 0.1255, 0.2887,  34.8117, 07 Oct 2017 17:57:27
