# 26.6587,  5.418758,  1.060,  0.1070,  0.2524,  34.5520,  04 Jul 2018 23:00:08
# 26.6847,  5.420124,  1.045,  0.1081,  0.2646,  34.5424,  04 Jul 2018 23:04:08
# 26.7144,  5.422605,  1.051,  0.1130,  0.2476,  34.5380,  04 Jul 2018 23:08:08
# 26.7533,  5.424042,  1.037,  0.1232,  0.2322,  34.5193,  04 Jul 2018 23:12:08
# 26.7985,  5.427215,  1.052,  0.1315,  0.2428,  34.5084,  04 Jul 2018 23:16:08
# 26.7320,  5.423154,  1.046,  0.1192,  0.2498,  34.5288,  04 Jul 2018 23:20:08
# 26.7034,  5.421176,  1.037,  0.1167,  0.2266,  34.5360,  04 Jul 2018 23:24:08
# 26.6888,  5.419770,  1.019,  0.1206,  0.2691,  34.5368,  04 Jul 2018 23:28:08
# 26.6971,  5.420045,  0.993,  0.1122,  0.2561,  34.5326,  04 Jul 2018 23:32:08
# 26.6986,  5.420045,  0.978,  0.1181,  0.3224,  34.5315,  04 Jul 2018 23:36:08
# 26.7057,  5.420296,  1.014,  0.1277,  0.2348,  34.5280,  04 Jul 2018 23:40:08
# 26.7211,  5.420414,  0.973,  0.1170,  0.2598,  34.5173,  04 Jul 2018 23:44:08
# 26.7555,  5.421685,  1.002,  0.1221,  0.2277,  34.5008,  04 Jul 2018 23:48:08
# 26.7425,  5.421175,  0.991,  0.1107,  0.2753,  34.5069,  04 Jul 2018 23:52:08
# 26.7196,  5.419534,  0.951,  0.1167,  0.2416,  34.5122,  04 Jul 2018 23:56:08
