# 25.0123,  5.19674,    0.989, 0.1120, 0.1939,  34.1730, 02 Jan 2018 16:03:16
# 25.0165,  5.19678,    0.979, 0.1134, 0.2000,  34.1702, 02 Jan 2018 16:07:16
# 25.0223,  5.19644,    0.988, 0.1086, 0.1769,  34.1633, 02 Jan 2018 16:11:16
# 25.0273,  5.19377,    0.983, 0.1146, 0.1891,  34.1397, 02 Jan 2018 16:15:16
# 25.0188,  5.19418,    0.987, 0.1160, 0.1791,  34.1492, 02 Jan 2018 16:19:16
# 25.0072,  5.20018,    0.997, 0.1109, 0.1925,  34.2023, 02 Jan 2018 16:23:16
# 25.0100,  5.19854,    0.995, 0.1085, 0.1802,  34.1880, 02 Jan 2018 16:27:16
# 24.9993,  5.20093,    0.999, 0.1120, 0.1682,  34.2139, 02 Jan 2018 16:31:16
# 25.0070,  5.19978,    0.995, 0.1024, 0.1727,  34.1995, 02 Jan 2018 16:35:16
# 24.9984,  5.19766,    1.002, 0.1072, 0.1618,  34.1904, 02 Jan 2018 16:39:16
# 24.9868,  5.20001,    0.996, 0.1071, 0.2638,  34.2164, 02 Jan 2018 16:43:16
# 24.9873,  5.19905,    1.000, 0.1025, 0.1656,  34.2090, 02 Jan 2018 16:47:16
# 24.9902,  5.19851,    0.976, 0.0986, 0.1730,  34.2028, 02 Jan 2018 16:51:16
# 24.9740,  5.18976,    1.003, 0.1170, 0.1865,  34.1503, 02 Jan 2018 16:55:16
# 24.9662,  5.19166,    0.996, 0.1196, 0.1888,  34.1703, 02 Jan 2018 16:59:16
