# 28.1133,  5.57469,    0.799, 0.1389, 0.2564,  34.5796, 02 Nov 2017 19:01:27
# 28.1040,  5.57552,    0.815, 0.1352, 0.2577,  34.5921, 02 Nov 2017 19:05:27
# 28.0867,  5.57352,    0.814, 0.1278, 0.2543,  34.5908, 02 Nov 2017 19:09:27
# 28.0777,  5.57389,    0.778, 0.1339, 0.2601,  34.6000, 02 Nov 2017 19:13:27
# 28.0569,  5.57438,    0.734, 0.1327, 0.2874,  34.6188, 02 Nov 2017 19:17:27
# 28.0549,  5.56661,    0.809, 0.1424, 0.2467,  34.5659, 02 Nov 2017 19:21:27
# 28.0619,  5.56506,    0.749, 0.1401, 0.2503,  34.5499, 02 Nov 2017 19:25:27
# 28.0340,  5.56891,    0.725, 0.1376, 0.2457,  34.5973, 02 Nov 2017 19:29:27
# 28.0376,  5.56644,    0.715, 0.1351, 0.2757,  34.5774, 02 Nov 2017 19:33:27
# 28.0301,  5.56845,    0.701, 0.1350, 0.2660,  34.5970, 02 Nov 2017 19:37:27
# 28.0223,  5.56816,    0.751, 0.1373, 0.2745,  34.6007, 02 Nov 2017 19:41:27
# 28.0159,  5.56727,    0.735, 0.1278, 0.2742,  34.5991, 02 Nov 2017 19:45:27
# 28.0091,  5.56705,    0.720, 0.1252, 0.2409,  34.6026, 02 Nov 2017 19:49:27
# 28.0060,  5.56312,    0.765, 0.1315, 0.2385,  34.5773, 02 Nov 2017 19:53:27
# 28.0042,  5.56442,    0.686, 0.1216, 0.2577,  34.5878, 02 Nov 2017 19:57:27
