# 27.4221,  6.059278,  0.915,  0.0980,  0.3117,  38.5561,  02 Aug 2018 13:00:08
# 27.4142,  6.059220,  0.922,  0.0980,  0.3777,  38.5623,  02 Aug 2018 13:04:08
# 27.4051,  6.058528,  0.945,  0.0996,  0.3072,  38.5648,  02 Aug 2018 13:08:08
# 27.4482,  6.063740,  0.901,  0.0945,  0.2730,  38.5667,  02 Aug 2018 13:12:08
# 27.4656,  6.066421,  0.851,  0.1007,  0.3001,  38.5716,  02 Aug 2018 13:16:08
# 27.4651,  6.067180,  0.915,  0.1031,  0.3026,  38.5774,  02 Aug 2018 13:20:08
# 27.4847,  6.070076,  0.880,  0.0983,  0.3470,  38.5821,  02 Aug 2018 13:24:08
# 27.4892,  6.070291,  0.867,  0.1009,  0.2991,  38.5799,  02 Aug 2018 13:28:08
# 27.4062,  6.062000,  0.903,  0.0995,  0.2882,  38.5889,  02 Aug 2018 13:32:08
# 27.4271,  6.065002,  0.880,  0.0946,  0.2810,  38.5933,  02 Aug 2018 13:36:08
# 27.4637,  6.069160,  0.894,  0.0968,  0.3242,  38.5929,  02 Aug 2018 13:40:08
# 27.4868,  6.071950,  0.938,  0.0995,  0.3168,  38.5938,  02 Aug 2018 13:44:08
# 27.5465,  6.079553,  0.928,  0.1009,  0.3789,  38.5991,  02 Aug 2018 13:48:08
# 27.5341,  6.078728,  0.919,  0.1008,  0.3495,  38.6034,  02 Aug 2018 13:52:08
# 27.5438,  6.080379,  0.943,  0.0943,  0.3053,  38.6073,  02 Aug 2018 13:56:08
