# 27.9336,  5.529373,  0.782,  0.1304,  0.3888,  34.3941,  04 Sep 2017 22:00:05
# 27.9227,  5.527258,  0.759,  0.1303,  0.4627,  34.3873,  04 Sep 2017 22:04:05
# 27.9206,  5.524685,  0.872,  0.1303,  0.3600,  34.3708,  04 Sep 2017 22:08:05
# 27.9127,  5.519491,  0.931,  0.1375,  0.3330,  34.3401,  04 Sep 2017 22:12:05
# 27.9024,  5.516587,  0.897,  0.1365,  0.3661,  34.3273,  04 Sep 2017 22:16:05
# 27.9057,  5.520180,  0.951,  0.1339,  0.3430,  34.3500,  04 Sep 2017 22:20:05
# 27.9041,  5.522840,  0.841,  0.1266,  0.3394,  34.3699,  04 Sep 2017 22:24:05
# 27.9010,  5.525437,  0.821,  0.1291,  0.3902,  34.3903,  04 Sep 2017 22:28:05
# 27.8971,  5.525437,  0.937,  0.1280,  0.3996,  34.3932,  04 Sep 2017 22:32:05
# 27.8897,  5.520964,  0.818,  0.1341,  0.3951,  34.3672,  04 Sep 2017 22:36:05
# 27.8831,  5.522175,  0.847,  0.1305,  0.3333,  34.3805,  04 Sep 2017 22:40:05
# 27.8742,  5.521194,  0.801,  0.1241,  0.3453,  34.3802,  04 Sep 2017 22:44:05
# 27.8721,  5.526063,  0.803,  0.1204,  0.3590,  34.4159,  04 Sep 2017 22:48:05
# 27.8609,  5.524591,  1.012,  0.1190,  0.3674,  34.4137,  04 Sep 2017 22:52:05
# 27.8552,  5.522350,  0.866,  0.1255,  0.3465,  34.4022,  04 Sep 2017 22:56:05
