# 25.3727,  5.251346,  1.090,  0.1308,  0.2253,  34.3029,  22 Apr 2018 23:02:05
# 25.3682,  5.251942,  1.086,  0.1221,  0.2682,  34.3107,  22 Apr 2018 23:06:05
# 25.3623,  5.253290,  1.094,  0.1194,  0.2539,  34.3250,  22 Apr 2018 23:10:05
# 25.3312,  5.250541,  1.095,  0.1197,  0.2107,  34.3284,  22 Apr 2018 23:14:05
# 25.3203,  5.252981,  1.092,  0.1221,  0.3097,  34.3546,  22 Apr 2018 23:18:05
# 25.2819,  5.254926,  1.094,  0.1097,  0.2539,  34.3980,  22 Apr 2018 23:22:05
# 25.2481,  5.254098,  1.091,  0.1109,  0.2455,  34.4175,  22 Apr 2018 23:26:05
# 25.2870,  5.252989,  1.093,  0.1180,  0.2755,  34.3798,  22 Apr 2018 23:30:05
# 25.2901,  5.252920,  1.096,  0.1154,  0.2416,  34.3770,  22 Apr 2018 23:34:05
# 25.2811,  5.252091,  1.096,  0.1192,  0.2361,  34.3777,  22 Apr 2018 23:38:05
# 25.2674,  5.251394,  1.096,  0.1122,  0.2219,  34.3830,  22 Apr 2018 23:42:05
# 25.2527,  5.251379,  1.096,  0.1097,  0.2394,  34.3940,  22 Apr 2018 23:46:05
# 25.2458,  5.251348,  1.095,  0.1061,  0.2267,  34.3990,  22 Apr 2018 23:50:05
# 25.2370,  5.249753,  1.092,  0.1085,  0.2480,  34.3939,  22 Apr 2018 23:54:05
# 25.2307,  5.247832,  1.094,  0.1132,  0.2373,  34.3845,  22 Apr 2018 23:58:05
