# 23.5986,  5.016811,  0.668,  0.1086,  0.4193,  33.9013,  14 Feb 2018 21:01:23
# 23.5829,  5.011003,  0.682,  0.1137,  0.4170,  33.8692,  14 Feb 2018 21:05:23
# 23.5843,  5.006055,  0.674,  0.1124,  0.4243,  33.8306,  14 Feb 2018 21:09:23
# 23.5840,  4.999433,  0.678,  0.1138,  0.3748,  33.7806,  14 Feb 2018 21:13:23
# 23.5842,  5.008407,  0.704,  0.1161,  0.3710,  33.8485,  14 Feb 2018 21:17:23
# 23.5689,  4.983799,  0.684,  0.1138,  0.4570,  33.6736,  14 Feb 2018 21:21:23
# 23.5695,  5.004523,  0.668,  0.1162,  0.4208,  33.8303,  14 Feb 2018 21:25:23
# 23.5667,  5.001792,  0.672,  0.1125,  0.4156,  33.8116,  14 Feb 2018 21:29:23
# 23.5566,  4.983451,  0.693,  0.1112,  0.3937,  33.6802,  14 Feb 2018 21:33:23
# 23.5591,  4.979900,  0.679,  0.1197,  0.4012,  33.6514,  14 Feb 2018 21:37:23
# 23.5611,  4.997659,  0.685,  0.1122,  0.3792,  33.7846,  14 Feb 2018 21:41:23
# 23.5516,  4.970471,  0.703,  0.1122,  0.3672,  33.5856,  14 Feb 2018 21:45:23
# 23.5474,  4.978969,  0.695,  0.1124,  0.4047,  33.6532,  14 Feb 2018 21:49:23
# 23.5454,  4.976426,  0.701,  0.1147,  0.3959,  33.6355,  14 Feb 2018 21:53:23
# 23.5486,  4.970728,  0.690,  0.1112,  0.4194,  33.5898,  14 Feb 2018 21:57:23
