# 25.1508,  5.256354,  0.740,  0.0911,  0.2887,  34.5083,  24 May 2018 09:03:04
# 25.1791,  5.258244,  0.746,  0.0899,  0.2804,  34.5007,  24 May 2018 09:07:04
# 25.1793,  5.258322,  0.760,  0.0925,  0.3171,  34.5011,  24 May 2018 09:11:04
# 25.2083,  5.258608,  0.733,  0.0900,  0.2721,  34.4811,  24 May 2018 09:15:04
# 25.2207,  5.260181,  0.788,  0.0913,  0.3426,  34.4833,  24 May 2018 09:19:04
# 25.2276,  5.261437,  0.795,  0.0925,  0.3146,  34.4873,  24 May 2018 09:23:04
# 25.2391,  5.263251,  0.801,  0.0897,  0.4436,  34.4919,  24 May 2018 09:27:04
# 25.2525,  5.264646,  0.814,  0.0935,  0.3671,  34.4919,  24 May 2018 09:31:04
# 25.2736,  5.267344,  0.821,  0.0897,  0.2923,  34.4957,  24 May 2018 09:35:04
# 25.2806,  5.268353,  0.795,  0.0876,  0.3042,  34.4979,  24 May 2018 09:39:04
# 25.2969,  5.270028,  0.819,  0.0924,  0.2684,  34.4978,  24 May 2018 09:43:04
# 25.2847,  5.269749,  0.754,  0.0873,  0.3413,  34.5050,  24 May 2018 09:47:04
# 25.2810,  5.269516,  0.840,  0.0899,  0.2864,  34.5061,  24 May 2018 09:51:04
# 25.3218,  5.272076,  0.824,  0.0887,  0.2908,  34.4940,  24 May 2018 09:55:04
# 25.3370,  5.273433,  0.861,  0.0925,  0.3317,  34.4924,  24 May 2018 09:59:04
