# 26.6006,  6.369195,  0.886,  0.1020,  0.2142,  41.5319,  04 Aug 2018 07:00:08
# 26.6012,  6.369499,  0.888,  0.1084,  0.2707,  41.5336,  04 Aug 2018 07:04:08
# 26.6025,  6.369786,  0.917,  0.1094,  0.2289,  41.5346,  04 Aug 2018 07:08:08
# 26.6176,  6.370578,  0.930,  0.1093,  0.2177,  41.5268,  04 Aug 2018 07:12:08
# 26.6077,  6.371362,  0.933,  0.1106,  0.2970,  41.5416,  04 Aug 2018 07:16:08
# 26.6094,  6.374466,  0.919,  0.1073,  0.2500,  41.5630,  04 Aug 2018 07:20:08
# 26.5988,  6.375724,  0.943,  0.1105,  0.2573,  41.5820,  04 Aug 2018 07:24:08
# 26.5944,  6.378474,  0.947,  0.1044,  0.2276,  41.6063,  04 Aug 2018 07:28:08
# 26.6159,  6.380837,  0.944,  0.1107,  0.2849,  41.6044,  04 Aug 2018 07:32:08
# 26.6331,  6.382313,  0.953,  0.1169,  0.2466,  41.5997,  04 Aug 2018 07:36:08
# 26.6267,  6.384339,  0.966,  0.1059,  0.2502,  41.6206,  04 Aug 2018 07:40:08
# 26.6176,  6.384618,  0.972,  0.1080,  0.2319,  41.6308,  04 Aug 2018 07:44:08
# 26.6072,  6.385353,  0.976,  0.1095,  0.2487,  41.6457,  04 Aug 2018 07:48:08
# 26.6285,  6.388560,  0.984,  0.1095,  0.2512,  41.6501,  04 Aug 2018 07:52:08
# 26.6532,  6.389987,  0.985,  0.1144,  0.2214,  41.6384,  04 Aug 2018 07:56:08
