# 27.7074,  5.543326,  0.907,  0.1205,  0.2171,  34.6582,  25 Sep 2017 14:00:05
# 27.7256,  5.544888,  0.950,  0.1192,  0.1974,  34.6558,  25 Sep 2017 14:04:05
# 27.7139,  5.543865,  0.892,  0.1167,  0.2760,  34.6572,  25 Sep 2017 14:08:05
# 27.7350,  5.546133,  0.916,  0.1133,  0.2024,  34.6576,  25 Sep 2017 14:12:05
# 27.7712,  5.549932,  0.935,  0.1106,  0.2000,  34.6576,  25 Sep 2017 14:16:05
# 27.7661,  5.549551,  0.872,  0.1118,  0.2257,  34.6587,  25 Sep 2017 14:20:05
# 27.7534,  5.548750,  0.885,  0.1094,  0.2855,  34.6624,  25 Sep 2017 14:24:05
# 27.7638,  5.549559,  0.883,  0.1054,  0.2074,  34.6604,  25 Sep 2017 14:28:05
# 27.7756,  5.551185,  0.892,  0.1031,  0.2246,  34.6631,  25 Sep 2017 14:32:05
# 27.8068,  5.552613,  0.908,  0.1177,  0.2423,  34.6502,  25 Sep 2017 14:36:05
# 27.8200,  5.553502,  0.947,  0.1280,  0.1938,  34.6466,  25 Sep 2017 14:40:05
# 27.8035,  5.552319,  0.895,  0.1302,  0.2170,  34.6505,  25 Sep 2017 14:44:05
# 27.7946,  5.552407,  0.942,  0.1117,  0.2207,  34.6577,  25 Sep 2017 14:48:05
# 27.7926,  5.552105,  0.934,  0.1205,  0.2292,  34.6570,  25 Sep 2017 14:52:05
# 27.7936,  5.552613,  0.964,  0.1131,  0.2194,  34.6599,  25 Sep 2017 14:56:05
