# 26.8714,  5.437384,  0.830,  0.0857,  0.2201,  34.5268,  03 Jul 2018 12:00:08
# 26.8837,  5.438760,  0.854,  0.0849,  0.2142,  34.5275,  03 Jul 2018 12:04:08
# 26.8622,  5.435584,  0.830,  0.0868,  0.2055,  34.5208,  03 Jul 2018 12:08:08
# 26.8722,  5.435985,  0.816,  0.0896,  0.2311,  34.5162,  03 Jul 2018 12:12:08
# 26.9214,  5.441127,  0.829,  0.0882,  0.2042,  34.5164,  03 Jul 2018 12:16:08
# 26.9447,  5.444659,  0.819,  0.0894,  0.2253,  34.5242,  03 Jul 2018 12:20:08
# 26.9600,  5.445304,  0.818,  0.0897,  0.2164,  34.5174,  03 Jul 2018 12:24:08
# 27.0340,  5.453315,  0.825,  0.0837,  0.1971,  34.5196,  03 Jul 2018 12:28:08
# 27.0980,  5.455290,  0.829,  0.0896,  0.2057,  34.4862,  03 Jul 2018 12:32:08
# 27.0632,  5.451574,  0.796,  0.0932,  0.2177,  34.4856,  03 Jul 2018 12:36:08
# 27.0814,  5.452967,  0.806,  0.0983,  0.2277,  34.4820,  03 Jul 2018 12:40:08
# 27.0303,  5.453646,  0.825,  0.0893,  0.2308,  34.5247,  03 Jul 2018 12:44:08
# 27.0592,  5.455527,  0.802,  0.0909,  0.2131,  34.5166,  03 Jul 2018 12:48:08
# 27.0642,  5.455881,  0.836,  0.0871,  0.2144,  34.5154,  03 Jul 2018 12:52:08
# 27.1448,  5.461724,  0.814,  0.0906,  0.2275,  34.4973,  03 Jul 2018 12:56:08
