# 26.4514,  5.40872,    0.843, 0.0984, 0.2158,  34.6352, 06 Nov 2017 01:01:27
# 26.4276,  5.40214,    0.902, 0.1044, 0.2324,  34.6057, 06 Nov 2017 01:05:27
# 26.4407,  5.40400,    0.876, 0.1045, 0.2206,  34.6092, 06 Nov 2017 01:09:27
# 26.4488,  5.40661,    0.891, 0.0996, 0.2196,  34.6220, 06 Nov 2017 01:13:27
# 26.4688,  5.41149,    0.897, 0.0972, 0.2324,  34.6421, 06 Nov 2017 01:17:27
# 26.4752,  5.41421,    0.920, 0.0999, 0.2315,  34.6568, 06 Nov 2017 01:21:27
# 26.4544,  5.40949,    0.903, 0.1009, 0.2097,  34.6386, 06 Nov 2017 01:25:27
# 26.4481,  5.40555,    0.967, 0.1034, 0.2638,  34.6149, 06 Nov 2017 01:29:27
# 26.4621,  5.40775,    0.919, 0.1071, 0.2100,  34.6202, 06 Nov 2017 01:33:27
# 26.4623,  5.40894,    0.981, 0.1093, 0.2457,  34.6286, 06 Nov 2017 01:37:27
# 26.4427,  5.40551,    1.028, 0.1022, 0.2085,  34.6186, 06 Nov 2017 01:41:27
# 26.4321,  5.40294,    0.951, 0.1021, 0.2110,  34.6080, 06 Nov 2017 01:45:27
# 26.4209,  5.40002,    1.020, 0.0983, 0.2469,  34.5954, 06 Nov 2017 01:49:27
# 26.4314,  5.40389,    1.053, 0.1034, 0.2038,  34.6154, 06 Nov 2017 01:53:27
# 26.4112,  5.39702,    1.066, 0.1035, 0.2121,  34.5810, 06 Nov 2017 01:57:27
