# 24.7363,  5.170001,  1.225,  0.1147,  0.1599,  34.1839,  05 Dec 2017 08:02:57
# 24.7430,  5.171378,  1.213,  0.1159,  0.1609,  34.1891,  05 Dec 2017 08:06:57
# 24.7348,  5.170655,  1.199,  0.1158,  0.1754,  34.1899,  05 Dec 2017 08:10:57
# 24.7234,  5.169209,  1.185,  0.1209,  0.1804,  34.1879,  05 Dec 2017 08:14:57
# 24.7387,  5.171732,  1.164,  0.1182,  0.1782,  34.1950,  05 Dec 2017 08:18:57
# 24.7527,  5.173379,  1.168,  0.1221,  0.1841,  34.1966,  05 Dec 2017 08:22:57
# 24.7370,  5.171971,  1.155,  0.1134,  0.1709,  34.1981,  05 Dec 2017 08:26:57
# 24.7434,  5.172556,  1.153,  0.1097,  0.1610,  34.1976,  05 Dec 2017 08:30:57
# 24.7460,  5.173110,  1.131,  0.1220,  0.2256,  34.1997,  05 Dec 2017 08:34:57
# 24.7438,  5.173510,  1.127,  0.1183,  0.1719,  34.2043,  05 Dec 2017 08:38:57
# 24.7581,  5.175388,  1.129,  0.1199,  0.2651,  34.2074,  05 Dec 2017 08:42:57
# 24.7721,  5.177296,  1.107,  0.1284,  0.1829,  34.2109,  05 Dec 2017 08:46:57
# 24.7853,  5.179352,  1.104,  0.1209,  0.1974,  34.2162,  05 Dec 2017 08:50:57
# 24.7771,  5.178428,  1.110,  0.1209,  0.1902,  34.2156,  05 Dec 2017 08:54:57
# 24.7675,  5.177435,  1.088,  0.1198,  0.1708,  34.2155,  05 Dec 2017 08:58:57
