# 26.8523,  5.419492,  0.844,  0.1045,  0.2657,  34.4131,  26 Jun 2018 01:00:08
# 26.8426,  5.418582,  0.873,  0.0997,  0.2120,  34.4138,  26 Jun 2018 01:04:08
# 26.8422,  5.420192,  0.869,  0.1032,  0.2367,  34.4257,  26 Jun 2018 01:08:08
# 26.8167,  5.415552,  0.883,  0.1083,  0.2107,  34.4115,  26 Jun 2018 01:12:08
# 26.8167,  5.413990,  0.873,  0.1070,  0.2348,  34.4003,  26 Jun 2018 01:16:08
# 26.7967,  5.395278,  0.860,  0.1233,  0.2145,  34.2813,  26 Jun 2018 01:20:08
# 26.8035,  5.401368,  0.833,  0.1093,  0.2090,  34.3198,  26 Jun 2018 01:24:08
# 26.8002,  5.412154,  0.857,  0.0999,  0.2392,  34.3994,  26 Jun 2018 01:28:08
# 26.7919,  5.412625,  0.865,  0.1057,  0.2357,  34.4090,  26 Jun 2018 01:32:08
# 26.7972,  5.412287,  0.874,  0.1032,  0.2586,  34.4026,  26 Jun 2018 01:36:08
# 26.7890,  5.410302,  0.884,  0.1020,  0.2203,  34.3944,  26 Jun 2018 01:40:08
# 26.7817,  5.398821,  0.887,  0.1093,  0.2216,  34.3177,  26 Jun 2018 01:44:08
# 26.7913,  5.405085,  0.881,  0.1097,  0.2264,  34.3555,  26 Jun 2018 01:48:08
# 26.7948,  5.412829,  0.880,  0.1107,  0.2560,  34.4082,  26 Jun 2018 01:52:08
# 26.7901,  5.411691,  0.910,  0.1035,  0.2392,  34.4036,  26 Jun 2018 01:56:08
