# 26.9179,  5.43483,    0.798, 0.0870, 0.1717,  34.4740, 21 Oct 2017 13:01:27
# 26.9654,  5.43889,    0.840, 0.0823, 0.1816,  34.4678, 21 Oct 2017 13:05:27
# 26.9787,  5.44008,    0.898, 0.0836, 0.1817,  34.4663, 21 Oct 2017 13:09:27
# 26.9770,  5.44393,    0.927, 0.0822, 0.1851,  34.4950, 21 Oct 2017 13:13:27
# 27.0446,  5.45031,    0.934, 0.0834, 0.1966,  34.4903, 21 Oct 2017 13:17:27
# 27.0464,  5.45070,    0.823, 0.0834, 0.1815,  34.4918, 21 Oct 2017 13:21:27
# 27.0767,  5.45127,    0.803, 0.0798, 0.1705,  34.4733, 21 Oct 2017 13:25:27
# 27.0492,  5.45146,    0.826, 0.0849, 0.1915,  34.4951, 21 Oct 2017 13:29:27
# 27.0580,  5.45257,    0.839, 0.0889, 0.1805,  34.4964, 21 Oct 2017 13:33:27
# 26.9959,  5.45029,    0.800, 0.0874, 0.2157,  34.5264, 21 Oct 2017 13:37:27
# 26.9693,  5.44987,    0.909, 0.0886, 0.2206,  34.5431, 21 Oct 2017 13:41:27
# 27.0262,  5.45028,    0.922, 0.0886, 0.1889,  34.5037, 21 Oct 2017 13:45:27
# 27.0288,  5.44737,    0.919, 0.0935, 0.1937,  34.4811, 21 Oct 2017 13:49:27
# 26.9585,  5.44576,    0.976, 0.0960, 0.1964,  34.5218, 21 Oct 2017 13:53:27
# 26.9878,  5.44633,    0.927, 0.0957, 0.1828,  34.5041, 21 Oct 2017 13:57:27
