# 27.2566,  6.705739,  0.854,  0.1007,  0.3190,  43.4168,  10 Aug 2018 11:00:08
# 27.2565,  6.706584,  0.879,  0.0999,  0.2776,  43.4231,  10 Aug 2018 11:04:08
# 27.2015,  6.703824,  0.744,  0.1017,  0.2954,  43.4544,  10 Aug 2018 11:08:08
# 27.2586,  6.707361,  0.822,  0.1083,  0.2956,  43.4268,  10 Aug 2018 11:12:08
# 27.2481,  6.706930,  0.913,  0.1032,  0.2741,  43.4335,  10 Aug 2018 11:16:08
# 27.2673,  6.709484,  0.959,  0.0972,  0.2502,  43.4343,  10 Aug 2018 11:20:08
# 27.2282,  6.708656,  0.879,  0.1017,  0.2715,  43.4650,  10 Aug 2018 11:24:08
# 27.1961,  6.706404,  0.873,  0.1009,  0.3133,  43.4785,  10 Aug 2018 11:28:08
# 27.2553,  6.712161,  0.966,  0.0982,  0.2538,  43.4654,  10 Aug 2018 11:32:08
# 27.2620,  6.713499,  0.989,  0.1006,  0.3040,  43.4689,  10 Aug 2018 11:36:08
# 27.2786,  6.715813,  0.826,  0.0996,  0.2908,  43.4705,  10 Aug 2018 11:40:08
# 27.2820,  6.713870,  0.988,  0.0982,  0.3081,  43.4528,  10 Aug 2018 11:44:08
# 27.3017,  6.714206,  0.982,  0.0956,  0.2619,  43.4368,  10 Aug 2018 11:48:08
# 27.3075,  6.714318,  0.992,  0.0995,  0.2691,  43.4322,  10 Aug 2018 11:52:08
# 27.3020,  6.715337,  0.958,  0.0972,  0.2894,  43.4450,  10 Aug 2018 11:56:08
