# 26.4304,  5.385194,  0.949,  0.1159,  0.2339,  34.4815,  17 Nov 2017 14:02:57
# 26.4409,  5.387160,  0.940,  0.1180,  0.2467,  34.4878,  17 Nov 2017 14:06:57
# 26.4404,  5.386588,  0.893,  0.1131,  0.2637,  34.4840,  17 Nov 2017 14:10:57
# 26.4539,  5.387528,  0.901,  0.1132,  0.2386,  34.4807,  17 Nov 2017 14:14:57
# 26.4656,  5.389008,  0.921,  0.1134,  0.2830,  34.4826,  17 Nov 2017 14:18:57
# 26.4612,  5.388452,  0.967,  0.1167,  0.2306,  34.4819,  17 Nov 2017 14:22:57
# 26.4312,  5.385977,  0.964,  0.1244,  0.2494,  34.4865,  17 Nov 2017 14:26:57
# 26.4335,  5.385437,  0.938,  0.1306,  0.2635,  34.4809,  17 Nov 2017 14:30:57
# 26.4645,  5.388358,  0.932,  0.1218,  0.2628,  34.4787,  17 Nov 2017 14:34:57
# 26.4753,  5.390731,  0.984,  0.1205,  0.2950,  34.4878,  17 Nov 2017 14:38:57
# 26.4722,  5.388953,  0.951,  0.1326,  0.2722,  34.4772,  17 Nov 2017 14:42:57
# 26.4753,  5.388929,  0.924,  0.1267,  0.3023,  34.4748,  17 Nov 2017 14:46:57
# 26.4687,  5.387770,  0.923,  0.1328,  0.2676,  34.4713,  17 Nov 2017 14:50:57
# 26.4979,  5.392344,  0.962,  0.1341,  0.2532,  34.4824,  17 Nov 2017 14:54:57
# 26.4809,  5.388248,  0.982,  0.1388,  0.2753,  34.4657,  17 Nov 2017 14:58:57
