# 26.5284,  5.412998,  0.947,  0.0886,  0.2692,  34.6082,  20 Jul 2018 09:00:08
# 26.5180,  5.413572,  1.007,  0.0850,  0.2596,  34.6201,  20 Jul 2018 09:04:08
# 26.5291,  5.413925,  1.002,  0.0874,  0.2717,  34.6143,  20 Jul 2018 09:08:08
# 26.5644,  5.416546,  1.011,  0.0858,  0.2300,  34.6067,  20 Jul 2018 09:12:08
# 26.5724,  5.416883,  0.993,  0.0886,  0.2873,  34.6032,  20 Jul 2018 09:16:08
# 26.5582,  5.416750,  0.969,  0.0857,  0.2982,  34.6128,  20 Jul 2018 09:20:08
# 26.5694,  5.417880,  1.020,  0.0871,  0.2873,  34.6126,  20 Jul 2018 09:24:08
# 26.5888,  5.418139,  1.030,  0.0896,  0.3025,  34.5999,  20 Jul 2018 09:28:08
# 26.5890,  5.419544,  1.052,  0.0858,  0.3193,  34.6098,  20 Jul 2018 09:32:08
# 26.6091,  5.420777,  1.064,  0.0887,  0.2706,  34.6037,  20 Jul 2018 09:36:08
# 26.6254,  5.422677,  1.056,  0.0858,  0.2955,  34.6051,  20 Jul 2018 09:40:08
# 26.6481,  5.422897,  1.079,  0.0906,  0.2692,  34.5896,  20 Jul 2018 09:44:08
# 26.6484,  5.425025,  1.037,  0.0863,  0.2823,  34.6047,  20 Jul 2018 09:48:08
# 26.6235,  5.423376,  1.079,  0.0848,  0.2954,  34.6115,  20 Jul 2018 09:52:08
# 26.6324,  5.424444,  1.047,  0.0858,  0.3569,  34.6125,  20 Jul 2018 09:56:08
