# 27.8160,  6.769874,  0.939,  0.0972,  0.1918,  43.3650,  16 Aug 2018 15:00:08
# 27.7739,  6.766660,  0.936,  0.0992,  0.1867,  43.3807,  16 Aug 2018 15:04:08
# 27.7468,  6.761549,  0.954,  0.0957,  0.1868,  43.3685,  16 Aug 2018 15:08:08
# 27.7843,  6.765238,  0.874,  0.0919,  0.1859,  43.3606,  16 Aug 2018 15:12:08
# 27.9907,  6.783710,  0.882,  0.0945,  0.1846,  43.3037,  16 Aug 2018 15:16:08
# 28.0439,  6.789088,  0.870,  0.0980,  0.1994,  43.2936,  16 Aug 2018 15:20:08
# 28.0186,  6.787553,  0.858,  0.1032,  0.1933,  43.3058,  16 Aug 2018 15:24:08
# 27.9720,  6.782773,  0.872,  0.0956,  0.1783,  43.3143,  16 Aug 2018 15:28:08
# 27.9145,  6.778602,  0.856,  0.0943,  0.1910,  43.3371,  16 Aug 2018 15:32:08
# 27.9145,  6.776287,  0.892,  0.0957,  0.1761,  43.3203,  16 Aug 2018 15:36:08
# 27.9945,  6.783250,  0.891,  0.1019,  0.1784,  43.2969,  16 Aug 2018 15:40:08
# 28.0093,  6.787171,  0.940,  0.0957,  0.1702,  43.3117,  16 Aug 2018 15:44:08
# 27.9544,  6.781906,  0.969,  0.0945,  0.1712,  43.3242,  16 Aug 2018 15:48:08
# 27.8175,  6.770394,  0.916,  0.0930,  0.1994,  43.3674,  16 Aug 2018 15:52:08
# 27.9344,  6.776807,  0.981,  0.1018,  0.1756,  43.3055,  16 Aug 2018 15:56:08
