# 25.4129,  5.263542,  0.886,  0.1157,  0.2982,  34.3622,  01 Dec 2017 08:02:57
# 25.4095,  5.262721,  0.871,  0.1159,  0.3008,  34.3587,  01 Dec 2017 08:06:57
# 25.4059,  5.262015,  0.861,  0.1110,  0.2660,  34.3562,  01 Dec 2017 08:10:57
# 25.3969,  5.259589,  0.849,  0.1070,  0.2961,  34.3452,  01 Dec 2017 08:14:57
# 25.3989,  5.259543,  0.880,  0.1122,  0.2541,  34.3433,  01 Dec 2017 08:18:57
# 25.4025,  5.260054,  0.859,  0.1070,  0.2960,  34.3444,  01 Dec 2017 08:22:57
# 25.4024,  5.258868,  0.833,  0.1035,  0.3223,  34.3358,  01 Dec 2017 08:26:57
# 25.4101,  5.259783,  0.861,  0.0958,  0.2959,  34.3367,  01 Dec 2017 08:30:57
# 25.4271,  5.263961,  0.853,  0.1011,  0.2686,  34.3545,  01 Dec 2017 08:34:57
# 25.4267,  5.263341,  0.850,  0.1073,  0.2734,  34.3502,  01 Dec 2017 08:38:57
# 25.4286,  5.263775,  0.848,  0.1048,  0.2470,  34.3520,  01 Dec 2017 08:42:57
# 25.4374,  5.265511,  0.839,  0.1035,  0.2663,  34.3581,  01 Dec 2017 08:46:57
# 25.4393,  5.266636,  0.857,  0.1009,  0.2688,  34.3649,  01 Dec 2017 08:50:57
# 25.4270,  5.267730,  0.872,  0.1035,  0.2925,  34.3822,  01 Dec 2017 08:54:57
# 25.4346,  5.270879,  0.857,  0.1072,  0.2912,  34.3996,  01 Dec 2017 08:58:57
