# 24.0546,  5.121167,  0.898,  0.0987,  0.1551,  34.3400,  07 Feb 2018 08:01:23
# 24.0469,  5.119397,  0.894,  0.0924,  0.1420,  34.3326,  07 Feb 2018 08:05:23
# 24.0242,  5.112742,  0.902,  0.0937,  0.1839,  34.2999,  07 Feb 2018 08:09:23
# 24.0205,  5.109703,  0.888,  0.0975,  0.1467,  34.2799,  07 Feb 2018 08:13:23
# 24.0261,  5.107651,  0.904,  0.0948,  0.1561,  34.2602,  07 Feb 2018 08:17:23
# 24.0263,  5.105249,  0.907,  0.0925,  0.1408,  34.2419,  07 Feb 2018 08:21:23
# 24.0324,  5.107238,  0.898,  0.0925,  0.1504,  34.2522,  07 Feb 2018 08:25:23
# 24.0813,  5.130288,  0.906,  0.0951,  0.1672,  34.3881,  07 Feb 2018 08:29:23
# 24.0648,  5.120240,  0.886,  0.0961,  0.1535,  34.3252,  07 Feb 2018 08:33:23
# 24.0794,  5.122576,  0.911,  0.0903,  0.1599,  34.3315,  07 Feb 2018 08:37:23
# 24.0846,  5.124431,  0.885,  0.0925,  0.1457,  34.3416,  07 Feb 2018 08:41:23
# 24.0849,  5.125220,  0.899,  0.0925,  0.1733,  34.3472,  07 Feb 2018 08:45:23
# 24.1027,  5.128754,  0.913,  0.0875,  0.1379,  34.3601,  07 Feb 2018 08:49:23
# 24.1068,  5.130709,  0.905,  0.0888,  0.1323,  34.3717,  07 Feb 2018 08:53:23
# 24.0834,  5.117167,  0.919,  0.0911,  0.1371,  34.2878,  07 Feb 2018 08:57:23
