# 27.6017,  7.067405,  1.093,  0.1203,  0.5415,  45.7591,  07 Aug 2018 17:00:08
# 27.6070,  7.068068,  1.074,  0.1204,  0.4803,  45.7588,  07 Aug 2018 17:04:08
# 27.5978,  7.066044,  1.067,  0.1270,  0.6875,  45.7529,  07 Aug 2018 17:08:08
# 27.5922,  7.066168,  1.043,  0.1230,  0.4527,  45.7593,  07 Aug 2018 17:12:08
# 27.5827,  7.064303,  1.029,  0.1228,  0.4632,  45.7548,  07 Aug 2018 17:16:08
# 27.5722,  7.062740,  1.019,  0.1352,  0.9290,  45.7537,  07 Aug 2018 17:20:08
# 27.5651,  7.062360,  1.039,  0.1204,  0.4476,  45.7578,  07 Aug 2018 17:24:08
# 27.5512,  7.060187,  1.047,  0.1279,  0.5213,  45.7554,  07 Aug 2018 17:28:08
# 27.5479,  7.060620,  1.038,  0.1205,  0.3969,  45.7619,  07 Aug 2018 17:32:08
# 27.5474,  7.061733,  1.001,  0.1192,  0.3680,  45.7706,  07 Aug 2018 17:36:08
# 27.5353,  7.060523,  1.033,  0.1192,  0.3896,  45.7736,  07 Aug 2018 17:40:08
# 27.5517,  7.062440,  0.974,  0.1168,  0.4041,  45.7717,  07 Aug 2018 17:44:08
# 27.5318,  7.060382,  0.946,  0.1218,  0.4418,  45.7761,  07 Aug 2018 17:48:08
# 27.5100,  7.057997,  0.992,  0.1290,  0.4112,  45.7799,  07 Aug 2018 17:52:08
# 27.4978,  7.055948,  0.978,  0.1228,  0.4588,  45.7768,  07 Aug 2018 17:56:08
