# 26.1532,  5.38214,    0.832, 0.1391, 0.2211,  34.6678, 19 Oct 2017 20:01:27
# 26.1140,  5.37524,    0.821, 0.1295, 0.2184,  34.6473, 19 Oct 2017 20:05:27
# 26.1019,  5.37437,    0.789, 0.1257, 0.2064,  34.6502, 19 Oct 2017 20:09:27
# 26.1209,  5.37727,    0.828, 0.1341, 0.2325,  34.6569, 19 Oct 2017 20:13:27
# 26.0762,  5.37122,    0.832, 0.1208, 0.2222,  34.6468, 19 Oct 2017 20:17:27
# 26.0820,  5.37271,    0.837, 0.1266, 0.2023,  34.6532, 19 Oct 2017 20:21:27
# 26.0999,  5.37535,    0.781, 0.1246, 0.2232,  34.6587, 19 Oct 2017 20:25:27
# 26.1472,  5.38034,    0.781, 0.1429, 0.2197,  34.6593, 19 Oct 2017 20:29:27
# 26.1887,  5.38641,    0.761, 0.1427, 0.2306,  34.6719, 19 Oct 2017 20:33:27
# 26.1819,  5.38637,    0.814, 0.1366, 0.2160,  34.6767, 19 Oct 2017 20:37:27
# 26.1665,  5.38587,    0.845, 0.1294, 0.2245,  34.6847, 19 Oct 2017 20:41:27
# 26.2169,  5.39588,    0.723, 0.1342, 0.2100,  34.7192, 19 Oct 2017 20:45:27
# 26.2388,  5.40182,    0.761, 0.1514, 0.2483,  34.7457, 19 Oct 2017 20:49:27
# 26.2252,  5.39988,    0.779, 0.1295, 0.2282,  34.7419, 19 Oct 2017 20:53:27
# 26.2066,  5.39741,    0.771, 0.1244, 0.2159,  34.7381, 19 Oct 2017 20:57:27
