# 27.2694,  5.500964,  0.933,  0.1069,  0.2207,  34.6834,  30 Sep 2017 07:00:05
# 27.2638,  5.500111,  0.926,  0.1070,  0.2531,  34.6816,  30 Sep 2017 07:04:05
# 27.2658,  5.500095,  0.882,  0.1031,  0.2170,  34.6799,  30 Sep 2017 07:08:05
# 27.2609,  5.500403,  0.922,  0.1057,  0.2221,  34.6858,  30 Sep 2017 07:12:05
# 27.2632,  5.500466,  0.960,  0.1096,  0.2245,  34.6845,  30 Sep 2017 07:16:05
# 27.2620,  5.500703,  0.913,  0.1070,  0.2271,  34.6871,  30 Sep 2017 07:20:05
# 27.2617,  5.500443,  0.949,  0.1055,  0.2196,  34.6854,  30 Sep 2017 07:24:05
# 27.2600,  5.496555,  0.948,  0.1084,  0.2123,  34.6592,  30 Sep 2017 07:28:05
# 27.2734,  5.496910,  0.912,  0.1120,  0.2038,  34.6517,  30 Sep 2017 07:32:05
# 27.2774,  5.498664,  0.925,  0.1084,  0.2161,  34.6612,  30 Sep 2017 07:36:05
# 27.2771,  5.500261,  0.874,  0.1068,  0.2399,  34.6727,  30 Sep 2017 07:40:05
# 27.2782,  5.501011,  0.919,  0.1058,  0.2145,  34.6772,  30 Sep 2017 07:44:05
# 27.2792,  5.502157,  0.876,  0.1019,  0.2335,  34.6847,  30 Sep 2017 07:48:05
# 27.2820,  5.502102,  0.863,  0.1022,  0.2124,  34.6821,  30 Sep 2017 07:52:05
# 27.2844,  5.502639,  0.941,  0.1010,  0.2173,  34.6841,  30 Sep 2017 07:56:05
