# 24.2257,  5.136582,  0.774,  0.1035,  0.3073,  34.3244,  17 Jan 2018 23:01:23
# 24.2338,  5.135723,  0.770,  0.1107,  0.2886,  34.3117,  17 Jan 2018 23:05:23
# 24.2452,  5.138116,  0.753,  0.1122,  0.3491,  34.3209,  17 Jan 2018 23:09:23
# 24.2578,  5.141861,  0.764,  0.1097,  0.3268,  34.3394,  17 Jan 2018 23:13:23
# 24.2469,  5.141270,  0.785,  0.1075,  0.2771,  34.3433,  17 Jan 2018 23:17:23
# 24.2321,  5.136920,  0.783,  0.1071,  0.2554,  34.3220,  17 Jan 2018 23:21:23
# 24.1988,  5.131029,  0.760,  0.1038,  0.2624,  34.3034,  17 Jan 2018 23:25:23
# 24.1937,  5.130086,  0.778,  0.0999,  0.2673,  34.3002,  17 Jan 2018 23:29:23
# 24.1838,  5.127779,  0.778,  0.1061,  0.3185,  34.2904,  17 Jan 2018 23:33:23
# 24.1868,  5.129304,  0.794,  0.1022,  0.2876,  34.2996,  17 Jan 2018 23:37:23
# 24.1814,  5.129956,  0.815,  0.1036,  0.2877,  34.3087,  17 Jan 2018 23:41:23
# 24.1485,  5.125794,  0.814,  0.0974,  0.2564,  34.3026,  17 Jan 2018 23:45:23
# 24.1271,  5.123464,  0.777,  0.0974,  0.2889,  34.3016,  17 Jan 2018 23:49:23
# 24.1590,  5.128975,  0.802,  0.1012,  0.2959,  34.3185,  17 Jan 2018 23:53:23
# 24.1717,  5.130961,  0.814,  0.1011,  0.2972,  34.3237,  17 Jan 2018 23:57:23
