# 24.5985,  5.218949,  1.033,  0.1070,  0.2385,  34.6540,  22 Jan 2018 11:01:23
# 24.5905,  5.219497,  1.021,  0.1048,  0.2457,  34.6643,  22 Jan 2018 11:05:23
# 24.6124,  5.219922,  0.983,  0.1049,  0.2577,  34.6506,  22 Jan 2018 11:09:23
# 24.5999,  5.221127,  0.984,  0.1012,  0.2649,  34.6692,  22 Jan 2018 11:13:23
# 24.6280,  5.223970,  0.998,  0.1011,  0.2806,  34.6688,  22 Jan 2018 11:17:23
# 24.6631,  5.224804,  0.984,  0.1038,  0.2457,  34.6479,  22 Jan 2018 11:21:23
# 24.7063,  5.224842,  0.947,  0.0998,  0.2663,  34.6150,  22 Jan 2018 11:25:23
# 24.6763,  5.226219,  0.968,  0.1111,  0.2441,  34.6483,  22 Jan 2018 11:29:23
# 24.6960,  5.226226,  0.964,  0.1086,  0.2592,  34.6332,  22 Jan 2018 11:33:23
# 24.7513,  5.225112,  0.946,  0.1050,  0.2110,  34.5824,  22 Jan 2018 11:37:23
# 24.7121,  5.227602,  0.918,  0.1022,  0.2552,  34.6310,  22 Jan 2018 11:41:23
# 24.7015,  5.228591,  0.973,  0.0988,  0.2648,  34.6466,  22 Jan 2018 11:45:23
# 24.7087,  5.229109,  0.983,  0.0986,  0.2444,  34.6449,  22 Jan 2018 11:49:23
# 24.6924,  5.229898,  0.939,  0.1012,  0.2699,  34.6633,  22 Jan 2018 11:53:23
# 24.6771,  5.229921,  0.936,  0.0974,  0.2686,  34.6753,  22 Jan 2018 11:57:23
