# 24.8137,  5.219153,  0.733,  0.1135,  0.2121,  34.4903,  10 May 2018 05:02:05
# 24.8065,  5.221881,  0.711,  0.1109,  0.2322,  34.5160,  10 May 2018 05:06:05
# 24.8085,  5.220992,  0.734,  0.1209,  0.2121,  34.5079,  10 May 2018 05:10:05
# 24.8024,  5.222035,  0.718,  0.1196,  0.2206,  34.5204,  10 May 2018 05:14:05
# 24.8125,  5.222854,  0.695,  0.1367,  0.3623,  34.5187,  10 May 2018 05:18:05
# 24.8051,  5.223032,  0.697,  0.1183,  0.2280,  34.5257,  10 May 2018 05:22:05
# 24.7975,  5.222437,  0.685,  0.1171,  0.2457,  34.5271,  10 May 2018 05:26:05
# 24.7925,  5.221873,  0.678,  0.1122,  0.2266,  34.5268,  10 May 2018 05:30:05
# 24.7894,  5.221255,  0.689,  0.1085,  0.2301,  34.5245,  10 May 2018 05:34:05
# 24.7900,  5.220730,  0.671,  0.1099,  0.2454,  34.5201,  10 May 2018 05:38:05
# 24.7851,  5.220714,  0.679,  0.1121,  0.2282,  34.5238,  10 May 2018 05:42:05
# 24.7882,  5.221023,  0.681,  0.1119,  0.2420,  34.5237,  10 May 2018 05:46:05
# 24.7972,  5.218605,  0.667,  0.1219,  0.2670,  34.4988,  10 May 2018 05:50:05
# 24.7715,  5.218976,  0.674,  0.1159,  0.2309,  34.5213,  10 May 2018 05:54:05
# 24.7699,  5.218304,  0.667,  0.1157,  0.2934,  34.5175,  10 May 2018 05:58:05
