# 23.5742,  5.125497,  0.937,  0.1038,  0.3020,  34.7464,  04 Mar 2018 19:04:46
# 23.5764,  5.125551,  0.944,  0.1048,  0.3722,  34.7450,  04 Mar 2018 19:08:46
# 23.5780,  5.125313,  0.950,  0.1023,  0.3355,  34.7420,  04 Mar 2018 19:12:46
# 23.5805,  5.124792,  0.929,  0.1051,  0.4208,  34.7360,  04 Mar 2018 19:16:46
# 23.5792,  5.124340,  0.939,  0.1024,  0.3634,  34.7337,  04 Mar 2018 19:20:46
# 23.5545,  5.122907,  0.943,  0.1050,  0.3417,  34.7421,  04 Mar 2018 19:24:46
# 23.5411,  5.121719,  0.891,  0.1000,  0.3087,  34.7436,  04 Mar 2018 19:28:46
# 23.5382,  5.120808,  0.928,  0.0999,  0.3465,  34.7389,  04 Mar 2018 19:32:46
# 23.5231,  5.118303,  0.935,  0.1098,  0.3185,  34.7317,  04 Mar 2018 19:36:46
# 23.5196,  5.117437,  0.932,  0.1025,  0.3476,  34.7278,  04 Mar 2018 19:40:46
# 23.5091,  5.116197,  0.922,  0.1049,  0.3147,  34.7266,  04 Mar 2018 19:44:46
# 23.5013,  5.115500,  0.918,  0.1012,  0.3168,  34.7274,  04 Mar 2018 19:48:46
# 23.4900,  5.114114,  0.946,  0.1089,  0.2589,  34.7257,  04 Mar 2018 19:52:46
# 23.4766,  5.112192,  0.947,  0.1051,  0.2913,  34.7215,  04 Mar 2018 19:56:46
