# 25.5351,  5.296738,  0.814,  0.1109,  0.3352,  34.5131,  23 May 2018 20:03:04
# 25.5076,  5.294624,  0.842,  0.1124,  0.3008,  34.5184,  23 May 2018 20:07:04
# 25.4987,  5.292604,  0.822,  0.1192,  0.2847,  34.5104,  23 May 2018 20:11:04
# 25.4903,  5.293855,  0.856,  0.1096,  0.2886,  34.5259,  23 May 2018 20:15:04
# 25.4906,  5.292969,  0.866,  0.1071,  0.3209,  34.5192,  23 May 2018 20:19:04
# 25.5005,  5.290793,  0.865,  0.1182,  0.2923,  34.4957,  23 May 2018 20:23:04
# 25.5047,  5.290280,  0.891,  0.1122,  0.3204,  34.4888,  23 May 2018 20:27:04
# 25.4959,  5.290094,  0.876,  0.1120,  0.3180,  34.4941,  23 May 2018 20:31:04
# 25.4838,  5.289612,  0.899,  0.1084,  0.3133,  34.4998,  23 May 2018 20:35:04
# 25.4812,  5.288711,  0.919,  0.1084,  0.5119,  34.4951,  23 May 2018 20:39:04
# 25.4610,  5.287228,  0.888,  0.1085,  0.3397,  34.4995,  23 May 2018 20:43:04
# 25.4554,  5.286497,  0.851,  0.1122,  0.3532,  34.4985,  23 May 2018 20:47:04
# 25.4247,  5.284921,  0.900,  0.1134,  0.3158,  34.5102,  23 May 2018 20:51:04
# 25.4258,  5.283865,  0.889,  0.1109,  0.2911,  34.5016,  23 May 2018 20:55:04
# 25.4570,  5.284059,  0.921,  0.1145,  0.3390,  34.4793,  23 May 2018 20:59:04
