# 25.9572,  5.33263,    1.134, 0.0933, 0.1684,  34.4561, 21 Oct 2017 08:01:27
# 25.9784,  5.33585,    1.131, 0.0961, 0.1671,  34.4636, 21 Oct 2017 08:05:27
# 25.9695,  5.33416,    1.160, 0.0894, 0.1756,  34.4579, 21 Oct 2017 08:09:27
# 25.9808,  5.33577,    1.130, 0.0898, 0.1537,  34.4611, 21 Oct 2017 08:13:27
# 25.9886,  5.33584,    1.117, 0.0874, 0.1574,  34.4558, 21 Oct 2017 08:17:27
# 25.9959,  5.33644,    1.086, 0.0861, 0.1518,  34.4546, 21 Oct 2017 08:21:27
# 26.0053,  5.33800,    1.065, 0.0886, 0.1816,  34.4589, 21 Oct 2017 08:25:27
# 26.0179,  5.33926,    1.038, 0.0871, 0.1672,  34.4586, 21 Oct 2017 08:29:27
# 26.0359,  5.34138,    1.003, 0.0874, 0.1657,  34.4605, 21 Oct 2017 08:33:27
# 26.0433,  5.34220,    1.048, 0.0897, 0.1659,  34.4608, 21 Oct 2017 08:37:27
# 26.0545,  5.34361,    1.041, 0.0872, 0.1622,  34.4627, 21 Oct 2017 08:41:27
# 26.0699,  5.34541,    1.043, 0.0896, 0.1818,  34.4642, 21 Oct 2017 08:45:27
# 26.0790,  5.34597,    1.035, 0.0885, 0.1621,  34.4614, 21 Oct 2017 08:49:27
# 26.0957,  5.34792,    1.045, 0.0923, 0.1547,  34.4630, 21 Oct 2017 08:53:27
# 26.1048,  5.34905,    1.003, 0.0885, 0.1600,  34.4644, 21 Oct 2017 08:57:27
