# 24.9023,  5.188415,  0.788,  0.1121,  0.1856,  34.1947,  05 Dec 2017 17:02:57
# 24.9088,  5.189440,  0.790,  0.1136,  0.1833,  34.1974,  05 Dec 2017 17:06:57
# 24.8734,  5.185773,  0.793,  0.1096,  0.1754,  34.1971,  05 Dec 2017 17:10:57
# 24.8384,  5.181915,  0.792,  0.1085,  0.1645,  34.1951,  05 Dec 2017 17:14:57
# 24.8092,  5.178481,  0.794,  0.1061,  0.1818,  34.1917,  05 Dec 2017 17:18:57
# 24.7900,  5.175610,  0.795,  0.1072,  0.2124,  34.1849,  05 Dec 2017 17:22:57
# 24.8087,  5.178527,  0.796,  0.1098,  0.1841,  34.1924,  05 Dec 2017 17:26:57
# 24.7885,  5.177442,  0.797,  0.1132,  0.1755,  34.1997,  05 Dec 2017 17:30:57
# 24.7887,  5.176503,  0.797,  0.1086,  0.1671,  34.1926,  05 Dec 2017 17:34:57
# 24.7528,  5.173171,  0.799,  0.1109,  0.1772,  34.1951,  05 Dec 2017 17:38:57
# 24.7397,  5.171086,  0.799,  0.1197,  0.1926,  34.1895,  05 Dec 2017 17:42:57
# 24.7487,  5.172725,  0.800,  0.1198,  0.1950,  34.1949,  05 Dec 2017 17:46:57
# 24.7810,  5.176211,  0.803,  0.1283,  0.2023,  34.1962,  05 Dec 2017 17:50:57
# 24.8105,  5.180229,  0.805,  0.1466,  0.1940,  34.2037,  05 Dec 2017 17:54:57
# 24.7651,  5.175395,  0.806,  0.1305,  0.1855,  34.2023,  05 Dec 2017 17:58:57
