# 27.3575,  5.512855,  0.926,  0.1240,  0.2532,  34.7022,  04 Oct 2017 07:00:05
# 27.3683,  5.516035,  0.899,  0.1241,  0.2459,  34.7168,  04 Oct 2017 07:04:05
# 27.3692,  5.517151,  0.900,  0.1254,  0.2615,  34.7240,  04 Oct 2017 07:08:05
# 27.3661,  5.517000,  0.898,  0.1230,  0.2467,  34.7253,  04 Oct 2017 07:12:05
# 27.3531,  5.516842,  0.915,  0.1205,  0.3416,  34.7338,  04 Oct 2017 07:16:05
# 27.3574,  5.517491,  0.935,  0.1194,  0.2660,  34.7352,  04 Oct 2017 07:20:05
# 27.3586,  5.517594,  0.869,  0.1242,  0.2926,  34.7350,  04 Oct 2017 07:24:05
# 27.3518,  5.516605,  0.942,  0.1158,  0.2554,  34.7331,  04 Oct 2017 07:28:05
# 27.3637,  5.516542,  0.934,  0.1205,  0.2756,  34.7238,  04 Oct 2017 07:32:05
# 27.3686,  5.517713,  0.835,  0.1230,  0.2758,  34.7285,  04 Oct 2017 07:36:05
# 27.3636,  5.517879,  0.894,  0.1194,  0.2949,  34.7334,  04 Oct 2017 07:40:05
# 27.3512,  5.517270,  0.936,  0.1192,  0.2841,  34.7383,  04 Oct 2017 07:44:05
# 27.3642,  5.518599,  0.921,  0.1202,  0.2698,  34.7380,  04 Oct 2017 07:48:05
# 27.3686,  5.519224,  0.898,  0.1142,  0.2564,  34.7392,  04 Oct 2017 07:52:05
# 27.3586,  5.518457,  0.907,  0.1142,  0.3416,  34.7411,  04 Oct 2017 07:56:05
