# 27.9296,  5.57363,    0.971, 0.1104, 0.3194,  34.7071, 14 Oct 2017 16:01:27
# 27.9261,  5.57181,    0.844, 0.1231, 0.3208,  34.6970, 14 Oct 2017 16:05:27
# 27.9244,  5.57171,    0.905, 0.1154, 0.3598,  34.6975, 14 Oct 2017 16:09:27
# 27.9234,  5.57254,    0.910, 0.1155, 0.3183,  34.7041, 14 Oct 2017 16:13:27
# 27.9187,  5.57207,    0.964, 0.1179, 0.3539,  34.7042, 14 Oct 2017 16:17:27
# 27.9172,  5.57183,    0.870, 0.1180, 0.3074,  34.7036, 14 Oct 2017 16:21:27
# 27.9154,  5.57149,    0.875, 0.1193, 0.3243,  34.7026, 14 Oct 2017 16:25:27
# 27.9160,  5.57208,    0.946, 0.1277, 0.5088,  34.7063, 14 Oct 2017 16:29:27
# 27.9036,  5.57113,    0.995, 0.1180, 0.4300,  34.7087, 14 Oct 2017 16:33:27
# 27.8971,  5.57135,    0.773, 0.1119, 0.4154,  34.7152, 14 Oct 2017 16:37:27
# 27.8966,  5.57080,    0.899, 0.1106, 0.3769,  34.7117, 14 Oct 2017 16:41:27
# 27.8835,  5.56920,    0.901, 0.1116, 0.3330,  34.7101, 14 Oct 2017 16:45:27
# 27.8772,  5.56771,    0.712, 0.1204, 0.3170,  34.7043, 14 Oct 2017 16:49:27
# 27.8691,  5.56671,    0.901, 0.1132, 0.3491,  34.7032, 14 Oct 2017 16:53:27
# 27.8472,  5.56542,    0.796, 0.1106, 0.3085,  34.7103, 14 Oct 2017 16:57:27
