# 27.2780,  6.686885,  1.033,  0.1083,  0.2547,  43.2576,  17 Aug 2018 13:00:08
# 27.2739,  6.684946,  1.059,  0.1092,  0.2500,  43.2471,  17 Aug 2018 13:04:08
# 27.2758,  6.685833,  1.076,  0.1093,  0.2249,  43.2518,  17 Aug 2018 13:08:08
# 27.2951,  6.688126,  1.054,  0.1094,  0.2201,  43.2507,  17 Aug 2018 13:12:08
# 27.2645,  6.684989,  1.024,  0.1134,  0.2215,  43.2562,  17 Aug 2018 13:16:08
# 27.2736,  6.684816,  1.044,  0.1133,  0.2068,  43.2464,  17 Aug 2018 13:20:08
# 27.2289,  6.682249,  1.069,  0.1118,  0.2166,  43.2692,  17 Aug 2018 13:24:08
# 27.2510,  6.682473,  1.093,  0.1167,  0.2378,  43.2503,  17 Aug 2018 13:28:08
# 27.2504,  6.682395,  1.096,  0.1192,  0.2152,  43.2502,  17 Aug 2018 13:32:08
# 27.2868,  6.687316,  1.080,  0.1092,  0.2033,  43.2524,  17 Aug 2018 13:36:08
# 27.2673,  6.685084,  1.057,  0.1083,  0.2321,  43.2543,  17 Aug 2018 13:40:08
# 27.2756,  6.686031,  1.027,  0.1042,  0.2031,  43.2535,  17 Aug 2018 13:44:08
# 27.2964,  6.688539,  1.018,  0.1046,  0.1969,  43.2525,  17 Aug 2018 13:48:08
# 27.3087,  6.690358,  1.029,  0.1104,  0.2029,  43.2545,  17 Aug 2018 13:52:08
# 27.3417,  6.694203,  0.984,  0.1020,  0.1958,  43.2520,  17 Aug 2018 13:56:08
