# 23.7079,  5.125847,  0.644,  0.0914,  0.3294,  34.6444,  02 Mar 2018 11:00:46
# 23.7143,  5.126621,  0.649,  0.0898,  0.3367,  34.6454,  02 Mar 2018 11:04:46
# 23.7401,  5.126322,  0.632,  0.0924,  0.3171,  34.6229,  02 Mar 2018 11:08:46
# 23.7420,  5.126820,  0.665,  0.0938,  0.2902,  34.6252,  02 Mar 2018 11:12:46
# 23.7305,  5.127380,  0.640,  0.0903,  0.3320,  34.6385,  02 Mar 2018 11:16:46
# 23.7105,  5.127557,  0.633,  0.0938,  0.3404,  34.6555,  02 Mar 2018 11:20:46
# 23.7136,  5.127603,  0.637,  0.0924,  0.3404,  34.6533,  02 Mar 2018 11:24:46
# 23.7257,  5.128055,  0.667,  0.0940,  0.3389,  34.6473,  02 Mar 2018 11:28:46
# 23.7315,  5.128438,  0.683,  0.0888,  0.2959,  34.6457,  02 Mar 2018 11:32:46
# 23.7254,  5.128492,  0.636,  0.0913,  0.3271,  34.6509,  02 Mar 2018 11:36:46
# 23.7209,  5.128538,  0.650,  0.0915,  0.3404,  34.6547,  02 Mar 2018 11:40:46
# 23.7232,  5.128262,  0.636,  0.0922,  0.3696,  34.6509,  02 Mar 2018 11:44:46
# 23.7243,  5.128668,  0.662,  0.0937,  0.3841,  34.6530,  02 Mar 2018 11:48:46
# 23.7450,  5.129220,  0.632,  0.0924,  0.3404,  34.6411,  02 Mar 2018 11:52:46
# 23.7271,  5.129090,  0.616,  0.0923,  0.3912,  34.6541,  02 Mar 2018 11:56:46
