# 24.0417,  5.139677,  0.716,  0.1271,  0.2469,  34.4896,  22 Feb 2018 17:00:46
# 24.0348,  5.138864,  0.722,  0.1257,  0.2827,  34.4888,  22 Feb 2018 17:04:46
# 24.0392,  5.137897,  0.732,  0.1207,  0.2305,  34.4781,  22 Feb 2018 17:08:46
# 24.0495,  5.134506,  0.720,  0.1270,  0.2601,  34.4446,  22 Feb 2018 17:12:46
# 24.0826,  5.130357,  0.720,  0.1415,  0.2628,  34.3877,  22 Feb 2018 17:16:46
# 24.0456,  5.136171,  0.741,  0.1257,  0.2480,  34.4601,  22 Feb 2018 17:20:46
# 24.0115,  5.137706,  0.744,  0.1184,  0.2829,  34.4981,  22 Feb 2018 17:24:46
# 24.0362,  5.135043,  0.736,  0.1284,  0.3018,  34.4589,  22 Feb 2018 17:28:46
# 24.0251,  5.137123,  0.748,  0.1269,  0.2708,  34.4832,  22 Feb 2018 17:32:46
# 23.9710,  5.138927,  0.759,  0.1158,  0.2470,  34.5387,  22 Feb 2018 17:36:46
# 23.9796,  5.136195,  0.760,  0.1174,  0.2322,  34.5113,  22 Feb 2018 17:40:46
# 23.9896,  5.135497,  0.754,  0.1172,  0.2843,  34.4984,  22 Feb 2018 17:44:46
# 24.0166,  5.123321,  0.760,  0.1258,  0.2612,  34.3856,  22 Feb 2018 17:48:46
# 23.9860,  5.133387,  0.769,  0.1185,  0.2934,  34.4852,  22 Feb 2018 17:52:46
# 23.9785,  5.133963,  0.767,  0.1170,  0.2935,  34.4954,  22 Feb 2018 17:56:46
