# 26.9315,  5.47322,    1.085, 0.1351, 0.2433,  34.7379, 06 Oct 2017 07:01:27
# 26.9255,  5.47259,    1.103, 0.1439, 0.2396,  34.7379, 06 Oct 2017 07:05:27
# 26.9382,  5.47404,    1.160, 0.1402, 0.2386,  34.7388, 06 Oct 2017 07:09:27
# 26.9080,  5.47152,    1.083, 0.1292, 0.2350,  34.7434, 06 Oct 2017 07:13:27
# 26.9010,  5.47091,    1.118, 0.1342, 0.2809,  34.7443, 06 Oct 2017 07:17:27
# 26.9247,  5.47344,    1.064, 0.1291, 0.2447,  34.7446, 06 Oct 2017 07:21:27
# 26.9431,  5.47555,    1.076, 0.1399, 0.2495,  34.7459, 06 Oct 2017 07:25:27
# 26.9480,  5.47640,    0.999, 0.1413, 0.2531,  34.7483, 06 Oct 2017 07:29:27
# 26.9663,  5.47845,    1.168, 0.1450, 0.2507,  34.7492, 06 Oct 2017 07:33:27
# 26.9656,  5.47849,    0.966, 0.1437, 0.2482,  34.7501, 06 Oct 2017 07:37:27
# 26.9635,  5.47879,    1.031, 0.1499, 0.2566,  34.7538, 06 Oct 2017 07:41:27
# 26.9340,  5.47649,    1.038, 0.1355, 0.2770,  34.7594, 06 Oct 2017 07:45:27
# 26.8358,  5.46904,    1.046, 0.1329, 0.3032,  34.7798, 06 Oct 2017 07:49:27
# 26.8490,  5.46963,    0.996, 0.1403, 0.3687,  34.7741, 06 Oct 2017 07:53:27
# 26.8665,  5.47104,    1.036, 0.1363, 0.2855,  34.7710, 06 Oct 2017 07:57:27
