# 24.7455,  5.17823,    0.914, 0.1221, 0.1976,  34.2381, 03 Jan 2018 19:03:16
# 24.7354,  5.17673,    0.937, 0.1244, 0.2158,  34.2347, 03 Jan 2018 19:07:16
# 24.7169,  5.17566,    0.943, 0.1209, 0.1888,  34.2408, 03 Jan 2018 19:11:16
# 24.7180,  5.17596,    0.931, 0.1294, 0.2707,  34.2422, 03 Jan 2018 19:15:16
# 24.7494,  5.18278,    0.929, 0.1221, 0.2147,  34.2690, 03 Jan 2018 19:19:16
# 24.7780,  5.19028,    0.900, 0.1146, 0.2291,  34.3030, 03 Jan 2018 19:23:16
# 24.7726,  5.19196,    0.906, 0.1158, 0.2471,  34.3195, 03 Jan 2018 19:27:16
# 24.7534,  5.19026,    0.904, 0.1199, 0.2122,  34.3215, 03 Jan 2018 19:31:16
# 24.7410,  5.18815,    0.892, 0.1134, 0.2123,  34.3153, 03 Jan 2018 19:35:16
# 24.7215,  5.18481,    0.881, 0.1196, 0.1999,  34.3054, 03 Jan 2018 19:39:16
# 24.6984,  5.17864,    0.881, 0.1332, 0.2010,  34.2772, 03 Jan 2018 19:43:16
# 24.6844,  5.17575,    0.877, 0.1257, 0.1927,  34.2663, 03 Jan 2018 19:47:16
# 24.7134,  5.18253,    0.854, 0.1306, 0.2735,  34.2947, 03 Jan 2018 19:51:16
# 24.6999,  5.18095,    0.856, 0.1182, 0.2074,  34.2931, 03 Jan 2018 19:55:16
# 24.6723,  5.17461,    0.853, 0.1345, 0.2023,  34.2670, 03 Jan 2018 19:59:16
