# 25.9919,  5.321478,  0.796,  0.0822,  0.3069,  34.3491,  18 Apr 2018 14:02:05
# 26.0173,  5.324165,  0.821,  0.0823,  0.4240,  34.3496,  18 Apr 2018 14:06:05
# 25.9850,  5.321252,  0.850,  0.0848,  0.3108,  34.3526,  18 Apr 2018 14:10:05
# 25.9707,  5.319905,  0.846,  0.0838,  0.3134,  34.3536,  18 Apr 2018 14:14:05
# 25.9926,  5.321751,  0.861,  0.0834,  0.2945,  34.3506,  18 Apr 2018 14:18:05
# 26.0091,  5.323238,  0.865,  0.0861,  0.2564,  34.3490,  18 Apr 2018 14:22:05
# 26.0219,  5.324804,  0.856,  0.0875,  0.2683,  34.3508,  18 Apr 2018 14:26:05
# 26.0185,  5.325139,  0.867,  0.0876,  0.3240,  34.3557,  18 Apr 2018 14:30:05
# 25.9582,  5.318207,  0.869,  0.0861,  0.3086,  34.3506,  18 Apr 2018 14:34:05
# 26.0324,  5.326706,  0.883,  0.0859,  0.3160,  34.3567,  18 Apr 2018 14:38:05
# 26.0282,  5.326145,  0.899,  0.0874,  0.3500,  34.3558,  18 Apr 2018 14:42:05
# 26.0525,  5.329145,  0.875,  0.0864,  0.3006,  34.3593,  18 Apr 2018 14:46:05
# 26.0343,  5.327321,  0.909,  0.0824,  0.3364,  34.3597,  18 Apr 2018 14:50:05
# 25.9882,  5.322133,  0.909,  0.0874,  0.3134,  34.3566,  18 Apr 2018 14:54:05
# 25.9806,  5.321369,  0.897,  0.0887,  0.3363,  34.3568,  18 Apr 2018 14:58:05
