# 24.2518,  5.131795,  0.844,  0.1109,  0.2206,  34.2684,  05 Feb 2018 01:01:23
# 24.2392,  5.131313,  0.843,  0.1084,  0.2336,  34.2745,  05 Feb 2018 01:05:23
# 24.2235,  5.134718,  0.838,  0.1120,  0.2324,  34.3121,  05 Feb 2018 01:09:23
# 24.2587,  5.138638,  0.847,  0.1172,  0.2304,  34.3145,  05 Feb 2018 01:13:23
# 24.2581,  5.140986,  0.846,  0.1183,  0.2396,  34.3326,  05 Feb 2018 01:17:23
# 24.2395,  5.133061,  0.829,  0.1173,  0.2255,  34.2873,  05 Feb 2018 01:21:23
# 24.2466,  5.132003,  0.828,  0.1198,  0.2375,  34.2739,  05 Feb 2018 01:25:23
# 24.2222,  5.128023,  0.830,  0.1122,  0.2232,  34.2628,  05 Feb 2018 01:29:23
# 24.1953,  5.128154,  0.826,  0.1172,  0.2170,  34.2844,  05 Feb 2018 01:33:23
# 24.1931,  5.119946,  0.815,  0.1173,  0.2133,  34.2245,  05 Feb 2018 01:37:23
# 24.1930,  5.128752,  0.836,  0.1186,  0.2961,  34.2907,  05 Feb 2018 01:41:23
# 24.1860,  5.130409,  0.817,  0.1108,  0.2374,  34.3085,  05 Feb 2018 01:45:23
# 24.1788,  5.122421,  0.831,  0.1147,  0.2409,  34.2540,  05 Feb 2018 01:49:23
# 24.1905,  5.126414,  0.837,  0.1096,  0.2133,  34.2750,  05 Feb 2018 01:53:23
# 24.1881,  5.130017,  0.809,  0.1135,  0.2195,  34.3039,  05 Feb 2018 01:57:23
