# 27.6180,  5.507385,  0.783,  0.1141,  0.3149,  34.4711,  07 Sep 2017 23:00:05
# 27.5985,  5.505677,  0.755,  0.1109,  0.3113,  34.4733,  07 Sep 2017 23:04:05
# 27.6034,  5.506926,  0.863,  0.1194,  0.3057,  34.4785,  07 Sep 2017 23:08:05
# 27.5822,  5.504863,  0.772,  0.1131,  0.3735,  34.4796,  07 Sep 2017 23:12:05
# 27.5673,  5.503346,  0.662,  0.1143,  0.3304,  34.4799,  07 Sep 2017 23:16:05
# 27.5579,  5.501520,  0.767,  0.1131,  0.2844,  34.4739,  07 Sep 2017 23:20:05
# 27.5478,  5.501568,  0.865,  0.1157,  0.3044,  34.4817,  07 Sep 2017 23:24:05
# 27.5312,  5.499323,  0.848,  0.1082,  0.3379,  34.4781,  07 Sep 2017 23:28:05
# 27.5550,  5.499497,  0.771,  0.1218,  0.2793,  34.4618,  07 Sep 2017 23:32:05
# 27.5339,  5.497688,  0.759,  0.1131,  0.3442,  34.4646,  07 Sep 2017 23:36:05
# 27.5107,  5.496874,  0.717,  0.1132,  0.3197,  34.4759,  07 Sep 2017 23:40:05
# 27.5055,  5.495121,  0.619,  0.1131,  0.5029,  34.4674,  07 Sep 2017 23:44:05
# 27.5035,  5.494741,  0.800,  0.1132,  0.3722,  34.4662,  07 Sep 2017 23:48:05
# 27.4951,  5.495026,  0.753,  0.1096,  0.3101,  34.4743,  07 Sep 2017 23:52:05
# 27.4810,  5.493446,  0.796,  0.1105,  0.3148,  34.4736,  07 Sep 2017 23:56:05
