# 28.3656,  5.606736,  1.063,  0.0995,  0.1608,  34.6180,  28 Sep 2017 15:00:05
# 28.3691,  5.606959,  1.058,  0.1069,  0.1709,  34.6170,  28 Sep 2017 15:04:05
# 28.3817,  5.608592,  1.111,  0.1096,  0.1804,  34.6192,  28 Sep 2017 15:08:05
# 28.4183,  5.611796,  1.055,  0.0993,  0.1646,  34.6147,  28 Sep 2017 15:12:05
# 28.4151,  5.610632,  1.024,  0.1041,  0.1875,  34.6090,  28 Sep 2017 15:16:05
# 28.4276,  5.611740,  1.077,  0.0943,  0.1596,  34.6075,  28 Sep 2017 15:20:05
# 28.4121,  5.611398,  1.079,  0.1017,  0.1752,  34.6165,  28 Sep 2017 15:24:05
# 28.4188,  5.610959,  1.000,  0.0982,  0.1839,  34.6085,  28 Sep 2017 15:28:05
# 28.4441,  5.613390,  1.035,  0.1029,  0.1730,  34.6070,  28 Sep 2017 15:32:05
# 28.4834,  5.617457,  1.051,  0.0996,  0.1729,  34.6065,  28 Sep 2017 15:36:05
# 28.3599,  5.604488,  0.986,  0.1106,  0.1855,  34.6066,  28 Sep 2017 15:40:05
# 28.3463,  5.603150,  0.968,  0.1167,  0.1876,  34.6073,  28 Sep 2017 15:44:05
# 28.3938,  5.607819,  0.992,  0.1044,  0.1965,  34.6050,  28 Sep 2017 15:48:05
# 28.3867,  5.604353,  1.020,  0.1437,  0.2058,  34.5861,  28 Sep 2017 15:52:05
# 28.3799,  5.602799,  1.024,  0.1301,  0.1960,  34.5803,  28 Sep 2017 15:56:05
