# 24.3446,  5.163670,  0.915,  0.1295,  0.2661,  34.4361,  04 Feb 2018 23:01:23
# 24.3258,  5.168462,  0.905,  0.1198,  0.2506,  34.4866,  04 Feb 2018 23:05:23
# 24.3278,  5.165078,  0.868,  0.1149,  0.2480,  34.4597,  04 Feb 2018 23:09:23
# 24.3409,  5.165423,  0.867,  0.1220,  0.2697,  34.4522,  04 Feb 2018 23:13:23
# 24.3457,  5.163424,  0.882,  0.1220,  0.2782,  34.4335,  04 Feb 2018 23:17:23
# 24.3323,  5.165631,  0.882,  0.1295,  0.2721,  34.4603,  04 Feb 2018 23:21:23
# 24.3250,  5.167754,  0.877,  0.1282,  0.2580,  34.4819,  04 Feb 2018 23:25:23
# 24.3085,  5.164040,  0.893,  0.1206,  0.2625,  34.4667,  04 Feb 2018 23:29:23
# 24.3336,  5.158412,  0.889,  0.1270,  0.2459,  34.4052,  04 Feb 2018 23:33:23
# 24.3352,  5.154539,  0.857,  0.1259,  0.2443,  34.3750,  04 Feb 2018 23:37:23
# 24.3347,  5.156306,  0.863,  0.1271,  0.2419,  34.3886,  04 Feb 2018 23:41:23
# 24.3282,  5.158604,  0.875,  0.1233,  0.2408,  34.4108,  04 Feb 2018 23:45:23
# 24.3127,  5.156437,  0.865,  0.1197,  0.2335,  34.4065,  04 Feb 2018 23:49:23
# 24.3086,  5.147979,  0.878,  0.1160,  0.2372,  34.3462,  04 Feb 2018 23:53:23
# 24.2954,  5.144678,  0.862,  0.1173,  0.2649,  34.3316,  04 Feb 2018 23:57:23
