# 25.4206,  5.257946,  0.975,  0.1268,  0.2566,  34.3152,  30 Nov 2017 00:02:57
# 25.4403,  5.261922,  0.983,  0.1244,  0.2579,  34.3295,  30 Nov 2017 00:06:57
# 25.4051,  5.254242,  0.992,  0.1183,  0.2554,  34.2997,  30 Nov 2017 00:10:57
# 25.3890,  5.251276,  1.001,  0.1147,  0.2171,  34.2901,  30 Nov 2017 00:14:57
# 25.3652,  5.246188,  1.009,  0.1134,  0.2361,  34.2707,  30 Nov 2017 00:18:57
# 25.3766,  5.248643,  1.017,  0.1133,  0.2304,  34.2802,  30 Nov 2017 00:22:57
# 25.3750,  5.248767,  1.026,  0.1146,  0.1987,  34.2822,  30 Nov 2017 00:26:57
# 25.3532,  5.244625,  1.035,  0.1172,  0.2232,  34.2683,  30 Nov 2017 00:30:57
# 25.3212,  5.235672,  1.044,  0.1196,  0.2469,  34.2267,  30 Nov 2017 00:34:57
# 25.2997,  5.230646,  1.052,  0.1209,  0.2087,  34.2059,  30 Nov 2017 00:38:57
# 25.2448,  5.214968,  1.061,  0.1219,  0.2282,  34.1320,  30 Nov 2017 00:42:57
# 25.2419,  5.213717,  1.068,  0.1209,  0.2221,  34.1250,  30 Nov 2017 00:46:57
# 25.2015,  5.202457,  1.076,  0.1244,  0.2110,  34.0725,  30 Nov 2017 00:50:57
# 25.1695,  5.195301,  1.084,  0.1220,  0.2061,  34.0439,  30 Nov 2017 00:54:57
# 25.1628,  5.192696,  1.092,  0.1231,  0.2074,  34.0297,  30 Nov 2017 00:58:57
