# 25.7141,  5.323680,  1.077,  0.1354,  0.2886,  34.5745,  31 May 2018 20:03:04
# 25.7121,  5.323960,  1.046,  0.1268,  0.3206,  34.5780,  31 May 2018 20:07:04
# 25.7256,  5.324186,  1.073,  0.1271,  0.2815,  34.5695,  31 May 2018 20:11:04
# 25.7106,  5.323322,  1.062,  0.1195,  0.2683,  34.5745,  31 May 2018 20:15:04
# 25.7164,  5.323236,  1.063,  0.1244,  0.2746,  34.5695,  31 May 2018 20:19:04
# 25.7068,  5.322792,  1.040,  0.1304,  0.2910,  34.5735,  31 May 2018 20:23:04
# 25.7156,  5.322176,  1.044,  0.1305,  0.3268,  34.5624,  31 May 2018 20:27:04
# 25.6998,  5.321608,  1.019,  0.1366,  0.3278,  34.5702,  31 May 2018 20:31:04
# 25.6963,  5.322815,  1.048,  0.1167,  0.3014,  34.5817,  31 May 2018 20:35:04
# 25.7258,  5.321755,  1.029,  0.1320,  0.2924,  34.5516,  31 May 2018 20:39:04
# 25.6982,  5.321694,  1.047,  0.1209,  0.2994,  34.5720,  31 May 2018 20:43:04
# 25.6922,  5.320829,  1.012,  0.1331,  0.3352,  34.5703,  31 May 2018 20:47:04
# 25.6982,  5.320190,  1.006,  0.1331,  0.2956,  34.5610,  31 May 2018 20:51:04
# 25.6646,  5.319100,  1.054,  0.1245,  0.3029,  34.5785,  31 May 2018 20:55:04
# 25.6632,  5.318796,  0.973,  0.1208,  0.3204,  34.5774,  31 May 2018 20:59:04
