# 27.8481,  5.54207,    0.842, 0.1363, 0.3021,  34.5458, 31 Oct 2017 18:01:27
# 27.8156,  5.53706,    0.861, 0.1289, 0.3054,  34.5345, 31 Oct 2017 18:05:27
# 27.7564,  5.53300,    0.917, 0.1363, 0.3367,  34.5494, 31 Oct 2017 18:09:27
# 27.7415,  5.53358,    0.823, 0.1363, 0.2886,  34.5645, 31 Oct 2017 18:13:27
# 27.7618,  5.53372,    0.843, 0.1426, 0.3073,  34.5505, 31 Oct 2017 18:17:27
# 27.7596,  5.53365,    0.782, 0.1338, 0.2950,  34.5517, 31 Oct 2017 18:21:27
# 27.7428,  5.53233,    0.791, 0.1590, 0.3536,  34.5548, 31 Oct 2017 18:25:27
# 27.7429,  5.53254,    0.782, 0.1279, 0.3068,  34.5562, 31 Oct 2017 18:29:27
# 27.7514,  5.53432,    0.797, 0.1376, 0.2936,  34.5624, 31 Oct 2017 18:33:27
# 27.7310,  5.53203,    0.731, 0.1475, 0.3255,  34.5613, 31 Oct 2017 18:37:27
# 27.7401,  5.53220,    0.855, 0.1288, 0.2985,  34.5559, 31 Oct 2017 18:41:27
# 27.7285,  5.52961,    0.756, 0.1401, 0.4096,  34.5462, 31 Oct 2017 18:45:27
# 27.7181,  5.52767,    0.782, 0.1391, 0.3007,  34.5402, 31 Oct 2017 18:49:27
# 27.7210,  5.52737,    0.657, 0.1303, 0.3426,  34.5360, 31 Oct 2017 18:53:27
# 27.7418,  5.52886,    0.760, 0.1329, 0.2986,  34.5312, 31 Oct 2017 18:57:27
