# 27.0371,  5.458449,  1.211,  0.1170,  0.2583,  34.5538,  17 Jul 2018 21:00:08
# 27.0286,  5.457583,  1.200,  0.1106,  0.2320,  34.5539,  17 Jul 2018 21:04:08
# 27.0135,  5.456693,  1.210,  0.1142,  0.2547,  34.5588,  17 Jul 2018 21:08:08
# 27.0029,  5.455048,  1.188,  0.1133,  0.2609,  34.5549,  17 Jul 2018 21:12:08
# 26.9890,  5.454040,  1.176,  0.1121,  0.2238,  34.5581,  17 Jul 2018 21:16:08
# 26.9775,  5.452812,  1.210,  0.1132,  0.2190,  34.5579,  17 Jul 2018 21:20:08
# 26.9668,  5.451883,  1.188,  0.1119,  0.2216,  34.5592,  17 Jul 2018 21:24:08
# 26.9688,  5.450986,  1.194,  0.1106,  0.2300,  34.5513,  17 Jul 2018 21:28:08
# 27.0201,  5.452449,  1.180,  0.1230,  0.2213,  34.5237,  17 Jul 2018 21:32:08
# 27.0170,  5.452496,  1.163,  0.1242,  0.2055,  34.5263,  17 Jul 2018 21:36:08
# 27.0051,  5.451670,  1.180,  0.1196,  0.2583,  34.5293,  17 Jul 2018 21:40:08
# 27.0127,  5.451205,  1.172,  0.1205,  0.2104,  34.5203,  17 Jul 2018 21:44:08
# 27.0318,  5.452142,  1.177,  0.1219,  0.2180,  34.5127,  17 Jul 2018 21:48:08
# 26.9891,  5.450615,  1.184,  0.1180,  0.2238,  34.5336,  17 Jul 2018 21:52:08
# 26.9604,  5.449388,  1.157,  0.1167,  0.2301,  34.5462,  17 Jul 2018 21:56:08
