# 26.4970,  6.521460,  0.758,  0.1036,  0.1898,  42.7598,  26 Aug 2018 10:00:08
# 26.5178,  6.520429,  0.761,  0.1034,  0.1823,  42.7327,  26 Aug 2018 10:04:08
# 26.5313,  6.523871,  0.802,  0.1022,  0.1774,  42.7458,  26 Aug 2018 10:08:08
# 26.5014,  6.523898,  0.750,  0.0997,  0.1907,  42.7739,  26 Aug 2018 10:12:08
# 26.4925,  6.523813,  0.756,  0.0996,  0.2152,  42.7815,  26 Aug 2018 10:16:08
# 26.4942,  6.524324,  0.750,  0.0996,  0.2055,  42.7838,  26 Aug 2018 10:20:08
# 26.5055,  6.526557,  0.768,  0.0998,  0.1949,  42.7899,  26 Aug 2018 10:24:08
# 26.5406,  6.530325,  0.820,  0.0982,  0.1814,  42.7853,  26 Aug 2018 10:28:08
# 26.5724,  6.531339,  0.800,  0.0982,  0.1725,  42.7632,  26 Aug 2018 10:32:08
# 26.6239,  6.534972,  0.762,  0.0944,  0.1772,  42.7423,  26 Aug 2018 10:36:08
# 26.5958,  6.528891,  0.759,  0.1021,  0.1810,  42.7231,  26 Aug 2018 10:40:08
# 26.5543,  6.528892,  0.831,  0.0970,  0.2092,  42.7618,  26 Aug 2018 10:44:08
# 26.5791,  6.528440,  0.832,  0.0982,  0.1775,  42.7353,  26 Aug 2018 10:48:08
# 26.6035,  6.526862,  0.851,  0.0981,  0.1958,  42.7008,  26 Aug 2018 10:52:08
# 26.6332,  6.523631,  0.864,  0.1022,  0.1846,  42.6491,  26 Aug 2018 10:56:08
