# 26.8854,  5.433335,  1.190,  0.0908,  0.2030,  34.4874,  08 Jul 2018 14:00:08
# 26.8851,  5.434011,  1.202,  0.0909,  0.2742,  34.4924,  08 Jul 2018 14:04:08
# 26.8933,  5.434168,  1.198,  0.0922,  0.2021,  34.4875,  08 Jul 2018 14:08:08
# 26.7716,  5.426759,  1.200,  0.0932,  0.2213,  34.5251,  08 Jul 2018 14:12:08
# 26.8001,  5.428260,  1.194,  0.0995,  0.2309,  34.5146,  08 Jul 2018 14:16:08
# 26.8285,  5.431182,  1.196,  0.0919,  0.2357,  34.5144,  08 Jul 2018 14:20:08
# 26.8845,  5.435033,  1.199,  0.0909,  0.2071,  34.5002,  08 Jul 2018 14:24:08
# 26.9657,  5.440599,  1.192,  0.0911,  0.1920,  34.4795,  08 Jul 2018 14:28:08
# 27.0459,  5.445066,  1.190,  0.0935,  0.2032,  34.4519,  08 Jul 2018 14:32:08
# 27.0850,  5.448103,  1.191,  0.0896,  0.1946,  34.4446,  08 Jul 2018 14:36:08
# 26.8919,  5.435906,  1.167,  0.0934,  0.2229,  34.5009,  08 Jul 2018 14:40:08
# 26.8773,  5.435041,  1.188,  0.0945,  0.2117,  34.5056,  08 Jul 2018 14:44:08
# 26.8357,  5.433155,  1.181,  0.0982,  0.2266,  34.5231,  08 Jul 2018 14:48:08
# 27.0210,  5.443202,  1.150,  0.0960,  0.2108,  34.4571,  08 Jul 2018 14:52:08
# 27.0952,  5.450598,  1.180,  0.0972,  0.2191,  34.4547,  08 Jul 2018 14:56:08
