# 24.7453,  5.16189,    1.132, 0.1024, 0.1444,  34.1168, 31 Dec 2017 01:03:16
# 24.7835,  5.17025,    1.137, 0.1062, 0.1431,  34.1500, 31 Dec 2017 01:07:16
# 24.7689,  5.16752,    1.143, 0.1099, 0.1434,  34.1408, 31 Dec 2017 01:11:16
# 24.7398,  5.16255,    1.149, 0.1025, 0.1408,  34.1259, 31 Dec 2017 01:15:16
# 24.7189,  5.15903,    1.154, 0.0999, 0.1466,  34.1157, 31 Dec 2017 01:19:16
# 24.7386,  5.16209,    1.161, 0.1023, 0.1875,  34.1235, 31 Dec 2017 01:23:16
# 24.7383,  5.16194,    1.165, 0.1071, 0.1505,  34.1226, 31 Dec 2017 01:27:16
# 24.6837,  5.15475,    1.171, 0.1012, 0.1495,  34.1105, 31 Dec 2017 01:31:16
# 24.6861,  5.15182,    1.173, 0.1099, 0.1382,  34.0869, 31 Dec 2017 01:35:16
# 24.7082,  5.15677,    1.176, 0.1025, 0.1482,  34.1069, 31 Dec 2017 01:39:16
# 24.6743,  5.14995,    1.181, 0.1073, 0.1419,  34.0819, 31 Dec 2017 01:43:16
# 24.6613,  5.14754,    1.184, 0.1035, 0.1597,  34.0739, 31 Dec 2017 01:47:16
# 24.6315,  5.14249,    1.188, 0.1074, 0.1482,  34.0589, 31 Dec 2017 01:51:16
# 24.5966,  5.13557,    1.192, 0.1100, 0.1503,  34.0338, 31 Dec 2017 01:55:16
# 24.5819,  5.13379,    1.195, 0.1072, 0.1571,  34.0317, 31 Dec 2017 01:59:16
