# 26.9234,  5.456002,  0.903,  0.1018,  0.3095,  34.6211,  23 Jul 2018 03:00:08
# 26.9310,  5.456191,  0.900,  0.1057,  0.2288,  34.6168,  23 Jul 2018 03:04:08
# 26.9319,  5.455521,  0.904,  0.1020,  0.2191,  34.6113,  23 Jul 2018 03:08:08
# 26.9610,  5.456127,  0.871,  0.1083,  0.2416,  34.5939,  23 Jul 2018 03:12:08
# 26.9510,  5.455277,  0.867,  0.1083,  0.2213,  34.5953,  23 Jul 2018 03:16:08
# 26.9450,  5.455915,  0.889,  0.1080,  0.2382,  34.6044,  23 Jul 2018 03:20:08
# 26.9273,  5.454907,  0.867,  0.1057,  0.2501,  34.6103,  23 Jul 2018 03:24:08
# 26.9387,  5.454773,  0.855,  0.1020,  0.2646,  34.6009,  23 Jul 2018 03:28:08
# 26.9195,  5.454277,  0.862,  0.1067,  0.2753,  34.6117,  23 Jul 2018 03:32:08
# 26.8807,  5.453554,  0.911,  0.1008,  0.2490,  34.6354,  23 Jul 2018 03:36:08
# 26.9098,  5.453128,  0.887,  0.1060,  0.2763,  34.6107,  23 Jul 2018 03:40:08
# 26.9284,  5.453687,  0.855,  0.1083,  0.2355,  34.6008,  23 Jul 2018 03:44:08
# 26.9146,  5.453939,  0.851,  0.1060,  0.2607,  34.6129,  23 Jul 2018 03:48:08
# 26.9025,  5.453577,  0.833,  0.1046,  0.2811,  34.6193,  23 Jul 2018 03:52:08
# 26.8949,  5.453160,  0.829,  0.1034,  0.2535,  34.6220,  23 Jul 2018 03:56:08
