# 24.8054,  5.238102,  0.954,  0.0829,  0.2346,  34.6374,  26 Jan 2018 13:01:23
# 24.7854,  5.235805,  0.955,  0.0849,  0.2046,  34.6357,  26 Jan 2018 13:05:23
# 24.8436,  5.241592,  0.927,  0.0813,  0.1923,  34.6339,  26 Jan 2018 13:09:23
# 24.8720,  5.245028,  0.917,  0.0828,  0.2007,  34.6377,  26 Jan 2018 13:13:23
# 24.8905,  5.246630,  0.925,  0.0813,  0.2345,  34.6354,  26 Jan 2018 13:17:23
# 24.8954,  5.247327,  0.948,  0.0914,  0.2204,  34.6368,  26 Jan 2018 13:21:23
# 24.8505,  5.242629,  0.929,  0.0848,  0.2107,  34.6364,  26 Jan 2018 13:25:23
# 24.7965,  5.237391,  0.916,  0.0900,  0.2325,  34.6389,  26 Jan 2018 13:29:23
# 24.8116,  5.239309,  0.917,  0.0877,  0.2144,  34.6416,  26 Jan 2018 13:33:23
# 24.8700,  5.243913,  0.910,  0.0887,  0.2326,  34.6310,  26 Jan 2018 13:37:23
# 24.8678,  5.245361,  0.884,  0.0885,  0.2181,  34.6434,  26 Jan 2018 13:41:23
# 24.9030,  5.248147,  0.919,  0.0887,  0.2311,  34.6371,  26 Jan 2018 13:45:23
# 24.8823,  5.246088,  0.918,  0.0864,  0.2292,  34.6376,  26 Jan 2018 13:49:23
# 24.8877,  5.246351,  0.905,  0.0887,  0.2145,  34.6354,  26 Jan 2018 13:53:23
# 24.8966,  5.246955,  0.893,  0.0912,  0.1986,  34.6331,  26 Jan 2018 13:57:23
