# 26.6823,  5.39661,    0.880, 0.1046, 0.2959,  34.3757, 26 Oct 2017 17:01:27
# 26.6794,  5.39699,    0.765, 0.1083, 0.5271,  34.3806, 26 Oct 2017 17:05:27
# 26.6816,  5.39729,    0.827, 0.1083, 0.3745,  34.3811, 26 Oct 2017 17:09:27
# 26.6809,  5.39531,    0.845, 0.1094, 0.3452,  34.3674, 26 Oct 2017 17:13:27
# 26.6764,  5.39512,    0.669, 0.1144, 0.3936,  34.3695, 26 Oct 2017 17:17:27
# 26.6588,  5.39446,    0.814, 0.1121, 0.3890,  34.3777, 26 Oct 2017 17:21:27
# 26.6608,  5.39430,    0.897, 0.1107, 0.3234,  34.3751, 26 Oct 2017 17:25:27
# 26.6384,  5.39218,    0.800, 0.1022, 0.3088,  34.3766, 26 Oct 2017 17:29:27
# 26.6053,  5.38838,    0.734, 0.1020, 0.3939,  34.3740, 26 Oct 2017 17:33:27
# 26.6098,  5.39026,    0.866, 0.1070, 0.3379,  34.3841, 26 Oct 2017 17:37:27
# 26.6134,  5.39088,    0.907, 0.1119, 0.3854,  34.3858, 26 Oct 2017 17:41:27
# 26.6032,  5.38909,    0.765, 0.1071, 0.3176,  34.3806, 26 Oct 2017 17:45:27
# 26.6005,  5.38550,    0.678, 0.1121, 0.3395,  34.3569, 26 Oct 2017 17:49:27
# 26.5875,  5.38419,    0.857, 0.1109, 0.3056,  34.3571, 26 Oct 2017 17:53:27
# 26.5674,  5.38296,    0.823, 0.1073, 0.3320,  34.3632, 26 Oct 2017 17:57:27
