# 25.4616,  5.290809,  1.016,  0.1025,  0.2945,  34.5254,  27 Apr 2018 15:02:05
# 25.4759,  5.292231,  1.034,  0.0971,  0.2993,  34.5249,  27 Apr 2018 15:06:05
# 25.4875,  5.293894,  1.035,  0.0958,  0.2791,  34.5283,  27 Apr 2018 15:10:05
# 25.4814,  5.293102,  1.036,  0.0985,  0.2993,  34.5271,  27 Apr 2018 15:14:05
# 25.4838,  5.292962,  1.032,  0.1026,  0.2596,  34.5243,  27 Apr 2018 15:18:05
# 25.4834,  5.292962,  1.036,  0.0999,  0.2719,  34.5245,  27 Apr 2018 15:22:05
# 25.4885,  5.294158,  1.024,  0.1061,  0.2850,  34.5295,  27 Apr 2018 15:26:05
# 25.4897,  5.294671,  1.020,  0.0996,  0.2861,  34.5323,  27 Apr 2018 15:30:05
# 25.4968,  5.295208,  1.034,  0.0997,  0.2732,  34.5308,  27 Apr 2018 15:34:05
# 25.4896,  5.294283,  1.025,  0.1035,  0.2924,  34.5295,  27 Apr 2018 15:38:05
# 25.4818,  5.291555,  1.030,  0.1072,  0.2766,  34.5154,  27 Apr 2018 15:42:05
# 25.4850,  5.291811,  1.020,  0.1048,  0.2876,  34.5149,  27 Apr 2018 15:46:05
# 25.4923,  5.294205,  1.024,  0.1035,  0.2898,  34.5269,  27 Apr 2018 15:50:05
# 25.5011,  5.293210,  1.011,  0.1095,  0.2824,  34.5130,  27 Apr 2018 15:54:05
# 25.5071,  5.295495,  1.018,  0.1070,  0.2635,  34.5252,  27 Apr 2018 15:58:05
