# 26.2844,  6.523203,  1.012,  0.1168,  0.1936,  42.9720,  26 Aug 2018 05:00:08
# 26.2705,  6.517741,  1.086,  0.1167,  0.2044,  42.9441,  26 Aug 2018 05:04:08
# 26.2577,  6.510075,  1.035,  0.1205,  0.2030,  42.8987,  26 Aug 2018 05:08:08
# 26.2481,  6.506014,  0.979,  0.1229,  0.1936,  42.8773,  26 Aug 2018 05:12:08
# 26.2891,  6.526946,  1.073,  0.1156,  0.2166,  42.9957,  26 Aug 2018 05:16:08
# 26.2992,  6.535431,  1.067,  0.1154,  0.2154,  43.0499,  26 Aug 2018 05:20:08
# 26.2891,  6.536788,  1.085,  0.1109,  0.2633,  43.0695,  26 Aug 2018 05:24:08
# 26.2850,  6.533810,  0.986,  0.1071,  0.2190,  43.0511,  26 Aug 2018 05:28:08
# 26.2745,  6.527892,  1.034,  0.1081,  0.1947,  43.0166,  26 Aug 2018 05:32:08
# 26.2602,  6.521542,  0.973,  0.1075,  0.1838,  42.9824,  26 Aug 2018 05:36:08
# 26.2544,  6.518764,  0.953,  0.1035,  0.1737,  42.9670,  26 Aug 2018 05:40:08
# 26.2638,  6.517426,  0.998,  0.1109,  0.1862,  42.9481,  26 Aug 2018 05:44:08
# 26.2653,  6.518704,  1.017,  0.1070,  0.1846,  42.9562,  26 Aug 2018 05:48:08
# 26.2607,  6.514649,  0.988,  0.1107,  0.1875,  42.9302,  26 Aug 2018 05:52:08
# 26.2589,  6.513610,  0.943,  0.1094,  0.2068,  42.9240,  26 Aug 2018 05:56:08
