# 26.8307,  5.44548,    0.854, 0.1046, 0.4710,  34.6151, 23 Oct 2017 12:01:27
# 26.8150,  5.44605,    0.879, 0.0983, 0.4388,  34.6309, 23 Oct 2017 12:05:27
# 26.8210,  5.44564,    0.914, 0.1059, 0.4711,  34.6235, 23 Oct 2017 12:09:27
# 26.8241,  5.44563,    0.834, 0.1058, 0.5232,  34.6211, 23 Oct 2017 12:13:27
# 26.8314,  5.44527,    0.774, 0.1157, 0.5332,  34.6131, 23 Oct 2017 12:17:27
# 26.8251,  5.44452,    0.769, 0.1120, 0.5920,  34.6124, 23 Oct 2017 12:21:27
# 26.8084,  5.44483,    0.832, 0.1072, 0.5734,  34.6271, 23 Oct 2017 12:25:27
# 26.8061,  5.44397,    1.006, 0.1057, 0.4699,  34.6226, 23 Oct 2017 12:29:27
# 26.8054,  5.44312,    0.905, 0.1082, 0.7767,  34.6170, 23 Oct 2017 12:33:27
# 26.8026,  5.44671,    0.805, 0.1081, 0.6443,  34.6449, 23 Oct 2017 12:37:27
# 26.8019,  5.44668,    0.912, 0.1132, 0.7718,  34.6452, 23 Oct 2017 12:41:27
# 26.7914,  5.44641,    0.860, 0.1057, 0.6984,  34.6511, 23 Oct 2017 12:45:27
# 26.7884,  5.44512,    0.871, 0.1118, 0.6110,  34.6441, 23 Oct 2017 12:49:27
# 26.7750,  5.44516,    0.776, 0.1096, 0.6242,  34.6544, 23 Oct 2017 12:53:27
# 26.7573,  5.44441,    0.872, 0.1020, 0.4759,  34.6623, 23 Oct 2017 12:57:27
