# 28.6212,  5.604755,  1.054,  0.1291,  0.2292,  34.4183,  15 Sep 2017 00:00:05
# 28.6253,  5.605735,  1.017,  0.1265,  0.2325,  34.4222,  15 Sep 2017 00:04:05
# 28.6200,  5.605026,  1.101,  0.1241,  0.2338,  34.4211,  15 Sep 2017 00:08:05
# 28.6197,  5.604141,  1.062,  0.1313,  0.3054,  34.4151,  15 Sep 2017 00:12:05
# 28.6081,  5.604261,  1.107,  0.1290,  0.2527,  34.4244,  15 Sep 2017 00:16:05
# 28.6007,  5.604715,  1.041,  0.1264,  0.2326,  34.4329,  15 Sep 2017 00:20:05
# 28.5864,  5.605257,  1.011,  0.1254,  0.2422,  34.4471,  15 Sep 2017 00:24:05
# 28.5995,  5.603990,  1.022,  0.1254,  0.2589,  34.4288,  15 Sep 2017 00:28:05
# 28.6016,  5.603767,  1.027,  0.1265,  0.2350,  34.4257,  15 Sep 2017 00:32:05
# 28.5898,  5.603289,  1.045,  0.1300,  0.2193,  34.4310,  15 Sep 2017 00:36:05
# 28.5654,  5.595444,  0.970,  0.1265,  0.2072,  34.3944,  15 Sep 2017 00:40:05
# 28.5533,  5.598741,  1.048,  0.1241,  0.2267,  34.4259,  15 Sep 2017 00:44:05
# 28.5390,  5.592451,  1.029,  0.1252,  0.2183,  34.3927,  15 Sep 2017 00:48:05
# 28.5394,  5.596496,  1.053,  0.1179,  0.2244,  34.4205,  15 Sep 2017 00:52:05
# 28.5213,  5.592682,  1.036,  0.1229,  0.2616,  34.4072,  15 Sep 2017 00:56:05
