# 24.3157,  5.12175,    0.925, 0.1135, 0.1696,  34.1442, 15 Dec 2017 00:03:16
# 24.3005,  5.12024,    0.930, 0.1135, 0.1718,  34.1445, 15 Dec 2017 00:07:16
# 24.2800,  5.11753,    0.933, 0.1161, 0.1768,  34.1399, 15 Dec 2017 00:11:16
# 24.2941,  5.11906,    0.937, 0.1183, 0.1843,  34.1405, 15 Dec 2017 00:15:16
# 24.2957,  5.11935,    0.943, 0.1147, 0.1758,  34.1415, 15 Dec 2017 00:19:16
# 24.2874,  5.11853,    0.946, 0.1198, 0.1793,  34.1417, 15 Dec 2017 00:23:16
# 24.2974,  5.12040,    0.950, 0.1136, 0.1659,  34.1481, 15 Dec 2017 00:27:16
# 24.2934,  5.12034,    0.956, 0.1146, 0.1695,  34.1507, 15 Dec 2017 00:31:16
# 24.2977,  5.12164,    0.960, 0.1148, 0.1757,  34.1571, 15 Dec 2017 00:35:16
# 24.2871,  5.12072,    0.966, 0.1199, 0.1756,  34.1583, 15 Dec 2017 00:39:16
# 24.2704,  5.11903,    0.969, 0.1110, 0.1683,  34.1584, 15 Dec 2017 00:43:16
# 24.2572,  5.11794,    0.973, 0.1096, 0.1650,  34.1603, 15 Dec 2017 00:47:16
# 24.2430,  5.11644,    0.977, 0.1161, 0.1743,  34.1599, 15 Dec 2017 00:51:16
# 24.2513,  5.11713,    0.983, 0.1163, 0.1768,  34.1588, 15 Dec 2017 00:55:16
# 24.2472,  5.11741,    0.989, 0.1184, 0.1720,  34.1640, 15 Dec 2017 00:59:16
