# 24.8947,  5.18270,    1.023, 0.0940, 0.1875,  34.1581, 09 Jan 2018 13:03:16
# 24.8399,  5.17815,    0.981, 0.0949, 0.1829,  34.1659, 09 Jan 2018 13:07:16
# 24.8492,  5.17897,    0.961, 0.0948, 0.1923,  34.1650, 09 Jan 2018 13:11:16
# 24.9247,  5.18612,    0.979, 0.0910, 0.2022,  34.1607, 09 Jan 2018 13:15:16
# 24.9130,  5.18498,    0.942, 0.0938, 0.1873,  34.1612, 09 Jan 2018 13:19:16
# 24.9514,  5.18809,    0.955, 0.0945, 0.1781,  34.1551, 09 Jan 2018 13:23:16
# 24.8757,  5.18134,    0.944, 0.1000, 0.2048,  34.1624, 09 Jan 2018 13:27:16
# 24.8468,  5.17862,    0.956, 0.1012, 0.1937,  34.1642, 09 Jan 2018 13:31:16
# 24.7651,  5.17252,    0.918, 0.1059, 0.2184,  34.1809, 09 Jan 2018 13:35:16
# 24.8232,  5.17696,    0.948, 0.1034, 0.2058,  34.1697, 09 Jan 2018 13:39:16
# 24.8556,  5.18050,    0.949, 0.0987, 0.1790,  34.1715, 09 Jan 2018 13:43:16
# 24.8997,  5.18175,    0.952, 0.0996, 0.1975,  34.1473, 09 Jan 2018 13:47:16
# 24.8646,  5.17896,    0.911, 0.1024, 0.1941,  34.1532, 09 Jan 2018 13:51:16
# 24.8867,  5.17897,    0.923, 0.1024, 0.1877,  34.1366, 09 Jan 2018 13:55:16
# 24.8132,  5.17491,    0.909, 0.1072, 0.2229,  34.1621, 09 Jan 2018 13:59:16
