# 26.4012,  5.381139,  0.843,  0.1230,  0.3464,  34.4741,  27 Jun 2018 05:00:08
# 26.3978,  5.380999,  0.827,  0.1193,  0.3314,  34.4757,  27 Jun 2018 05:04:08
# 26.3994,  5.380936,  0.820,  0.1157,  0.2859,  34.4740,  27 Jun 2018 05:08:08
# 26.3913,  5.379989,  0.837,  0.1192,  0.3155,  34.4733,  27 Jun 2018 05:12:08
# 26.3778,  5.379308,  0.817,  0.1144,  0.3098,  34.4785,  27 Jun 2018 05:16:08
# 26.3621,  5.378377,  0.812,  0.1155,  0.3278,  34.4835,  27 Jun 2018 05:20:08
# 26.3515,  5.377321,  0.801,  0.1121,  0.3819,  34.4838,  27 Jun 2018 05:24:08
# 26.3388,  5.376617,  0.781,  0.1183,  0.3363,  34.4882,  27 Jun 2018 05:28:08
# 26.4354,  5.383205,  0.795,  0.1318,  0.3169,  34.4634,  27 Jun 2018 05:32:08
# 26.4002,  5.380435,  0.789,  0.1254,  0.2944,  34.4698,  27 Jun 2018 05:36:08
# 26.3628,  5.378377,  0.823,  0.1157,  0.3170,  34.4830,  27 Jun 2018 05:40:08
# 26.3655,  5.378573,  0.803,  0.1220,  0.3243,  34.4824,  27 Jun 2018 05:44:08
# 26.3254,  5.375459,  0.824,  0.1132,  0.3157,  34.4899,  27 Jun 2018 05:48:08
# 26.3261,  5.375396,  0.791,  0.1170,  0.3583,  34.4890,  27 Jun 2018 05:52:08
# 26.3181,  5.374747,  0.840,  0.1132,  0.3145,  34.4903,  27 Jun 2018 05:56:08
