# 27.0797,  6.821385,  0.952,  0.1059,  0.2464,  44.4419,  06 Aug 2018 00:00:08
# 27.0603,  6.809927,  0.962,  0.1205,  0.2332,  44.3754,  06 Aug 2018 00:04:08
# 27.0542,  6.807068,  0.925,  0.1230,  0.2215,  44.3600,  06 Aug 2018 00:08:08
# 27.0414,  6.799832,  0.940,  0.1255,  0.2702,  44.3185,  06 Aug 2018 00:12:08
# 27.0380,  6.800301,  0.976,  0.1180,  0.2355,  44.3252,  06 Aug 2018 00:16:08
# 27.0366,  6.803098,  0.982,  0.1106,  0.2238,  44.3474,  06 Aug 2018 00:20:08
# 27.0535,  6.812447,  0.910,  0.1070,  0.2344,  44.4007,  06 Aug 2018 00:24:08
# 27.0384,  6.810509,  0.940,  0.1094,  0.2511,  44.4008,  06 Aug 2018 00:28:08
# 27.0373,  6.814490,  0.948,  0.1067,  0.2644,  44.4315,  06 Aug 2018 00:32:08
# 27.0335,  6.817438,  0.911,  0.1057,  0.2379,  44.4571,  06 Aug 2018 00:36:08
# 27.0279,  6.817125,  0.944,  0.1069,  0.2380,  44.4602,  06 Aug 2018 00:40:08
# 27.0303,  6.818316,  0.911,  0.1070,  0.2442,  44.4668,  06 Aug 2018 00:44:08
# 27.0092,  6.810910,  0.925,  0.1122,  0.2849,  44.4319,  06 Aug 2018 00:48:08
# 26.9994,  6.811692,  0.918,  0.1170,  0.2237,  44.4473,  06 Aug 2018 00:52:08
# 26.9941,  6.812657,  0.962,  0.1118,  0.2441,  44.4595,  06 Aug 2018 00:56:08
