# 26.7660,  6.176634,  0.878,  0.1080,  0.2318,  39.9653,  30 Aug 2018 12:00:08
# 26.7587,  6.176351,  0.851,  0.1157,  0.2390,  39.9696,  30 Aug 2018 12:04:08
# 26.7850,  6.178247,  0.887,  0.1090,  0.2309,  39.9607,  30 Aug 2018 12:08:08
# 26.7939,  6.178804,  0.960,  0.1120,  0.2181,  39.9571,  30 Aug 2018 12:12:08
# 26.8292,  6.177473,  0.889,  0.1206,  0.2181,  39.9168,  30 Aug 2018 12:16:08
# 26.8283,  6.178695,  0.826,  0.1118,  0.2107,  39.9265,  30 Aug 2018 12:20:08
# 26.8364,  6.180268,  0.974,  0.1019,  0.2005,  39.9310,  30 Aug 2018 12:24:08
# 26.8725,  6.183479,  0.861,  0.1044,  0.2288,  39.9234,  30 Aug 2018 12:28:08
# 26.8845,  6.185434,  0.822,  0.1033,  0.2152,  39.9272,  30 Aug 2018 12:32:08
# 26.8968,  6.187215,  0.888,  0.1044,  0.2201,  39.9296,  30 Aug 2018 12:36:08
# 26.8818,  6.185859,  0.821,  0.0996,  0.2276,  39.9327,  30 Aug 2018 12:40:08
# 26.9092,  6.189188,  0.845,  0.0980,  0.1847,  39.9334,  30 Aug 2018 12:44:08
# 26.9207,  6.189354,  0.843,  0.1044,  0.2145,  39.9247,  30 Aug 2018 12:48:08
# 26.9501,  6.192959,  0.877,  0.0983,  0.1968,  39.9256,  30 Aug 2018 12:52:08
# 26.9323,  6.190111,  0.823,  0.1044,  0.1996,  39.9202,  30 Aug 2018 12:56:08
