# 25.3065,  5.230174,  0.732,  0.0951,  0.1864,  34.1974,  05 Dec 2017 15:02:57
# 25.2933,  5.229022,  0.732,  0.0948,  0.1780,  34.1989,  05 Dec 2017 15:06:57
# 25.2930,  5.228790,  0.734,  0.0998,  0.1915,  34.1974,  05 Dec 2017 15:10:57
# 25.2800,  5.227352,  0.737,  0.0959,  0.1768,  34.1967,  05 Dec 2017 15:14:57
# 25.2948,  5.228728,  0.739,  0.0938,  0.1657,  34.1956,  05 Dec 2017 15:18:57
# 25.2855,  5.227422,  0.740,  0.0972,  0.2267,  34.1930,  05 Dec 2017 15:22:57
# 25.2647,  5.226108,  0.743,  0.0986,  0.1870,  34.1991,  05 Dec 2017 15:26:57
# 25.2491,  5.224578,  0.744,  0.0994,  0.2034,  34.1995,  05 Dec 2017 15:30:57
# 25.2373,  5.223272,  0.745,  0.0996,  0.2039,  34.1988,  05 Dec 2017 15:34:57
# 25.2271,  5.222291,  0.749,  0.0958,  0.1855,  34.1993,  05 Dec 2017 15:38:57
# 25.2128,  5.220869,  0.752,  0.1073,  0.1743,  34.1996,  05 Dec 2017 15:42:57
# 25.2049,  5.220043,  0.753,  0.0974,  0.1852,  34.1995,  05 Dec 2017 15:46:57
# 25.1884,  5.218406,  0.756,  0.0962,  0.1730,  34.1999,  05 Dec 2017 15:50:57
# 25.1719,  5.216931,  0.757,  0.1010,  0.1646,  34.2015,  05 Dec 2017 15:54:57
# 25.1630,  5.216050,  0.757,  0.0950,  0.1671,  34.2017,  05 Dec 2017 15:58:57
