# 26.5705,  5.389155,  0.682,  0.0994,  0.1971,  34.4054,  24 Jun 2018 07:00:08
# 26.5659,  5.382209,  0.717,  0.1057,  0.1788,  34.3590,  24 Jun 2018 07:04:08
# 26.5625,  5.381144,  0.684,  0.1035,  0.1714,  34.3539,  24 Jun 2018 07:08:08
# 26.5634,  5.383649,  0.690,  0.1021,  0.1849,  34.3712,  24 Jun 2018 07:12:08
# 26.5702,  5.381332,  0.690,  0.1034,  0.1740,  34.3495,  24 Jun 2018 07:16:08
# 26.5813,  5.381160,  0.693,  0.1019,  0.1688,  34.3400,  24 Jun 2018 07:20:08
# 26.5885,  5.384722,  0.691,  0.0985,  0.1702,  34.3602,  24 Jun 2018 07:24:08
# 26.5896,  5.386076,  0.692,  0.0998,  0.1838,  34.3691,  24 Jun 2018 07:28:08
# 26.5928,  5.388465,  0.685,  0.0974,  0.1752,  34.3839,  24 Jun 2018 07:32:08
# 26.5934,  5.388911,  0.706,  0.0981,  0.1823,  34.3867,  24 Jun 2018 07:36:08
# 26.5941,  5.388669,  0.692,  0.0959,  0.1774,  34.3844,  24 Jun 2018 07:40:08
# 26.6008,  5.390337,  0.692,  0.0935,  0.1762,  34.3914,  24 Jun 2018 07:44:08
# 26.6208,  5.394450,  0.706,  0.1007,  0.1994,  34.4060,  24 Jun 2018 07:48:08
# 26.6365,  5.397459,  0.688,  0.0983,  0.1983,  34.4159,  24 Jun 2018 07:52:08
# 26.6406,  5.398219,  0.705,  0.0983,  0.1643,  34.4183,  24 Jun 2018 07:56:08
