# 25.9148,  5.315475,  0.662,  0.0934,  0.2290,  34.3634,  17 May 2018 10:03:04
# 25.9457,  5.318714,  0.655,  0.0886,  0.2370,  34.3637,  17 May 2018 10:07:04
# 26.0046,  5.321789,  0.667,  0.0924,  0.2055,  34.3419,  17 May 2018 10:11:04
# 26.0084,  5.322054,  0.658,  0.0909,  0.2309,  34.3410,  17 May 2018 10:15:04
# 26.0150,  5.324368,  0.665,  0.0933,  0.2179,  34.3528,  17 May 2018 10:19:04
# 26.0350,  5.326495,  0.652,  0.0886,  0.2205,  34.3533,  17 May 2018 10:23:04
# 26.0019,  5.325459,  0.637,  0.0885,  0.2207,  34.3706,  17 May 2018 10:27:04
# 26.0056,  5.324875,  0.637,  0.0921,  0.2609,  34.3636,  17 May 2018 10:31:04
# 26.0102,  5.326753,  0.641,  0.0896,  0.2527,  34.3738,  17 May 2018 10:35:04
# 26.0477,  5.329051,  0.670,  0.0921,  0.2227,  34.3623,  17 May 2018 10:39:04
# 26.0846,  5.332496,  0.628,  0.0922,  0.2382,  34.3596,  17 May 2018 10:43:04
# 26.1377,  5.336863,  0.631,  0.0910,  0.2216,  34.3515,  17 May 2018 10:47:04
# 26.0860,  5.333760,  0.647,  0.0899,  0.2311,  34.3677,  17 May 2018 10:51:04
# 26.1040,  5.336216,  0.656,  0.0896,  0.2181,  34.3721,  17 May 2018 10:55:04
# 26.1327,  5.341122,  0.635,  0.0885,  0.2681,  34.3861,  17 May 2018 10:59:04
