# 24.6477,  4.99785,    0.925, 0.1022, 0.3428,  32.9735, 27 Dec 2017 06:03:16
# 24.6111,  4.97154,    0.914, 0.1061, 0.3925,  32.8055, 27 Dec 2017 06:07:16
# 24.6279,  4.98536,    0.916, 0.1036, 0.3678,  32.8956, 27 Dec 2017 06:11:16
# 24.6310,  4.98606,    0.918, 0.0996, 0.3478,  32.8985, 27 Dec 2017 06:15:16
# 24.5901,  4.95225,    0.925, 0.1022, 0.3552,  32.6781, 27 Dec 2017 06:19:16
# 24.6090,  4.96505,    0.949, 0.0999, 0.3172,  32.7591, 27 Dec 2017 06:23:16
# 24.5928,  4.95744,    0.917, 0.1012, 0.3428,  32.7146, 27 Dec 2017 06:27:16
# 24.4891,  4.87480,    0.934, 0.1023, 0.3933,  32.1781, 27 Dec 2017 06:31:16
# 24.5490,  4.92980,    0.936, 0.1011, 0.3601,  32.5418, 27 Dec 2017 06:35:16
# 24.5111,  4.88915,    0.934, 0.1025, 0.4195,  32.2684, 27 Dec 2017 06:39:16
# 24.4962,  4.88316,    0.938, 0.1049, 0.3794,  32.2348, 27 Dec 2017 06:43:16
# 24.5902,  4.95493,    0.940, 0.1014, 0.3426,  32.6979, 27 Dec 2017 06:47:16
# 24.5655,  4.93585,    0.937, 0.1035, 0.3623,  32.5746, 27 Dec 2017 06:51:16
# 24.5671,  4.93321,    0.934, 0.1012, 0.3577,  32.5539, 27 Dec 2017 06:55:16
# 24.6392,  4.99528,    0.922, 0.1000, 0.3420,  32.9608, 27 Dec 2017 06:59:16
