# 24.5998,  5.218725,  0.812,  0.0922,  0.3536,  34.6514,  25 Feb 2018 15:00:46
# 24.6138,  5.219744,  0.811,  0.0951,  0.3233,  34.6482,  25 Feb 2018 15:04:46
# 24.5904,  5.217883,  0.789,  0.0970,  0.4045,  34.6524,  25 Feb 2018 15:08:46
# 24.6059,  5.219520,  0.827,  0.0999,  0.3790,  34.6526,  25 Feb 2018 15:12:46
# 24.6256,  5.220964,  0.831,  0.0986,  0.4457,  34.6482,  25 Feb 2018 15:16:46
# 24.6471,  5.222478,  0.800,  0.0950,  0.3597,  34.6429,  25 Feb 2018 15:20:46
# 24.6620,  5.224611,  0.808,  0.0959,  0.4721,  34.6474,  25 Feb 2018 15:24:46
# 24.6610,  5.224178,  0.788,  0.0997,  0.3741,  34.6449,  25 Feb 2018 15:28:46
# 24.6271,  5.221451,  0.771,  0.0950,  0.3342,  34.6507,  25 Feb 2018 15:32:46
# 24.6489,  5.222478,  0.778,  0.0988,  0.2974,  34.6416,  25 Feb 2018 15:36:46
# 24.6319,  5.220733,  0.784,  0.0987,  0.3160,  34.6416,  25 Feb 2018 15:40:46
# 24.6114,  5.219590,  0.788,  0.1012,  0.3548,  34.6489,  25 Feb 2018 15:44:46
# 24.6252,  5.220300,  0.775,  0.0986,  0.3475,  34.6436,  25 Feb 2018 15:48:46
# 24.5914,  5.216199,  0.745,  0.1047,  0.3439,  34.6391,  25 Feb 2018 15:52:46
# 24.5845,  5.216531,  0.740,  0.0974,  0.3584,  34.6468,  25 Feb 2018 15:56:46
