# 26.6661,  5.46496,    0.947, 0.1169, 0.2821,  34.8782, 17 Oct 2017 18:01:27
# 26.6522,  5.46347,    0.934, 0.1141, 0.2818,  34.8780, 17 Oct 2017 18:05:27
# 26.6476,  5.46302,    0.904, 0.1169, 0.2614,  34.8784, 17 Oct 2017 18:09:27
# 26.6412,  5.46210,    0.889, 0.1256, 0.2876,  34.8765, 17 Oct 2017 18:13:27
# 26.6436,  5.46328,    0.856, 0.1229, 0.2973,  34.8832, 17 Oct 2017 18:17:27
# 26.6251,  5.46232,    0.847, 0.1168, 0.2986,  34.8902, 17 Oct 2017 18:21:27
# 26.6307,  5.46165,    0.893, 0.1294, 0.3091,  34.8811, 17 Oct 2017 18:25:27
# 26.6319,  5.46263,    0.830, 0.1229, 0.3074,  34.8874, 17 Oct 2017 18:29:27
# 26.6258,  5.46255,    0.899, 0.1181, 0.2998,  34.8913, 17 Oct 2017 18:33:27
# 26.6005,  5.45915,    0.902, 0.1181, 0.2663,  34.8860, 17 Oct 2017 18:37:27
# 26.5888,  5.45913,    0.905, 0.1183, 0.3761,  34.8947, 17 Oct 2017 18:41:27
# 26.5870,  5.45824,    0.903, 0.1156, 0.3960,  34.8896, 17 Oct 2017 18:45:27
# 26.5779,  5.45747,    0.922, 0.1147, 0.4607,  34.8910, 17 Oct 2017 18:49:27
# 26.5645,  5.45754,    0.789, 0.1168, 0.3416,  34.9016, 17 Oct 2017 18:53:27
# 26.5335,  5.45622,    0.829, 0.1083, 0.3138,  34.9156, 17 Oct 2017 18:57:27
