# 24.3983,  5.202594,  1.005,  0.1209,  0.2805,  34.6865,  22 Jan 2018 04:01:23
# 24.3702,  5.200366,  1.006,  0.1147,  0.2615,  34.6915,  22 Jan 2018 04:05:23
# 24.3920,  5.200720,  1.015,  0.1308,  0.3577,  34.6773,  22 Jan 2018 04:09:23
# 24.4036,  5.204037,  1.016,  0.1170,  0.2804,  34.6932,  22 Jan 2018 04:13:23
# 24.4062,  5.207170,  1.026,  0.1234,  0.2813,  34.7146,  22 Jan 2018 04:17:23
# 24.4215,  5.206128,  1.031,  0.1161,  0.3210,  34.6950,  22 Jan 2018 04:21:23
# 24.4252,  5.206853,  1.040,  0.1234,  0.3114,  34.6975,  22 Jan 2018 04:25:23
# 24.4194,  5.206683,  1.016,  0.1222,  0.3030,  34.7007,  22 Jan 2018 04:29:23
# 24.4285,  5.204893,  1.046,  0.1185,  0.3008,  34.6802,  22 Jan 2018 04:33:23
# 24.4323,  5.203419,  1.034,  0.1220,  0.3124,  34.6663,  22 Jan 2018 04:37:23
# 24.4254,  5.205117,  1.050,  0.1208,  0.2759,  34.6844,  22 Jan 2018 04:41:23
# 24.4021,  5.206413,  1.049,  0.1160,  0.3057,  34.7121,  22 Jan 2018 04:45:23
# 24.3991,  5.205673,  1.041,  0.1210,  0.3465,  34.7089,  22 Jan 2018 04:49:23
# 24.4063,  5.203960,  1.052,  0.1173,  0.3112,  34.6905,  22 Jan 2018 04:53:23
# 24.4087,  5.203813,  1.060,  0.1199,  0.2997,  34.6875,  22 Jan 2018 04:57:23
