# 26.0999,  5.360137,  0.995,  0.0849,  0.2419,  34.5484,  11 May 2018 14:03:04
# 26.0555,  5.355122,  1.001,  0.0888,  0.2774,  34.5454,  11 May 2018 14:07:04
# 26.0609,  5.355317,  1.003,  0.0871,  0.2383,  34.5428,  11 May 2018 14:11:04
# 26.0775,  5.357191,  1.004,  0.0946,  0.2528,  34.5439,  11 May 2018 14:15:04
# 26.0674,  5.355848,  1.003,  0.0887,  0.2538,  34.5418,  11 May 2018 14:19:04
# 26.1374,  5.363575,  1.003,  0.0906,  0.2371,  34.5451,  11 May 2018 14:23:04
# 26.1101,  5.361106,  1.005,  0.0922,  0.2564,  34.5478,  11 May 2018 14:27:04
# 26.0804,  5.357816,  0.998,  0.0935,  0.3362,  34.5463,  11 May 2018 14:31:04
# 26.0697,  5.356356,  1.010,  0.0971,  0.2479,  34.5437,  11 May 2018 14:35:04
# 26.1037,  5.359324,  0.994,  0.0921,  0.2465,  34.5396,  11 May 2018 14:39:04
# 26.1033,  5.359488,  1.005,  0.0961,  0.2478,  34.5411,  11 May 2018 14:43:04
# 26.1963,  5.369939,  1.002,  0.0933,  0.2599,  34.5469,  11 May 2018 14:47:04
# 26.1838,  5.368930,  0.995,  0.0935,  0.2610,  34.5490,  11 May 2018 14:51:04
# 26.1593,  5.365967,  0.998,  0.0973,  0.2469,  34.5459,  11 May 2018 14:55:04
# 26.1422,  5.363786,  0.981,  0.0974,  0.2719,  34.5430,  11 May 2018 14:59:04
