# 26.9286,  6.641642,  0.702,  0.1057,  0.2068,  43.2503,  17 Aug 2018 02:00:08
# 26.9159,  6.642132,  0.773,  0.1042,  0.1958,  43.2658,  17 Aug 2018 02:04:08
# 26.9111,  6.641660,  0.779,  0.1032,  0.2020,  43.2669,  17 Aug 2018 02:08:08
# 26.8922,  6.640534,  0.747,  0.1046,  0.2033,  43.2762,  17 Aug 2018 02:12:08
# 26.8907,  6.639495,  0.769,  0.1107,  0.1958,  43.2700,  17 Aug 2018 02:16:08
# 26.8858,  6.639375,  0.756,  0.1019,  0.2067,  43.2736,  17 Aug 2018 02:20:08
# 26.8861,  6.639194,  0.769,  0.0996,  0.2007,  43.2721,  17 Aug 2018 02:24:08
# 26.9066,  6.636024,  0.721,  0.1119,  0.2190,  43.2293,  17 Aug 2018 02:28:08
# 26.9158,  6.635921,  0.703,  0.1082,  0.2005,  43.2199,  17 Aug 2018 02:32:08
# 26.8863,  6.638928,  0.775,  0.1081,  0.2167,  43.2699,  17 Aug 2018 02:36:08
# 26.8639,  6.637227,  0.692,  0.1044,  0.2190,  43.2783,  17 Aug 2018 02:40:08
# 26.8610,  6.636841,  0.724,  0.1006,  0.1923,  43.2782,  17 Aug 2018 02:44:08
# 26.8620,  6.636300,  0.788,  0.1019,  0.2143,  43.2731,  17 Aug 2018 02:48:08
# 26.8639,  6.635819,  0.642,  0.1034,  0.2018,  43.2678,  17 Aug 2018 02:52:08
# 26.8753,  6.634831,  0.727,  0.1043,  0.1944,  43.2498,  17 Aug 2018 02:56:08
