# 25.1611,  5.259849,  0.995,  0.1318,  0.2827,  34.5261,  29 Apr 2018 19:02:05
# 25.1549,  5.258361,  0.993,  0.1266,  0.2695,  34.5199,  29 Apr 2018 19:06:05
# 25.1432,  5.257904,  0.978,  0.1334,  0.2695,  34.5254,  29 Apr 2018 19:10:05
# 25.1572,  5.257881,  0.956,  0.1271,  0.2782,  34.5146,  29 Apr 2018 19:14:05
# 25.1807,  5.260818,  0.956,  0.1355,  0.3085,  34.5183,  29 Apr 2018 19:18:05
# 25.1960,  5.264585,  0.946,  0.1293,  0.2769,  34.5345,  29 Apr 2018 19:22:05
# 25.2309,  5.269851,  0.938,  0.1305,  0.2732,  34.5467,  29 Apr 2018 19:26:05
# 25.2104,  5.266942,  0.946,  0.1232,  0.3043,  34.5409,  29 Apr 2018 19:30:05
# 25.2080,  5.265415,  0.920,  0.1231,  0.2516,  34.5314,  29 Apr 2018 19:34:05
# 25.2097,  5.267012,  0.918,  0.1332,  0.2861,  34.5419,  29 Apr 2018 19:38:05
# 25.1883,  5.263414,  0.895,  0.1257,  0.3180,  34.5317,  29 Apr 2018 19:42:05
# 25.1713,  5.261787,  0.923,  0.1306,  0.2805,  34.5327,  29 Apr 2018 19:46:05
# 25.1705,  5.261221,  0.916,  0.1293,  0.2515,  34.5291,  29 Apr 2018 19:50:05
# 25.1612,  5.260508,  0.899,  0.1253,  0.3004,  34.5309,  29 Apr 2018 19:54:05
# 25.1321,  5.257920,  0.885,  0.1369,  0.2745,  34.5341,  29 Apr 2018 19:58:05
