# 25.7986,  5.322416,  0.847,  0.1061,  0.2586,  34.5014,  22 May 2018 15:03:04
# 25.8052,  5.322510,  0.864,  0.1110,  0.2586,  34.4971,  22 May 2018 15:07:04
# 25.7943,  5.321653,  0.878,  0.1074,  0.2538,  34.4991,  22 May 2018 15:11:04
# 25.8040,  5.322736,  0.873,  0.1038,  0.2538,  34.4997,  22 May 2018 15:15:04
# 25.8018,  5.322019,  0.820,  0.1110,  0.3352,  34.4961,  22 May 2018 15:19:04
# 25.8062,  5.322377,  0.831,  0.1112,  0.2662,  34.4953,  22 May 2018 15:23:04
# 25.8020,  5.321941,  0.824,  0.1073,  0.2503,  34.4953,  22 May 2018 15:27:04
# 25.7931,  5.320960,  0.863,  0.1082,  0.2528,  34.4949,  22 May 2018 15:31:04
# 25.7980,  5.321481,  0.846,  0.1061,  0.2827,  34.4950,  22 May 2018 15:35:04
# 25.7761,  5.320898,  0.835,  0.1073,  0.2612,  34.5073,  22 May 2018 15:39:04
# 25.7751,  5.321232,  0.842,  0.1048,  0.2527,  34.5105,  22 May 2018 15:43:04
# 25.7912,  5.322167,  0.837,  0.1036,  0.2504,  34.5052,  22 May 2018 15:47:04
# 25.8125,  5.321987,  0.835,  0.1183,  0.2692,  34.4878,  22 May 2018 15:51:04
# 25.8009,  5.321193,  0.805,  0.1208,  0.2624,  34.4908,  22 May 2018 15:55:04
# 25.8007,  5.321185,  0.840,  0.1220,  0.2560,  34.4909,  22 May 2018 15:59:04
