# 24.6797,  5.170995,  0.912,  0.1121,  0.1926,  34.2345,  24 Nov 2017 02:02:57
# 24.7180,  5.173048,  0.920,  0.1197,  0.1830,  34.2206,  24 Nov 2017 02:06:57
# 24.6841,  5.170571,  0.914,  0.1183,  0.1963,  34.2279,  24 Nov 2017 02:10:57
# 24.6470,  5.167164,  0.924,  0.1182,  0.1816,  34.2308,  24 Nov 2017 02:14:57
# 24.6841,  5.169979,  0.929,  0.1147,  0.2061,  34.2235,  24 Nov 2017 02:18:57
# 24.6733,  5.169302,  0.932,  0.1259,  0.1952,  34.2267,  24 Nov 2017 02:22:57
# 24.6606,  5.168048,  0.937,  0.1157,  0.1784,  34.2271,  24 Nov 2017 02:26:57
# 24.6604,  5.167341,  0.934,  0.1146,  0.1915,  34.2220,  24 Nov 2017 02:30:57
# 24.6506,  5.166787,  0.934,  0.1148,  0.1794,  34.2252,  24 Nov 2017 02:34:57
# 24.6321,  5.164765,  0.941,  0.1122,  0.1807,  34.2243,  24 Nov 2017 02:38:57
# 24.7096,  5.171179,  0.948,  0.1270,  0.2026,  34.2131,  24 Nov 2017 02:42:57
# 24.7515,  5.175765,  0.956,  0.1235,  0.1926,  34.2153,  24 Nov 2017 02:46:57
# 24.7703,  5.177966,  0.949,  0.1295,  0.2010,  34.2174,  24 Nov 2017 02:50:57
# 24.7775,  5.178851,  0.963,  0.1282,  0.1928,  34.2184,  24 Nov 2017 02:54:57
# 24.7661,  5.177527,  0.966,  0.1183,  0.2061,  34.2173,  24 Nov 2017 02:58:57
