# 25.5587,  5.261757,  0.989,  0.1009,  0.1691,  34.2391,  12 May 2018 03:03:04
# 25.5530,  5.265797,  0.991,  0.1046,  0.1847,  34.2729,  12 May 2018 03:07:04
# 25.5482,  5.272809,  0.986,  0.0986,  0.1812,  34.3279,  12 May 2018 03:11:04
# 25.5529,  5.275137,  0.988,  0.0997,  0.1687,  34.3414,  12 May 2018 03:15:04
# 25.5293,  5.257510,  0.978,  0.0996,  0.1865,  34.2301,  12 May 2018 03:19:04
# 25.5360,  5.250762,  0.967,  0.1009,  0.1752,  34.1757,  12 May 2018 03:23:04
# 25.5443,  5.263920,  0.965,  0.1033,  0.1850,  34.2657,  12 May 2018 03:27:04
# 25.5424,  5.266029,  0.960,  0.0997,  0.1878,  34.2826,  12 May 2018 03:31:04
# 25.5372,  5.271506,  0.960,  0.0987,  0.1798,  34.3266,  12 May 2018 03:35:04
# 25.5304,  5.276014,  0.960,  0.0988,  0.1775,  34.3648,  12 May 2018 03:39:04
# 25.5185,  5.264805,  0.953,  0.0952,  0.1762,  34.2917,  12 May 2018 03:43:04
# 25.5108,  5.261308,  0.955,  0.0985,  0.1666,  34.2719,  12 May 2018 03:47:04
# 25.5115,  5.262789,  0.946,  0.0974,  0.1595,  34.2822,  12 May 2018 03:51:04
# 25.5073,  5.257813,  0.944,  0.0997,  0.2009,  34.2489,  12 May 2018 03:55:04
# 25.5052,  5.252924,  0.941,  0.0960,  0.1666,  34.2147,  12 May 2018 03:59:04
