# 27.0481,  5.436084,  1.265,  0.1046,  0.1690,  34.3863,  12 Jun 2018 17:03:04
# 27.0753,  5.438545,  1.259,  0.0997,  0.1591,  34.3837,  12 Jun 2018 17:07:04
# 27.0807,  5.438851,  1.250,  0.0970,  0.1715,  34.3819,  12 Jun 2018 17:11:04
# 27.0663,  5.437986,  1.243,  0.0982,  0.1633,  34.3864,  12 Jun 2018 17:15:04
# 27.0817,  5.437986,  1.229,  0.1070,  0.1860,  34.3750,  12 Jun 2018 17:19:04
# 27.0741,  5.437239,  1.239,  0.1035,  0.1730,  34.3753,  12 Jun 2018 17:23:04
# 27.0747,  5.435706,  1.228,  0.1118,  0.1944,  34.3640,  12 Jun 2018 17:27:04
# 27.0582,  5.433945,  1.220,  0.1146,  0.1727,  34.3637,  12 Jun 2018 17:31:04
# 27.0303,  5.431658,  1.227,  0.1178,  0.1727,  34.3680,  12 Jun 2018 17:35:04
# 27.0103,  5.429906,  1.201,  0.1158,  0.2354,  34.3703,  12 Jun 2018 17:39:04
# 27.0069,  5.429207,  1.200,  0.1105,  0.1713,  34.3679,  12 Jun 2018 17:43:04
# 27.0097,  5.428562,  1.194,  0.1144,  0.1763,  34.3612,  12 Jun 2018 17:47:04
# 26.9016,  5.423293,  1.191,  0.1071,  0.1774,  34.4037,  12 Jun 2018 17:51:04
# 26.9536,  5.424871,  1.197,  0.1070,  0.1666,  34.3763,  12 Jun 2018 17:55:04
# 26.9565,  5.424580,  1.185,  0.1084,  0.1628,  34.3722,  12 Jun 2018 17:59:04
