# 24.6353,  5.083924,  0.769,  0.1035,  0.2281,  33.6208,  05 Feb 2018 17:01:23
# 24.6398,  5.128300,  0.783,  0.1221,  0.2244,  33.9472,  05 Feb 2018 17:05:23
# 24.6031,  5.143613,  0.763,  0.1221,  0.2170,  34.0889,  05 Feb 2018 17:09:23
# 24.5497,  5.142348,  0.790,  0.1118,  0.2328,  34.1200,  05 Feb 2018 17:13:23
# 24.5389,  5.143683,  0.794,  0.1084,  0.1836,  34.1381,  05 Feb 2018 17:17:23
# 24.4804,  5.147723,  0.785,  0.1060,  0.2121,  34.2129,  05 Feb 2018 17:21:23
# 24.5387,  5.125849,  0.804,  0.1012,  0.2061,  34.0054,  05 Feb 2018 17:25:23
# 24.5690,  5.131407,  0.801,  0.1146,  0.2338,  34.0238,  05 Feb 2018 17:29:23
# 24.5296,  5.129107,  0.787,  0.1087,  0.2179,  34.0366,  05 Feb 2018 17:33:23
# 24.5650,  5.126370,  0.804,  0.1184,  0.2304,  33.9893,  05 Feb 2018 17:37:23
# 24.5472,  5.132442,  0.785,  0.1084,  0.2048,  34.0481,  05 Feb 2018 17:41:23
# 24.5504,  5.113859,  0.804,  0.1072,  0.2254,  33.9072,  05 Feb 2018 17:45:23
# 24.5352,  5.128593,  0.807,  0.1059,  0.2047,  34.0285,  05 Feb 2018 17:49:23
# 24.5671,  5.093485,  0.820,  0.1047,  0.2291,  33.7430,  05 Feb 2018 17:53:23
# 24.5411,  5.125343,  0.821,  0.1111,  0.2361,  33.9998,  05 Feb 2018 17:57:23
