# 26.8753,  5.419390,  0.683,  0.1021,  0.2164,  34.3954,  21 Jun 2018 06:00:08
# 26.8659,  5.418409,  0.689,  0.1020,  0.2274,  34.3954,  21 Jun 2018 06:04:08
# 26.8529,  5.416682,  0.685,  0.0997,  0.1811,  34.3927,  21 Jun 2018 06:08:08
# 26.8470,  5.416289,  0.689,  0.1019,  0.2057,  34.3943,  21 Jun 2018 06:12:08
# 26.8321,  5.413079,  0.697,  0.0983,  0.1957,  34.3824,  21 Jun 2018 06:16:08
# 26.8370,  5.414586,  0.693,  0.0971,  0.1788,  34.3895,  21 Jun 2018 06:20:08
# 26.8320,  5.414830,  0.696,  0.1019,  0.1946,  34.3950,  21 Jun 2018 06:24:08
# 26.8069,  5.409808,  0.715,  0.0958,  0.1922,  34.3777,  21 Jun 2018 06:28:08
# 26.7925,  5.405391,  0.703,  0.0983,  0.1812,  34.3568,  21 Jun 2018 06:32:08
# 26.7929,  5.406505,  0.698,  0.1007,  0.2178,  34.3644,  21 Jun 2018 06:36:08
# 26.7993,  5.408450,  0.708,  0.0982,  0.1887,  34.3736,  21 Jun 2018 06:40:08
# 26.8008,  5.408764,  0.733,  0.0958,  0.1814,  34.3747,  21 Jun 2018 06:44:08
# 26.8124,  5.411863,  0.720,  0.0995,  0.1984,  34.3883,  21 Jun 2018 06:48:08
# 26.8152,  5.414327,  0.727,  0.0997,  0.1872,  34.4038,  21 Jun 2018 06:52:08
# 26.8154,  5.413864,  0.726,  0.0961,  0.1803,  34.4004,  21 Jun 2018 06:56:08
