# 27.3544,  5.460618,  1.005,  0.1044,  0.1603,  34.3346,  24 Jun 2018 18:00:08
# 27.3373,  5.459287,  0.983,  0.1131,  0.1724,  34.3378,  24 Jun 2018 18:04:08
# 27.3303,  5.457326,  0.985,  0.1181,  0.1628,  34.3290,  24 Jun 2018 18:08:08
# 27.3255,  5.456711,  0.978,  0.1157,  0.1850,  34.3282,  24 Jun 2018 18:12:08
# 27.3245,  5.456475,  0.984,  0.1045,  0.1749,  34.3273,  24 Jun 2018 18:16:08
# 27.3188,  5.453396,  0.954,  0.1193,  0.1675,  34.3097,  24 Jun 2018 18:20:08
# 27.3116,  5.453625,  0.989,  0.1070,  0.1604,  34.3166,  24 Jun 2018 18:24:08
# 27.2998,  5.452830,  0.971,  0.1059,  0.1933,  34.3197,  24 Jun 2018 18:28:08
# 27.2843,  5.451972,  0.943,  0.1094,  0.2213,  34.3250,  24 Jun 2018 18:32:08
# 27.2750,  5.451468,  0.966,  0.1083,  0.1859,  34.3283,  24 Jun 2018 18:36:08
# 27.2699,  5.449800,  0.955,  0.1056,  0.1616,  34.3202,  24 Jun 2018 18:40:08
# 27.2611,  5.447620,  0.942,  0.1067,  0.1566,  34.3112,  24 Jun 2018 18:44:08
# 27.2594,  5.446093,  0.930,  0.1216,  0.1943,  34.3017,  24 Jun 2018 18:48:08
# 27.2574,  5.445204,  0.926,  0.1328,  0.1799,  34.2968,  24 Jun 2018 18:52:08
# 27.2568,  5.445487,  0.911,  0.1389,  0.1640,  34.2993,  24 Jun 2018 18:56:08
