# 24.9504,  5.231888,  0.627,  0.1058,  0.3278,  34.4803,  23 May 2018 06:03:04
# 24.9550,  5.231595,  0.625,  0.1087,  0.3098,  34.4746,  23 May 2018 06:07:04
# 24.9400,  5.232275,  0.633,  0.1048,  0.3005,  34.4911,  23 May 2018 06:11:04
# 24.9133,  5.229848,  0.641,  0.1157,  0.7225,  34.4934,  23 May 2018 06:15:04
# 24.9227,  5.228812,  0.604,  0.1157,  0.4723,  34.4786,  23 May 2018 06:19:04
# 24.9358,  5.227304,  0.621,  0.1146,  0.4337,  34.4575,  23 May 2018 06:23:04
# 24.9251,  5.226709,  0.593,  0.1184,  0.4889,  34.4612,  23 May 2018 06:27:04
# 24.9425,  5.227435,  0.632,  0.1171,  0.5167,  34.4533,  23 May 2018 06:31:04
# 24.9480,  5.229808,  0.616,  0.1122,  0.3293,  34.4667,  23 May 2018 06:35:04
# 24.9358,  5.229778,  0.617,  0.1107,  0.3756,  34.4758,  23 May 2018 06:39:04
# 24.9451,  5.230489,  0.648,  0.1099,  0.3230,  34.4740,  23 May 2018 06:43:04
# 24.9455,  5.230705,  0.661,  0.1110,  0.4068,  34.4752,  23 May 2018 06:47:04
# 24.9535,  5.231185,  0.622,  0.1096,  0.3647,  34.4727,  23 May 2018 06:51:04
# 24.9699,  5.231919,  0.636,  0.1110,  0.3168,  34.4656,  23 May 2018 06:55:04
# 24.9733,  5.231300,  0.602,  0.1110,  0.3191,  34.4585,  23 May 2018 06:59:04
