# 24.0091,  5.146740,  0.839,  0.1025,  0.5975,  34.5681,  24 Feb 2018 05:00:46
# 24.0114,  5.145842,  0.827,  0.1061,  0.6213,  34.5595,  24 Feb 2018 05:04:46
# 23.9908,  5.147255,  0.808,  0.1025,  0.5582,  34.5862,  24 Feb 2018 05:08:46
# 23.9966,  5.146533,  0.815,  0.1038,  0.5516,  34.5762,  24 Feb 2018 05:12:46
# 24.0059,  5.146057,  0.840,  0.1035,  0.4916,  34.5654,  24 Feb 2018 05:16:46
# 24.0009,  5.146548,  0.857,  0.1025,  0.5457,  34.5730,  24 Feb 2018 05:20:46
# 24.0011,  5.147101,  0.842,  0.1050,  0.4144,  34.5770,  24 Feb 2018 05:24:46
# 23.9974,  5.146403,  0.798,  0.1084,  0.5001,  34.5746,  24 Feb 2018 05:28:46
# 24.0071,  5.147186,  0.853,  0.1063,  0.5904,  34.5730,  24 Feb 2018 05:32:46
# 23.9781,  5.148000,  0.782,  0.1010,  0.6529,  34.6017,  24 Feb 2018 05:36:46
# 24.0001,  5.145811,  0.815,  0.1037,  0.4927,  34.5681,  24 Feb 2018 05:40:46
# 23.9924,  5.145573,  0.816,  0.1035,  0.6086,  34.5723,  24 Feb 2018 05:44:46
# 23.9884,  5.145658,  0.784,  0.1037,  0.6176,  34.5760,  24 Feb 2018 05:48:46
# 23.9971,  5.144568,  0.794,  0.1035,  0.4722,  34.5610,  24 Feb 2018 05:52:46
# 23.9864,  5.145259,  0.786,  0.1050,  0.5470,  34.5746,  24 Feb 2018 05:56:46
