# 26.9288,  5.454403,  0.920,  0.1009,  0.2608,  34.6056,  28 Jul 2018 04:00:08
# 26.9068,  5.454152,  0.879,  0.1009,  0.3510,  34.6202,  28 Jul 2018 04:04:08
# 26.9133,  5.453734,  0.933,  0.1019,  0.2393,  34.6124,  28 Jul 2018 04:08:08
# 26.8976,  5.452861,  0.909,  0.0997,  0.2883,  34.6179,  28 Jul 2018 04:12:08
# 26.8861,  5.449956,  0.879,  0.0980,  0.2633,  34.6057,  28 Jul 2018 04:16:08
# 26.8762,  5.450137,  0.910,  0.1010,  0.2573,  34.6143,  28 Jul 2018 04:20:08
# 26.8783,  5.450790,  0.934,  0.0996,  0.2638,  34.6175,  28 Jul 2018 04:24:08
# 26.8770,  5.452798,  0.933,  0.0971,  0.2474,  34.6328,  28 Jul 2018 04:28:08
# 26.8643,  5.451838,  0.924,  0.0972,  0.2779,  34.6354,  28 Jul 2018 04:32:08
# 26.8544,  5.449791,  0.935,  0.0970,  0.2704,  34.6282,  28 Jul 2018 04:36:08
# 26.8390,  5.450201,  0.934,  0.0971,  0.2657,  34.6426,  28 Jul 2018 04:40:08
# 26.8198,  5.448147,  0.920,  0.0970,  0.2943,  34.6422,  28 Jul 2018 04:44:08
# 26.8185,  5.448289,  0.928,  0.0981,  0.2561,  34.6442,  28 Jul 2018 04:48:08
# 26.8211,  5.450115,  0.917,  0.0970,  0.2620,  34.6553,  28 Jul 2018 04:52:08
# 26.8252,  5.451712,  0.916,  0.0996,  0.2575,  34.6638,  28 Jul 2018 04:56:08
