# 24.5539,  5.194926,  0.692,  0.1009,  0.3095,  34.5091,  23 Feb 2018 16:00:46
# 24.5502,  5.194194,  0.665,  0.0998,  0.3066,  34.5065,  23 Feb 2018 16:04:46
# 24.5472,  5.193978,  0.687,  0.1034,  0.3146,  34.5072,  23 Feb 2018 16:08:46
# 24.5489,  5.194055,  0.679,  0.0970,  0.3293,  34.5065,  23 Feb 2018 16:12:46
# 24.5742,  5.196267,  0.684,  0.1033,  0.3269,  34.5036,  23 Feb 2018 16:16:46
# 24.6084,  5.197261,  0.687,  0.1022,  0.3268,  34.4846,  23 Feb 2018 16:20:46
# 24.5473,  5.193600,  0.661,  0.1098,  0.3380,  34.5043,  23 Feb 2018 16:24:46
# 24.5130,  5.191743,  0.671,  0.1060,  0.3123,  34.5168,  23 Feb 2018 16:28:46
# 24.5421,  5.194672,  0.699,  0.0998,  0.3135,  34.5163,  23 Feb 2018 16:32:46
# 24.5760,  5.197123,  0.665,  0.0961,  0.2947,  34.5085,  23 Feb 2018 16:36:46
# 24.5794,  5.196776,  0.679,  0.0999,  0.2995,  34.5033,  23 Feb 2018 16:40:46
# 24.5611,  5.196506,  0.705,  0.0964,  0.3006,  34.5154,  23 Feb 2018 16:44:46
# 24.5784,  5.198241,  0.679,  0.0985,  0.2982,  34.5150,  23 Feb 2018 16:48:46
# 24.5863,  5.198966,  0.698,  0.0935,  0.2782,  34.5144,  23 Feb 2018 16:52:46
# 24.6109,  5.197647,  0.662,  0.1147,  0.3182,  34.4857,  23 Feb 2018 16:56:46
