# 27.0303,  5.45866,    0.760, 0.1143, 0.2948,  34.5605, 23 Oct 2017 00:01:27
# 27.0254,  5.45611,    0.765, 0.1131, 0.3960,  34.5459, 23 Oct 2017 00:05:27
# 27.0144,  5.45502,    0.764, 0.1120, 0.3709,  34.5463, 23 Oct 2017 00:09:27
# 27.0153,  5.45699,    0.864, 0.1108, 0.4000,  34.5597, 23 Oct 2017 00:13:27
# 27.0127,  5.45567,    0.789, 0.1093, 0.3597,  34.5522, 23 Oct 2017 00:17:27
# 27.0063,  5.45461,    0.749, 0.1131, 0.3292,  34.5494, 23 Oct 2017 00:21:27
# 27.0212,  5.46210,    0.886, 0.1068, 0.3625,  34.5916, 23 Oct 2017 00:25:27
# 27.0024,  5.45650,    0.852, 0.1105, 0.4195,  34.5658, 23 Oct 2017 00:29:27
# 26.9911,  5.45265,    0.760, 0.1083, 0.3319,  34.5468, 23 Oct 2017 00:33:27
# 26.9796,  5.44830,    0.758, 0.1120, 0.3635,  34.5243, 23 Oct 2017 00:37:27
# 26.9681,  5.44810,    0.836, 0.1082, 0.3949,  34.5314, 23 Oct 2017 00:41:27
# 26.9772,  5.44841,    0.864, 0.1142, 0.4108,  34.5268, 23 Oct 2017 00:45:27
# 26.9898,  5.45505,    0.803, 0.1122, 0.3950,  34.5648, 23 Oct 2017 00:49:27
# 26.9689,  5.45177,    0.847, 0.1044, 0.3501,  34.5570, 23 Oct 2017 00:53:27
# 26.9812,  5.45389,    0.825, 0.1019, 0.3246,  34.5630, 23 Oct 2017 00:57:27
