# 26.8605,  5.432541,  0.825,  0.1157,  0.2291,  34.5003,  03 Jul 2018 00:00:08
# 26.8646,  5.432156,  0.825,  0.1142,  0.2252,  34.4945,  03 Jul 2018 00:04:08
# 26.8580,  5.431543,  0.793,  0.1131,  0.2441,  34.4951,  03 Jul 2018 00:08:08
# 26.8391,  5.431536,  0.830,  0.1143,  0.2477,  34.5091,  03 Jul 2018 00:12:08
# 26.8152,  5.430051,  0.796,  0.1119,  0.2322,  34.5162,  03 Jul 2018 00:16:08
# 26.8417,  5.430828,  0.798,  0.1157,  0.2512,  34.5021,  03 Jul 2018 00:20:08
# 26.8514,  5.430585,  0.775,  0.1168,  0.2680,  34.4931,  03 Jul 2018 00:24:08
# 26.8418,  5.430105,  0.777,  0.1157,  0.2370,  34.4968,  03 Jul 2018 00:28:08
# 26.8086,  5.428864,  0.805,  0.1131,  0.2359,  34.5127,  03 Jul 2018 00:32:08
# 26.8392,  5.429437,  0.767,  0.1203,  0.2277,  34.4940,  03 Jul 2018 00:36:08
# 26.8443,  5.429076,  0.773,  0.1195,  0.2331,  34.4876,  03 Jul 2018 00:40:08
# 26.8561,  5.429429,  0.782,  0.1257,  0.2203,  34.4814,  03 Jul 2018 00:44:08
# 26.8143,  5.427403,  0.751,  0.1143,  0.2347,  34.4980,  03 Jul 2018 00:48:08
# 26.7955,  5.426657,  0.746,  0.1181,  0.2539,  34.5067,  03 Jul 2018 00:52:08
# 26.7678,  5.425054,  0.759,  0.1084,  0.2404,  34.5158,  03 Jul 2018 00:56:08
