# 27.0760,  6.725545,  0.949,  0.1167,  0.3509,  43.7336,  23 Aug 2018 00:00:08
# 27.0605,  6.720767,  0.868,  0.1119,  0.4804,  43.7129,  23 Aug 2018 00:04:08
# 27.0558,  6.721458,  0.847,  0.1119,  0.3826,  43.7225,  23 Aug 2018 00:08:08
# 27.0545,  6.721804,  0.882,  0.1144,  0.3969,  43.7263,  23 Aug 2018 00:12:08
# 27.0443,  6.719316,  0.985,  0.1104,  0.4730,  43.7174,  23 Aug 2018 00:16:08
# 27.0454,  6.720128,  1.005,  0.1092,  0.4552,  43.7224,  23 Aug 2018 00:20:08
# 27.0439,  6.712925,  0.900,  0.1230,  0.7933,  43.6705,  23 Aug 2018 00:24:08
# 27.0558,  6.701472,  0.921,  0.1216,  0.4016,  43.5743,  23 Aug 2018 00:28:08
# 27.0490,  6.696210,  0.987,  0.1183,  0.5407,  43.5416,  23 Aug 2018 00:32:08
# 27.0358,  6.686442,  0.896,  0.1144,  0.4469,  43.4817,  23 Aug 2018 00:36:08
# 27.0243,  6.673270,  0.983,  0.1131,  0.5238,  43.3948,  23 Aug 2018 00:40:08
# 27.0430,  6.677446,  0.913,  0.1229,  0.3995,  43.4082,  23 Aug 2018 00:44:08
# 27.0309,  6.683245,  0.977,  0.1183,  0.4029,  43.4626,  23 Aug 2018 00:48:08
# 27.0159,  6.688950,  0.976,  0.1193,  0.3216,  43.5190,  23 Aug 2018 00:52:08
# 27.0159,  6.690278,  1.032,  0.1180,  0.3754,  43.5289,  23 Aug 2018 00:56:08
