# 28.2224,  5.597848,  1.261,  0.1054,  0.1456,  34.6610,  01 Oct 2017 12:00:05
# 28.2340,  5.599042,  1.281,  0.0932,  0.1550,  34.6608,  01 Oct 2017 12:04:05
# 28.2178,  5.597027,  1.296,  0.0956,  0.1619,  34.6587,  01 Oct 2017 12:08:05
# 28.1476,  5.590803,  1.280,  0.0981,  0.1527,  34.6667,  01 Oct 2017 12:12:05
# 28.2176,  5.597004,  1.295,  0.0954,  0.1442,  34.6586,  01 Oct 2017 12:16:05
# 28.2435,  5.602196,  1.265,  0.0909,  0.1455,  34.6759,  01 Oct 2017 12:20:05
# 28.2997,  5.605940,  1.296,  0.0932,  0.1529,  34.6607,  01 Oct 2017 12:24:05
# 28.1689,  5.595348,  1.315,  0.0969,  0.1646,  34.6828,  01 Oct 2017 12:28:05
# 28.2353,  5.599934,  1.301,  0.0969,  0.1466,  34.6661,  01 Oct 2017 12:32:05
# 28.2511,  5.602770,  1.300,  0.0907,  0.1491,  34.6743,  01 Oct 2017 12:36:05
# 28.2876,  5.607853,  1.290,  0.0944,  0.1519,  34.6829,  01 Oct 2017 12:40:05
# 28.3341,  5.609542,  1.306,  0.0871,  0.1489,  34.6606,  01 Oct 2017 12:44:05
# 28.3001,  5.611065,  1.305,  0.0883,  0.1527,  34.6961,  01 Oct 2017 12:48:05
# 28.3366,  5.612308,  1.297,  0.0833,  0.1431,  34.6780,  01 Oct 2017 12:52:05
# 28.3448,  5.613392,  1.285,  0.0955,  0.1563,  34.6795,  01 Oct 2017 12:56:05
