# 27.9864,  5.57752,    0.748, 0.1288, 0.4179,  34.6925, 11 Oct 2017 16:01:27
# 27.9857,  5.57762,    0.782, 0.1218, 0.3565,  34.6937, 11 Oct 2017 16:05:27
# 28.0186,  5.57665,    0.705, 0.1374, 0.2985,  34.6628, 11 Oct 2017 16:09:27
# 27.9926,  5.57681,    0.809, 0.1169, 0.3016,  34.6830, 11 Oct 2017 16:13:27
# 27.9619,  5.57261,    0.786, 0.1289, 0.3512,  34.6762, 11 Oct 2017 16:17:27
# 27.9499,  5.57162,    0.736, 0.1269, 0.3256,  34.6781, 11 Oct 2017 16:21:27
# 27.9427,  5.57103,    0.918, 0.1216, 0.2960,  34.6792, 11 Oct 2017 16:25:27
# 27.9396,  5.57135,    0.792, 0.1143, 0.3053,  34.6838, 11 Oct 2017 16:29:27
# 27.9221,  5.57126,    0.773, 0.1254, 0.3183,  34.6961, 11 Oct 2017 16:33:27
# 27.9651,  5.57736,    0.812, 0.1141, 0.2901,  34.7072, 11 Oct 2017 16:37:27
# 27.9413,  5.57350,    0.871, 0.1140, 0.3233,  34.6976, 11 Oct 2017 16:41:27
# 27.9532,  5.57426,    0.751, 0.1388, 0.3832,  34.6942, 11 Oct 2017 16:45:27
# 27.9476,  5.57410,    0.784, 0.1228, 0.3196,  34.6972, 11 Oct 2017 16:49:27
# 27.9199,  5.57098,    0.747, 0.1375, 0.3723,  34.6957, 11 Oct 2017 16:53:27
# 27.8995,  5.56885,    0.702, 0.1281, 0.2770,  34.6958, 11 Oct 2017 16:57:27
