# 27.6735,  5.501977,  1.075,  0.1280,  0.1646,  34.3921,  03 Oct 2017 00:00:05
# 27.6476,  5.499163,  1.041,  0.1180,  0.1573,  34.3913,  03 Oct 2017 00:04:05
# 27.6565,  5.504411,  1.000,  0.1167,  0.1754,  34.4217,  03 Oct 2017 00:08:05
# 27.6486,  5.501929,  1.015,  0.1156,  0.1538,  34.4101,  03 Oct 2017 00:12:05
# 27.6605,  5.508728,  1.054,  0.1218,  0.1683,  34.4492,  03 Oct 2017 00:16:05
# 27.6556,  5.505107,  1.136,  0.1102,  0.1585,  34.4272,  03 Oct 2017 00:20:05
# 27.6757,  5.511757,  1.049,  0.1117,  0.1468,  34.4593,  03 Oct 2017 00:24:05
# 27.6603,  5.509535,  1.087,  0.1116,  0.1633,  34.4550,  03 Oct 2017 00:28:05
# 27.6541,  5.509812,  1.071,  0.1142,  0.1572,  34.4615,  03 Oct 2017 00:32:05
# 27.6962,  5.522891,  1.069,  0.1033,  0.1561,  34.5226,  03 Oct 2017 00:36:05
# 27.6762,  5.518625,  1.085,  0.1202,  0.1622,  34.5073,  03 Oct 2017 00:40:05
# 27.6756,  5.516489,  1.104,  0.1045,  0.1517,  34.4927,  03 Oct 2017 00:44:05
# 27.6787,  5.520303,  1.042,  0.1034,  0.1537,  34.5173,  03 Oct 2017 00:48:05
# 27.6883,  5.521546,  1.098,  0.1094,  0.1778,  34.5190,  03 Oct 2017 00:52:05
# 27.6724,  5.514613,  1.091,  0.1102,  0.1770,  34.4818,  03 Oct 2017 00:56:05
