# 24.6634,  5.11301,    0.946, 0.1147, 0.1646,  33.8157, 24 Dec 2017 20:03:16
# 24.6792,  5.11360,    0.968, 0.1099, 0.1585,  33.8083, 24 Dec 2017 20:07:16
# 24.6831,  5.11419,    0.977, 0.1111, 0.1730,  33.8096, 24 Dec 2017 20:11:16
# 24.6869,  5.11520,    0.984, 0.1123, 0.1506,  33.8143, 24 Dec 2017 20:15:16
# 24.7050,  5.11906,    0.965, 0.1110, 0.1456,  33.8294, 24 Dec 2017 20:19:16
# 24.6851,  5.11622,    0.981, 0.1148, 0.1645,  33.8233, 24 Dec 2017 20:23:16
# 24.7256,  5.12253,    0.983, 0.1086, 0.1683,  33.8397, 24 Dec 2017 20:27:16
# 24.6657,  5.11488,    0.981, 0.1059, 0.1745,  33.8279, 24 Dec 2017 20:31:16
# 24.6761,  5.11587,    0.979, 0.1051, 0.1731,  33.8274, 24 Dec 2017 20:35:16
# 24.6607,  5.11553,    0.971, 0.0983, 0.1515,  33.8365, 24 Dec 2017 20:39:16
# 24.6563,  5.11443,    0.984, 0.1014, 0.1491,  33.8316, 24 Dec 2017 20:43:16
# 24.6250,  5.11048,    0.989, 0.1012, 0.1360,  33.8258, 24 Dec 2017 20:47:16
# 24.6266,  5.11043,    0.991, 0.1001, 0.1492,  33.8242, 24 Dec 2017 20:51:16
# 24.6338,  5.11172,    0.996, 0.1048, 0.2039,  33.8284, 24 Dec 2017 20:55:16
# 24.6164,  5.10944,    0.988, 0.1051, 0.1398,  33.8245, 24 Dec 2017 20:59:16
