# 26.2855,  5.32888,    0.816, 0.1295, 0.2628,  34.1836, 26 Oct 2017 00:01:27
# 26.2713,  5.32723,    0.928, 0.1157, 0.2911,  34.1822, 26 Oct 2017 00:05:27
# 26.2813,  5.32701,    0.886, 0.1181, 0.3185,  34.1732, 26 Oct 2017 00:09:27
# 26.2906,  5.33015,    0.897, 0.1145, 0.2712,  34.1890, 26 Oct 2017 00:13:27
# 26.2781,  5.32849,    0.844, 0.1096, 0.2628,  34.1862, 26 Oct 2017 00:17:27
# 26.2607,  5.32515,    0.773, 0.1043, 0.2567,  34.1751, 26 Oct 2017 00:21:27
# 26.2887,  5.32930,    0.864, 0.1117, 0.2650,  34.1842, 26 Oct 2017 00:25:27
# 26.2913,  5.32925,    0.847, 0.1120, 0.2530,  34.1819, 26 Oct 2017 00:29:27
# 26.2943,  5.32966,    0.846, 0.1083, 0.2612,  34.1827, 26 Oct 2017 00:33:27
# 26.2914,  5.33130,    0.883, 0.1083, 0.3223,  34.1967, 26 Oct 2017 00:37:27
# 26.2860,  5.33054,    0.901, 0.1084, 0.2866,  34.1951, 26 Oct 2017 00:41:27
# 26.2942,  5.33355,    0.882, 0.1122, 0.2947,  34.2108, 26 Oct 2017 00:45:27
# 26.2855,  5.33041,    0.808, 0.1110, 0.2949,  34.1947, 26 Oct 2017 00:49:27
# 26.2849,  5.32970,    0.892, 0.1045, 0.2757,  34.1899, 26 Oct 2017 00:53:27
# 26.2672,  5.32739,    0.777, 0.1069, 0.3416,  34.1865, 26 Oct 2017 00:57:27
