# 24.6581,  5.16622,    0.880, 0.1061, 0.1964,  34.2154, 01 Jan 2018 09:03:16
# 24.6548,  5.16409,    0.872, 0.1025, 0.2193,  34.2020, 01 Jan 2018 09:07:16
# 24.6619,  5.16481,    0.866, 0.0999, 0.2010,  34.2020, 01 Jan 2018 09:11:16
# 24.6688,  5.16522,    0.865, 0.0998, 0.1878,  34.1998, 01 Jan 2018 09:15:16
# 24.6761,  5.16456,    0.859, 0.0961, 0.1887,  34.1893, 01 Jan 2018 09:19:16
# 24.6713,  5.16047,    0.864, 0.0985, 0.1952,  34.1626, 01 Jan 2018 09:23:16
# 24.6793,  5.16113,    0.840, 0.0960, 0.1875,  34.1614, 01 Jan 2018 09:27:16
# 24.6765,  5.15949,    0.835, 0.0959, 0.1843,  34.1514, 01 Jan 2018 09:31:16
# 24.6613,  5.15556,    0.842, 0.0984, 0.1940,  34.1336, 01 Jan 2018 09:35:16
# 24.6622,  5.15553,    0.827, 0.0987, 0.1878,  34.1327, 01 Jan 2018 09:39:16
# 24.6552,  5.15582,    0.825, 0.1035, 0.1975,  34.1402, 01 Jan 2018 09:43:16
# 24.6594,  5.15663,    0.817, 0.0986, 0.1866,  34.1431, 01 Jan 2018 09:47:16
# 24.6628,  5.15831,    0.810, 0.0999, 0.1874,  34.1530, 01 Jan 2018 09:51:16
# 24.6783,  5.16212,    0.807, 0.0985, 0.2109,  34.1695, 01 Jan 2018 09:55:16
# 24.6960,  5.16746,    0.819, 0.0986, 0.1925,  34.1958, 01 Jan 2018 09:59:16
