# 27.0621,  5.448812,  1.004,  0.1121,  0.5284,  34.4666,  01 Sep 2017 00:00:05
# 27.1268,  5.448283,  1.062,  0.1144,  0.4559,  34.4149,  01 Sep 2017 00:04:05
# 27.0916,  5.447221,  1.108,  0.1131,  0.4620,  34.4334,  01 Sep 2017 00:08:05
# 27.0341,  5.447458,  0.966,  0.1034,  0.4929,  34.4778,  01 Sep 2017 00:12:05
# 27.0133,  5.446192,  1.140,  0.1020,  0.4675,  34.4841,  01 Sep 2017 00:16:05
# 27.0074,  5.445861,  1.052,  0.1044,  0.6726,  34.4861,  01 Sep 2017 00:20:05
# 27.0159,  5.445468,  0.992,  0.1047,  0.6507,  34.4771,  01 Sep 2017 00:24:05
# 27.0165,  5.445019,  1.163,  0.1046,  0.5470,  34.4734,  01 Sep 2017 00:28:05
# 27.0099,  5.445043,  0.990,  0.1058,  0.5272,  34.4785,  01 Sep 2017 00:32:05
# 26.9698,  5.444375,  1.284,  0.1020,  0.6362,  34.5034,  01 Sep 2017 00:36:05
# 26.9773,  5.443761,  0.897,  0.0980,  0.5521,  34.4936,  01 Sep 2017 00:40:05
# 26.9618,  5.443825,  1.189,  0.0958,  0.5368,  34.5054,  01 Sep 2017 00:44:05
# 27.0329,  5.443847,  1.117,  0.1106,  0.5899,  34.4529,  01 Sep 2017 00:48:05
# 26.9799,  5.443730,  1.134,  0.1019,  0.5663,  34.4914,  01 Sep 2017 00:52:05
# 26.9964,  5.442526,  0.976,  0.1083,  0.6471,  34.4706,  01 Sep 2017 00:56:05
