# 25.1068,  5.248771,  0.713,  0.1010,  0.5206,  34.4858,  20 May 2018 05:03:04
# 25.1728,  5.250373,  0.684,  0.1060,  0.4229,  34.4474,  20 May 2018 05:07:04
# 25.1582,  5.250102,  0.727,  0.1072,  0.5396,  34.4565,  20 May 2018 05:11:04
# 25.1614,  5.249088,  0.711,  0.1136,  0.6632,  34.4465,  20 May 2018 05:15:04
# 25.0717,  5.247029,  0.708,  0.1023,  0.6428,  34.4997,  20 May 2018 05:19:04
# 25.1164,  5.247269,  0.722,  0.1035,  0.4569,  34.4674,  20 May 2018 05:23:04
# 25.1097,  5.247617,  0.702,  0.1071,  0.5953,  34.4751,  20 May 2018 05:27:04
# 25.0991,  5.246077,  0.691,  0.1084,  0.4803,  34.4717,  20 May 2018 05:31:04
# 25.0872,  5.245775,  0.737,  0.1011,  0.4557,  34.4786,  20 May 2018 05:35:04
# 25.0523,  5.245272,  0.666,  0.1024,  0.7443,  34.5015,  20 May 2018 05:39:04
# 25.1439,  5.249630,  0.722,  0.1069,  0.4115,  34.4639,  20 May 2018 05:43:04
# 25.1288,  5.248554,  0.740,  0.1061,  0.4146,  34.4674,  20 May 2018 05:47:04
# 25.1093,  5.246502,  0.714,  0.1035,  0.4287,  34.4672,  20 May 2018 05:51:04
# 25.1097,  5.248423,  0.715,  0.0997,  0.5156,  34.4810,  20 May 2018 05:55:04
# 25.1064,  5.248523,  0.719,  0.0987,  0.4103,  34.4843,  20 May 2018 05:59:04
