# 26.9600,  6.096887,  0.909,  0.1206,  0.2319,  39.2158,  29 Aug 2018 22:00:08
# 26.9605,  6.100319,  0.882,  0.1169,  0.2706,  39.2404,  29 Aug 2018 22:04:08
# 26.9647,  6.106003,  0.891,  0.1143,  0.2201,  39.2783,  29 Aug 2018 22:08:08
# 26.9426,  6.103480,  0.858,  0.1144,  0.2406,  39.2787,  29 Aug 2018 22:12:08
# 26.9056,  6.068470,  0.881,  0.1305,  0.2367,  39.0548,  29 Aug 2018 22:16:08
# 26.9203,  6.083464,  0.848,  0.1146,  0.2564,  39.1516,  29 Aug 2018 22:20:08
# 26.9079,  6.089332,  0.838,  0.1180,  0.2850,  39.2050,  29 Aug 2018 22:24:08
# 26.9056,  6.092845,  0.874,  0.1131,  0.2598,  39.2325,  29 Aug 2018 22:28:08
# 26.9037,  6.095201,  0.893,  0.1107,  0.2895,  39.2513,  29 Aug 2018 22:32:08
# 26.8772,  6.090803,  0.873,  0.1129,  0.2612,  39.2417,  29 Aug 2018 22:36:08
# 26.8915,  6.096557,  0.863,  0.1082,  0.2692,  39.2716,  29 Aug 2018 22:40:08
# 26.8774,  6.094970,  0.786,  0.1131,  0.2918,  39.2720,  29 Aug 2018 22:44:08
# 26.8729,  6.098518,  0.818,  0.1107,  0.2775,  39.3017,  29 Aug 2018 22:48:08
# 26.8743,  6.097732,  0.890,  0.1120,  0.2764,  39.2947,  29 Aug 2018 22:52:08
# 26.8757,  6.095351,  0.850,  0.1156,  0.3096,  39.2763,  29 Aug 2018 22:56:08
