# 23.3553,  5.071609,  0.896,  0.1285,  0.1804,  34.5067,  08 Mar 2018 03:00:46
# 23.3635,  5.073417,  0.874,  0.1234,  0.1771,  34.5141,  08 Mar 2018 03:04:46
# 23.3448,  5.071853,  0.841,  0.1260,  0.1927,  34.5167,  08 Mar 2018 03:08:46
# 23.3195,  5.068009,  0.864,  0.1199,  0.1805,  34.5072,  08 Mar 2018 03:12:46
# 23.3208,  5.067574,  0.875,  0.1223,  0.1746,  34.5028,  08 Mar 2018 03:16:46
# 23.3421,  5.070907,  0.866,  0.1199,  0.1753,  34.5116,  08 Mar 2018 03:20:46
# 23.3466,  5.071243,  0.853,  0.1224,  0.1770,  34.5107,  08 Mar 2018 03:24:46
# 23.3560,  5.069122,  0.868,  0.1368,  0.1766,  34.4871,  08 Mar 2018 03:28:46
# 23.3552,  5.068382,  0.853,  0.1395,  0.1695,  34.4821,  08 Mar 2018 03:32:46
# 23.3556,  5.069465,  0.856,  0.1369,  0.2218,  34.4900,  08 Mar 2018 03:36:46
# 23.3509,  5.069053,  0.866,  0.1383,  0.1658,  34.4906,  08 Mar 2018 03:40:46
# 23.3558,  5.072135,  0.867,  0.1235,  0.1818,  34.5103,  08 Mar 2018 03:44:46
# 23.3501,  5.075623,  0.854,  0.1109,  0.1781,  34.5414,  08 Mar 2018 03:48:46
# 23.3406,  5.075120,  0.868,  0.1096,  0.1648,  34.5450,  08 Mar 2018 03:52:46
# 23.3295,  5.073273,  0.844,  0.1173,  0.1718,  34.5396,  08 Mar 2018 03:56:46
