# 26.7501,  6.616551,  1.035,  0.1033,  0.1933,  43.2314,  17 Aug 2018 07:00:08
# 26.7416,  6.616096,  0.980,  0.1044,  0.2153,  43.2361,  17 Aug 2018 07:04:08
# 26.7445,  6.615667,  1.062,  0.1046,  0.2322,  43.2302,  17 Aug 2018 07:08:08
# 26.7618,  6.616267,  1.077,  0.1057,  0.2091,  43.2183,  17 Aug 2018 07:12:08
# 26.7535,  6.616602,  1.042,  0.1043,  0.2055,  43.2286,  17 Aug 2018 07:16:08
# 26.7334,  6.614775,  1.000,  0.1109,  0.2166,  43.2340,  17 Aug 2018 07:20:08
# 26.7471,  6.615479,  1.078,  0.1022,  0.2103,  43.2263,  17 Aug 2018 07:24:08
# 26.7552,  6.615547,  1.117,  0.1024,  0.2476,  43.2192,  17 Aug 2018 07:28:08
# 26.7385,  6.615016,  1.084,  0.1044,  0.2237,  43.2310,  17 Aug 2018 07:32:08
# 26.7697,  6.615735,  1.092,  0.1006,  0.2033,  43.2069,  17 Aug 2018 07:36:08
# 26.7735,  6.616842,  1.119,  0.1058,  0.2276,  43.2116,  17 Aug 2018 07:40:08
# 26.7678,  6.617597,  1.116,  0.1019,  0.2005,  43.2226,  17 Aug 2018 07:44:08
# 26.7666,  6.617485,  1.129,  0.0997,  0.2032,  43.2228,  17 Aug 2018 07:48:08
# 26.7520,  6.617040,  1.165,  0.0999,  0.2055,  43.2333,  17 Aug 2018 07:52:08
# 26.7447,  6.616997,  1.162,  0.0982,  0.2042,  43.2398,  17 Aug 2018 07:56:08
