# 27.4049,  5.479609,  1.187,  0.0996,  0.1647,  34.4317,  27 Sep 2017 09:00:05
# 27.4182,  5.478544,  1.219,  0.0907,  0.1585,  34.4144,  27 Sep 2017 09:04:05
# 27.4418,  5.482260,  1.232,  0.1021,  0.1550,  34.4233,  27 Sep 2017 09:08:05
# 27.4583,  5.483759,  1.199,  0.0981,  0.1584,  34.4218,  27 Sep 2017 09:12:05
# 27.4659,  5.485938,  1.233,  0.0981,  0.1506,  34.4316,  27 Sep 2017 09:16:05
# 27.4760,  5.490517,  1.232,  0.0981,  0.1517,  34.4564,  27 Sep 2017 09:20:05
# 27.4913,  5.491827,  1.225,  0.0972,  0.1495,  34.4545,  27 Sep 2017 09:24:05
# 27.5052,  5.491203,  1.229,  0.0922,  0.1506,  34.4398,  27 Sep 2017 09:28:05
# 27.5216,  5.491882,  1.213,  0.0936,  0.1706,  34.4325,  27 Sep 2017 09:32:05
# 27.5505,  5.494030,  1.237,  0.0945,  0.1647,  34.4264,  27 Sep 2017 09:36:05
# 27.5779,  5.498019,  1.170,  0.0970,  0.1660,  34.4344,  27 Sep 2017 09:40:05
# 27.5688,  5.499979,  1.216,  0.1133,  0.1669,  34.4549,  27 Sep 2017 09:44:05
# 27.5609,  5.501686,  1.223,  0.0971,  0.1645,  34.4728,  27 Sep 2017 09:48:05
# 27.5387,  5.503323,  1.271,  0.0944,  0.1734,  34.5006,  27 Sep 2017 09:52:05
# 27.5705,  5.503022,  1.234,  0.0932,  0.1570,  34.4751,  27 Sep 2017 09:56:05
