# 27.2246,  5.465435,  1.284,  0.0958,  0.1763,  34.4644,  10 Jul 2018 16:00:08
# 27.2067,  5.464379,  1.287,  0.0937,  0.1653,  34.4701,  10 Jul 2018 16:04:08
# 27.2683,  5.468421,  1.284,  0.0922,  0.1801,  34.4532,  10 Jul 2018 16:08:08
# 27.1669,  5.462646,  1.282,  0.0971,  0.1767,  34.4873,  10 Jul 2018 16:12:08
# 27.1949,  5.461905,  1.280,  0.0944,  0.1663,  34.4613,  10 Jul 2018 16:16:08
# 27.2042,  5.463095,  1.262,  0.0970,  0.1888,  34.4629,  10 Jul 2018 16:20:08
# 27.1982,  5.462181,  1.269,  0.0984,  0.1686,  34.4608,  10 Jul 2018 16:24:08
# 27.1888,  5.461291,  1.252,  0.0969,  0.2276,  34.4615,  10 Jul 2018 16:28:08
# 27.1333,  5.458582,  1.269,  0.0996,  0.1801,  34.4833,  10 Jul 2018 16:32:08
# 27.2152,  5.463914,  1.244,  0.0972,  0.1764,  34.4605,  10 Jul 2018 16:36:08
# 27.2058,  5.462047,  1.230,  0.1033,  0.2042,  34.4543,  10 Jul 2018 16:40:08
# 27.2070,  5.460353,  1.250,  0.1141,  0.1960,  34.4414,  10 Jul 2018 16:44:08
# 27.1950,  5.458659,  1.194,  0.1241,  0.1859,  34.4382,  10 Jul 2018 16:48:08
# 27.1982,  5.459384,  1.233,  0.1157,  0.1918,  34.4410,  10 Jul 2018 16:52:08
# 27.2022,  5.460077,  1.250,  0.1117,  0.1908,  34.4429,  10 Jul 2018 16:56:08
