# 25.7664,  5.33016,    1.054, 0.1083, 0.2134,  34.5822, 20 Oct 2017 08:01:27
# 25.7776,  5.33139,    1.071, 0.1073, 0.1965,  34.5826, 20 Oct 2017 08:05:27
# 25.7712,  5.33077,    1.018, 0.1083, 0.2232,  34.5830, 20 Oct 2017 08:09:27
# 25.7818,  5.33156,    1.056, 0.1083, 0.1976,  34.5807, 20 Oct 2017 08:13:27
# 25.7946,  5.33304,    1.027, 0.1122, 0.2172,  34.5818, 20 Oct 2017 08:17:27
# 25.8011,  5.33359,    0.992, 0.1097, 0.2136,  34.5810, 20 Oct 2017 08:21:27
# 25.7998,  5.33359,    1.046, 0.1047, 0.1941,  34.5819, 20 Oct 2017 08:25:27
# 25.8058,  5.33413,    1.008, 0.1021, 0.1998,  34.5814, 20 Oct 2017 08:29:27
# 25.8061,  5.33433,    0.995, 0.0948, 0.1877,  34.5825, 20 Oct 2017 08:33:27
# 25.8175,  5.33529,    1.062, 0.1059, 0.1987,  34.5809, 20 Oct 2017 08:37:27
# 25.8289,  5.33653,    1.022, 0.1009, 0.2014,  34.5813, 20 Oct 2017 08:41:27
# 25.8321,  5.33677,    1.036, 0.0999, 0.1888,  34.5807, 20 Oct 2017 08:45:27
# 25.8443,  5.33803,    0.916, 0.1036, 0.1950,  34.5806, 20 Oct 2017 08:49:27
# 25.8610,  5.33941,    0.976, 0.1059, 0.2183,  34.5780, 20 Oct 2017 08:53:27
# 25.8728,  5.34063,    0.898, 0.1009, 0.2197,  34.5780, 20 Oct 2017 08:57:27
