# 25.3027,  5.271657,  0.965,  0.1032,  0.3326,  34.5053,  24 May 2018 23:03:04
# 25.3142,  5.270648,  0.965,  0.1131,  0.3557,  34.4891,  24 May 2018 23:07:04
# 25.3251,  5.271137,  0.956,  0.1147,  0.4117,  34.4845,  24 May 2018 23:11:04
# 25.3295,  5.272138,  0.971,  0.1109,  0.3256,  34.4885,  24 May 2018 23:15:04
# 25.3250,  5.272557,  0.980,  0.1060,  0.2980,  34.4950,  24 May 2018 23:19:04
# 25.3139,  5.271277,  0.993,  0.1060,  0.2877,  34.4940,  24 May 2018 23:23:04
# 25.3235,  5.271804,  0.997,  0.1060,  0.2958,  34.4906,  24 May 2018 23:27:04
# 25.3146,  5.271657,  0.978,  0.1086,  0.3500,  34.4963,  24 May 2018 23:31:04
# 25.3230,  5.270035,  0.974,  0.1099,  0.3181,  34.4780,  24 May 2018 23:35:04
# 25.3129,  5.269872,  0.972,  0.1145,  0.3074,  34.4844,  24 May 2018 23:39:04
# 25.3113,  5.268329,  0.972,  0.1198,  0.3486,  34.4743,  24 May 2018 23:43:04
# 25.3041,  5.268166,  0.989,  0.1134,  0.3291,  34.4786,  24 May 2018 23:47:04
# 25.3237,  5.267150,  0.965,  0.1220,  0.3705,  34.4562,  24 May 2018 23:51:04
# 25.2747,  5.268221,  0.981,  0.1070,  0.3944,  34.5013,  24 May 2018 23:55:04
# 25.2753,  5.266755,  1.001,  0.1083,  0.3180,  34.4901,  24 May 2018 23:59:04
