# 25.0560,  5.226413,  0.928,  0.1050,  0.2973,  34.3592,  28 Apr 2018 02:02:05
# 25.0553,  5.228585,  0.940,  0.1034,  0.2731,  34.3758,  28 Apr 2018 02:06:05
# 25.0578,  5.229428,  0.935,  0.1022,  0.3018,  34.3801,  28 Apr 2018 02:10:05
# 25.0548,  5.229273,  0.946,  0.0950,  0.2898,  34.3812,  28 Apr 2018 02:14:05
# 25.0469,  5.227720,  0.946,  0.0986,  0.3402,  34.3757,  28 Apr 2018 02:18:05
# 25.0600,  5.224558,  0.944,  0.1050,  0.2949,  34.3424,  28 Apr 2018 02:22:05
# 25.0636,  5.225493,  0.947,  0.1047,  0.2889,  34.3466,  28 Apr 2018 02:26:05
# 25.0714,  5.230703,  0.954,  0.1024,  0.2949,  34.3792,  28 Apr 2018 02:30:05
# 25.0708,  5.231948,  0.966,  0.0996,  0.2886,  34.3888,  28 Apr 2018 02:34:05
# 25.0740,  5.233665,  0.964,  0.1022,  0.2841,  34.3991,  28 Apr 2018 02:38:05
# 25.0671,  5.232211,  0.960,  0.1034,  0.2960,  34.3936,  28 Apr 2018 02:42:05
# 25.0437,  5.228663,  0.959,  0.1073,  0.3205,  34.3852,  28 Apr 2018 02:46:05
# 25.0404,  5.228176,  0.938,  0.1035,  0.3174,  34.3841,  28 Apr 2018 02:50:05
# 25.0366,  5.226970,  0.945,  0.1032,  0.2961,  34.3780,  28 Apr 2018 02:54:05
# 25.0411,  5.227209,  0.968,  0.1034,  0.2733,  34.3764,  28 Apr 2018 02:58:05
