# 25.1854,  5.255493,  0.880,  0.1025,  0.4192,  34.4755,  19 May 2018 07:03:04
# 25.1456,  5.252728,  0.868,  0.1035,  0.4313,  34.4854,  19 May 2018 07:07:04
# 25.1733,  5.253991,  0.889,  0.1023,  0.3971,  34.4737,  19 May 2018 07:11:04
# 25.2019,  5.255904,  0.863,  0.1034,  0.3777,  34.4660,  19 May 2018 07:15:04
# 25.2380,  5.259313,  0.894,  0.1096,  0.3463,  34.4637,  19 May 2018 07:19:04
# 25.2731,  5.262072,  0.869,  0.1049,  0.3436,  34.4573,  19 May 2018 07:23:04
# 25.3189,  5.266374,  0.898,  0.1157,  0.3850,  34.4541,  19 May 2018 07:27:04
# 25.2813,  5.264281,  0.864,  0.1070,  0.3684,  34.4673,  19 May 2018 07:31:04
# 25.2788,  5.264010,  0.818,  0.1072,  0.4108,  34.4673,  19 May 2018 07:35:04
# 25.2235,  5.259437,  0.859,  0.1025,  0.3571,  34.4756,  19 May 2018 07:39:04
# 25.2439,  5.261227,  0.856,  0.1073,  0.5660,  34.4733,  19 May 2018 07:43:04
# 25.2641,  5.262878,  0.889,  0.1022,  0.3840,  34.4701,  19 May 2018 07:47:04
# 25.2685,  5.263351,  0.870,  0.1036,  0.3612,  34.4702,  19 May 2018 07:51:04
# 25.3404,  5.269414,  0.887,  0.1112,  0.5097,  34.4602,  19 May 2018 07:55:04
# 25.2645,  5.263762,  0.870,  0.1036,  0.4710,  34.4763,  19 May 2018 07:59:04
