# 25.2866,  5.264219,  0.953,  0.0997,  0.2718,  34.4628,  27 Apr 2018 04:02:05
# 25.2829,  5.263560,  0.951,  0.1048,  0.2995,  34.4608,  27 Apr 2018 04:06:05
# 25.2831,  5.263839,  0.955,  0.0998,  0.2825,  34.4627,  27 Apr 2018 04:10:05
# 25.2865,  5.263878,  0.935,  0.1033,  0.2588,  34.4604,  27 Apr 2018 04:14:05
# 25.3081,  5.264110,  0.921,  0.1048,  0.2577,  34.4457,  27 Apr 2018 04:18:05
# 25.3174,  5.264870,  0.938,  0.1070,  0.2562,  34.4442,  27 Apr 2018 04:22:05
# 25.3007,  5.264250,  0.923,  0.1083,  0.2467,  34.4524,  27 Apr 2018 04:26:05
# 25.2798,  5.263382,  0.928,  0.1021,  0.2371,  34.4619,  27 Apr 2018 04:30:05
# 25.3057,  5.263490,  0.889,  0.1022,  0.2433,  34.4429,  27 Apr 2018 04:34:05
# 25.3118,  5.264033,  0.883,  0.1035,  0.2505,  34.4424,  27 Apr 2018 04:38:05
# 25.3386,  5.262520,  0.899,  0.1071,  0.2613,  34.4109,  27 Apr 2018 04:42:05
# 25.3202,  5.262544,  0.880,  0.1022,  0.2441,  34.4250,  27 Apr 2018 04:46:05
# 25.3002,  5.263180,  0.883,  0.1060,  0.2624,  34.4448,  27 Apr 2018 04:50:05
# 25.2981,  5.263180,  0.867,  0.1010,  0.2468,  34.4465,  27 Apr 2018 04:54:05
# 25.2867,  5.262203,  0.857,  0.0961,  0.2888,  34.4479,  27 Apr 2018 04:58:05
