# 25.5678,  5.267743,  0.944,  0.1096,  0.2651,  34.2760,  03 Dec 2017 16:02:57
# 25.5680,  5.271831,  0.950,  0.1070,  0.2817,  34.3058,  03 Dec 2017 16:06:57
# 25.5597,  5.266797,  0.950,  0.1109,  0.2457,  34.2752,  03 Dec 2017 16:10:57
# 25.5560,  5.263680,  0.949,  0.1099,  0.2460,  34.2552,  03 Dec 2017 16:14:57
# 25.5562,  5.266634,  0.946,  0.1083,  0.2625,  34.2767,  03 Dec 2017 16:18:57
# 25.5540,  5.270481,  0.947,  0.1083,  0.2696,  34.3065,  03 Dec 2017 16:22:57
# 25.5535,  5.272149,  0.950,  0.1072,  0.2528,  34.3191,  03 Dec 2017 16:26:57
# 25.5504,  5.271761,  0.945,  0.1024,  0.2467,  34.3186,  03 Dec 2017 16:30:57
# 25.5216,  5.264541,  0.944,  0.1049,  0.2325,  34.2874,  03 Dec 2017 16:34:57
# 25.5171,  5.260316,  0.955,  0.1085,  0.2283,  34.2598,  03 Dec 2017 16:38:57
# 25.5247,  5.262447,  0.945,  0.1134,  0.2505,  34.2698,  03 Dec 2017 16:42:57
# 25.5109,  5.259107,  0.945,  0.1061,  0.2121,  34.2557,  03 Dec 2017 16:46:57
# 25.4998,  5.252227,  0.944,  0.1048,  0.2305,  34.2137,  03 Dec 2017 16:50:57
# 25.5035,  5.253381,  0.940,  0.1034,  0.2033,  34.2193,  03 Dec 2017 16:54:57
# 25.4883,  5.249593,  0.930,  0.1083,  0.2122,  34.2030,  03 Dec 2017 16:58:57
