# 26.3900,  5.373557,  1.147,  0.1096,  0.2302,  34.4278,  14 May 2018 17:03:04
# 26.3907,  5.373439,  1.143,  0.1093,  0.2358,  34.4264,  14 May 2018 17:07:04
# 26.3481,  5.370538,  1.125,  0.1071,  0.3353,  34.4373,  14 May 2018 17:11:04
# 26.3116,  5.367935,  1.134,  0.1009,  0.2764,  34.4459,  14 May 2018 17:15:04
# 26.2386,  5.363652,  1.131,  0.0996,  0.2527,  34.4696,  14 May 2018 17:19:04
# 26.3387,  5.369412,  1.130,  0.1008,  0.2319,  34.4362,  14 May 2018 17:23:04
# 26.4145,  5.371890,  1.132,  0.1181,  0.2205,  34.3974,  14 May 2018 17:27:04
# 26.3738,  5.371641,  1.127,  0.1129,  0.2394,  34.4260,  14 May 2018 17:31:04
# 26.3039,  5.368748,  1.121,  0.1035,  0.2561,  34.4575,  14 May 2018 17:35:04
# 26.2748,  5.367005,  1.114,  0.1035,  0.2367,  34.4667,  14 May 2018 17:39:04
# 26.2617,  5.366208,  1.104,  0.0995,  0.2394,  34.4707,  14 May 2018 17:43:04
# 26.2434,  5.364902,  1.098,  0.0959,  0.2728,  34.4750,  14 May 2018 17:47:04
# 26.2290,  5.362174,  1.060,  0.1169,  0.3391,  34.4661,  14 May 2018 17:51:04
# 26.2223,  5.361534,  1.080,  0.1147,  0.2585,  34.4665,  14 May 2018 17:55:04
# 26.2152,  5.360619,  1.073,  0.1144,  0.2552,  34.4652,  14 May 2018 17:59:04
