# 24.9988,  5.17118,    0.816, 0.1246, 0.2060,  33.9944, 20 Dec 2017 14:03:16
# 24.9964,  5.16987,    0.817, 0.1293, 0.1963,  33.9865, 20 Dec 2017 14:07:16
# 25.0127,  5.17231,    0.814, 0.1267, 0.1987,  33.9923, 20 Dec 2017 14:11:16
# 25.0222,  5.17757,    0.853, 0.1308, 0.2348,  34.0240, 20 Dec 2017 14:15:16
# 25.0109,  5.17464,    0.843, 0.1464, 0.2134,  34.0108, 20 Dec 2017 14:19:16
# 25.0098,  5.17384,    0.805, 0.1440, 0.2160,  34.0058, 20 Dec 2017 14:23:16
# 25.0065,  5.17353,    0.824, 0.1318, 0.2192,  34.0060, 20 Dec 2017 14:27:16
# 25.0055,  5.17366,    0.847, 0.1342, 0.2313,  34.0077, 20 Dec 2017 14:31:16
# 25.0020,  5.17400,    0.827, 0.1307, 0.2159,  34.0128, 20 Dec 2017 14:35:16
# 24.9928,  5.17314,    0.836, 0.1270, 0.1905,  34.0134, 20 Dec 2017 14:39:16
# 24.9870,  5.17200,    0.835, 0.1205, 0.1767,  34.0094, 20 Dec 2017 14:43:16
# 24.9778,  5.16701,    0.814, 0.1357, 0.2074,  33.9794, 20 Dec 2017 14:47:16
# 24.9608,  5.16170,    0.815, 0.1244, 0.2181,  33.9529, 20 Dec 2017 14:51:16
# 24.9677,  5.16171,    0.850, 0.1221, 0.1997,  33.9478, 20 Dec 2017 14:55:16
# 24.9615,  5.16198,    0.832, 0.1221, 0.1839,  33.9545, 20 Dec 2017 14:59:16
