# 24.6649,  5.197430,  0.675,  0.0885,  0.2141,  34.4426,  29 Apr 2018 11:02:05
# 24.6467,  5.196143,  0.694,  0.0913,  0.1923,  34.4470,  29 Apr 2018 11:06:05
# 24.6616,  5.197677,  0.704,  0.0862,  0.2145,  34.4470,  29 Apr 2018 11:10:05
# 24.6929,  5.200476,  0.696,  0.0902,  0.2360,  34.4438,  29 Apr 2018 11:14:05
# 24.6564,  5.198062,  0.693,  0.0937,  0.3921,  34.4538,  29 Apr 2018 11:18:05
# 24.6725,  5.199273,  0.708,  0.0937,  0.2795,  34.4505,  29 Apr 2018 11:22:05
# 24.7005,  5.201987,  0.695,  0.0887,  0.2478,  34.4493,  29 Apr 2018 11:26:05
# 24.7415,  5.206446,  0.725,  0.0826,  0.2348,  34.4511,  29 Apr 2018 11:30:05
# 24.7294,  5.205474,  0.709,  0.0848,  0.2197,  34.4531,  29 Apr 2018 11:34:05
# 24.7022,  5.203191,  0.702,  0.0874,  0.2291,  34.4569,  29 Apr 2018 11:38:05
# 24.7451,  5.207071,  0.730,  0.0887,  0.2279,  34.4529,  29 Apr 2018 11:42:05
# 24.7551,  5.207881,  0.715,  0.0861,  0.2324,  34.4513,  29 Apr 2018 11:46:05
# 24.7611,  5.208722,  0.733,  0.0887,  0.2207,  34.4530,  29 Apr 2018 11:50:05
# 24.7535,  5.208576,  0.739,  0.0911,  0.2119,  34.4577,  29 Apr 2018 11:54:05
# 24.7439,  5.208792,  0.720,  0.0886,  0.2336,  34.4667,  29 Apr 2018 11:58:05
