# 24.3805,  5.152986,  0.932,  0.0975,  0.1862,  34.3286,  06 Feb 2018 11:01:23
# 24.4621,  5.150350,  0.942,  0.0990,  0.1816,  34.2464,  06 Feb 2018 11:05:23
# 24.4737,  5.153184,  0.914,  0.0911,  0.1781,  34.2587,  06 Feb 2018 11:09:23
# 24.4842,  5.150411,  0.949,  0.0938,  0.1718,  34.2300,  06 Feb 2018 11:13:23
# 24.4547,  5.153784,  0.916,  0.0936,  0.1804,  34.2777,  06 Feb 2018 11:17:23
# 24.4633,  5.155397,  0.916,  0.0889,  0.1765,  34.2832,  06 Feb 2018 11:21:23
# 24.4902,  5.156227,  0.909,  0.0924,  0.1804,  34.2689,  06 Feb 2018 11:25:23
# 24.5081,  5.158101,  0.920,  0.0951,  0.2035,  34.2692,  06 Feb 2018 11:29:23
# 24.4029,  5.160263,  0.908,  0.0986,  0.2232,  34.3658,  06 Feb 2018 11:33:23
# 24.5308,  5.163559,  0.903,  0.0938,  0.2084,  34.2926,  06 Feb 2018 11:37:23
# 24.4750,  5.162714,  0.896,  0.0975,  0.2119,  34.3289,  06 Feb 2018 11:41:23
# 24.4985,  5.166090,  0.873,  0.0949,  0.2171,  34.3362,  06 Feb 2018 11:45:23
# 24.5298,  5.169474,  0.886,  0.0936,  0.2134,  34.3375,  06 Feb 2018 11:49:23
# 24.4802,  5.169682,  0.891,  0.0938,  0.2420,  34.3771,  06 Feb 2018 11:53:23
# 24.5399,  5.170666,  0.874,  0.0936,  0.3267,  34.3387,  06 Feb 2018 11:57:23
