# 26.2905,  5.372142,  0.785,  0.1157,  0.3532,  34.4922,  30 Jun 2018 02:00:08
# 26.2951,  5.372424,  0.792,  0.1118,  0.3531,  34.4907,  30 Jun 2018 02:04:08
# 26.3076,  5.373190,  0.760,  0.1146,  0.3194,  34.4869,  30 Jun 2018 02:08:08
# 26.3153,  5.372870,  0.783,  0.1154,  0.2850,  34.4788,  30 Jun 2018 02:12:08
# 26.3126,  5.375303,  0.795,  0.1109,  0.2943,  34.4984,  30 Jun 2018 02:16:08
# 26.3240,  5.376124,  0.792,  0.1057,  0.2827,  34.4958,  30 Jun 2018 02:20:08
# 26.3312,  5.378777,  0.791,  0.1047,  0.2660,  34.5095,  30 Jun 2018 02:24:08
# 26.3441,  5.379285,  0.758,  0.1073,  0.2693,  34.5035,  30 Jun 2018 02:28:08
# 26.3301,  5.380303,  0.807,  0.1034,  0.2804,  34.5213,  30 Jun 2018 02:32:08
# 26.3277,  5.379505,  0.813,  0.1046,  0.2908,  34.5174,  30 Jun 2018 02:36:08
# 26.3290,  5.378589,  0.763,  0.1073,  0.2720,  34.5098,  30 Jun 2018 02:40:08
# 26.3350,  5.377853,  0.791,  0.1095,  0.2995,  34.5000,  30 Jun 2018 02:44:08
# 26.3225,  5.377392,  0.798,  0.1046,  0.3303,  34.5061,  30 Jun 2018 02:48:08
# 26.3105,  5.378159,  0.802,  0.1060,  0.2563,  34.5206,  30 Jun 2018 02:52:08
# 26.3219,  5.377329,  0.806,  0.1081,  0.4781,  34.5060,  30 Jun 2018 02:56:08
