# 25.1115,  5.249646,  0.739,  0.0874,  0.2158,  34.4887,  13 Apr 2018 10:02:05
# 25.1178,  5.253217,  0.728,  0.0865,  0.2134,  34.5102,  13 Apr 2018 10:06:05
# 25.1104,  5.253116,  0.741,  0.0810,  0.2145,  34.5152,  13 Apr 2018 10:10:05
# 25.2124,  5.247066,  0.752,  0.0826,  0.1816,  34.3929,  13 Apr 2018 10:14:05
# 25.2132,  5.242731,  0.754,  0.0885,  0.2144,  34.3604,  13 Apr 2018 10:18:05
# 25.1723,  5.250009,  0.757,  0.0850,  0.2144,  34.4451,  13 Apr 2018 10:22:05
# 25.1808,  5.255943,  0.761,  0.0863,  0.2021,  34.4823,  13 Apr 2018 10:26:05
# 25.2051,  5.259368,  0.757,  0.0835,  0.2217,  34.4891,  13 Apr 2018 10:30:05
# 25.2377,  5.260088,  0.788,  0.0809,  0.1995,  34.4696,  13 Apr 2018 10:34:05
# 25.2157,  5.260739,  0.755,  0.0848,  0.2143,  34.4911,  13 Apr 2018 10:38:05
# 25.2465,  5.259669,  0.760,  0.0862,  0.1952,  34.4599,  13 Apr 2018 10:42:05
# 25.2459,  5.264359,  0.789,  0.0852,  0.1997,  34.4949,  13 Apr 2018 10:46:05
# 25.2062,  5.266671,  0.798,  0.0861,  0.2170,  34.5422,  13 Apr 2018 10:50:05
# 25.2528,  5.269959,  0.796,  0.0812,  0.2190,  34.5308,  13 Apr 2018 10:54:05
# 25.2958,  5.272371,  0.803,  0.0885,  0.2192,  34.5159,  13 Apr 2018 10:58:05
