# 26.2746,  5.359470,  0.840,  0.1060,  0.2525,  34.4125,  18 Jun 2018 06:03:04
# 26.2686,  5.358837,  0.823,  0.1034,  0.2228,  34.4124,  18 Jun 2018 06:07:04
# 26.2712,  5.359063,  0.844,  0.1085,  0.2465,  34.4121,  18 Jun 2018 06:11:04
# 26.2863,  5.359821,  0.852,  0.1096,  0.2370,  34.4063,  18 Jun 2018 06:15:04
# 26.2805,  5.359657,  0.851,  0.1083,  0.2551,  34.4094,  18 Jun 2018 06:19:04
# 26.2755,  5.358985,  0.837,  0.1130,  0.2413,  34.4083,  18 Jun 2018 06:23:04
# 26.2719,  5.359040,  0.835,  0.1080,  0.2267,  34.4114,  18 Jun 2018 06:27:04
# 26.2657,  5.358837,  0.856,  0.1083,  0.2202,  34.4146,  18 Jun 2018 06:31:04
# 26.2925,  5.360180,  0.846,  0.1107,  0.2287,  34.4042,  18 Jun 2018 06:35:04
# 26.2807,  5.359712,  0.862,  0.1120,  0.2358,  34.4096,  18 Jun 2018 06:39:04
# 26.2778,  5.360548,  0.870,  0.1073,  0.2502,  34.4179,  18 Jun 2018 06:43:04
# 26.2817,  5.359712,  0.862,  0.1120,  0.2428,  34.4090,  18 Jun 2018 06:47:04
# 26.2909,  5.360149,  0.905,  0.1132,  0.2321,  34.4052,  18 Jun 2018 06:51:04
# 26.2801,  5.360001,  0.882,  0.1131,  0.2467,  34.4122,  18 Jun 2018 06:55:04
# 26.2728,  5.359977,  0.884,  0.1094,  0.2310,  34.4175,  18 Jun 2018 06:59:04
