# 24.9353,  5.15564,    1.242, 0.1257, 0.1623,  33.9272, 20 Dec 2017 05:03:16
# 24.9275,  5.15513,    1.246, 0.1159, 0.1671,  33.9293, 20 Dec 2017 05:07:16
# 24.9303,  5.15542,    1.251, 0.1221, 0.1645,  33.9293, 20 Dec 2017 05:11:16
# 24.9358,  5.15709,    1.254, 0.1209, 0.1756,  33.9375, 20 Dec 2017 05:15:16
# 24.9135,  5.15499,    1.254, 0.1208, 0.1658,  33.9387, 20 Dec 2017 05:19:16
# 24.8899,  5.15196,    1.261, 0.1158, 0.1767,  33.9341, 20 Dec 2017 05:23:16
# 24.8681,  5.14894,    1.260, 0.1146, 0.1681,  33.9281, 20 Dec 2017 05:27:16
# 24.8598,  5.14764,    1.262, 0.1160, 0.1608,  33.9248, 20 Dec 2017 05:31:16
# 24.8387,  5.14617,    1.268, 0.1135, 0.1730,  33.9297, 20 Dec 2017 05:35:16
# 24.8562,  5.14726,    1.264, 0.1195, 0.1583,  33.9246, 20 Dec 2017 05:39:16
# 24.8616,  5.14710,    1.268, 0.1210, 0.1657,  33.9194, 20 Dec 2017 05:43:16
# 24.8578,  5.14660,    1.269, 0.1145, 0.1658,  33.9185, 20 Dec 2017 05:47:16
# 24.8817,  5.14851,    1.270, 0.1269, 0.1817,  33.9148, 20 Dec 2017 05:51:16
# 24.8889,  5.14978,    1.271, 0.1235, 0.1888,  33.9187, 20 Dec 2017 05:55:16
# 24.9027,  5.15115,    1.273, 0.1245, 0.1755,  33.9184, 20 Dec 2017 05:59:16
