# 26.2337,  5.359681,  0.888,  0.0958,  0.3291,  34.4446,  17 Jun 2018 08:03:04
# 26.2847,  5.360681,  0.923,  0.0983,  0.3229,  34.4137,  17 Jun 2018 08:07:04
# 26.2862,  5.362048,  0.911,  0.0961,  0.2658,  34.4224,  17 Jun 2018 08:11:04
# 26.2890,  5.363143,  0.922,  0.0935,  0.2814,  34.4282,  17 Jun 2018 08:15:04
# 26.2898,  5.363408,  0.913,  0.0947,  0.2935,  34.4296,  17 Jun 2018 08:19:04
# 26.2994,  5.364018,  0.904,  0.0948,  0.2692,  34.4268,  17 Jun 2018 08:23:04
# 26.3228,  5.366472,  0.928,  0.0961,  0.3156,  34.4269,  17 Jun 2018 08:27:04
# 26.3088,  5.365589,  0.895,  0.0934,  0.3060,  34.4311,  17 Jun 2018 08:31:04
# 26.3228,  5.365511,  0.920,  0.0946,  0.2921,  34.4200,  17 Jun 2018 08:35:04
# 26.3534,  5.367293,  0.913,  0.0935,  0.3005,  34.4100,  17 Jun 2018 08:39:04
# 26.3434,  5.367426,  0.899,  0.0971,  0.2660,  34.4185,  17 Jun 2018 08:43:04
# 26.3294,  5.367621,  0.873,  0.0885,  0.2958,  34.4303,  17 Jun 2018 08:47:04
# 26.3263,  5.367496,  0.870,  0.0909,  0.2815,  34.4317,  17 Jun 2018 08:51:04
# 26.3603,  5.370694,  0.899,  0.0896,  0.3134,  34.4294,  17 Jun 2018 08:55:04
# 26.3394,  5.370828,  0.888,  0.0923,  0.2755,  34.4460,  17 Jun 2018 08:59:04
