# 26.9711,  6.663070,  0.713,  0.1157,  0.2453,  43.3694,  16 Aug 2018 01:00:08
# 26.9642,  6.662063,  0.744,  0.1107,  0.2153,  43.3684,  16 Aug 2018 01:04:08
# 26.9813,  6.663835,  0.743,  0.1167,  0.2070,  43.3654,  16 Aug 2018 01:08:08
# 26.9773,  6.666013,  0.732,  0.1130,  0.2201,  43.3854,  16 Aug 2018 01:12:08
# 26.9695,  6.666134,  0.789,  0.1208,  0.2142,  43.3935,  16 Aug 2018 01:16:08
# 26.9738,  6.665195,  0.683,  0.1143,  0.2300,  43.3826,  16 Aug 2018 01:20:08
# 26.9638,  6.663208,  0.728,  0.1057,  0.2030,  43.3772,  16 Aug 2018 01:24:08
# 26.9828,  6.664877,  0.676,  0.1192,  0.2105,  43.3717,  16 Aug 2018 01:28:08
# 26.9757,  6.665092,  0.729,  0.1119,  0.2030,  43.3800,  16 Aug 2018 01:32:08
# 26.9608,  6.664697,  0.750,  0.1180,  0.2167,  43.3911,  16 Aug 2018 01:36:08
# 26.9492,  6.663569,  0.666,  0.1170,  0.2596,  43.3937,  16 Aug 2018 01:40:08
# 26.9239,  6.660920,  0.725,  0.1144,  0.2427,  43.3979,  16 Aug 2018 01:44:08
# 26.9368,  6.661780,  0.663,  0.1182,  0.2192,  43.3921,  16 Aug 2018 01:48:08
# 26.9407,  6.662046,  0.696,  0.1182,  0.2307,  43.3904,  16 Aug 2018 01:52:08
# 26.9420,  6.662356,  0.813,  0.1129,  0.2068,  43.3914,  16 Aug 2018 01:56:08
