# 24.7636,  5.226557,  0.820,  0.1048,  0.3027,  34.5837,  31 May 2018 06:03:04
# 24.8047,  5.227855,  0.821,  0.1144,  0.3256,  34.5618,  31 May 2018 06:07:04
# 24.7850,  5.227492,  0.820,  0.1125,  0.3017,  34.5742,  31 May 2018 06:11:04
# 24.7849,  5.227392,  0.862,  0.1097,  0.2943,  34.5735,  31 May 2018 06:15:04
# 24.8104,  5.228497,  0.825,  0.1121,  0.3097,  34.5622,  31 May 2018 06:19:04
# 24.7740,  5.226279,  0.837,  0.1108,  0.2874,  34.5736,  31 May 2018 06:23:04
# 24.7682,  5.226333,  0.854,  0.1083,  0.2876,  34.5785,  31 May 2018 06:27:04
# 24.7484,  5.226565,  0.863,  0.1085,  0.3172,  34.5954,  31 May 2018 06:31:04
# 24.7648,  5.226712,  0.830,  0.1061,  0.3053,  34.5839,  31 May 2018 06:35:04
# 24.7762,  5.227214,  0.829,  0.1060,  0.2659,  34.5789,  31 May 2018 06:39:04
# 24.7961,  5.227994,  0.832,  0.1146,  0.2946,  34.5694,  31 May 2018 06:43:04
# 24.7874,  5.227662,  0.808,  0.1098,  0.3133,  34.5736,  31 May 2018 06:47:04
# 24.7516,  5.225135,  0.809,  0.1099,  0.3085,  34.5823,  31 May 2018 06:51:04
# 24.7552,  5.224895,  0.793,  0.1146,  0.2969,  34.5778,  31 May 2018 06:55:04
# 24.8047,  5.227863,  0.801,  0.1147,  0.2912,  34.5619,  31 May 2018 06:59:04
