# 27.5009,  5.497925,  0.875,  0.1257,  0.1706,  34.4905,  24 Sep 2017 22:00:05
# 27.4917,  5.492996,  0.932,  0.1254,  0.1658,  34.4624,  24 Sep 2017 22:04:05
# 27.4892,  5.492246,  0.918,  0.1414,  0.2303,  34.4590,  24 Sep 2017 22:08:05
# 27.4435,  5.479885,  0.923,  0.1401,  0.1622,  34.4053,  24 Sep 2017 22:12:05
# 27.4547,  5.485069,  0.899,  0.1413,  0.1633,  34.4337,  24 Sep 2017 22:16:05
# 27.4415,  5.483538,  0.885,  0.1279,  0.1779,  34.4327,  24 Sep 2017 22:20:05
# 27.4371,  5.484209,  0.896,  0.1241,  0.1575,  34.4406,  24 Sep 2017 22:24:05
# 27.4708,  5.497618,  0.853,  0.1205,  0.1720,  34.5105,  24 Sep 2017 22:28:05
# 27.4748,  5.498582,  0.864,  0.1170,  0.1696,  34.5144,  24 Sep 2017 22:32:05
# 27.4728,  5.497689,  0.917,  0.1203,  0.1612,  34.5096,  24 Sep 2017 22:36:05
# 27.4723,  5.498803,  0.844,  0.1231,  0.1695,  34.5178,  24 Sep 2017 22:40:05
# 27.4830,  5.502976,  0.878,  0.1315,  0.1890,  34.5394,  24 Sep 2017 22:44:05
# 27.4806,  5.503616,  0.859,  0.1350,  0.1815,  34.5457,  24 Sep 2017 22:48:05
# 27.4759,  5.502652,  0.881,  0.1241,  0.1806,  34.5424,  24 Sep 2017 22:52:05
# 27.4654,  5.502304,  0.892,  0.1291,  0.1790,  34.5477,  24 Sep 2017 22:56:05
