# 27.6120,  6.962848,  1.046,  0.1289,  0.2065,  44.9758,  08 Aug 2018 18:00:08
# 27.5685,  6.959145,  1.030,  0.1303,  0.2329,  44.9905,  08 Aug 2018 18:04:08
# 27.5287,  6.956899,  1.083,  0.1362,  0.2537,  45.0126,  08 Aug 2018 18:08:08
# 27.5164,  6.957698,  1.017,  0.1289,  0.2274,  45.0304,  08 Aug 2018 18:12:08
# 27.5204,  6.956610,  1.001,  0.1392,  0.2358,  45.0185,  08 Aug 2018 18:16:08
# 27.5368,  6.956328,  1.059,  0.1327,  0.2499,  45.0005,  08 Aug 2018 18:20:08
# 27.5484,  6.957838,  0.972,  0.1364,  0.2547,  45.0004,  08 Aug 2018 18:24:08
# 27.5317,  6.956680,  0.983,  0.1363,  0.2536,  45.0081,  08 Aug 2018 18:28:08
# 27.5250,  6.955635,  0.954,  0.1290,  0.2730,  45.0069,  08 Aug 2018 18:32:08
# 27.5212,  6.956934,  0.994,  0.1202,  0.2647,  45.0202,  08 Aug 2018 18:36:08
# 27.4647,  6.951847,  0.960,  0.1286,  0.2353,  45.0375,  08 Aug 2018 18:40:08
# 27.4425,  6.949768,  0.946,  0.1228,  0.2430,  45.0436,  08 Aug 2018 18:44:08
# 27.4392,  6.949382,  0.927,  0.1265,  0.2751,  45.0440,  08 Aug 2018 18:48:08
# 27.4277,  6.947979,  0.947,  0.1240,  0.2287,  45.0448,  08 Aug 2018 18:52:08
# 27.4127,  6.945849,  0.917,  0.1307,  0.2356,  45.0436,  08 Aug 2018 18:56:08
