# 24.1930,  5.105154,  1.050,  0.1299,  0.2245,  34.1134,  06 Dec 2017 04:02:57
# 24.1816,  5.105215,  1.059,  0.1211,  0.2064,  34.1226,  06 Dec 2017 04:06:57
# 24.1904,  5.105529,  1.070,  0.1310,  0.2147,  34.1182,  06 Dec 2017 04:10:57
# 24.1866,  5.105085,  1.079,  0.1247,  0.2065,  34.1178,  06 Dec 2017 04:14:57
# 24.1920,  5.105483,  1.088,  0.1147,  0.2295,  34.1166,  06 Dec 2017 04:18:57
# 24.2190,  5.109171,  1.099,  0.1236,  0.2197,  34.1237,  06 Dec 2017 04:22:57
# 24.2367,  5.112088,  1.108,  0.1242,  0.2350,  34.1320,  06 Dec 2017 04:26:57
# 24.2393,  5.111628,  1.117,  0.1331,  0.2259,  34.1266,  06 Dec 2017 04:30:57
# 24.2332,  5.111284,  1.126,  0.1272,  0.2125,  34.1287,  06 Dec 2017 04:34:57
# 24.2182,  5.109348,  1.137,  0.1221,  0.2135,  34.1256,  06 Dec 2017 04:38:57
# 24.1904,  5.106922,  1.145,  0.1174,  0.2256,  34.1287,  06 Dec 2017 04:42:57
# 24.2229,  5.110886,  1.153,  0.1247,  0.2245,  34.1336,  06 Dec 2017 04:46:57
# 24.2460,  5.113864,  1.162,  0.1235,  0.2306,  34.1383,  06 Dec 2017 04:50:57
# 24.2535,  5.114706,  1.172,  0.1260,  0.2223,  34.1388,  06 Dec 2017 04:54:57
# 24.2410,  5.112922,  1.179,  0.1172,  0.2329,  34.1350,  06 Dec 2017 04:58:57
