# 24.7921,  5.11980,    1.007, 0.1013, 0.1468,  33.7695, 25 Dec 2017 22:03:16
# 24.7609,  5.11505,    1.014, 0.0989, 0.1468,  33.7576, 25 Dec 2017 22:07:16
# 24.6997,  5.10618,    1.026, 0.1012, 0.1420,  33.7378, 25 Dec 2017 22:11:16
# 24.6999,  5.10385,    1.026, 0.1014, 0.1490,  33.7203, 25 Dec 2017 22:15:16
# 24.6926,  5.10431,    1.024, 0.1012, 0.1718,  33.7292, 25 Dec 2017 22:19:16
# 24.6460,  5.09638,    1.014, 0.0998, 0.1431,  33.7052, 25 Dec 2017 22:23:16
# 24.6323,  5.08945,    1.019, 0.1000, 0.1530,  33.6641, 25 Dec 2017 22:27:16
# 24.6258,  5.08926,    1.016, 0.1037, 0.1548,  33.6675, 25 Dec 2017 22:31:16
# 24.6445,  5.09284,    1.011, 0.1037, 0.1632,  33.6801, 25 Dec 2017 22:35:16
# 24.6694,  5.09690,    1.022, 0.1027, 0.1685,  33.6916, 25 Dec 2017 22:39:16
# 24.7270,  5.10938,    1.009, 0.0997, 0.1608,  33.7410, 25 Dec 2017 22:43:16
# 24.7065,  5.10273,    1.025, 0.1014, 0.1506,  33.7071, 25 Dec 2017 22:47:16
# 24.7007,  5.10297,    1.022, 0.0986, 0.1518,  33.7132, 25 Dec 2017 22:51:16
# 24.6883,  5.10112,    1.022, 0.1022, 0.1433,  33.7088, 25 Dec 2017 22:55:16
# 24.6753,  5.09873,    1.028, 0.0987, 0.1516,  33.7008, 25 Dec 2017 22:59:16
