# 27.7162,  5.501628,  0.742,  0.1034,  0.2377,  34.3585,  06 Sep 2017 09:00:05
# 27.7233,  5.501857,  0.800,  0.1095,  0.3417,  34.3549,  06 Sep 2017 09:04:05
# 27.7170,  5.501723,  0.857,  0.1057,  0.2269,  34.3585,  06 Sep 2017 09:08:05
# 27.7136,  5.501391,  0.817,  0.1072,  0.2589,  34.3587,  06 Sep 2017 09:12:05
# 27.7907,  5.504409,  0.801,  0.1204,  0.2411,  34.3235,  06 Sep 2017 09:16:05
# 27.8075,  5.507603,  0.842,  0.1093,  0.2410,  34.3336,  06 Sep 2017 09:20:05
# 27.7534,  5.505967,  0.731,  0.1096,  0.2338,  34.3617,  06 Sep 2017 09:24:05
# 27.7555,  5.506576,  0.766,  0.1080,  0.2650,  34.3645,  06 Sep 2017 09:28:05
# 27.7599,  5.507019,  0.800,  0.1054,  0.2552,  34.3644,  06 Sep 2017 09:32:05
# 27.8167,  5.511715,  0.809,  0.0996,  0.2902,  34.3557,  06 Sep 2017 09:36:05
# 27.8343,  5.513645,  0.804,  0.0983,  0.2387,  34.3564,  06 Sep 2017 09:40:05
# 27.8282,  5.513250,  0.740,  0.0995,  0.2351,  34.3581,  06 Sep 2017 09:44:05
# 27.8019,  5.511130,  0.748,  0.1046,  0.2258,  34.3625,  06 Sep 2017 09:48:05
# 27.8204,  5.512656,  0.814,  0.1009,  0.2566,  34.3597,  06 Sep 2017 09:52:05
# 27.8407,  5.514855,  0.780,  0.1009,  0.2447,  34.3602,  06 Sep 2017 09:56:05
