# 25.1317,  5.248314,  0.788,  0.0985,  0.2145,  34.4634,  01 May 2018 13:02:05
# 25.1543,  5.249816,  0.786,  0.0950,  0.2010,  34.4573,  01 May 2018 13:06:05
# 25.1949,  5.251573,  0.793,  0.0948,  0.2266,  34.4394,  01 May 2018 13:10:05
# 25.2564,  5.258638,  0.794,  0.0948,  0.2405,  34.4447,  01 May 2018 13:14:05
# 25.2518,  5.258669,  0.812,  0.0983,  0.2135,  34.4484,  01 May 2018 13:18:05
# 25.2360,  5.255926,  0.823,  0.1060,  0.2119,  34.4403,  01 May 2018 13:22:05
# 25.2049,  5.254385,  0.831,  0.1024,  0.2767,  34.4525,  01 May 2018 13:26:05
# 25.1573,  5.253007,  0.835,  0.0996,  0.2478,  34.4786,  01 May 2018 13:30:05
# 25.1756,  5.253859,  0.817,  0.0958,  0.2217,  34.4709,  01 May 2018 13:34:05
# 25.2050,  5.256671,  0.853,  0.0975,  0.2370,  34.4693,  01 May 2018 13:38:05
# 25.1629,  5.255044,  0.836,  0.0946,  0.2133,  34.4893,  01 May 2018 13:42:05
# 25.1658,  5.254920,  0.832,  0.0970,  0.2167,  34.4862,  01 May 2018 13:46:05
# 25.2370,  5.261096,  0.867,  0.0958,  0.2343,  34.4776,  01 May 2018 13:50:05
# 25.2456,  5.260840,  0.860,  0.0983,  0.2145,  34.4692,  01 May 2018 13:54:05
# 25.2462,  5.261398,  0.874,  0.0959,  0.2046,  34.4728,  01 May 2018 13:58:05
