# 23.5579,  5.112834,  0.777,  0.1122,  0.2950,  34.6627,  13 Feb 2018 10:01:23
# 23.5598,  5.115284,  0.748,  0.1099,  0.3185,  34.6799,  13 Feb 2018 10:05:23
# 23.5878,  5.114204,  0.770,  0.1049,  0.3200,  34.6498,  13 Feb 2018 10:09:23
# 23.6036,  5.104613,  0.760,  0.1074,  0.2710,  34.5644,  13 Feb 2018 10:13:23
# 23.5996,  5.107628,  0.769,  0.1050,  0.3175,  34.5905,  13 Feb 2018 10:17:23
# 23.5995,  5.112366,  0.788,  0.1061,  0.4319,  34.6266,  13 Feb 2018 10:21:23
# 23.5994,  5.117175,  0.776,  0.1036,  0.3867,  34.6633,  13 Feb 2018 10:25:23
# 23.6087,  5.114066,  0.774,  0.1122,  0.2939,  34.6324,  13 Feb 2018 10:29:23
# 23.6058,  5.118968,  0.775,  0.1050,  0.3497,  34.6719,  13 Feb 2018 10:33:23
# 23.6078,  5.121596,  0.775,  0.1035,  0.2658,  34.6903,  13 Feb 2018 10:37:23
# 23.6198,  5.118485,  0.779,  0.1038,  0.3172,  34.6573,  13 Feb 2018 10:41:23
# 23.6107,  5.122446,  0.779,  0.1038,  0.2936,  34.6946,  13 Feb 2018 10:45:23
# 23.6138,  5.121733,  0.781,  0.1038,  0.2876,  34.6868,  13 Feb 2018 10:49:23
# 23.6257,  5.119894,  0.777,  0.1048,  0.2782,  34.6634,  13 Feb 2018 10:53:23
# 23.6322,  5.121089,  0.773,  0.0989,  0.2757,  34.6674,  13 Feb 2018 10:57:23
