# 24.1340,  5.153689,  0.922,  0.1195,  0.3962,  34.5236,  25 Feb 2018 05:00:46
# 24.1764,  5.152813,  0.916,  0.1208,  0.3136,  34.4843,  25 Feb 2018 05:04:46
# 24.1788,  5.152490,  0.909,  0.1305,  0.3696,  34.4800,  25 Feb 2018 05:08:46
# 24.1445,  5.151945,  0.911,  0.1184,  0.4292,  34.5025,  25 Feb 2018 05:12:46
# 24.1303,  5.151692,  0.865,  0.1173,  0.4071,  34.5115,  25 Feb 2018 05:16:46
# 24.1135,  5.151577,  0.881,  0.1170,  0.4116,  34.5236,  25 Feb 2018 05:20:46
# 24.0960,  5.152714,  0.895,  0.1146,  0.4131,  34.5457,  25 Feb 2018 05:24:46
# 24.1190,  5.151008,  0.860,  0.1220,  0.3949,  34.5151,  25 Feb 2018 05:28:46
# 24.1285,  5.149787,  0.875,  0.1172,  0.4021,  34.4986,  25 Feb 2018 05:32:46
# 24.1612,  5.148350,  0.843,  0.1160,  0.4108,  34.4625,  25 Feb 2018 05:36:46
# 24.1260,  5.149234,  0.833,  0.1111,  0.4348,  34.4964,  25 Feb 2018 05:40:46
# 24.0951,  5.149043,  0.840,  0.1160,  0.4021,  34.5188,  25 Feb 2018 05:44:46
# 24.0828,  5.149688,  0.819,  0.1135,  0.4119,  34.5332,  25 Feb 2018 05:48:46
# 24.0752,  5.148659,  0.798,  0.1121,  0.4229,  34.5313,  25 Feb 2018 05:52:46
# 24.0924,  5.151393,  0.803,  0.1196,  0.4096,  34.5386,  25 Feb 2018 05:56:46
