# 25.3692,  5.280279,  1.058,  0.1247,  0.3217,  34.5182,  30 Apr 2018 16:02:05
# 25.3573,  5.278889,  1.059,  0.1219,  0.3005,  34.5170,  30 Apr 2018 16:06:05
# 25.3686,  5.280302,  1.061,  0.1171,  0.2805,  34.5188,  30 Apr 2018 16:10:05
# 25.3700,  5.280581,  1.065,  0.1145,  0.2755,  34.5198,  30 Apr 2018 16:14:05
# 25.3667,  5.280123,  1.067,  0.1156,  0.2863,  34.5189,  30 Apr 2018 16:18:05
# 25.3670,  5.280248,  1.065,  0.1157,  0.2887,  34.5196,  30 Apr 2018 16:22:05
# 25.3678,  5.280387,  1.068,  0.1083,  0.2709,  34.5200,  30 Apr 2018 16:26:05
# 25.3684,  5.280511,  1.073,  0.1147,  0.3160,  34.5205,  30 Apr 2018 16:30:05
# 25.3953,  5.283485,  1.073,  0.1132,  0.2814,  34.5219,  30 Apr 2018 16:34:05
# 25.4093,  5.285652,  1.072,  0.1110,  0.3109,  34.5272,  30 Apr 2018 16:38:05
# 25.3862,  5.283058,  1.075,  0.1194,  0.2887,  34.5256,  30 Apr 2018 16:42:05
# 25.3784,  5.281831,  1.077,  0.1209,  0.3053,  34.5226,  30 Apr 2018 16:46:05
# 25.3697,  5.280682,  1.078,  0.1133,  0.3258,  34.5207,  30 Apr 2018 16:50:05
# 25.3629,  5.280015,  1.076,  0.1147,  0.2840,  34.5210,  30 Apr 2018 16:54:05
# 25.3598,  5.279603,  1.081,  0.1134,  0.2599,  34.5204,  30 Apr 2018 16:58:05
