# 25.3700,  5.281303,  0.766,  0.1205,  0.2417,  34.5252,  13 Apr 2018 20:02:05
# 25.3631,  5.279681,  0.739,  0.1193,  0.2813,  34.5185,  13 Apr 2018 20:06:05
# 25.3519,  5.270624,  0.756,  0.1096,  0.2135,  34.4604,  13 Apr 2018 20:10:05
# 25.4156,  5.270127,  0.741,  0.1392,  0.1901,  34.4085,  13 Apr 2018 20:14:05
# 25.4157,  5.274658,  0.739,  0.1306,  0.2154,  34.4417,  13 Apr 2018 20:18:05
# 25.3974,  5.277359,  0.743,  0.1441,  0.1949,  34.4754,  13 Apr 2018 20:22:05
# 25.3727,  5.278477,  0.726,  0.1242,  0.2229,  34.5024,  13 Apr 2018 20:26:05
# 25.3233,  5.276825,  0.720,  0.1192,  0.2045,  34.5278,  13 Apr 2018 20:30:05
# 25.3244,  5.274644,  0.734,  0.1122,  0.2010,  34.5109,  13 Apr 2018 20:34:05
# 25.3098,  5.273822,  0.738,  0.1134,  0.1987,  34.5160,  13 Apr 2018 20:38:05
# 25.2896,  5.272898,  0.727,  0.1182,  0.2229,  34.5245,  13 Apr 2018 20:42:05
# 25.2759,  5.273085,  0.741,  0.1256,  0.2106,  34.5363,  13 Apr 2018 20:46:05
# 25.2841,  5.274738,  0.730,  0.1220,  0.2169,  34.5422,  13 Apr 2018 20:50:05
# 25.2944,  5.273690,  0.727,  0.1234,  0.2119,  34.5267,  13 Apr 2018 20:54:05
# 25.3039,  5.273503,  0.732,  0.1258,  0.1914,  34.5180,  13 Apr 2018 20:58:05
