# 24.7412,  5.198801,  0.883,  0.1145,  0.2171,  34.3944,  12 Jan 2018 08:01:23
# 24.7412,  5.198786,  0.881,  0.1111,  0.2132,  34.3943,  12 Jan 2018 08:05:23
# 24.7423,  5.199333,  0.864,  0.1173,  0.2900,  34.3975,  12 Jan 2018 08:09:23
# 24.7445,  5.199842,  0.906,  0.1158,  0.2193,  34.3996,  12 Jan 2018 08:13:23
# 24.7445,  5.199742,  0.893,  0.1135,  0.1939,  34.3989,  12 Jan 2018 08:17:23
# 24.7487,  5.199981,  0.880,  0.1161,  0.1999,  34.3974,  12 Jan 2018 08:21:23
# 24.7471,  5.199141,  0.873,  0.1149,  0.1951,  34.3924,  12 Jan 2018 08:25:23
# 24.7448,  5.198493,  0.871,  0.1158,  0.1999,  34.3894,  12 Jan 2018 08:29:23
# 24.7357,  5.196172,  0.870,  0.1171,  0.1829,  34.3791,  12 Jan 2018 08:33:23
# 24.7272,  5.193165,  0.887,  0.1157,  0.1890,  34.3631,  12 Jan 2018 08:37:23
# 24.7329,  5.194021,  0.868,  0.1111,  0.1852,  34.3652,  12 Jan 2018 08:41:23
# 24.7416,  5.196241,  0.873,  0.1135,  0.1998,  34.3750,  12 Jan 2018 08:45:23
# 24.7494,  5.197421,  0.881,  0.1100,  0.1826,  34.3779,  12 Jan 2018 08:49:23
# 24.7560,  5.199842,  0.848,  0.1013,  0.1949,  34.3908,  12 Jan 2018 08:53:23
# 24.7598,  5.200089,  0.873,  0.0999,  0.3327,  34.3897,  12 Jan 2018 08:57:23
