# 26.8338,  6.281110,  1.210,  0.1009,  0.3070,  40.6733,  02 Sep 2018 10:00:08
# 26.8470,  6.281529,  1.182,  0.0960,  0.3311,  40.6647,  02 Sep 2018 10:04:08
# 26.8400,  6.282073,  1.308,  0.1009,  0.3014,  40.6749,  02 Sep 2018 10:08:08
# 26.8549,  6.282182,  1.254,  0.0984,  0.2537,  40.6625,  02 Sep 2018 10:12:08
# 26.8687,  6.281838,  1.227,  0.1022,  0.3082,  40.6479,  02 Sep 2018 10:16:08
# 26.8631,  6.283263,  1.225,  0.0993,  0.2775,  40.6633,  02 Sep 2018 10:20:08
# 26.8644,  6.284227,  1.201,  0.0996,  0.2607,  40.6692,  02 Sep 2018 10:24:08
# 26.8682,  6.286348,  1.222,  0.0971,  0.2607,  40.6815,  02 Sep 2018 10:28:08
# 26.8785,  6.288234,  1.176,  0.0922,  0.2609,  40.6863,  02 Sep 2018 10:32:08
# 26.8767,  6.288418,  1.206,  0.0958,  0.2490,  40.6892,  02 Sep 2018 10:36:08
# 26.8881,  6.288703,  1.286,  0.1022,  0.2417,  40.6812,  02 Sep 2018 10:40:08
# 26.8883,  6.289064,  1.217,  0.0998,  0.2692,  40.6837,  02 Sep 2018 10:44:08
# 26.8876,  6.289625,  1.175,  0.0969,  0.3015,  40.6885,  02 Sep 2018 10:48:08
# 26.8907,  6.290514,  1.202,  0.0945,  0.2238,  40.6923,  02 Sep 2018 10:52:08
# 26.9120,  6.291344,  1.146,  0.0969,  0.2597,  40.6796,  02 Sep 2018 10:56:08
