# 24.6192,  5.117641,  0.951,  0.1185,  0.1893,  33.8834,  26 Nov 2017 06:02:57
# 24.6426,  5.119632,  0.950,  0.1244,  0.1987,  33.8806,  26 Nov 2017 06:06:57
# 24.6392,  5.120207,  0.954,  0.1171,  0.1944,  33.8874,  26 Nov 2017 06:10:57
# 24.6498,  5.120636,  0.953,  0.1221,  0.2098,  33.8826,  26 Nov 2017 06:14:57
# 24.6470,  5.120352,  0.956,  0.1233,  0.1940,  33.8826,  26 Nov 2017 06:18:57
# 24.6218,  5.118514,  0.959,  0.1120,  0.2197,  33.8880,  26 Nov 2017 06:22:57
# 24.5869,  5.113698,  0.961,  0.1122,  0.2012,  33.8784,  26 Nov 2017 06:26:57
# 24.5839,  5.113139,  0.962,  0.1146,  0.2087,  33.8765,  26 Nov 2017 06:30:57
# 24.6111,  5.115734,  0.963,  0.1209,  0.1977,  33.8754,  26 Nov 2017 06:34:57
# 24.5920,  5.113085,  0.967,  0.1136,  0.2363,  33.8701,  26 Nov 2017 06:38:57
# 24.6056,  5.115910,  0.967,  0.1160,  0.2974,  33.8808,  26 Nov 2017 06:42:57
# 24.5626,  5.110337,  0.971,  0.1111,  0.2003,  33.8717,  26 Nov 2017 06:46:57
# 24.6082,  5.117526,  0.973,  0.1147,  0.1952,  33.8908,  26 Nov 2017 06:50:57
# 24.6040,  5.116607,  0.975,  0.1121,  0.1989,  33.8872,  26 Nov 2017 06:54:57
# 24.6018,  5.115734,  0.978,  0.1134,  0.2257,  33.8823,  26 Nov 2017 06:58:57
