# 25.9827,  5.343411,  0.855,  0.0961,  0.3053,  34.5153,  07 Jul 2018 07:00:08
# 25.9862,  5.343520,  0.807,  0.0961,  0.3085,  34.5135,  07 Jul 2018 07:04:08
# 25.9688,  5.343201,  0.848,  0.0971,  0.3328,  34.5243,  07 Jul 2018 07:08:08
# 25.9592,  5.343092,  0.872,  0.0983,  0.3818,  34.5307,  07 Jul 2018 07:12:08
# 25.9568,  5.342983,  0.838,  0.0983,  0.3957,  34.5317,  07 Jul 2018 07:16:08
# 25.9728,  5.344535,  0.840,  0.1009,  0.3378,  34.5310,  07 Jul 2018 07:20:08
# 25.9895,  5.344910,  0.849,  0.0974,  0.2943,  34.5211,  07 Jul 2018 07:24:08
# 25.9731,  5.344348,  0.822,  0.0986,  0.3622,  34.5294,  07 Jul 2018 07:28:08
# 25.9890,  5.344402,  0.862,  0.0935,  0.2970,  34.5177,  07 Jul 2018 07:32:08
# 25.9777,  5.344590,  0.840,  0.0959,  0.3004,  34.5277,  07 Jul 2018 07:36:08
# 25.9976,  5.344363,  0.858,  0.0959,  0.3065,  34.5110,  07 Jul 2018 07:40:08
# 25.9790,  5.344465,  0.863,  0.0948,  0.2969,  34.5258,  07 Jul 2018 07:44:08
# 25.9848,  5.344121,  0.875,  0.0948,  0.3755,  34.5189,  07 Jul 2018 07:48:08
# 25.9912,  5.344051,  0.836,  0.0961,  0.3510,  34.5136,  07 Jul 2018 07:52:08
# 26.0015,  5.344106,  0.865,  0.0960,  0.3400,  34.5062,  07 Jul 2018 07:56:08
