# 27.7287,  5.506972,  0.813,  0.0947,  0.2963,  34.3868,  05 Sep 2017 10:00:05
# 27.7237,  5.506474,  0.736,  0.0970,  0.2840,  34.3870,  05 Sep 2017 10:04:05
# 27.7119,  5.505659,  0.819,  0.0969,  0.2938,  34.3899,  05 Sep 2017 10:08:05
# 27.7650,  5.511020,  0.903,  0.0932,  0.3009,  34.3887,  05 Sep 2017 10:12:05
# 27.7677,  5.511669,  0.879,  0.0933,  0.3090,  34.3913,  05 Sep 2017 10:16:05
# 27.7585,  5.511313,  0.836,  0.0946,  0.2820,  34.3955,  05 Sep 2017 10:20:05
# 27.7760,  5.513915,  0.824,  0.0968,  0.3161,  34.4010,  05 Sep 2017 10:24:05
# 27.7722,  5.514801,  0.709,  0.0919,  0.3032,  34.4100,  05 Sep 2017 10:28:05
# 27.8107,  5.518939,  0.899,  0.1021,  0.3877,  34.4108,  05 Sep 2017 10:32:05
# 27.8571,  5.523356,  0.835,  0.0944,  0.3468,  34.4078,  05 Sep 2017 10:36:05
# 27.8553,  5.523237,  0.802,  0.0907,  0.3393,  34.4084,  05 Sep 2017 10:40:05
# 27.8487,  5.522524,  0.992,  0.0945,  0.3000,  34.4081,  05 Sep 2017 10:44:05
# 27.8417,  5.523284,  0.760,  0.1009,  0.4701,  34.4187,  05 Sep 2017 10:48:05
# 27.8342,  5.523419,  0.913,  0.0970,  0.3224,  34.4250,  05 Sep 2017 10:52:05
# 27.8236,  5.522913,  0.827,  0.0942,  0.3057,  34.4293,  05 Sep 2017 10:56:05
