# 24.4568,  5.11044,    1.094, 0.1218, 0.1829,  33.9524, 11 Jan 2018 04:03:16
# 24.4747,  5.11241,    1.110, 0.1221, 0.2010,  33.9536, 11 Jan 2018 04:07:16
# 24.4663,  5.11108,    1.113, 0.1211, 0.1718,  33.9500, 11 Jan 2018 04:11:16
# 24.5164,  5.12160,    1.108, 0.1209, 0.2049,  33.9905, 11 Jan 2018 04:15:16
# 24.4915,  5.11842,    1.093, 0.1306, 0.1696,  33.9856, 11 Jan 2018 04:19:16
# 24.4526,  5.11165,    1.068, 0.1219, 0.2061,  33.9646, 11 Jan 2018 04:23:16
# 24.4644,  5.11363,    1.092, 0.1235, 0.1782,  33.9704, 11 Jan 2018 04:27:16
# 24.4459,  5.11028,    1.093, 0.1271, 0.1752,  33.9594, 11 Jan 2018 04:31:16
# 24.4433,  5.11012,    1.080, 0.1207, 0.1802,  33.9603, 11 Jan 2018 04:35:16
# 24.4223,  5.10644,    1.091, 0.1244, 0.1695,  33.9486, 11 Jan 2018 04:39:16
# 24.4184,  5.10581,    1.065, 0.1222, 0.1804,  33.9469, 11 Jan 2018 04:43:16
# 24.4477,  5.11172,    1.054, 0.1199, 0.1840,  33.9689, 11 Jan 2018 04:47:16
# 24.4308,  5.10885,    1.062, 0.1183, 0.1719,  33.9602, 11 Jan 2018 04:51:16
# 24.4261,  5.10830,    1.050, 0.1183, 0.1730,  33.9597, 11 Jan 2018 04:55:16
# 24.4193,  5.10598,    1.032, 0.1309, 0.1791,  33.9475, 11 Jan 2018 04:59:16
