# 24.9661,  5.225804,  0.835,  0.1059,  0.2635,  34.4232,  26 Apr 2018 05:02:05
# 24.9670,  5.223655,  0.833,  0.1012,  0.2456,  34.4066,  26 Apr 2018 05:06:05
# 24.9875,  5.225548,  0.836,  0.1073,  0.2421,  34.4049,  26 Apr 2018 05:10:05
# 24.9926,  5.227898,  0.819,  0.1109,  0.2420,  34.4184,  26 Apr 2018 05:14:05
# 24.9267,  5.226137,  0.805,  0.1048,  0.2418,  34.4557,  26 Apr 2018 05:18:05
# 24.9094,  5.223262,  0.779,  0.1049,  0.2982,  34.4476,  26 Apr 2018 05:22:05
# 24.9221,  5.221933,  0.788,  0.1147,  0.2742,  34.4281,  26 Apr 2018 05:26:05
# 24.8678,  5.219207,  0.785,  0.1110,  0.2493,  34.4493,  26 Apr 2018 05:30:05
# 24.8744,  5.217523,  0.788,  0.1032,  0.2381,  34.4317,  26 Apr 2018 05:34:05
# 24.8927,  5.218967,  0.763,  0.1061,  0.2383,  34.4285,  26 Apr 2018 05:38:05
# 24.8591,  5.219199,  0.764,  0.1025,  0.2216,  34.4559,  26 Apr 2018 05:42:05
# 24.8505,  5.218759,  0.760,  0.1308,  0.2383,  34.4592,  26 Apr 2018 05:46:05
# 24.8813,  5.218882,  0.735,  0.1013,  0.2984,  34.4365,  26 Apr 2018 05:50:05
# 24.8882,  5.220126,  0.744,  0.1010,  0.2610,  34.4405,  26 Apr 2018 05:54:05
# 24.8601,  5.217886,  0.733,  0.1099,  0.2562,  34.4454,  26 Apr 2018 05:58:05
