# 27.1349,  5.493310,  0.769,  0.1330,  0.2818,  34.7293,  10 Nov 2017 16:02:57
# 27.1279,  5.495830,  0.742,  0.1392,  0.2841,  34.7525,  10 Nov 2017 16:06:57
# 27.1258,  5.495815,  0.682,  0.1243,  0.3112,  34.7540,  10 Nov 2017 16:10:57
# 27.1056,  5.493951,  0.800,  0.1231,  0.3074,  34.7557,  10 Nov 2017 16:14:57
# 27.0990,  5.493595,  0.720,  0.1241,  0.2902,  34.7581,  10 Nov 2017 16:18:57
# 27.0858,  5.492403,  0.762,  0.1267,  0.2903,  34.7595,  10 Nov 2017 16:22:57
# 27.0542,  5.491203,  0.721,  0.1254,  0.2783,  34.7746,  10 Nov 2017 16:26:57
# 27.0511,  5.490461,  0.642,  0.1181,  0.2650,  34.7716,  10 Nov 2017 16:30:57
# 27.0565,  5.490966,  0.748,  0.1257,  0.2922,  34.7712,  10 Nov 2017 16:34:57
# 27.0477,  5.491843,  0.750,  0.1196,  0.3031,  34.7840,  10 Nov 2017 16:38:57
# 27.0667,  5.493091,  0.850,  0.1231,  0.3146,  34.7786,  10 Nov 2017 16:42:57
# 27.0576,  5.490832,  0.714,  0.1170,  0.3342,  34.7694,  10 Nov 2017 16:46:57
# 27.0591,  5.491061,  0.760,  0.1241,  0.3109,  34.7699,  10 Nov 2017 16:50:57
# 27.0584,  5.491290,  0.681,  0.1279,  0.3159,  34.7721,  10 Nov 2017 16:54:57
# 27.0410,  5.489592,  0.771,  0.1170,  0.2793,  34.7730,  10 Nov 2017 16:58:57
