# 26.6501,  6.187786,  1.044,  0.1143,  0.2644,  40.1480,  01 Sep 2018 07:00:08
# 26.6424,  6.190367,  1.130,  0.1106,  0.2550,  40.1738,  01 Sep 2018 07:04:08
# 26.6567,  6.184091,  1.075,  0.1220,  0.2345,  40.1151,  01 Sep 2018 07:08:08
# 26.6415,  6.187437,  1.125,  0.1146,  0.2229,  40.1530,  01 Sep 2018 07:12:08
# 26.6424,  6.186338,  1.062,  0.1157,  0.2177,  40.1441,  01 Sep 2018 07:16:08
# 26.6358,  6.189660,  1.107,  0.1082,  0.2140,  40.1743,  01 Sep 2018 07:20:08
# 26.6213,  6.193648,  1.126,  0.1068,  0.2276,  40.2164,  01 Sep 2018 07:24:08
# 26.6134,  6.195856,  1.074,  0.1082,  0.2599,  40.2395,  01 Sep 2018 07:28:08
# 26.6078,  6.196680,  1.131,  0.1042,  0.2354,  40.2505,  01 Sep 2018 07:32:08
# 26.6074,  6.194765,  1.216,  0.1044,  0.2299,  40.2367,  01 Sep 2018 07:36:08
# 26.6015,  6.193307,  1.107,  0.1120,  0.2441,  40.2312,  01 Sep 2018 07:40:08
# 26.6081,  6.192225,  1.061,  0.1093,  0.2611,  40.2174,  01 Sep 2018 07:44:08
# 26.6070,  6.193590,  1.110,  0.1106,  0.2477,  40.2285,  01 Sep 2018 07:48:08
# 26.5977,  6.195165,  1.127,  0.1093,  0.2923,  40.2482,  01 Sep 2018 07:52:08
# 26.5902,  6.196497,  1.128,  0.1093,  0.2815,  40.2646,  01 Sep 2018 07:56:08
