# 24.0679,  5.165020,  0.816,  0.0864,  0.1489,  34.6603,  11 Feb 2018 13:01:23
# 24.1023,  5.167558,  0.831,  0.0902,  0.1582,  34.6528,  11 Feb 2018 13:05:23
# 24.1339,  5.170935,  0.829,  0.0899,  0.1582,  34.6536,  11 Feb 2018 13:09:23
# 24.1683,  5.174212,  0.819,  0.0853,  0.1481,  34.6516,  11 Feb 2018 13:13:23
# 24.1783,  5.175543,  0.833,  0.0824,  0.1656,  34.6539,  11 Feb 2018 13:17:23
# 24.2524,  5.182510,  0.831,  0.0837,  0.1482,  34.6488,  11 Feb 2018 13:21:23
# 24.2932,  5.186977,  0.820,  0.0873,  0.1610,  34.6508,  11 Feb 2018 13:25:23
# 24.3153,  5.190876,  0.831,  0.0852,  0.1632,  34.6629,  11 Feb 2018 13:29:23
# 24.3377,  5.193419,  0.833,  0.0836,  0.1646,  34.6646,  11 Feb 2018 13:33:23
# 24.3335,  5.193889,  0.830,  0.0835,  0.1827,  34.6714,  11 Feb 2018 13:37:23
# 24.3621,  5.195315,  0.844,  0.0903,  0.1850,  34.6600,  11 Feb 2018 13:41:23
# 24.3586,  5.195176,  0.830,  0.0800,  0.1596,  34.6616,  11 Feb 2018 13:45:23
# 24.3628,  5.195592,  0.831,  0.0837,  0.1527,  34.6615,  11 Feb 2018 13:49:23
# 24.3876,  5.197967,  0.848,  0.0861,  0.1529,  34.6601,  11 Feb 2018 13:53:23
# 24.4113,  5.200843,  0.831,  0.0862,  0.1647,  34.6633,  11 Feb 2018 13:57:23
