# 27.1608,  5.456990,  0.912,  0.1109,  0.4058,  34.4517,  03 Sep 2017 11:00:05
# 27.1461,  5.457108,  0.956,  0.1181,  0.5004,  34.4634,  03 Sep 2017 11:04:05
# 27.1554,  5.456722,  1.194,  0.1095,  0.4451,  34.4537,  03 Sep 2017 11:08:05
# 27.1582,  5.456581,  1.108,  0.1105,  0.3951,  34.4507,  03 Sep 2017 11:12:05
# 27.1393,  5.457156,  1.273,  0.1110,  0.4040,  34.4687,  03 Sep 2017 11:16:05
# 27.1670,  5.458297,  1.324,  0.1106,  0.3795,  34.4563,  03 Sep 2017 11:20:05
# 27.2021,  5.461716,  1.298,  0.1037,  0.4207,  34.4547,  03 Sep 2017 11:24:05
# 27.2089,  5.463047,  1.125,  0.1022,  0.4440,  34.4591,  03 Sep 2017 11:28:05
# 27.1943,  5.461858,  1.278,  0.1144,  0.5198,  34.4614,  03 Sep 2017 11:32:05
# 27.1875,  5.462338,  1.210,  0.1084,  0.4436,  34.4699,  03 Sep 2017 11:36:05
# 27.2023,  5.463756,  1.146,  0.1008,  0.3683,  34.4690,  03 Sep 2017 11:40:05
# 27.1948,  5.463244,  1.247,  0.0996,  0.4182,  34.4709,  03 Sep 2017 11:44:05
# 27.2173,  5.465703,  1.201,  0.0982,  0.3749,  34.4717,  03 Sep 2017 11:48:05
# 27.2186,  5.465900,  1.177,  0.0984,  0.3698,  34.4722,  03 Sep 2017 11:52:05
# 27.2219,  5.466136,  1.280,  0.1009,  0.4723,  34.4713,  03 Sep 2017 11:56:05
