# 23.7505,  5.125425,  0.800,  0.1073,  0.2374,  34.6080,  02 Mar 2018 20:00:46
# 23.7503,  5.125218,  0.817,  0.1195,  0.2507,  34.6065,  02 Mar 2018 20:04:46
# 23.7901,  5.123708,  0.785,  0.1370,  0.2566,  34.5641,  02 Mar 2018 20:08:46
# 23.7819,  5.123263,  0.751,  0.1377,  0.2687,  34.5671,  02 Mar 2018 20:12:46
# 23.7692,  5.123348,  0.785,  0.1321,  0.2648,  34.5777,  02 Mar 2018 20:16:46
# 23.7668,  5.119172,  0.791,  0.1319,  0.2443,  34.5478,  02 Mar 2018 20:20:46
# 23.7521,  5.122973,  0.774,  0.1199,  0.2997,  34.5881,  02 Mar 2018 20:24:46
# 23.7416,  5.123532,  0.778,  0.1159,  0.2949,  34.6005,  02 Mar 2018 20:28:46
# 23.7286,  5.124429,  0.783,  0.1272,  0.2806,  34.6175,  02 Mar 2018 20:32:46
# 23.7163,  5.123854,  0.776,  0.1159,  0.2686,  34.6227,  02 Mar 2018 20:36:46
# 23.7149,  5.122536,  0.741,  0.1160,  0.2912,  34.6138,  02 Mar 2018 20:40:46
# 23.7149,  5.122138,  0.752,  0.1122,  0.2902,  34.6108,  02 Mar 2018 20:44:46
# 23.7059,  5.122107,  0.706,  0.1160,  0.2816,  34.6176,  02 Mar 2018 20:48:46
# 23.7001,  5.121027,  0.753,  0.1097,  0.2364,  34.6139,  02 Mar 2018 20:52:46
# 23.6785,  5.121434,  0.732,  0.1211,  0.2528,  34.6339,  02 Mar 2018 20:56:46
