# 24.4953,  5.174207,  1.093,  0.1101,  0.4195,  34.3992,  02 Feb 2018 09:01:23
# 24.5001,  5.175192,  1.092,  0.1085,  0.3832,  34.4029,  02 Feb 2018 09:05:23
# 24.5309,  5.174252,  1.059,  0.1135,  0.4339,  34.3723,  02 Feb 2018 09:09:23
# 24.5080,  5.175569,  1.059,  0.1099,  0.4783,  34.3997,  02 Feb 2018 09:13:23
# 24.4961,  5.177039,  1.019,  0.1089,  0.4240,  34.4198,  02 Feb 2018 09:17:23
# 24.4957,  5.177008,  1.027,  0.1109,  0.4475,  34.4199,  02 Feb 2018 09:21:23
# 24.5188,  5.177970,  1.028,  0.1123,  0.4697,  34.4093,  02 Feb 2018 09:25:23
# 24.4973,  5.178779,  0.993,  0.1084,  0.5111,  34.4318,  02 Feb 2018 09:29:23
# 24.4856,  5.180596,  0.972,  0.1086,  0.4842,  34.4545,  02 Feb 2018 09:33:23
# 24.5131,  5.180519,  0.974,  0.1110,  0.4337,  34.4327,  02 Feb 2018 09:37:23
# 24.5202,  5.180796,  1.000,  0.1136,  0.4266,  34.4294,  02 Feb 2018 09:41:23
# 24.5433,  5.180795,  0.971,  0.1183,  0.4929,  34.4117,  02 Feb 2018 09:45:23
# 24.5444,  5.180341,  0.927,  0.1160,  0.4675,  34.4074,  02 Feb 2018 09:49:23
# 24.5446,  5.181319,  0.977,  0.1134,  0.5063,  34.4146,  02 Feb 2018 09:53:23
# 24.5684,  5.179979,  0.930,  0.1158,  0.5171,  34.3864,  02 Feb 2018 09:57:23
