# 26.2451,  5.351338,  0.985,  0.1073,  0.1946,  34.3758,  12 Jun 2018 01:03:04
# 26.2819,  5.353649,  0.975,  0.1123,  0.2180,  34.3650,  12 Jun 2018 01:07:04
# 26.2818,  5.357243,  0.991,  0.1083,  0.2241,  34.3910,  12 Jun 2018 01:11:04
# 26.2600,  5.358517,  0.989,  0.1083,  0.1969,  34.4165,  12 Jun 2018 01:15:04
# 26.2501,  5.357642,  0.989,  0.1020,  0.2029,  34.4175,  12 Jun 2018 01:19:04
# 26.2559,  5.356134,  1.007,  0.1071,  0.2119,  34.4023,  12 Jun 2018 01:23:04
# 26.2697,  5.357204,  1.008,  0.1144,  0.2155,  34.3997,  12 Jun 2018 01:27:04
# 26.2766,  5.357266,  0.995,  0.1121,  0.2093,  34.3951,  12 Jun 2018 01:31:04
# 26.2820,  5.357493,  1.001,  0.1133,  0.2119,  34.3926,  12 Jun 2018 01:35:04
# 26.2650,  5.358384,  1.013,  0.1108,  0.2129,  34.4118,  12 Jun 2018 01:39:04
# 26.2804,  5.355891,  1.009,  0.1083,  0.2066,  34.3823,  12 Jun 2018 01:43:04
# 26.2821,  5.356149,  1.010,  0.1107,  0.2018,  34.3828,  12 Jun 2018 01:47:04
# 26.2755,  5.356586,  1.014,  0.1092,  0.2045,  34.3909,  12 Jun 2018 01:51:04
# 26.2646,  5.356704,  1.005,  0.1109,  0.2068,  34.3999,  12 Jun 2018 01:55:04
# 26.2533,  5.356665,  1.008,  0.1121,  0.2010,  34.4081,  12 Jun 2018 01:59:04
