# 26.8459,  5.45890,    0.876, 0.1190, 0.2220,  34.6997, 06 Nov 2017 20:01:27
# 26.8366,  5.45870,    0.836, 0.1144, 0.2243,  34.7053, 06 Nov 2017 20:05:27
# 26.8222,  5.45403,    0.853, 0.1107, 0.2073,  34.6827, 06 Nov 2017 20:09:27
# 26.7995,  5.45049,    0.866, 0.1205, 0.2112,  34.6743, 06 Nov 2017 20:13:27
# 26.8026,  5.45172,    0.873, 0.1170, 0.2046,  34.6807, 06 Nov 2017 20:17:27
# 26.8065,  5.45536,    0.869, 0.1219, 0.2121,  34.7039, 06 Nov 2017 20:21:27
# 26.7951,  5.45089,    0.899, 0.1451, 0.2244,  34.6804, 06 Nov 2017 20:25:27
# 26.8013,  5.45509,    0.835, 0.1378, 0.2542,  34.7059, 06 Nov 2017 20:29:27
# 26.7973,  5.45563,    0.846, 0.1352, 0.2194,  34.7127, 06 Nov 2017 20:33:27
# 26.7908,  5.45485,    0.850, 0.1255, 0.2290,  34.7120, 06 Nov 2017 20:37:27
# 26.7798,  5.45380,    0.805, 0.1270, 0.2003,  34.7127, 06 Nov 2017 20:41:27
# 26.7704,  5.44951,    0.832, 0.1353, 0.2148,  34.6890, 06 Nov 2017 20:45:27
# 26.7778,  5.44664,    0.808, 0.1219, 0.2268,  34.6630, 06 Nov 2017 20:49:27
# 26.7761,  5.44472,    0.796, 0.1304, 0.2269,  34.6504, 06 Nov 2017 20:53:27
# 26.7704,  5.44415,    0.793, 0.1306, 0.2169,  34.6506, 06 Nov 2017 20:57:27
