# 24.7683,  5.181916,  0.834,  0.1173,  0.2900,  34.2483,  27 Nov 2017 04:02:57
# 24.7594,  5.180784,  0.831,  0.1083,  0.3153,  34.2466,  27 Nov 2017 04:06:57
# 24.7721,  5.180969,  0.833,  0.1185,  0.2856,  34.2383,  27 Nov 2017 04:10:57
# 24.7733,  5.178874,  0.836,  0.1234,  0.2735,  34.2218,  27 Nov 2017 04:14:57
# 24.7631,  5.180468,  0.832,  0.1147,  0.2663,  34.2414,  27 Nov 2017 04:18:57
# 24.7597,  5.182686,  0.839,  0.1146,  0.2724,  34.2605,  27 Nov 2017 04:22:57
# 24.7554,  5.182047,  0.841,  0.1120,  0.2782,  34.2590,  27 Nov 2017 04:26:57
# 24.7412,  5.180653,  0.846,  0.1107,  0.3045,  34.2595,  27 Nov 2017 04:30:57
# 24.7372,  5.180600,  0.849,  0.1064,  0.2726,  34.2621,  27 Nov 2017 04:34:57
# 24.7182,  5.177135,  0.851,  0.1070,  0.2745,  34.2508,  27 Nov 2017 04:38:57
# 24.7113,  5.177043,  0.854,  0.1052,  0.2889,  34.2554,  27 Nov 2017 04:42:57
# 24.6985,  5.176528,  0.855,  0.1048,  0.2888,  34.2613,  27 Nov 2017 04:46:57
# 24.6734,  5.176043,  0.856,  0.1099,  0.2652,  34.2768,  27 Nov 2017 04:50:57
# 24.6566,  5.176097,  0.856,  0.1122,  0.3126,  34.2901,  27 Nov 2017 04:54:57
# 24.6813,  5.174958,  0.859,  0.1147,  0.2723,  34.2627,  27 Nov 2017 04:58:57
