# 27.9800,  5.532493,  1.047,  0.1510,  0.2370,  34.3820,  06 Sep 2017 20:00:05
# 27.9519,  5.530846,  1.015,  0.1548,  0.2208,  34.3910,  06 Sep 2017 20:04:05
# 27.9412,  5.530323,  0.980,  0.1425,  0.2181,  34.3951,  06 Sep 2017 20:08:05
# 27.9546,  5.530196,  0.958,  0.1390,  0.2124,  34.3845,  06 Sep 2017 20:12:05
# 27.9635,  5.530077,  1.026,  0.1450,  0.2122,  34.3771,  06 Sep 2017 20:16:05
# 28.0350,  5.532334,  0.939,  0.1617,  0.2564,  34.3408,  06 Sep 2017 20:20:05
# 27.9859,  5.532945,  0.894,  0.1437,  0.2399,  34.3809,  06 Sep 2017 20:24:05
# 27.9680,  5.532573,  0.939,  0.1511,  0.2396,  34.3913,  06 Sep 2017 20:28:05
# 28.0302,  5.533213,  0.937,  0.1511,  0.2615,  34.3504,  06 Sep 2017 20:32:05
# 27.9679,  5.533912,  0.959,  0.1399,  0.2589,  34.4008,  06 Sep 2017 20:36:05
# 27.9785,  5.530188,  1.014,  0.1327,  0.2771,  34.3670,  06 Sep 2017 20:40:05
# 27.9656,  5.533753,  0.963,  0.1403,  0.2723,  34.4014,  06 Sep 2017 20:44:05
# 27.9755,  5.533428,  0.899,  0.1399,  0.2494,  34.3918,  06 Sep 2017 20:48:05
# 27.9711,  5.531963,  0.850,  0.1337,  0.2721,  34.3848,  06 Sep 2017 20:52:05
# 27.9648,  5.531931,  0.898,  0.1231,  0.2564,  34.3892,  06 Sep 2017 20:56:05
