# 26.4979,  5.383666,  0.670,  0.0857,  0.2358,  34.4201,  17 May 2018 12:03:04
# 26.5564,  5.389429,  0.667,  0.0858,  0.2332,  34.4179,  17 May 2018 12:07:04
# 26.4006,  5.374260,  0.675,  0.0873,  0.2805,  34.4251,  17 May 2018 12:11:04
# 26.4332,  5.377828,  0.673,  0.0896,  0.2633,  34.4264,  17 May 2018 12:15:04
# 26.4736,  5.382398,  0.673,  0.0884,  0.2657,  34.4291,  17 May 2018 12:19:04
# 26.5295,  5.387832,  0.669,  0.0871,  0.2596,  34.4265,  17 May 2018 12:23:04
# 26.5554,  5.389805,  0.707,  0.0860,  0.2728,  34.4213,  17 May 2018 12:27:04
# 26.5471,  5.388897,  0.698,  0.0859,  0.2499,  34.4210,  17 May 2018 12:31:04
# 26.4764,  5.381490,  0.705,  0.0885,  0.2607,  34.4205,  17 May 2018 12:35:04
# 26.4387,  5.378172,  0.712,  0.0909,  0.3204,  34.4248,  17 May 2018 12:39:04
# 26.4535,  5.380410,  0.707,  0.0897,  0.2500,  34.4298,  17 May 2018 12:43:04
# 26.4957,  5.384254,  0.721,  0.0873,  0.2670,  34.4260,  17 May 2018 12:47:04
# 26.4685,  5.382336,  0.748,  0.0887,  0.2596,  34.4325,  17 May 2018 12:51:04
# 26.4996,  5.385545,  0.738,  0.0911,  0.2634,  34.4324,  17 May 2018 12:55:04
# 26.5917,  5.393949,  0.741,  0.0886,  0.2382,  34.4240,  17 May 2018 12:59:04
