# 27.9401,  5.549453,  0.997,  0.1215,  0.2760,  34.5299,  10 Sep 2017 15:00:05
# 27.9768,  5.552229,  0.998,  0.1192,  0.2665,  34.5225,  10 Sep 2017 15:04:05
# 27.9694,  5.551547,  0.891,  0.1230,  0.3562,  34.5231,  10 Sep 2017 15:08:05
# 27.9223,  5.547002,  1.044,  0.1326,  0.2820,  34.5258,  10 Sep 2017 15:12:05
# 27.9238,  5.547319,  0.971,  0.1228,  0.2937,  34.5270,  10 Sep 2017 15:16:05
# 27.9172,  5.546312,  0.956,  0.1354,  0.3008,  34.5247,  10 Sep 2017 15:20:05
# 27.9197,  5.546312,  0.965,  0.1254,  0.2361,  34.5229,  10 Sep 2017 15:24:05
# 27.9415,  5.548691,  0.983,  0.1229,  0.2544,  34.5236,  10 Sep 2017 15:28:05
# 27.9338,  5.548374,  1.010,  0.1254,  0.2641,  34.5269,  10 Sep 2017 15:32:05
# 27.9434,  5.550484,  1.023,  0.1314,  0.2673,  34.5347,  10 Sep 2017 15:36:05
# 27.9378,  5.549976,  1.001,  0.1279,  0.2531,  34.5353,  10 Sep 2017 15:40:05
# 27.9653,  5.552507,  1.047,  0.1254,  0.2699,  34.5328,  10 Sep 2017 15:44:05
# 28.0008,  5.556530,  0.947,  0.1302,  0.2817,  34.5350,  10 Sep 2017 15:48:05
# 28.0015,  5.556022,  1.008,  0.1301,  0.2639,  34.5309,  10 Sep 2017 15:52:05
# 27.9832,  5.555078,  1.031,  0.1289,  0.2698,  34.5377,  10 Sep 2017 15:56:05
