# 26.0724,  5.356715,  0.925,  0.1073,  0.3473,  34.5443,  08 Jul 2018 02:00:08
# 26.0573,  5.355989,  0.912,  0.1081,  0.3183,  34.5505,  08 Jul 2018 02:04:08
# 26.0567,  5.356481,  0.890,  0.1034,  0.3085,  34.5545,  08 Jul 2018 02:08:08
# 26.0469,  5.355794,  0.886,  0.1059,  0.3487,  34.5568,  08 Jul 2018 02:12:08
# 26.0325,  5.355052,  0.892,  0.1021,  0.3045,  34.5623,  08 Jul 2018 02:16:08
# 26.0379,  5.355138,  0.908,  0.1037,  0.2802,  34.5588,  08 Jul 2018 02:20:08
# 26.0064,  5.353959,  0.863,  0.1008,  0.2778,  34.5741,  08 Jul 2018 02:24:08
# 26.0298,  5.354364,  0.856,  0.1007,  0.3121,  34.5594,  08 Jul 2018 02:28:08
# 26.0323,  5.354216,  0.860,  0.1046,  0.2787,  34.5564,  08 Jul 2018 02:32:08
# 26.0305,  5.353575,  0.875,  0.1009,  0.2839,  34.5531,  08 Jul 2018 02:36:08
# 26.0458,  5.354669,  0.854,  0.1022,  0.2945,  34.5496,  08 Jul 2018 02:40:08
# 26.0412,  5.354153,  0.848,  0.1036,  0.3168,  34.5493,  08 Jul 2018 02:44:08
# 26.0301,  5.353950,  0.831,  0.1044,  0.3780,  34.5561,  08 Jul 2018 02:48:08
# 26.0675,  5.354481,  0.888,  0.1096,  0.2934,  34.5318,  08 Jul 2018 02:52:08
# 26.0621,  5.353856,  0.798,  0.1082,  0.3444,  34.5314,  08 Jul 2018 02:56:08
