# 25.3169,  5.244486,  0.986,  0.1221,  0.2395,  34.2947,  22 Apr 2018 01:02:05
# 25.2989,  5.248443,  0.993,  0.1208,  0.2335,  34.3374,  22 Apr 2018 01:06:05
# 25.2907,  5.249000,  0.982,  0.1247,  0.2382,  34.3477,  22 Apr 2018 01:10:05
# 25.2845,  5.248613,  0.978,  0.1232,  0.2156,  34.3496,  22 Apr 2018 01:14:05
# 25.3036,  5.240051,  0.991,  0.1330,  0.2311,  34.2721,  22 Apr 2018 01:18:05
# 25.3009,  5.242079,  0.943,  0.1208,  0.2221,  34.2891,  22 Apr 2018 01:22:05
# 25.2982,  5.239703,  0.968,  0.1330,  0.2134,  34.2736,  22 Apr 2018 01:26:05
# 25.2897,  5.245385,  0.952,  0.1295,  0.2406,  34.3219,  22 Apr 2018 01:30:05
# 25.2867,  5.244239,  0.936,  0.1242,  0.2322,  34.3157,  22 Apr 2018 01:34:05
# 25.2735,  5.240524,  0.949,  0.1281,  0.2180,  34.2984,  22 Apr 2018 01:38:05
# 25.2639,  5.245315,  0.923,  0.1154,  0.2600,  34.3409,  22 Apr 2018 01:42:05
# 25.2412,  5.236493,  0.931,  0.1220,  0.2265,  34.2931,  22 Apr 2018 01:46:05
# 25.2551,  5.226572,  0.933,  0.1379,  0.2096,  34.2097,  22 Apr 2018 01:50:05
# 25.2624,  5.236919,  0.910,  0.1283,  0.2120,  34.2802,  22 Apr 2018 01:54:05
# 25.2579,  5.240648,  0.913,  0.1183,  0.2320,  34.3111,  22 Apr 2018 01:58:05
