# 24.7167,  5.11019,    1.029, 0.1135, 0.2325,  33.7548, 26 Dec 2017 08:03:16
# 24.7117,  5.10354,    1.020, 0.1122, 0.2578,  33.7091, 26 Dec 2017 08:07:16
# 24.7194,  5.10579,    1.029, 0.1099, 0.2831,  33.7201, 26 Dec 2017 08:11:16
# 24.7189,  5.10182,    1.037, 0.1085, 0.2577,  33.6911, 26 Dec 2017 08:15:16
# 24.7265,  5.10278,    1.031, 0.1063, 0.2422,  33.6924, 26 Dec 2017 08:19:16
# 24.6848,  5.07641,    1.035, 0.1062, 0.2576,  33.5281, 26 Dec 2017 08:23:16
# 24.6781,  5.07103,    1.043, 0.1048, 0.2998,  33.4932, 26 Dec 2017 08:27:16
# 24.6831,  5.07666,    1.047, 0.1060, 0.2625,  33.5311, 26 Dec 2017 08:31:16
# 24.6877,  5.08240,    1.050, 0.1035, 0.3067,  33.5703, 26 Dec 2017 08:35:16
# 24.7436,  5.10843,    1.043, 0.1122, 0.2639,  33.7216, 26 Dec 2017 08:39:16
# 24.7699,  5.11933,    1.047, 0.1173, 0.2578,  33.7826, 26 Dec 2017 08:43:16
# 24.7616,  5.11888,    1.049, 0.1147, 0.2816,  33.7855, 26 Dec 2017 08:47:16
# 24.7429,  5.11231,    1.053, 0.1136, 0.2483,  33.7508, 26 Dec 2017 08:51:16
# 24.7074,  5.10038,    1.058, 0.1157, 0.2649,  33.6890, 26 Dec 2017 08:55:16
# 24.7518,  5.11673,    1.058, 0.1246, 0.2433,  33.7769, 26 Dec 2017 08:59:16
