# 24.8684,  5.250092,  0.656,  0.1280,  0.3807,  34.6781,  31 Jan 2018 21:01:23
# 24.8194,  5.249790,  0.654,  0.1173,  0.3612,  34.7136,  31 Jan 2018 21:05:23
# 24.8875,  5.248728,  0.634,  0.1305,  0.3069,  34.6533,  31 Jan 2018 21:09:23
# 24.8598,  5.248520,  0.630,  0.1218,  0.3626,  34.6731,  31 Jan 2018 21:13:23
# 24.8936,  5.248945,  0.622,  0.1270,  0.4023,  34.6503,  31 Jan 2018 21:17:23
# 24.8656,  5.248613,  0.628,  0.1186,  0.3477,  34.6693,  31 Jan 2018 21:21:23
# 24.8540,  5.248102,  0.624,  0.1170,  0.3576,  34.6744,  31 Jan 2018 21:25:23
# 24.8323,  5.248087,  0.634,  0.1196,  0.3548,  34.6910,  31 Jan 2018 21:29:23
# 24.8446,  5.248365,  0.637,  0.1146,  0.3819,  34.6836,  31 Jan 2018 21:33:23
# 24.8370,  5.247010,  0.639,  0.1146,  0.3307,  34.6794,  31 Jan 2018 21:37:23
# 24.8442,  5.245655,  0.606,  0.1197,  0.3232,  34.6638,  31 Jan 2018 21:41:23
# 24.8577,  5.244587,  0.622,  0.1257,  0.3536,  34.6455,  31 Jan 2018 21:45:23
# 24.8292,  5.244889,  0.617,  0.1198,  0.3244,  34.6696,  31 Jan 2018 21:49:23
# 24.8573,  5.243549,  0.620,  0.1234,  0.3246,  34.6381,  31 Jan 2018 21:53:23
# 24.7761,  5.243326,  0.617,  0.1134,  0.4044,  34.6989,  31 Jan 2018 21:57:23
