# 25.9342,  5.333365,  0.977,  0.0960,  0.2192,  34.4788,  28 May 2018 13:03:04
# 25.9145,  5.331852,  0.984,  0.0959,  0.2598,  34.4827,  28 May 2018 13:07:04
# 25.9376,  5.333856,  0.989,  0.0948,  0.2192,  34.4798,  28 May 2018 13:11:04
# 25.9407,  5.335431,  0.997,  0.0937,  0.2274,  34.4889,  28 May 2018 13:15:04
# 25.9706,  5.337209,  1.007,  0.0971,  0.2322,  34.4793,  28 May 2018 13:19:04
# 25.9792,  5.338270,  1.015,  0.0988,  0.2265,  34.4806,  28 May 2018 13:23:04
# 26.0079,  5.341515,  1.020,  0.0912,  0.2428,  34.4825,  28 May 2018 13:27:04
# 26.0421,  5.344753,  1.033,  0.0885,  0.2118,  34.4803,  28 May 2018 13:31:04
# 26.0246,  5.342505,  1.033,  0.0932,  0.2442,  34.4771,  28 May 2018 13:35:04
# 26.0063,  5.340009,  1.042,  0.0971,  0.2357,  34.4728,  28 May 2018 13:39:04
# 25.9550,  5.335314,  1.046,  0.0994,  0.2155,  34.4773,  28 May 2018 13:43:04
# 25.9162,  5.331806,  1.052,  0.0947,  0.2477,  34.4810,  28 May 2018 13:47:04
# 25.9181,  5.331759,  1.057,  0.0933,  0.2068,  34.4792,  28 May 2018 13:51:04
# 25.9841,  5.334690,  1.064,  0.0946,  0.2107,  34.4508,  28 May 2018 13:55:04
# 26.0298,  5.337068,  1.069,  0.1048,  0.2406,  34.4338,  28 May 2018 13:59:04
