# 26.7585,  5.45846,    1.210, 0.0961, 0.1844,  34.7620, 18 Oct 2017 16:01:27
# 26.7581,  5.45756,    1.196, 0.0885, 0.1978,  34.7558, 18 Oct 2017 16:05:27
# 26.7540,  5.45563,    1.157, 0.0908, 0.1804,  34.7451, 18 Oct 2017 16:09:27
# 26.7354,  5.45210,    1.173, 0.0946, 0.1939,  34.7338, 18 Oct 2017 16:13:27
# 26.7340,  5.45077,    1.214, 0.0922, 0.1967,  34.7252, 18 Oct 2017 16:17:27
# 26.7421,  5.45088,    1.208, 0.1019, 0.1743,  34.7200, 18 Oct 2017 16:21:27
# 26.7285,  5.44758,    1.181, 0.0986, 0.1745,  34.7065, 18 Oct 2017 16:25:27
# 26.7243,  5.44619,    1.183, 0.1035, 0.1743,  34.6997, 18 Oct 2017 16:29:27
# 26.7132,  5.44412,    1.177, 0.1045, 0.1926,  34.6931, 18 Oct 2017 16:33:27
# 26.6963,  5.44163,    1.150, 0.1021, 0.1670,  34.6880, 18 Oct 2017 16:37:27
# 26.6933,  5.44047,    1.155, 0.1009, 0.1684,  34.6819, 18 Oct 2017 16:41:27
# 26.6669,  5.43679,    1.130, 0.1093, 0.1891,  34.6753, 18 Oct 2017 16:45:27
# 26.6470,  5.43411,    1.082, 0.1108, 0.1842,  34.6710, 18 Oct 2017 16:49:27
# 26.6202,  5.43093,    1.124, 0.1198, 0.1965,  34.6682, 18 Oct 2017 16:53:27
# 26.6189,  5.43077,    1.140, 0.1146, 0.1901,  34.6680, 18 Oct 2017 16:57:27
