# 26.5713,  5.41161,    0.858, 0.0873, 0.2232,  34.5661, 20 Oct 2017 12:01:27
# 26.5671,  5.41171,    0.782, 0.0874, 0.2037,  34.5700, 20 Oct 2017 12:05:27
# 26.5834,  5.41271,    0.809, 0.0896, 0.2158,  34.5650, 20 Oct 2017 12:09:27
# 26.6201,  5.41649,    0.902, 0.0885, 0.1901,  34.5647, 20 Oct 2017 12:13:27
# 26.5912,  5.41385,    0.839, 0.0848, 0.1842,  34.5673, 20 Oct 2017 12:17:27
# 26.5893,  5.41344,    0.809, 0.0922, 0.1926,  34.5659, 20 Oct 2017 12:21:27
# 26.5158,  5.40866,    0.827, 0.0945, 0.1997,  34.5865, 20 Oct 2017 12:25:27
# 26.6100,  5.41618,    0.826, 0.0960, 0.1999,  34.5700, 20 Oct 2017 12:29:27
# 26.5792,  5.41203,    0.895, 0.0910, 0.2124,  34.5633, 20 Oct 2017 12:33:27
# 26.5160,  5.40794,    0.842, 0.0935, 0.2339,  34.5811, 20 Oct 2017 12:37:27
# 26.6100,  5.41612,    0.861, 0.0908, 0.2036,  34.5696, 20 Oct 2017 12:41:27
# 26.6533,  5.42188,    0.858, 0.0873, 0.2011,  34.5785, 20 Oct 2017 12:45:27
# 26.6789,  5.42520,    0.812, 0.0934, 0.2012,  34.5832, 20 Oct 2017 12:49:27
# 26.6635,  5.42303,    0.923, 0.0909, 0.1928,  34.5791, 20 Oct 2017 12:53:27
# 26.6739,  5.42383,    0.926, 0.0948, 0.2132,  34.5771, 20 Oct 2017 12:57:27
