# 26.7251,  5.44868,    0.867, 0.1058, 0.3822,  34.7170, 15 Oct 2017 08:01:27
# 26.6961,  5.44808,    0.814, 0.0997, 0.4093,  34.7345, 15 Oct 2017 08:05:27
# 26.7001,  5.44729,    0.804, 0.1020, 0.3467,  34.7259, 15 Oct 2017 08:09:27
# 26.6963,  5.44655,    0.889, 0.0948, 0.3439,  34.7233, 15 Oct 2017 08:13:27
# 26.7315,  5.44829,    0.838, 0.0960, 0.2975,  34.7094, 15 Oct 2017 08:17:27
# 26.7316,  5.44868,    0.813, 0.0996, 0.4437,  34.7122, 15 Oct 2017 08:21:27
# 26.7099,  5.44731,    0.900, 0.0996, 0.5160,  34.7185, 15 Oct 2017 08:25:27
# 26.7417,  5.44820,    0.747, 0.0986, 0.4234,  34.7012, 15 Oct 2017 08:29:27
# 26.7570,  5.44999,    0.805, 0.1009, 0.3671,  34.7025, 15 Oct 2017 08:33:27
# 26.7552,  5.44935,    0.887, 0.1035, 0.4720,  34.6993, 15 Oct 2017 08:37:27
# 26.7643,  5.44963,    0.881, 0.0980, 0.3346,  34.6945, 15 Oct 2017 08:41:27
# 26.7690,  5.45073,    0.808, 0.0982, 0.3951,  34.6989, 15 Oct 2017 08:45:27
# 26.7858,  5.45148,    0.896, 0.0970, 0.3491,  34.6916, 15 Oct 2017 08:49:27
# 26.7979,  5.45290,    1.060, 0.0973, 0.3353,  34.6927, 15 Oct 2017 08:53:27
# 26.7559,  5.45189,    0.812, 0.0947, 0.4121,  34.7170, 15 Oct 2017 08:57:27
