# 23.5599,  5.105761,  1.094,  0.0938,  0.1312,  34.6072,  12 Feb 2018 02:01:23
# 23.5475,  5.105647,  1.099,  0.0925,  0.1408,  34.6160,  12 Feb 2018 02:05:23
# 23.5434,  5.103703,  1.101,  0.0963,  0.1533,  34.6044,  12 Feb 2018 02:09:23
# 23.5378,  5.102518,  1.105,  0.0948,  0.1337,  34.5998,  12 Feb 2018 02:13:23
# 23.5446,  5.105930,  1.106,  0.0965,  0.1479,  34.6204,  12 Feb 2018 02:17:23
# 23.5450,  5.108708,  1.110,  0.0938,  0.1441,  34.6413,  12 Feb 2018 02:21:23
# 23.5368,  5.106297,  1.112,  0.0964,  0.1482,  34.6293,  12 Feb 2018 02:25:23
# 23.5194,  5.104048,  1.117,  0.0938,  0.1350,  34.6258,  12 Feb 2018 02:29:23
# 23.5093,  5.102526,  1.116,  0.0925,  0.1394,  34.6221,  12 Feb 2018 02:33:23
# 23.5091,  5.102342,  1.115,  0.0912,  0.1337,  34.6209,  12 Feb 2018 02:37:23
# 23.5026,  5.100843,  1.118,  0.0963,  0.1456,  34.6146,  12 Feb 2018 02:41:23
# 23.5002,  5.101149,  1.123,  0.0928,  0.1432,  34.6188,  12 Feb 2018 02:45:23
# 23.4951,  5.099673,  1.122,  0.0887,  0.1455,  34.6115,  12 Feb 2018 02:49:23
# 23.4912,  5.097861,  1.126,  0.0939,  0.1335,  34.6007,  12 Feb 2018 02:53:23
# 23.4779,  5.098863,  1.123,  0.0924,  0.1527,  34.6188,  12 Feb 2018 02:57:23
