# 27.3693,  6.755719,  0.884,  0.1337,  0.3072,  43.6794,  22 Aug 2018 21:00:08
# 27.3711,  6.755442,  0.808,  0.1350,  0.2824,  43.6757,  22 Aug 2018 21:04:08
# 27.3833,  6.755018,  0.824,  0.1484,  0.3093,  43.6611,  22 Aug 2018 21:08:08
# 27.3603,  6.752213,  0.800,  0.1257,  0.3052,  43.6621,  22 Aug 2018 21:12:08
# 27.3554,  6.752577,  0.775,  0.1258,  0.3861,  43.6695,  22 Aug 2018 21:16:08
# 27.3455,  6.751763,  0.824,  0.1363,  0.3143,  43.6728,  22 Aug 2018 21:20:08
# 27.3337,  6.749106,  0.845,  0.1267,  0.4227,  43.6643,  22 Aug 2018 21:24:08
# 27.3254,  6.746882,  0.846,  0.1277,  0.3619,  43.6557,  22 Aug 2018 21:28:08
# 27.3246,  6.747972,  0.797,  0.1265,  0.2992,  43.6645,  22 Aug 2018 21:32:08
# 27.3121,  6.747877,  0.741,  0.1255,  0.4633,  43.6757,  22 Aug 2018 21:36:08
# 27.2995,  6.746476,  0.853,  0.1203,  0.3532,  43.6772,  22 Aug 2018 21:40:08
# 27.3016,  6.748155,  0.791,  0.1179,  0.3678,  43.6876,  22 Aug 2018 21:44:08
# 27.3026,  6.747004,  0.917,  0.1229,  0.4325,  43.6781,  22 Aug 2018 21:48:08
# 27.2968,  6.749557,  0.865,  0.1141,  0.3631,  43.7024,  22 Aug 2018 21:52:08
# 27.2957,  6.748146,  0.879,  0.1195,  0.3631,  43.6930,  22 Aug 2018 21:56:08
