# 27.0826,  5.448851,  1.252,  0.0972,  0.2074,  34.4517,  23 Sep 2017 08:00:05
# 27.1220,  5.453620,  1.230,  0.0994,  0.2049,  34.4564,  23 Sep 2017 08:04:05
# 27.1513,  5.456360,  1.217,  0.1069,  0.1987,  34.4542,  23 Sep 2017 08:08:05
# 27.1631,  5.459266,  1.169,  0.1007,  0.1938,  34.4662,  23 Sep 2017 08:12:05
# 27.1866,  5.461929,  1.205,  0.1034,  0.2063,  34.4676,  23 Sep 2017 08:16:05
# 27.2247,  5.466357,  1.196,  0.1070,  0.2221,  34.4709,  23 Sep 2017 08:20:05
# 27.2272,  5.467105,  1.216,  0.1020,  0.1976,  34.4743,  23 Sep 2017 08:24:05
# 27.2646,  5.470747,  1.094,  0.1096,  0.2364,  34.4725,  23 Sep 2017 08:28:05
# 27.2640,  5.472907,  1.220,  0.1019,  0.1952,  34.4883,  23 Sep 2017 08:32:05
# 27.2598,  5.473507,  1.144,  0.1009,  0.1923,  34.4956,  23 Sep 2017 08:36:05
# 27.2646,  5.472576,  1.132,  0.0983,  0.1781,  34.4855,  23 Sep 2017 08:40:05
# 27.2698,  5.472245,  1.033,  0.0971,  0.2195,  34.4794,  23 Sep 2017 08:44:05
# 27.2634,  5.471922,  1.100,  0.0907,  0.1779,  34.4818,  23 Sep 2017 08:48:05
# 27.2556,  5.472923,  1.195,  0.0922,  0.1891,  34.4946,  23 Sep 2017 08:52:05
# 27.2692,  5.472324,  1.166,  0.0943,  0.1978,  34.4803,  23 Sep 2017 08:56:05
