# 27.7391,  5.54302,    0.936, 0.1487, 0.3161,  34.6326, 10 Oct 2017 21:01:27
# 27.7374,  5.54172,    0.959, 0.1447, 0.2697,  34.6248, 10 Oct 2017 21:05:27
# 27.7275,  5.54084,    0.921, 0.1425, 0.2446,  34.6259, 10 Oct 2017 21:09:27
# 27.7184,  5.53996,    0.906, 0.1534, 0.2673,  34.6265, 10 Oct 2017 21:13:27
# 27.7259,  5.53856,    1.014, 0.1523, 0.2567,  34.6110, 10 Oct 2017 21:17:27
# 27.7028,  5.53759,    0.986, 0.1534, 0.2949,  34.6211, 10 Oct 2017 21:21:27
# 27.6924,  5.53704,    0.995, 0.1377, 0.3183,  34.6250, 10 Oct 2017 21:25:27
# 27.6974,  5.53663,    0.947, 0.1500, 0.2639,  34.6184, 10 Oct 2017 21:29:27
# 27.6877,  5.53606,    0.948, 0.1338, 0.2530,  34.6216, 10 Oct 2017 21:33:27
# 27.6701,  5.53554,    0.955, 0.1463, 0.2434,  34.6309, 10 Oct 2017 21:37:27
# 27.6548,  5.53511,    0.963, 0.1426, 0.3030,  34.6392, 10 Oct 2017 21:41:27
# 27.6375,  5.53419,    0.949, 0.1447, 0.2313,  34.6455, 10 Oct 2017 21:45:27
# 27.6473,  5.53518,    0.941, 0.1315, 0.3146,  34.6452, 10 Oct 2017 21:49:27
# 27.6678,  5.53402,    0.930, 0.1425, 0.2960,  34.6219, 10 Oct 2017 21:53:27
# 27.6475,  5.53368,    0.965, 0.1375, 0.2782,  34.6345, 10 Oct 2017 21:57:27
