# 27.2908,  5.471361,  0.827,  0.1009,  0.2266,  34.4576,  18 Jun 2018 15:03:04
# 27.3287,  5.474948,  0.812,  0.1009,  0.2275,  34.4551,  18 Jun 2018 15:07:04
# 27.3355,  5.475745,  0.819,  0.1019,  0.2103,  34.4557,  18 Jun 2018 15:11:04
# 27.3222,  5.474499,  0.835,  0.0995,  0.2164,  34.4567,  18 Jun 2018 15:15:04
# 27.3338,  5.475903,  0.827,  0.1009,  0.2254,  34.4580,  18 Jun 2018 15:19:04
# 27.3361,  5.475358,  0.833,  0.1020,  0.2367,  34.4525,  18 Jun 2018 15:23:04
# 27.3662,  5.478300,  0.856,  0.1020,  0.2416,  34.4511,  18 Jun 2018 15:27:04
# 27.4001,  5.481503,  0.840,  0.0981,  0.2165,  34.4488,  18 Jun 2018 15:31:04
# 27.3577,  5.478095,  0.837,  0.1069,  0.2462,  34.4560,  18 Jun 2018 15:35:04
# 27.3602,  5.478671,  0.868,  0.0969,  0.2139,  34.4582,  18 Jun 2018 15:39:04
# 27.3477,  5.478727,  0.858,  0.1044,  0.2345,  34.4678,  18 Jun 2018 15:43:04
# 27.3145,  5.475674,  0.850,  0.1019,  0.2463,  34.4707,  18 Jun 2018 15:47:04
# 27.3315,  5.476147,  0.837,  0.1083,  0.2452,  34.4615,  18 Jun 2018 15:51:04
# 27.3592,  5.479642,  0.889,  0.1035,  0.2419,  34.4657,  18 Jun 2018 15:55:04
# 27.3585,  5.480005,  0.893,  0.1106,  0.2367,  34.4688,  18 Jun 2018 15:59:04
