# 27.3697,  5.481535,  1.259,  0.1118,  0.2309,  34.4713,  09 Sep 2017 07:00:05
# 27.3626,  5.481109,  1.226,  0.1181,  0.2281,  34.4735,  09 Sep 2017 07:04:05
# 27.3506,  5.480218,  1.261,  0.1118,  0.2831,  34.4761,  09 Sep 2017 07:08:05
# 27.3880,  5.481535,  1.295,  0.1180,  0.2386,  34.4578,  09 Sep 2017 07:12:05
# 27.3619,  5.481370,  1.274,  0.1141,  0.2374,  34.4759,  09 Sep 2017 07:16:05
# 27.3276,  5.480005,  1.265,  0.1094,  0.2543,  34.4916,  09 Sep 2017 07:20:05
# 27.3189,  5.479674,  1.186,  0.1070,  0.2986,  34.4957,  09 Sep 2017 07:24:05
# 27.3240,  5.479571,  1.246,  0.1093,  0.2566,  34.4912,  09 Sep 2017 07:28:05
# 27.3264,  5.479556,  1.325,  0.1093,  0.2364,  34.4893,  09 Sep 2017 07:32:05
# 27.3715,  5.480825,  1.213,  0.1083,  0.2220,  34.4650,  09 Sep 2017 07:36:05
# 27.4124,  5.483050,  1.246,  0.1120,  0.2518,  34.4505,  09 Sep 2017 07:40:05
# 27.5642,  5.491360,  1.215,  0.1242,  0.2519,  34.3975,  09 Sep 2017 07:44:05
# 27.3985,  5.484518,  1.258,  0.1142,  0.4086,  34.4712,  09 Sep 2017 07:48:05
# 27.3875,  5.484147,  1.175,  0.1143,  0.3272,  34.4767,  09 Sep 2017 07:52:05
# 27.4072,  5.485078,  1.301,  0.1193,  0.2688,  34.4687,  09 Sep 2017 07:56:05
