# 22.9408,  5.045420,  0.975,  0.1125,  0.2795,  34.6313,  04 Mar 2018 08:00:46
# 22.9419,  5.045382,  0.944,  0.1099,  0.2583,  34.6301,  04 Mar 2018 08:04:46
# 22.9658,  5.044933,  0.930,  0.1084,  0.2579,  34.6077,  04 Mar 2018 08:08:46
# 23.0061,  5.046371,  0.941,  0.1162,  0.2711,  34.5871,  04 Mar 2018 08:12:46
# 22.9953,  5.046280,  0.931,  0.1049,  0.2603,  34.5949,  04 Mar 2018 08:16:46
# 23.0155,  5.046866,  0.927,  0.1013,  0.2519,  34.5835,  04 Mar 2018 08:20:46
# 22.9862,  5.046653,  0.927,  0.1090,  0.2589,  34.6049,  04 Mar 2018 08:24:46
# 22.9705,  5.046585,  0.905,  0.1161,  0.2985,  34.6168,  04 Mar 2018 08:28:46
# 22.9845,  5.047681,  0.896,  0.1088,  0.2724,  34.6142,  04 Mar 2018 08:32:46
# 22.9997,  5.048297,  0.909,  0.1015,  0.2834,  34.6070,  04 Mar 2018 08:36:46
# 23.0090,  5.050064,  0.898,  0.1138,  0.2960,  34.6133,  04 Mar 2018 08:40:46
# 23.0314,  5.051732,  0.890,  0.1098,  0.3320,  34.6084,  04 Mar 2018 08:44:46
# 23.0169,  5.051252,  0.867,  0.1073,  0.3149,  34.6162,  04 Mar 2018 08:48:46
# 23.0284,  5.052570,  0.866,  0.1015,  0.2972,  34.6173,  04 Mar 2018 08:52:46
# 23.0262,  5.052852,  0.849,  0.1023,  0.3148,  34.6211,  04 Mar 2018 08:56:46
