# 25.2832,  5.259630,  1.035,  0.1606,  0.2070,  34.4316,  04 May 2018 22:02:05
# 25.2897,  5.266158,  1.033,  0.1490,  0.2490,  34.4747,  04 May 2018 22:06:05
# 25.3167,  5.274691,  1.021,  0.1429,  0.2588,  34.5170,  04 May 2018 22:10:05
# 25.3063,  5.272278,  1.025,  0.1441,  0.2419,  34.5071,  04 May 2018 22:14:05
# 25.2996,  5.267406,  1.019,  0.1391,  0.2354,  34.4764,  04 May 2018 22:18:05
# 25.2982,  5.265902,  1.017,  0.1427,  0.2468,  34.4663,  04 May 2018 22:22:05
# 25.3067,  5.260544,  1.009,  0.1641,  0.2013,  34.4205,  04 May 2018 22:26:05
# 25.3029,  5.263436,  1.003,  0.1342,  0.2480,  34.4446,  04 May 2018 22:30:05
# 25.2999,  5.265336,  1.008,  0.1355,  0.2083,  34.4609,  04 May 2018 22:34:05
# 25.2938,  5.267546,  0.993,  0.1415,  0.2370,  34.4819,  04 May 2018 22:38:05
# 25.2801,  5.269842,  1.001,  0.1440,  0.2193,  34.5091,  04 May 2018 22:42:05
# 25.2688,  5.269703,  1.012,  0.1369,  0.2308,  34.5167,  04 May 2018 22:46:05
# 25.2867,  5.270509,  1.007,  0.1490,  0.2182,  34.5090,  04 May 2018 22:50:05
# 25.2841,  5.271401,  0.998,  0.1403,  0.2396,  34.5176,  04 May 2018 22:54:05
# 25.2900,  5.272697,  1.002,  0.1318,  0.2697,  34.5227,  04 May 2018 22:58:05
