# 26.0715,  5.342270,  0.825,  0.1120,  0.2699,  34.4402,  18 Nov 2017 10:02:57
# 26.0795,  5.341623,  0.818,  0.1219,  0.2457,  34.4296,  18 Nov 2017 10:06:57
# 26.0872,  5.342286,  0.863,  0.1157,  0.2447,  34.4286,  18 Nov 2017 10:10:57
# 26.0983,  5.343807,  0.831,  0.1073,  0.2146,  34.4313,  18 Nov 2017 10:14:57
# 26.1126,  5.345946,  0.833,  0.1036,  0.2171,  34.4360,  18 Nov 2017 10:18:57
# 26.1140,  5.347764,  0.853,  0.1061,  0.2197,  34.4482,  18 Nov 2017 10:22:57
# 26.1139,  5.348717,  0.818,  0.1107,  0.2374,  34.4552,  18 Nov 2017 10:26:57
# 26.1158,  5.348225,  0.801,  0.1109,  0.2579,  34.4501,  18 Nov 2017 10:30:57
# 26.1312,  5.349942,  0.810,  0.1096,  0.2663,  34.4511,  18 Nov 2017 10:34:57
# 26.1465,  5.351113,  0.817,  0.1060,  0.2420,  34.4480,  18 Nov 2017 10:38:57
# 26.1525,  5.351035,  0.820,  0.1130,  0.2577,  34.4430,  18 Nov 2017 10:42:57
# 26.1594,  5.351722,  0.777,  0.1095,  0.2408,  34.4428,  18 Nov 2017 10:46:57
# 26.1670,  5.353011,  0.818,  0.1084,  0.2363,  34.4464,  18 Nov 2017 10:50:57
# 26.1814,  5.352675,  0.794,  0.1093,  0.2652,  34.4332,  18 Nov 2017 10:54:57
# 26.2027,  5.355182,  0.808,  0.1059,  0.2245,  34.4353,  18 Nov 2017 10:58:57
