# 24.2680,  5.197244,  0.790,  0.1108,  0.9488,  34.7474,  31 Jan 2018 10:01:23
# 24.2824,  5.198878,  0.776,  0.1086,  0.6610,  34.7486,  31 Jan 2018 10:05:23
# 24.2895,  5.199650,  0.752,  0.1086,  0.8141,  34.7488,  31 Jan 2018 10:09:23
# 24.3174,  5.201809,  0.773,  0.1100,  0.7982,  34.7434,  31 Jan 2018 10:13:23
# 24.3285,  5.202981,  0.787,  0.1050,  0.8093,  34.7435,  31 Jan 2018 10:17:23
# 24.3150,  5.202642,  0.752,  0.1061,  0.7981,  34.7515,  31 Jan 2018 10:21:23
# 24.3290,  5.203845,  0.749,  0.1086,  0.8927,  34.7497,  31 Jan 2018 10:25:23
# 24.3377,  5.205288,  0.760,  0.1035,  0.7448,  34.7537,  31 Jan 2018 10:29:23
# 24.3414,  5.205620,  0.735,  0.1061,  0.8649,  34.7534,  31 Jan 2018 10:33:23
# 24.3583,  5.207371,  0.731,  0.1014,  0.7361,  34.7534,  31 Jan 2018 10:37:23
# 24.3723,  5.209123,  0.738,  0.1015,  0.7042,  34.7557,  31 Jan 2018 10:41:23
# 24.3824,  5.210118,  0.748,  0.1023,  0.8066,  34.7552,  31 Jan 2018 10:45:23
# 24.3830,  5.210373,  0.721,  0.1035,  0.7700,  34.7567,  31 Jan 2018 10:49:23
# 24.3900,  5.211114,  0.726,  0.1050,  0.8709,  34.7568,  31 Jan 2018 10:53:23
# 24.3876,  5.211855,  0.741,  0.1073,  0.7948,  34.7642,  31 Jan 2018 10:57:23
