# 24.7334,  5.17336,    0.863, 0.1135, 0.2099,  34.2112, 02 Jan 2018 00:03:16
# 24.7187,  5.17061,    0.880, 0.1086, 0.1997,  34.2020, 02 Jan 2018 00:07:16
# 24.7116,  5.16996,    0.887, 0.1049, 0.2035,  34.2025, 02 Jan 2018 00:11:16
# 24.7170,  5.17115,    0.893, 0.1123, 0.2038,  34.2072, 02 Jan 2018 00:15:16
# 24.7465,  5.17728,    0.902, 0.1048, 0.2337,  34.2304, 02 Jan 2018 00:19:16
# 24.7343,  5.17607,    0.914, 0.1025, 0.1987,  34.2306, 02 Jan 2018 00:23:16
# 24.7339,  5.17635,    0.918, 0.0998, 0.2662,  34.2331, 02 Jan 2018 00:27:16
# 24.7309,  5.17715,    0.930, 0.1012, 0.2170,  34.2413, 02 Jan 2018 00:31:16
# 24.7228,  5.17572,    0.936, 0.1012, 0.2037,  34.2368, 02 Jan 2018 00:35:16
# 24.7240,  5.17579,    0.946, 0.1023, 0.2060,  34.2364, 02 Jan 2018 00:39:16
# 24.7455,  5.17998,    0.955, 0.0997, 0.2084,  34.2512, 02 Jan 2018 00:43:16
# 24.7265,  5.17694,    0.966, 0.1035, 0.2255,  34.2430, 02 Jan 2018 00:47:16
# 24.7104,  5.17377,    0.970, 0.0986, 0.2459,  34.2317, 02 Jan 2018 00:51:16
# 24.6838,  5.16876,    0.990, 0.0974, 0.2233,  34.2146, 02 Jan 2018 00:55:16
# 24.7006,  5.17066,    0.993, 0.0999, 0.2037,  34.2161, 02 Jan 2018 00:59:16
