# 27.4837,  5.54493,    0.968, 0.0899, 0.3020,  34.8355, 05 Oct 2017 13:01:27
# 27.5330,  5.55035,    1.093, 0.0883, 0.3159,  34.8370, 05 Oct 2017 13:05:27
# 27.5469,  5.55095,    1.062, 0.0954, 0.2939,  34.8309, 05 Oct 2017 13:09:27
# 27.5579,  5.55147,    1.037, 0.0945, 0.3344,  34.8265, 05 Oct 2017 13:13:27
# 27.5296,  5.54918,    1.080, 0.0893, 0.3210,  34.8313, 05 Oct 2017 13:17:27
# 27.5302,  5.54957,    0.954, 0.0884, 0.3174,  34.8337, 05 Oct 2017 13:21:27
# 27.5515,  5.55274,    1.038, 0.0896, 0.3452,  34.8402, 05 Oct 2017 13:25:27
# 27.5769,  5.55545,    1.085, 0.0871, 0.3574,  34.8404, 05 Oct 2017 13:29:27
# 27.5987,  5.55689,    1.055, 0.0970, 0.3075,  34.8344, 05 Oct 2017 13:33:27
# 27.5700,  5.55524,    0.992, 0.0919, 0.3296,  34.8441, 05 Oct 2017 13:37:27
# 27.5686,  5.55529,    1.109, 0.0957, 0.3058,  34.8454, 05 Oct 2017 13:41:27
# 27.5955,  5.55763,    1.093, 0.0919, 0.2890,  34.8420, 05 Oct 2017 13:45:27
# 27.6117,  5.56022,    1.098, 0.0982, 0.3018,  34.8482, 05 Oct 2017 13:49:27
# 27.5918,  5.55802,    1.054, 0.0945, 0.3194,  34.8475, 05 Oct 2017 13:53:27
# 27.6026,  5.55851,    1.108, 0.0935, 0.3088,  34.8428, 05 Oct 2017 13:57:27
