# 27.7157,  5.52715,    1.236, 0.0956, 0.2589,  34.5382, 02 Nov 2017 01:01:27
# 27.7058,  5.52602,    1.163, 0.0970, 0.2514,  34.5375, 02 Nov 2017 01:05:27
# 27.7069,  5.52470,    1.276, 0.1044, 0.2770,  34.5274, 02 Nov 2017 01:09:27
# 27.6942,  5.52100,    1.223, 0.1021, 0.2600,  34.5107, 02 Nov 2017 01:13:27
# 27.6967,  5.52349,    1.243, 0.0982, 0.2779,  34.5265, 02 Nov 2017 01:17:27
# 27.6931,  5.52247,    1.179, 0.0947, 0.2419,  34.5219, 02 Nov 2017 01:21:27
# 27.6743,  5.51496,    1.265, 0.0955, 0.2454,  34.4828, 02 Nov 2017 01:25:27
# 27.6575,  5.50448,    1.268, 0.0982, 0.2383,  34.4215, 02 Nov 2017 01:29:27
# 27.6752,  5.51299,    1.421, 0.0967, 0.2351,  34.4682, 02 Nov 2017 01:33:27
# 27.6685,  5.50873,    1.372, 0.0955, 0.2235,  34.4432, 02 Nov 2017 01:37:27
# 27.6719,  5.51079,    1.308, 0.0945, 0.2119,  34.4552, 02 Nov 2017 01:41:27
# 27.6663,  5.51222,    1.286, 0.0933, 0.2220,  34.4694, 02 Nov 2017 01:45:27
# 27.6505,  5.51032,    1.208, 0.0958, 0.2258,  34.4677, 02 Nov 2017 01:49:27
# 27.6383,  5.50211,    1.276, 0.0957, 0.2385,  34.4188, 02 Nov 2017 01:53:27
# 27.6349,  5.50256,    1.268, 0.0932, 0.2348,  34.4245, 02 Nov 2017 01:57:27
