# 23.5611,  5.097982,  0.992,  0.1209,  0.1768,  34.5471,  07 Mar 2018 22:00:46
# 23.5663,  5.099955,  0.995,  0.1247,  0.1719,  34.5580,  07 Mar 2018 22:04:46
# 23.5650,  5.100750,  0.998,  0.1244,  0.1976,  34.5651,  07 Mar 2018 22:08:46
# 23.5676,  5.101362,  0.998,  0.1147,  0.1878,  34.5677,  07 Mar 2018 22:12:46
# 23.5616,  5.101064,  1.005,  0.1134,  0.1745,  34.5701,  07 Mar 2018 22:16:46
# 23.5503,  5.099947,  1.003,  0.1221,  0.1708,  34.5704,  07 Mar 2018 22:20:46
# 23.5495,  5.100184,  0.998,  0.1161,  0.1915,  34.5729,  07 Mar 2018 22:24:46
# 23.5450,  5.100376,  1.003,  0.1237,  0.1939,  34.5779,  07 Mar 2018 22:28:46
# 23.5373,  5.099619,  1.001,  0.1146,  0.1842,  34.5781,  07 Mar 2018 22:32:46
# 23.5263,  5.098586,  0.997,  0.1135,  0.2024,  34.5788,  07 Mar 2018 22:36:46
# 23.5170,  5.097325,  1.000,  0.1209,  0.1807,  34.5765,  07 Mar 2018 22:40:46
# 23.4821,  5.092968,  1.005,  0.1137,  0.1650,  34.5706,  07 Mar 2018 22:44:46
# 23.4527,  5.086014,  0.998,  0.1196,  0.1669,  34.5405,  07 Mar 2018 22:48:46
# 23.4371,  5.078652,  0.997,  0.1284,  0.1669,  34.4965,  07 Mar 2018 22:52:46
# 23.4313,  5.078859,  1.000,  0.1306,  0.1572,  34.5026,  07 Mar 2018 22:56:46
