# 24.1789,  5.155986,  1.270,  0.0936,  0.1517,  34.5061,  29 Jan 2018 04:01:23
# 24.2124,  5.161028,  1.269,  0.0998,  0.1778,  34.5182,  29 Jan 2018 04:05:23
# 24.1893,  5.157423,  1.268,  0.0998,  0.1732,  34.5089,  29 Jan 2018 04:09:23
# 24.1742,  5.155394,  1.267,  0.1001,  0.1658,  34.5053,  29 Jan 2018 04:13:23
# 24.1840,  5.157700,  1.262,  0.0961,  0.1596,  34.5150,  29 Jan 2018 04:17:23
# 24.1963,  5.158622,  1.265,  0.0999,  0.1647,  34.5125,  29 Jan 2018 04:21:23
# 24.1983,  5.158868,  1.263,  0.0999,  0.1905,  34.5128,  29 Jan 2018 04:25:23
# 24.1961,  5.159398,  1.257,  0.1003,  0.1805,  34.5185,  29 Jan 2018 04:29:23
# 24.2106,  5.159659,  1.250,  0.1026,  0.1698,  34.5092,  29 Jan 2018 04:33:23
# 24.2068,  5.160420,  1.250,  0.1011,  0.1587,  34.5179,  29 Jan 2018 04:37:23
# 24.2445,  5.164041,  1.238,  0.1100,  0.1623,  34.5160,  29 Jan 2018 04:41:23
# 24.2256,  5.162919,  1.234,  0.1059,  0.1595,  34.5222,  29 Jan 2018 04:45:23
# 24.1976,  5.159767,  1.237,  0.1035,  0.1408,  34.5201,  29 Jan 2018 04:49:23
# 24.1843,  5.158161,  1.232,  0.0986,  0.1493,  34.5184,  29 Jan 2018 04:53:23
# 24.2224,  5.162826,  1.224,  0.1074,  0.1585,  34.5240,  29 Jan 2018 04:57:23
