# 24.9720,  5.216857,  0.812,  0.1575,  0.2505,  34.3524,  06 Dec 2017 19:02:57
# 24.9664,  5.215652,  0.814,  0.1479,  0.2407,  34.3478,  06 Dec 2017 19:06:57
# 24.9541,  5.212980,  0.816,  0.1553,  0.2183,  34.3373,  06 Dec 2017 19:10:57
# 24.9175,  5.206983,  0.817,  0.1329,  0.2184,  34.3207,  06 Dec 2017 19:14:57
# 24.8648,  5.191683,  0.817,  0.1528,  0.2036,  34.2474,  06 Dec 2017 19:18:57
# 24.8554,  5.188562,  0.818,  0.1404,  0.2458,  34.2314,  06 Dec 2017 19:22:57
# 24.8498,  5.187468,  0.817,  0.1431,  0.2221,  34.2275,  06 Dec 2017 19:26:57
# 24.8203,  5.182254,  0.815,  0.1256,  0.1842,  34.2113,  06 Dec 2017 19:30:57
# 24.8302,  5.183987,  0.816,  0.1305,  0.1987,  34.2166,  06 Dec 2017 19:34:57
# 24.8348,  5.185912,  0.815,  0.1270,  0.2062,  34.2274,  06 Dec 2017 19:38:57
# 24.8185,  5.182362,  0.813,  0.1246,  0.1941,  34.2134,  06 Dec 2017 19:42:57
# 24.8097,  5.181646,  0.814,  0.1209,  0.1938,  34.2148,  06 Dec 2017 19:46:57
# 24.8012,  5.180814,  0.815,  0.1196,  0.2076,  34.2151,  06 Dec 2017 19:50:57
# 24.7640,  5.178128,  0.813,  0.1331,  0.1949,  34.2234,  06 Dec 2017 19:54:57
# 24.7805,  5.181731,  0.814,  0.1208,  0.1940,  34.2376,  06 Dec 2017 19:58:57
