# 26.1438,  5.360769,  0.772,  0.0920,  0.3644,  34.5200,  20 May 2018 16:03:04
# 26.1269,  5.358659,  0.783,  0.0960,  0.3449,  34.5174,  20 May 2018 16:07:04
# 26.1483,  5.360925,  0.833,  0.0997,  0.5275,  34.5177,  20 May 2018 16:11:04
# 26.1764,  5.363621,  0.814,  0.0948,  0.3484,  34.5162,  20 May 2018 16:15:04
# 26.1669,  5.362207,  0.749,  0.1196,  1.2389,  34.5131,  20 May 2018 16:19:04
# 26.1613,  5.361910,  0.819,  0.1061,  0.6133,  34.5151,  20 May 2018 16:23:04
# 26.1222,  5.358378,  0.826,  0.0970,  0.4997,  34.5189,  20 May 2018 16:27:04
# 26.0958,  5.355519,  0.832,  0.0959,  0.4251,  34.5181,  20 May 2018 16:31:04
# 26.0897,  5.355246,  0.767,  0.0932,  0.5723,  34.5207,  20 May 2018 16:35:04
# 26.1154,  5.357230,  0.872,  0.1070,  0.6815,  34.5157,  20 May 2018 16:39:04
# 26.0934,  5.355387,  0.835,  0.0998,  0.4842,  34.5189,  20 May 2018 16:43:04
# 26.0911,  5.354832,  0.859,  0.1034,  0.4240,  34.5166,  20 May 2018 16:47:04
# 26.0876,  5.354426,  0.858,  0.0970,  0.3860,  34.5163,  20 May 2018 16:51:04
# 26.0594,  5.352185,  0.874,  0.0947,  0.3521,  34.5212,  20 May 2018 16:55:04
# 26.0556,  5.351599,  0.882,  0.0947,  0.4079,  34.5198,  20 May 2018 16:59:04
