# 25.2457,  5.17772,    0.704, 0.1170, 0.3137,  33.8576, 28 Dec 2017 19:03:16
# 25.2425,  5.18169,    0.716, 0.1170, 0.2815,  33.8892, 28 Dec 2017 19:07:16
# 25.2374,  5.18273,    0.709, 0.1186, 0.2866,  33.9006, 28 Dec 2017 19:11:16
# 25.2155,  5.17405,    0.690, 0.1184, 0.2769,  33.8532, 28 Dec 2017 19:15:16
# 25.2269,  5.18235,    0.706, 0.1183, 0.2940,  33.9057, 28 Dec 2017 19:19:16
# 25.2153,  5.18196,    0.731, 0.1156, 0.2771,  33.9115, 28 Dec 2017 19:23:16
# 25.2079,  5.18245,    0.747, 0.1183, 0.2757,  33.9206, 28 Dec 2017 19:27:16
# 25.2094,  5.18960,    0.716, 0.1097, 0.2719,  33.9721, 28 Dec 2017 19:31:16
# 25.1834,  5.18105,    0.747, 0.1085, 0.2528,  33.9286, 28 Dec 2017 19:35:16
# 25.1716,  5.17540,    0.704, 0.1035, 0.2699,  33.8959, 28 Dec 2017 19:39:16
# 25.1883,  5.18543,    0.733, 0.1196, 0.3439,  33.9572, 28 Dec 2017 19:43:16
# 25.1895,  5.18944,    0.722, 0.1157, 0.3490,  33.9858, 28 Dec 2017 19:47:16
# 25.1448,  5.16934,    0.739, 0.1086, 0.2396,  33.8713, 28 Dec 2017 19:51:16
# 25.1668,  5.17066,    0.758, 0.1097, 0.2626,  33.8646, 28 Dec 2017 19:55:16
# 25.1742,  5.17483,    0.730, 0.1087, 0.2912,  33.8897, 28 Dec 2017 19:59:16
