# 24.6175,  5.17087,    0.714, 0.1121, 0.1769,  34.2810, 02 Jan 2018 21:03:16
# 24.6078,  5.17018,    0.712, 0.1083, 0.1718,  34.2833, 02 Jan 2018 21:07:16
# 24.5964,  5.16258,    0.695, 0.1357, 0.1913,  34.2353, 02 Jan 2018 21:11:16
# 24.6097,  5.16805,    0.690, 0.1381, 0.1961,  34.2659, 02 Jan 2018 21:15:16
# 24.6056,  5.16900,    0.696, 0.1442, 0.1827,  34.2761, 02 Jan 2018 21:19:16
# 24.5974,  5.16852,    0.686, 0.1344, 0.1913,  34.2788, 02 Jan 2018 21:23:16
# 24.5981,  5.16949,    0.685, 0.1309, 0.2021,  34.2855, 02 Jan 2018 21:27:16
# 24.6022,  5.17070,    0.682, 0.1332, 0.1986,  34.2914, 02 Jan 2018 21:31:16
# 24.6020,  5.17101,    0.672, 0.1244, 0.2133,  34.2939, 02 Jan 2018 21:35:16
# 24.6013,  5.17272,    0.671, 0.1213, 0.1900,  34.3071, 02 Jan 2018 21:39:16
# 24.5911,  5.17205,    0.695, 0.1183, 0.1817,  34.3100, 02 Jan 2018 21:43:16
# 24.5503,  5.16272,    0.675, 0.1209, 0.1741,  34.2715, 02 Jan 2018 21:47:16
# 24.5228,  5.15593,    0.682, 0.1186, 0.1755,  34.2418, 02 Jan 2018 21:51:16
# 24.5127,  5.15427,    0.672, 0.1160, 0.1695,  34.2372, 02 Jan 2018 21:55:16
# 24.5023,  5.15152,    0.664, 0.1149, 0.1928,  34.2245, 02 Jan 2018 21:59:16
