# 27.9354,  5.557706,  0.845,  0.1093,  0.1491,  34.5912,  02 Oct 2017 09:00:05
# 27.9128,  5.559215,  0.910,  0.1118,  0.1572,  34.6184,  02 Oct 2017 09:04:05
# 27.9292,  5.559485,  0.915,  0.1070,  0.1830,  34.6083,  02 Oct 2017 09:08:05
# 27.9348,  5.562963,  0.893,  0.1008,  0.1598,  34.6285,  02 Oct 2017 09:12:05
# 27.9459,  5.564488,  0.867,  0.1031,  0.1560,  34.6311,  02 Oct 2017 09:16:05
# 27.9343,  5.569652,  0.908,  0.1022,  0.1527,  34.6757,  02 Oct 2017 09:20:05
# 27.9576,  5.570693,  0.887,  0.1006,  0.1584,  34.6659,  02 Oct 2017 09:24:05
# 27.9654,  5.572910,  0.899,  0.1030,  0.1527,  34.6757,  02 Oct 2017 09:28:05
# 28.0032,  5.575906,  0.945,  0.0971,  0.1504,  34.6688,  02 Oct 2017 09:32:05
# 28.0048,  5.577194,  0.921,  0.0994,  0.1682,  34.6767,  02 Oct 2017 09:36:05
# 28.0376,  5.580191,  0.961,  0.1045,  0.1646,  34.6735,  02 Oct 2017 09:40:05
# 28.0576,  5.582450,  0.951,  0.1007,  0.1469,  34.6746,  02 Oct 2017 09:44:05
# 28.0660,  5.583985,  0.940,  0.1054,  0.1596,  34.6792,  02 Oct 2017 09:48:05
# 28.0317,  5.583564,  0.944,  0.1009,  0.1633,  34.7015,  02 Oct 2017 09:52:05
# 28.0562,  5.585664,  0.961,  0.0932,  0.1634,  34.6981,  02 Oct 2017 09:56:05
