# 24.8334,  5.182693,  0.981,  0.1096,  0.3933,  34.2045,  15 Jan 2018 00:01:23
# 24.8138,  5.176179,  0.987,  0.1073,  0.2122,  34.1711,  15 Jan 2018 00:05:23
# 24.8076,  5.173824,  0.995,  0.1051,  0.1765,  34.1583,  15 Jan 2018 00:09:23
# 24.8057,  5.170200,  1.010,  0.1025,  0.1559,  34.1329,  15 Jan 2018 00:13:23
# 24.8130,  5.169484,  1.011,  0.1110,  0.1767,  34.1220,  15 Jan 2018 00:17:23
# 24.8175,  5.169007,  1.023,  0.1060,  0.1659,  34.1150,  15 Jan 2018 00:21:23
# 24.8203,  5.165569,  1.018,  0.1099,  0.1574,  34.0875,  15 Jan 2018 00:25:23
# 24.8193,  5.165546,  1.034,  0.1085,  0.1569,  34.0880,  15 Jan 2018 00:29:23
# 24.8120,  5.167454,  1.044,  0.1085,  0.1534,  34.1077,  15 Jan 2018 00:33:23
# 24.8157,  5.167831,  1.045,  0.1051,  0.1646,  34.1077,  15 Jan 2018 00:37:23
# 24.8136,  5.170254,  1.054,  0.1084,  0.1682,  34.1273,  15 Jan 2018 00:41:23
# 24.8168,  5.169269,  1.063,  0.1024,  0.1597,  34.1175,  15 Jan 2018 00:45:23
# 24.8031,  5.164800,  1.060,  0.1039,  0.1720,  34.0947,  15 Jan 2018 00:49:23
# 24.7966,  5.161794,  1.069,  0.1122,  0.1719,  34.0773,  15 Jan 2018 00:53:23
# 24.8083,  5.169569,  1.075,  0.1009,  0.1669,  34.1262,  15 Jan 2018 00:57:23
