# 28.3507,  5.625007,  0.877,  0.0991,  0.1814,  34.7562,  30 Sep 2017 18:00:05
# 28.3437,  5.624576,  0.915,  0.0955,  0.2034,  34.7583,  30 Sep 2017 18:04:05
# 28.3139,  5.621464,  0.910,  0.1130,  0.2506,  34.7585,  30 Sep 2017 18:08:05
# 28.3115,  5.620371,  0.806,  0.0992,  0.1915,  34.7527,  30 Sep 2017 18:12:05
# 28.2998,  5.618840,  0.820,  0.0982,  0.1950,  34.7506,  30 Sep 2017 18:16:05
# 28.2909,  5.617883,  0.953,  0.0970,  0.1889,  34.7505,  30 Sep 2017 18:20:05
# 28.2812,  5.616974,  0.828,  0.1044,  0.2335,  34.7513,  30 Sep 2017 18:24:05
# 28.2707,  5.616184,  0.874,  0.1044,  0.2170,  34.7535,  30 Sep 2017 18:28:05
# 28.2666,  5.615562,  0.900,  0.1047,  0.2109,  34.7522,  30 Sep 2017 18:32:05
# 28.2649,  5.615371,  0.813,  0.1007,  0.2125,  34.7521,  30 Sep 2017 18:36:05
# 28.2535,  5.614047,  0.824,  0.1093,  0.2325,  34.7512,  30 Sep 2017 18:40:05
# 28.2422,  5.612644,  0.895,  0.1241,  0.1913,  34.7497,  30 Sep 2017 18:44:05
# 28.2368,  5.611951,  0.874,  0.1267,  0.2020,  34.7489,  30 Sep 2017 18:48:05
# 28.2357,  5.611034,  0.848,  0.1057,  0.2160,  34.7433,  30 Sep 2017 18:52:05
# 28.2195,  5.609018,  0.835,  0.1057,  0.2097,  34.7412,  30 Sep 2017 18:56:05
