# 24.2244,  5.133943,  0.964,  0.1443,  0.2095,  34.3055,  06 Feb 2018 07:01:23
# 24.2264,  5.134158,  0.970,  0.1369,  0.2123,  34.3056,  06 Feb 2018 07:05:23
# 24.2273,  5.135370,  0.967,  0.1392,  0.2361,  34.3140,  06 Feb 2018 07:09:23
# 24.2272,  5.138109,  0.968,  0.1334,  0.2148,  34.3346,  06 Feb 2018 07:13:23
# 24.2142,  5.121011,  0.971,  0.1393,  0.2037,  34.2163,  06 Feb 2018 07:17:23
# 24.1658,  5.134712,  0.967,  0.1307,  0.2158,  34.3564,  06 Feb 2018 07:21:23
# 24.1668,  5.131843,  0.957,  0.1283,  0.2181,  34.3340,  06 Feb 2018 07:25:23
# 24.1883,  5.131521,  0.980,  0.1344,  0.1985,  34.3150,  06 Feb 2018 07:29:23
# 24.1829,  5.133783,  0.966,  0.1270,  0.1939,  34.3362,  06 Feb 2018 07:33:23
# 24.1837,  5.139430,  0.972,  0.1345,  0.2256,  34.3780,  06 Feb 2018 07:37:23
# 24.1708,  5.140520,  0.978,  0.1368,  0.2158,  34.3961,  06 Feb 2018 07:41:23
# 24.1708,  5.134451,  0.987,  0.1280,  0.2167,  34.3505,  06 Feb 2018 07:45:23
# 24.1610,  5.129750,  0.985,  0.1244,  0.2293,  34.3227,  06 Feb 2018 07:49:23
# 24.1509,  5.123732,  0.992,  0.1222,  0.2046,  34.2852,  06 Feb 2018 07:53:23
# 24.1512,  5.134888,  0.986,  0.1292,  0.2022,  34.3689,  06 Feb 2018 07:57:23
