# 25.9937,  5.324579,  0.811,  0.1280,  0.1878,  34.3703,  21 Nov 2017 19:02:57
# 25.9849,  5.323574,  0.813,  0.1256,  0.1770,  34.3696,  21 Nov 2017 19:06:57
# 25.9725,  5.321712,  0.807,  0.1368,  0.2036,  34.3654,  21 Nov 2017 19:10:57
# 25.9636,  5.321112,  0.809,  0.1281,  0.1963,  34.3677,  21 Nov 2017 19:14:57
# 25.9590,  5.320326,  0.810,  0.1268,  0.1914,  34.3654,  21 Nov 2017 19:18:57
# 25.9433,  5.318877,  0.807,  0.1269,  0.1839,  34.3667,  21 Nov 2017 19:22:57
# 25.9424,  5.317398,  0.807,  0.1379,  0.1926,  34.3566,  21 Nov 2017 19:26:57
# 25.9161,  5.315763,  0.805,  0.1267,  0.2072,  34.3645,  21 Nov 2017 19:30:57
# 25.9145,  5.314556,  0.803,  0.1330,  0.1962,  34.3569,  21 Nov 2017 19:34:57
# 25.9252,  5.314229,  0.798,  0.1406,  0.1878,  34.3465,  21 Nov 2017 19:38:57
# 25.9233,  5.314050,  0.801,  0.1450,  0.2145,  34.3466,  21 Nov 2017 19:42:57
# 25.9137,  5.312322,  0.799,  0.1405,  0.1889,  34.3413,  21 Nov 2017 19:46:57
# 25.8983,  5.311621,  0.794,  0.1319,  0.1949,  34.3477,  21 Nov 2017 19:50:57
# 25.8728,  5.309186,  0.788,  0.1283,  0.1915,  34.3492,  21 Nov 2017 19:54:57
# 25.8603,  5.307373,  0.794,  0.1353,  0.1756,  34.3454,  21 Nov 2017 19:58:57
