# 25.0214,  5.17070,    0.780, 0.1014, 0.1885,  33.9739, 22 Dec 2017 15:03:16
# 25.0240,  5.17176,    0.758, 0.1086, 0.1987,  33.9798, 22 Dec 2017 15:07:16
# 25.0103,  5.17087,    0.777, 0.1011, 0.1875,  33.9834, 22 Dec 2017 15:11:16
# 25.0185,  5.17157,    0.781, 0.1024, 0.2001,  33.9825, 22 Dec 2017 15:15:16
# 25.0466,  5.17367,    0.777, 0.0973, 0.1814,  33.9769, 22 Dec 2017 15:19:16
# 25.0476,  5.17355,    0.769, 0.0986, 0.1829,  33.9752, 22 Dec 2017 15:23:16
# 25.0424,  5.17269,    0.768, 0.1061, 0.1792,  33.9728, 22 Dec 2017 15:27:16
# 25.0420,  5.17182,    0.778, 0.0959, 0.1729,  33.9667, 22 Dec 2017 15:31:16
# 25.0338,  5.17172,    0.813, 0.1050, 0.1839,  33.9721, 22 Dec 2017 15:35:16
# 25.0408,  5.17207,    0.797, 0.1111, 0.1792,  33.9694, 22 Dec 2017 15:39:16
# 25.0358,  5.17238,    0.794, 0.1319, 0.1963,  33.9754, 22 Dec 2017 15:43:16
# 25.0372,  5.17238,    0.816, 0.1135, 0.2047,  33.9744, 22 Dec 2017 15:47:16
# 25.0539,  5.17389,    0.782, 0.1051, 0.1693,  33.9730, 22 Dec 2017 15:51:16
# 25.0470,  5.17385,    0.792, 0.1157, 0.1814,  33.9779, 22 Dec 2017 15:55:16
# 25.0282,  5.17215,    0.783, 0.1231, 0.1791,  33.9795, 22 Dec 2017 15:59:16
