# 25.9884,  5.336460,  1.044,  0.1246,  0.2755,  34.4605,  26 May 2018 17:03:04
# 25.9560,  5.332203,  1.055,  0.1353,  0.2753,  34.4539,  26 May 2018 17:07:04
# 25.9311,  5.330737,  1.038,  0.1295,  0.2969,  34.4620,  26 May 2018 17:11:04
# 25.9564,  5.331789,  1.048,  0.1353,  0.3170,  34.4506,  26 May 2018 17:15:04
# 25.9583,  5.330183,  1.033,  0.1365,  0.2683,  34.4375,  26 May 2018 17:19:04
# 25.9494,  5.329794,  1.000,  0.1365,  0.2550,  34.4414,  26 May 2018 17:23:04
# 25.9294,  5.328890,  1.044,  0.1279,  0.2919,  34.4499,  26 May 2018 17:27:04
# 25.9215,  5.328516,  1.027,  0.1312,  0.2777,  34.4531,  26 May 2018 17:31:04
# 25.9176,  5.328742,  1.009,  0.1330,  0.3107,  34.4577,  26 May 2018 17:35:04
# 25.9092,  5.327674,  1.004,  0.1377,  0.2672,  34.4562,  26 May 2018 17:39:04
# 25.9012,  5.327176,  1.004,  0.1295,  0.2538,  34.4586,  26 May 2018 17:43:04
# 25.8900,  5.326334,  1.005,  0.1368,  0.2851,  34.4609,  26 May 2018 17:47:04
# 25.8803,  5.324900,  0.963,  0.1426,  0.2860,  34.4578,  26 May 2018 17:51:04
# 25.8764,  5.324565,  0.985,  0.1416,  0.2969,  34.4583,  26 May 2018 17:55:04
# 25.8725,  5.323919,  0.989,  0.1439,  0.3314,  34.4565,  26 May 2018 17:59:04
