# 27.2688,  5.485649,  0.820,  0.1007,  0.2692,  34.5752,  15 Jul 2018 13:00:08
# 27.2742,  5.486099,  0.823,  0.1018,  0.3350,  34.5744,  15 Jul 2018 13:04:08
# 27.2795,  5.485996,  0.853,  0.1047,  0.4910,  34.5697,  15 Jul 2018 13:08:08
# 27.2841,  5.486383,  0.805,  0.1046,  0.5116,  34.5691,  15 Jul 2018 13:12:08
# 27.2882,  5.486959,  0.857,  0.0985,  0.3678,  34.5702,  15 Jul 2018 13:16:08
# 27.2692,  5.484710,  0.879,  0.0996,  0.4015,  34.5683,  15 Jul 2018 13:20:08
# 27.2670,  5.484512,  0.860,  0.1017,  0.3619,  34.5685,  15 Jul 2018 13:24:08
# 27.2447,  5.481995,  0.870,  0.1019,  0.3896,  34.5672,  15 Jul 2018 13:28:08
# 27.2391,  5.481285,  0.844,  0.0970,  0.3413,  34.5663,  15 Jul 2018 13:32:08
# 27.2186,  5.479881,  0.865,  0.1009,  0.2811,  34.5715,  15 Jul 2018 13:36:08
# 27.2355,  5.481577,  0.883,  0.1108,  0.2899,  34.5710,  15 Jul 2018 13:40:08
# 27.2321,  5.481056,  0.872,  0.1019,  0.3062,  34.5698,  15 Jul 2018 13:44:08
# 27.2456,  5.482697,  0.880,  0.0969,  0.2908,  34.5715,  15 Jul 2018 13:48:08
# 27.2651,  5.485388,  0.911,  0.1019,  0.2656,  34.5761,  15 Jul 2018 13:52:08
# 27.3071,  5.490749,  0.888,  0.1007,  0.2655,  34.5830,  15 Jul 2018 13:56:08
