# 24.1028,  5.10137,    1.058, 0.1344, 0.2159,  34.1540, 05 Jan 2018 21:03:16
# 24.1136,  5.10469,    1.000, 0.1307, 0.2396,  34.1706, 05 Jan 2018 21:07:16
# 24.0946,  5.10251,    1.047, 0.1237, 0.2208,  34.1688, 05 Jan 2018 21:11:16
# 24.0754,  5.09933,    1.045, 0.1308, 0.2170,  34.1595, 05 Jan 2018 21:15:16
# 24.0744,  5.09776,    1.024, 0.1481, 0.2374,  34.1485, 05 Jan 2018 21:19:16
# 24.1129,  5.10695,    1.039, 0.1295, 0.2109,  34.1882, 05 Jan 2018 21:23:16
# 24.1293,  5.11070,    1.029, 0.1247, 0.2541,  34.2038, 05 Jan 2018 21:27:16
# 24.1029,  5.10524,    1.033, 0.1272, 0.2567,  34.1830, 05 Jan 2018 21:31:16
# 24.0946,  5.10418,    1.018, 0.1247, 0.2315,  34.1814, 05 Jan 2018 21:35:16
# 24.0709,  5.10193,    0.997, 0.1199, 0.2221,  34.1826, 05 Jan 2018 21:39:16
# 24.0583,  5.09892,    1.012, 0.1396, 0.2781,  34.1697, 05 Jan 2018 21:43:16
# 24.0566,  5.09863,    1.002, 0.1310, 0.2110,  34.1687, 05 Jan 2018 21:47:16
# 24.0623,  5.10088,    1.019, 0.1308, 0.2077,  34.1813, 05 Jan 2018 21:51:16
# 24.0508,  5.09928,    0.965, 0.1187, 0.2050,  34.1781, 05 Jan 2018 21:55:16
# 24.0323,  5.09818,    1.000, 0.1145, 0.2072,  34.1840, 05 Jan 2018 21:59:16
