# 25.2806,  5.265142,  0.787,  0.1096,  0.3982,  34.4743,  20 May 2018 02:03:04
# 25.3200,  5.266715,  0.739,  0.1184,  0.4325,  34.4559,  20 May 2018 02:07:04
# 25.3082,  5.266390,  0.759,  0.1118,  0.3487,  34.4625,  20 May 2018 02:11:04
# 25.2707,  5.263878,  0.763,  0.1060,  0.3645,  34.4724,  20 May 2018 02:15:04
# 25.2609,  5.262677,  0.780,  0.1047,  0.4153,  34.4711,  20 May 2018 02:19:04
# 25.2201,  5.259693,  0.727,  0.1074,  0.5303,  34.4801,  20 May 2018 02:23:04
# 25.2665,  5.261490,  0.759,  0.1135,  0.3583,  34.4581,  20 May 2018 02:27:04
# 25.2741,  5.261707,  0.769,  0.1145,  0.4127,  34.4539,  20 May 2018 02:31:04
# 25.2347,  5.260165,  0.735,  0.1061,  0.4695,  34.4725,  20 May 2018 02:35:04
# 25.1856,  5.256927,  0.719,  0.1021,  0.3790,  34.4860,  20 May 2018 02:39:04
# 25.1944,  5.256725,  0.742,  0.1097,  0.3582,  34.4778,  20 May 2018 02:43:04
# 25.2035,  5.256686,  0.739,  0.1059,  0.3548,  34.4706,  20 May 2018 02:47:04
# 25.1931,  5.255671,  0.731,  0.1047,  0.4057,  34.4710,  20 May 2018 02:51:04
# 25.1718,  5.253123,  0.719,  0.1071,  0.3951,  34.4684,  20 May 2018 02:55:04
# 25.2272,  5.256430,  0.750,  0.1231,  0.8027,  34.4506,  20 May 2018 02:59:04
