# 25.3125,  5.272355,  0.780,  0.1062,  0.2406,  34.5031,  01 Jun 2018 03:03:04
# 25.3082,  5.272192,  0.767,  0.1034,  0.2419,  34.5051,  01 Jun 2018 03:07:04
# 25.3047,  5.272021,  0.760,  0.1059,  0.2382,  34.5065,  01 Jun 2018 03:11:04
# 25.3067,  5.272681,  0.778,  0.1012,  0.2862,  34.5099,  01 Jun 2018 03:15:04
# 25.3035,  5.272495,  0.781,  0.1048,  0.2488,  34.5109,  01 Jun 2018 03:19:04
# 25.2920,  5.271781,  0.774,  0.1060,  0.2611,  34.5145,  01 Jun 2018 03:23:04
# 25.2802,  5.270920,  0.772,  0.1035,  0.2588,  34.5171,  01 Jun 2018 03:27:04
# 25.2780,  5.269353,  0.796,  0.1048,  0.2345,  34.5072,  01 Jun 2018 03:31:04
# 25.2721,  5.268523,  0.796,  0.1060,  0.2428,  34.5056,  01 Jun 2018 03:35:04
# 25.2756,  5.268105,  0.803,  0.1048,  0.2428,  34.4998,  01 Jun 2018 03:39:04
# 25.2792,  5.271254,  0.816,  0.1009,  0.2441,  34.5203,  01 Jun 2018 03:43:04
# 25.2660,  5.267096,  0.793,  0.1048,  0.2344,  34.4997,  01 Jun 2018 03:47:04
# 25.2642,  5.265328,  0.805,  0.1083,  0.2742,  34.4880,  01 Jun 2018 03:51:04
# 25.2754,  5.268182,  0.794,  0.1059,  0.2406,  34.5006,  01 Jun 2018 03:55:04
# 25.2776,  5.269074,  0.817,  0.1010,  0.3095,  34.5054,  01 Jun 2018 03:59:04
