# 26.9125,  5.450853,  0.897,  0.1009,  0.3337,  34.5924,  06 Jul 2018 17:00:08
# 26.8583,  5.447076,  0.900,  0.0958,  0.3206,  34.6059,  06 Jul 2018 17:04:08
# 26.8732,  5.447918,  0.968,  0.0982,  0.3182,  34.6008,  06 Jul 2018 17:08:08
# 26.8507,  5.446808,  0.910,  0.0945,  0.3586,  34.6096,  06 Jul 2018 17:12:08
# 26.8714,  5.448036,  0.892,  0.0958,  0.2968,  34.6029,  06 Jul 2018 17:16:08
# 26.8896,  5.449531,  0.925,  0.0999,  0.3366,  34.6000,  06 Jul 2018 17:20:08
# 26.8777,  5.448618,  0.913,  0.1057,  0.2826,  34.6024,  06 Jul 2018 17:24:08
# 26.8805,  5.448539,  0.957,  0.0996,  0.3194,  34.5997,  06 Jul 2018 17:28:08
# 26.8742,  5.447674,  0.957,  0.0999,  0.2872,  34.5982,  06 Jul 2018 17:32:08
# 26.8406,  5.444936,  0.910,  0.0971,  0.2847,  34.6037,  06 Jul 2018 17:36:08
# 26.8110,  5.442026,  0.928,  0.0982,  0.2955,  34.6050,  06 Jul 2018 17:40:08
# 26.8078,  5.441735,  0.931,  0.0973,  0.3038,  34.6053,  06 Jul 2018 17:44:08
# 26.8250,  5.442710,  0.926,  0.1035,  0.3064,  34.5994,  06 Jul 2018 17:48:08
# 26.8330,  5.443347,  0.936,  0.1009,  0.2656,  34.5981,  06 Jul 2018 17:52:08
# 26.8378,  5.443536,  0.953,  0.1010,  0.2936,  34.5958,  06 Jul 2018 17:56:08
