# 26.8121,  5.43477,    0.949, 0.0887, 0.1705,  34.5522, 20 Oct 2017 14:01:27
# 26.7870,  5.43400,    0.963, 0.0921, 0.1879,  34.5655, 20 Oct 2017 14:05:27
# 26.7424,  5.43021,    0.996, 0.0933, 0.1731,  34.5716, 20 Oct 2017 14:09:27
# 26.7918,  5.43386,    0.991, 0.0872, 0.1756,  34.5609, 20 Oct 2017 14:13:27
# 26.8060,  5.43466,    1.015, 0.0906, 0.1733,  34.5560, 20 Oct 2017 14:17:27
# 26.7712,  5.43186,    1.022, 0.0922, 0.1867,  34.5620, 20 Oct 2017 14:21:27
# 26.7929,  5.43334,    1.008, 0.0983, 0.1819,  34.5563, 20 Oct 2017 14:25:27
# 26.7802,  5.43239,    1.036, 0.0912, 0.1830,  34.5590, 20 Oct 2017 14:29:27
# 26.7585,  5.43051,    1.032, 0.0981, 0.1804,  34.5618, 20 Oct 2017 14:33:27
# 26.7543,  5.43015,    0.997, 0.0898, 0.1756,  34.5623, 20 Oct 2017 14:37:27
# 26.7624,  5.43070,    1.006, 0.0982, 0.1792,  34.5602, 20 Oct 2017 14:41:27
# 26.7708,  5.43143,    1.032, 0.0934, 0.1767,  34.5591, 20 Oct 2017 14:45:27
# 26.7470,  5.42926,    1.026, 0.1046, 0.1741,  34.5614, 20 Oct 2017 14:49:27
# 26.7374,  5.42891,    1.032, 0.0969, 0.2087,  34.5661, 20 Oct 2017 14:53:27
# 26.7628,  5.43088,    1.061, 0.1035, 0.1720,  34.5612, 20 Oct 2017 14:57:27
