# 26.9840,  6.617421,  0.908,  0.1106,  0.2869,  43.0188,  12 Aug 2018 02:00:08
# 26.9667,  6.615285,  1.000,  0.1157,  0.4789,  43.0191,  12 Aug 2018 02:04:08
# 26.9438,  6.613244,  0.914,  0.1128,  0.3801,  43.0254,  12 Aug 2018 02:08:08
# 26.9608,  6.612584,  0.943,  0.1156,  0.3248,  43.0046,  12 Aug 2018 02:12:08
# 26.9878,  6.614024,  0.940,  0.1167,  0.3003,  42.9901,  12 Aug 2018 02:16:08
# 26.9074,  6.610715,  1.038,  0.1069,  0.3133,  43.0406,  12 Aug 2018 02:20:08
# 26.9700,  6.610165,  0.853,  0.1230,  0.3156,  42.9781,  12 Aug 2018 02:24:08
# 26.9812,  6.610096,  0.940,  0.1192,  0.2832,  42.9672,  12 Aug 2018 02:28:08
# 26.9386,  6.609146,  0.880,  0.1145,  0.3070,  42.9999,  12 Aug 2018 02:32:08
# 26.9401,  6.606111,  0.959,  0.1132,  0.2922,  42.9759,  12 Aug 2018 02:36:08
# 26.9325,  6.606745,  0.984,  0.1092,  0.3142,  42.9877,  12 Aug 2018 02:40:08
# 26.9719,  6.607799,  0.965,  0.1221,  0.2908,  42.9588,  12 Aug 2018 02:44:08
# 26.9432,  6.607842,  1.032,  0.1141,  0.3311,  42.9859,  12 Aug 2018 02:48:08
# 26.9466,  6.608091,  0.982,  0.1158,  0.3778,  42.9845,  12 Aug 2018 02:52:08
# 26.9322,  6.607148,  0.910,  0.1105,  0.2898,  42.9911,  12 Aug 2018 02:56:08
