# 26.9914,  5.453827,  0.749,  0.0944,  0.2300,  34.5549,  14 Jul 2018 12:00:08
# 27.0108,  5.455496,  0.740,  0.0935,  0.2071,  34.5524,  14 Jul 2018 12:04:08
# 27.0323,  5.457473,  0.746,  0.0946,  0.2190,  34.5505,  14 Jul 2018 12:08:08
# 26.9796,  5.454969,  0.766,  0.0898,  0.2264,  34.5718,  14 Jul 2018 12:12:08
# 27.0297,  5.459064,  0.769,  0.0922,  0.2319,  34.5638,  14 Jul 2018 12:16:08
# 27.0396,  5.460151,  0.775,  0.0912,  0.2300,  34.5642,  14 Jul 2018 12:20:08
# 27.0570,  5.461679,  0.778,  0.0921,  0.2229,  34.5621,  14 Jul 2018 12:24:08
# 27.0352,  5.460048,  0.763,  0.0884,  0.2452,  34.5667,  14 Jul 2018 12:28:08
# 27.1211,  5.468652,  0.752,  0.0910,  0.2040,  34.5641,  14 Jul 2018 12:32:08
# 27.0591,  5.463128,  0.804,  0.0897,  0.2200,  34.5709,  14 Jul 2018 12:36:08
# 27.0576,  5.463641,  0.798,  0.0920,  0.2321,  34.5757,  14 Jul 2018 12:40:08
# 27.0443,  5.463050,  0.798,  0.0935,  0.2301,  34.5813,  14 Jul 2018 12:44:08
# 27.0901,  5.465886,  0.802,  0.0871,  0.2202,  34.5674,  14 Jul 2018 12:48:08
# 27.1029,  5.467588,  0.837,  0.0908,  0.2417,  34.5701,  14 Jul 2018 12:52:08
# 27.1584,  5.473287,  0.836,  0.0935,  0.1981,  34.5694,  14 Jul 2018 12:56:08
