# 27.4156,  5.51103,    0.747, 0.1617, 0.2818,  34.6463, 09 Oct 2017 23:01:27
# 27.4135,  5.51065,    0.800, 0.1618, 0.2723,  34.6451, 09 Oct 2017 23:05:27
# 27.4173,  5.51133,    0.785, 0.1580, 0.2384,  34.6471, 09 Oct 2017 23:09:27
# 27.4135,  5.51040,    0.852, 0.1580, 0.2662,  34.6434, 09 Oct 2017 23:13:27
# 27.4034,  5.50887,    0.731, 0.1486, 0.2589,  34.6400, 09 Oct 2017 23:17:27
# 27.3993,  5.50858,    0.782, 0.1412, 0.2780,  34.6410, 09 Oct 2017 23:21:27
# 27.3952,  5.50815,    0.741, 0.1365, 0.2603,  34.6410, 09 Oct 2017 23:25:27
# 27.4015,  5.51043,    0.794, 0.1548, 0.3021,  34.6525, 09 Oct 2017 23:29:27
# 27.3934,  5.50967,    0.752, 0.1402, 0.3318,  34.6531, 09 Oct 2017 23:33:27
# 27.3848,  5.50777,    0.757, 0.1453, 0.2960,  34.6460, 09 Oct 2017 23:37:27
# 27.3902,  5.50858,    0.760, 0.1617, 0.2758,  34.6478, 09 Oct 2017 23:41:27
# 27.3899,  5.50835,    0.758, 0.1700, 0.2841,  34.6463, 09 Oct 2017 23:45:27
# 27.3834,  5.50842,    0.729, 0.1521, 0.3900,  34.6517, 09 Oct 2017 23:49:27
# 27.3741,  5.50801,    0.799, 0.1498, 0.2972,  34.6556, 09 Oct 2017 23:53:27
# 27.3748,  5.50710,    0.762, 0.1547, 0.2830,  34.6486, 09 Oct 2017 23:57:27
