# 25.6512,  5.305813,  1.066,  0.0922,  0.2886,  34.4915,  24 May 2018 13:03:04
# 25.6660,  5.306762,  1.072,  0.0949,  0.2562,  34.4873,  24 May 2018 13:07:04
# 25.6582,  5.305587,  1.064,  0.0912,  0.2815,  34.4845,  24 May 2018 13:11:04
# 25.6371,  5.304646,  1.067,  0.0909,  0.3278,  34.4937,  24 May 2018 13:15:04
# 25.6386,  5.303845,  1.063,  0.0959,  0.2861,  34.4866,  24 May 2018 13:19:04
# 25.6261,  5.303806,  1.071,  0.0948,  0.2634,  34.4958,  24 May 2018 13:23:04
# 25.6466,  5.305136,  1.061,  0.0933,  0.2943,  34.4901,  24 May 2018 13:27:04
# 25.6767,  5.308450,  1.072,  0.0925,  0.2482,  34.4915,  24 May 2018 13:31:04
# 25.7167,  5.310862,  1.052,  0.1021,  0.3302,  34.4789,  24 May 2018 13:35:04
# 25.7229,  5.312535,  1.075,  0.0897,  0.2723,  34.4864,  24 May 2018 13:39:04
# 25.7287,  5.313041,  1.072,  0.0910,  0.2791,  34.4857,  24 May 2018 13:43:04
# 25.7184,  5.312598,  1.067,  0.0935,  0.2552,  34.4903,  24 May 2018 13:47:04
# 25.7032,  5.311928,  1.064,  0.0934,  0.2922,  34.4969,  24 May 2018 13:51:04
# 25.7327,  5.313329,  1.059,  0.0945,  0.2969,  34.4848,  24 May 2018 13:55:04
# 25.7666,  5.316708,  1.068,  0.0923,  0.2599,  34.4838,  24 May 2018 13:59:04
