# 25.8020,  5.316263,  0.846,  0.1082,  0.3218,  34.4540,  25 Apr 2018 17:02:05
# 25.8087,  5.316979,  0.811,  0.1084,  0.2647,  34.4541,  25 Apr 2018 17:06:05
# 25.7895,  5.315524,  0.809,  0.1035,  0.2596,  34.4580,  25 Apr 2018 17:10:05
# 25.7808,  5.314457,  0.813,  0.1048,  0.2779,  34.4568,  25 Apr 2018 17:14:05
# 25.7761,  5.313998,  0.797,  0.1074,  0.2660,  34.4570,  25 Apr 2018 17:18:05
# 25.7551,  5.312332,  0.799,  0.1085,  0.3086,  34.4607,  25 Apr 2018 17:22:05
# 25.7659,  5.315633,  0.795,  0.1096,  0.3890,  34.4766,  25 Apr 2018 17:26:05
# 25.8062,  5.320204,  0.792,  0.1145,  0.2981,  34.4795,  25 Apr 2018 17:30:05
# 25.7828,  5.317782,  0.811,  0.1082,  0.3158,  34.4796,  25 Apr 2018 17:34:05
# 25.7573,  5.315174,  0.799,  0.1061,  0.3289,  34.4798,  25 Apr 2018 17:38:05
# 25.7304,  5.312753,  0.800,  0.1058,  0.2610,  34.4824,  25 Apr 2018 17:42:05
# 25.7417,  5.313523,  0.802,  0.1061,  0.2502,  34.4795,  25 Apr 2018 17:46:05
# 25.7456,  5.312854,  0.779,  0.1110,  0.2777,  34.4717,  25 Apr 2018 17:50:05
# 25.7362,  5.313415,  0.777,  0.1083,  0.2694,  34.4828,  25 Apr 2018 17:54:05
# 25.7167,  5.312473,  0.786,  0.1045,  0.2634,  34.4907,  25 Apr 2018 17:58:05
