# 26.8365,  6.679303,  1.375,  0.1093,  0.5875,  43.6169,  24 Aug 2018 15:00:08
# 26.8393,  6.678571,  1.318,  0.1070,  0.5805,  43.6088,  24 Aug 2018 15:04:08
# 26.8726,  6.682723,  1.385,  0.1044,  0.6776,  43.6082,  24 Aug 2018 15:08:08
# 26.8590,  6.680465,  1.273,  0.1082,  0.7185,  43.6043,  24 Aug 2018 15:12:08
# 26.8193,  6.674066,  1.319,  0.1109,  0.6874,  43.5943,  24 Aug 2018 15:16:08
# 26.8282,  6.676237,  1.274,  0.1094,  0.6355,  43.6020,  24 Aug 2018 15:20:08
# 26.8365,  6.678648,  1.431,  0.1083,  0.5876,  43.6120,  24 Aug 2018 15:24:08
# 26.8430,  6.680078,  1.442,  0.1071,  0.5419,  43.6165,  24 Aug 2018 15:28:08
# 26.8309,  6.676736,  1.284,  0.1120,  0.5854,  43.6031,  24 Aug 2018 15:32:08
# 26.8325,  6.676366,  1.344,  0.1109,  0.5876,  43.5989,  24 Aug 2018 15:36:08
# 26.8332,  6.678037,  1.345,  0.1044,  0.5362,  43.6107,  24 Aug 2018 15:40:08
# 26.8283,  6.678243,  1.217,  0.1059,  0.5204,  43.6168,  24 Aug 2018 15:44:08
# 26.8314,  6.678493,  1.537,  0.1083,  0.5203,  43.6157,  24 Aug 2018 15:48:08
# 26.8267,  6.677520,  1.425,  0.1146,  0.6764,  43.6129,  24 Aug 2018 15:52:08
# 26.8296,  6.679019,  1.446,  0.1083,  0.5914,  43.6213,  24 Aug 2018 15:56:08
