# 24.6456,  5.206247,  1.027,  0.1258,  0.2145,  34.5230,  27 Jan 2018 05:01:23
# 24.6431,  5.205815,  1.031,  0.1256,  0.2047,  34.5217,  27 Jan 2018 05:05:23
# 24.6420,  5.205391,  1.006,  0.1247,  0.2084,  34.5194,  27 Jan 2018 05:09:23
# 24.6366,  5.205568,  1.029,  0.1209,  0.1755,  34.5248,  27 Jan 2018 05:13:23
# 24.6337,  5.205707,  0.999,  0.1196,  0.2147,  34.5281,  27 Jan 2018 05:17:23
# 24.6312,  5.206626,  0.992,  0.1123,  0.1927,  34.5369,  27 Jan 2018 05:21:23
# 24.6305,  5.205437,  0.979,  0.1220,  0.1851,  34.5286,  27 Jan 2018 05:25:23
# 24.6262,  5.205538,  0.988,  0.1219,  0.1974,  34.5327,  27 Jan 2018 05:29:23
# 24.6247,  5.206140,  0.956,  0.1207,  0.2745,  34.5383,  27 Jan 2018 05:33:23
# 24.6198,  5.205600,  0.987,  0.1135,  0.1901,  34.5380,  27 Jan 2018 05:37:23
# 24.6181,  5.205669,  0.962,  0.1247,  0.2010,  34.5399,  27 Jan 2018 05:41:23
# 24.6151,  5.205330,  0.952,  0.1135,  0.1829,  34.5396,  27 Jan 2018 05:45:23
# 24.6111,  5.205198,  0.948,  0.1134,  0.1888,  34.5418,  27 Jan 2018 05:49:23
# 24.6076,  5.206371,  0.950,  0.1099,  0.1766,  34.5532,  27 Jan 2018 05:53:23
# 24.6027,  5.205499,  0.948,  0.1089,  0.1924,  34.5505,  27 Jan 2018 05:57:23
