# 27.0456,  5.456583,  1.149,  0.1106,  0.1861,  34.5341,  01 Jul 2018 18:00:08
# 27.0533,  5.456228,  1.156,  0.1193,  0.1907,  34.5259,  01 Jul 2018 18:04:08
# 27.0605,  5.454629,  1.160,  0.1257,  0.2020,  34.5092,  01 Jul 2018 18:08:08
# 27.0803,  5.454023,  1.164,  0.1242,  0.2132,  34.4902,  01 Jul 2018 18:12:08
# 27.1111,  5.453959,  1.165,  0.1255,  0.1896,  34.4669,  01 Jul 2018 18:16:08
# 27.0860,  5.453826,  1.158,  0.1231,  0.1873,  34.4845,  01 Jul 2018 18:20:08
# 27.0945,  5.452117,  1.169,  0.1254,  0.1762,  34.4661,  01 Jul 2018 18:24:08
# 27.1276,  5.452022,  1.168,  0.1400,  0.1824,  34.4409,  01 Jul 2018 18:28:08
# 27.1057,  5.452267,  1.170,  0.1379,  0.2645,  34.4588,  01 Jul 2018 18:32:08
# 27.0971,  5.451794,  1.172,  0.1268,  0.1947,  34.4618,  01 Jul 2018 18:36:08
# 27.1008,  5.450920,  1.180,  0.1231,  0.1860,  34.4529,  01 Jul 2018 18:40:08
# 27.0792,  5.450622,  1.181,  0.1216,  0.1811,  34.4667,  01 Jul 2018 18:44:08
# 27.0980,  5.449590,  1.182,  0.1292,  0.1958,  34.4455,  01 Jul 2018 18:48:08
# 27.1083,  5.449086,  1.176,  0.1326,  0.1884,  34.4343,  01 Jul 2018 18:52:08
# 27.1026,  5.449039,  1.184,  0.1267,  0.1736,  34.4382,  01 Jul 2018 18:56:08
