# 27.0652,  5.391065,  0.981,  0.1022,  0.2158,  34.0537,  12 Nov 2017 15:02:57
# 27.0164,  5.394004,  0.920,  0.1009,  0.1755,  34.1104,  12 Nov 2017 15:06:57
# 27.0328,  5.391920,  0.951,  0.1020,  0.1827,  34.0835,  12 Nov 2017 15:10:57
# 26.9948,  5.391678,  0.881,  0.1070,  0.1768,  34.1096,  12 Nov 2017 15:14:57
# 27.0048,  5.388215,  0.910,  0.1044,  0.1718,  34.0777,  12 Nov 2017 15:18:57
# 26.9403,  5.393238,  0.927,  0.1144,  0.1842,  34.1608,  12 Nov 2017 15:22:57
# 26.9256,  5.395001,  0.922,  0.1131,  0.2122,  34.1842,  12 Nov 2017 15:26:57
# 26.8780,  5.401375,  0.917,  0.1202,  0.1830,  34.2647,  12 Nov 2017 15:30:57
# 26.8823,  5.404386,  0.909,  0.1180,  0.1938,  34.2831,  12 Nov 2017 15:34:57
# 26.9713,  5.390573,  0.875,  0.1242,  0.1790,  34.1191,  12 Nov 2017 15:38:57
# 26.9693,  5.389759,  0.873,  0.1266,  0.1828,  34.1147,  12 Nov 2017 15:42:57
# 26.9506,  5.394515,  0.880,  0.1243,  0.1854,  34.1624,  12 Nov 2017 15:46:57
# 26.9058,  5.399728,  0.881,  0.1315,  0.2048,  34.2325,  12 Nov 2017 15:50:57
# 26.8295,  5.407438,  0.851,  0.1353,  0.1912,  34.3439,  12 Nov 2017 15:54:57
# 26.8304,  5.406920,  0.900,  0.1328,  0.1814,  34.3396,  12 Nov 2017 15:58:57
