# 24.7077,  5.168640,  1.132,  0.1083,  0.1791,  34.1956,  12 Jan 2018 04:01:23
# 24.6705,  5.161427,  1.133,  0.1134,  0.1887,  34.1702,  12 Jan 2018 04:05:23
# 24.6734,  5.163503,  1.129,  0.1184,  0.1744,  34.1834,  12 Jan 2018 04:09:23
# 24.6656,  5.160974,  1.131,  0.1147,  0.1680,  34.1705,  12 Jan 2018 04:13:23
# 24.6711,  5.162857,  1.127,  0.1160,  0.1987,  34.1804,  12 Jan 2018 04:17:23
# 24.6524,  5.160836,  1.122,  0.1220,  0.1791,  34.1796,  12 Jan 2018 04:21:23
# 24.6353,  5.157700,  1.107,  0.1197,  0.1791,  34.1692,  12 Jan 2018 04:25:23
# 24.6386,  5.159560,  1.113,  0.1160,  0.1839,  34.1805,  12 Jan 2018 04:29:23
# 24.6270,  5.157193,  1.111,  0.1161,  0.1620,  34.1717,  12 Jan 2018 04:33:23
# 24.6446,  5.161189,  1.097,  0.1085,  0.1903,  34.1881,  12 Jan 2018 04:37:23
# 24.6054,  5.154657,  1.107,  0.1122,  0.1586,  34.1693,  12 Jan 2018 04:41:23
# 24.6232,  5.158184,  1.101,  0.1060,  0.1534,  34.1820,  12 Jan 2018 04:45:23
# 24.6229,  5.157669,  1.093,  0.1101,  0.1658,  34.1784,  12 Jan 2018 04:49:23
# 24.6139,  5.156248,  1.090,  0.1146,  0.1489,  34.1747,  12 Jan 2018 04:53:23
# 24.6240,  5.158361,  1.079,  0.1120,  0.1791,  34.1828,  12 Jan 2018 04:57:23
