# 24.0716,  5.11492,    0.888, 0.1235, 0.2689,  34.2799, 05 Jan 2018 02:03:16
# 24.0764,  5.11590,    0.912, 0.1123, 0.2796,  34.2836, 05 Jan 2018 02:07:16
# 24.0158,  5.10865,    0.922, 0.1087, 0.2663,  34.2756, 05 Jan 2018 02:11:16
# 23.9879,  5.10554,    0.926, 0.1037, 0.2868,  34.2736, 05 Jan 2018 02:15:16
# 23.9953,  5.10636,    0.924, 0.1073, 0.2746,  34.2740, 05 Jan 2018 02:19:16
# 24.0211,  5.10728,    0.932, 0.1199, 0.2687,  34.2611, 05 Jan 2018 02:23:16
# 24.0256,  5.10259,    0.950, 0.1246, 0.2689,  34.2224, 05 Jan 2018 02:27:16
# 24.0193,  5.10086,    0.956, 0.1295, 0.2312,  34.2141, 05 Jan 2018 02:31:16
# 24.0237,  5.10217,    0.949, 0.1208, 0.2351,  34.2207, 05 Jan 2018 02:35:16
# 24.0337,  5.10424,    0.971, 0.1138, 0.2481,  34.2285, 05 Jan 2018 02:39:16
# 24.0268,  5.10374,    0.983, 0.1175, 0.2246,  34.2301, 05 Jan 2018 02:43:16
# 24.0116,  5.10326,    0.978, 0.1109, 0.2325,  34.2382, 05 Jan 2018 02:47:16
# 23.9774,  5.09895,    0.990, 0.1098, 0.2133,  34.2319, 05 Jan 2018 02:51:16
# 23.9762,  5.09921,    0.986, 0.1097, 0.2169,  34.2348, 05 Jan 2018 02:55:16
# 23.9721,  5.09816,    0.995, 0.1097, 0.2395,  34.2300, 05 Jan 2018 02:59:16
