# 26.7862,  6.295498,  0.828,  0.1043,  0.2042,  40.8214,  27 Aug 2018 12:00:08
# 26.8092,  6.283792,  0.817,  0.1120,  0.2056,  40.7149,  27 Aug 2018 12:04:08
# 26.8210,  6.282400,  0.808,  0.1093,  0.2215,  40.6942,  27 Aug 2018 12:08:08
# 26.7882,  6.301623,  0.891,  0.1094,  0.1884,  40.8647,  27 Aug 2018 12:12:08
# 26.7973,  6.301589,  0.811,  0.1056,  0.1969,  40.8564,  27 Aug 2018 12:16:08
# 26.8222,  6.299583,  0.925,  0.1060,  0.1959,  40.8195,  27 Aug 2018 12:20:08
# 26.8208,  6.304275,  0.877,  0.1007,  0.1884,  40.8553,  27 Aug 2018 12:24:08
# 26.8344,  6.305492,  0.925,  0.1003,  0.1872,  40.8522,  27 Aug 2018 12:28:08
# 26.8513,  6.305508,  0.861,  0.0970,  0.1749,  40.8374,  27 Aug 2018 12:32:08
# 26.8578,  6.301622,  0.935,  0.1043,  0.1924,  40.8030,  27 Aug 2018 12:36:08
# 26.8294,  6.310395,  0.956,  0.1057,  0.2068,  40.8927,  27 Aug 2018 12:40:08
# 26.8715,  6.300128,  0.952,  0.1042,  0.2019,  40.7799,  27 Aug 2018 12:44:08
# 26.8657,  6.302855,  0.924,  0.1045,  0.1920,  40.8051,  27 Aug 2018 12:48:08
# 26.8754,  6.301705,  0.959,  0.1032,  0.1911,  40.7881,  27 Aug 2018 12:52:08
# 26.8709,  6.306498,  0.921,  0.1081,  0.1884,  40.8273,  27 Aug 2018 12:56:08
