# 27.0882,  5.472130,  1.051,  0.0899,  0.2356,  34.6132,  23 Jul 2018 11:00:08
# 27.1240,  5.475284,  1.043,  0.0946,  0.2177,  34.6091,  23 Jul 2018 11:04:08
# 27.1249,  5.475662,  1.055,  0.0896,  0.2226,  34.6110,  23 Jul 2018 11:08:08
# 27.1237,  5.473990,  1.050,  0.0971,  0.2417,  34.6000,  23 Jul 2018 11:12:08
# 27.1303,  5.473998,  1.073,  0.0894,  0.2203,  34.5952,  23 Jul 2018 11:16:08
# 27.1424,  5.475299,  1.070,  0.0922,  0.2319,  34.5955,  23 Jul 2018 11:20:08
# 27.1680,  5.477476,  1.075,  0.0883,  0.2056,  34.5920,  23 Jul 2018 11:24:08
# 27.1553,  5.477302,  1.073,  0.0886,  0.2263,  34.6001,  23 Jul 2018 11:28:08
# 27.1314,  5.475102,  1.085,  0.0896,  0.2286,  34.6023,  23 Jul 2018 11:32:08
# 27.1571,  5.476513,  1.077,  0.0887,  0.2152,  34.5932,  23 Jul 2018 11:36:08
# 27.1635,  5.476947,  1.101,  0.0922,  0.2174,  34.5915,  23 Jul 2018 11:40:08
# 27.1695,  5.478272,  1.100,  0.0908,  0.2190,  34.5965,  23 Jul 2018 11:44:08
# 27.2064,  5.481499,  1.114,  0.0848,  0.1992,  34.5920,  23 Jul 2018 11:48:08
# 27.2172,  5.482185,  1.120,  0.0896,  0.1933,  34.5889,  23 Jul 2018 11:52:08
# 27.2375,  5.483574,  1.125,  0.0885,  0.2142,  34.5836,  23 Jul 2018 11:56:08
