# 27.1826,  5.617345,  0.849,  0.0972,  0.2227,  35.5774,  30 Jul 2018 03:00:08
# 27.1726,  5.618294,  0.836,  0.0959,  0.2703,  35.5918,  30 Jul 2018 03:04:08
# 27.1703,  5.620033,  0.858,  0.0961,  0.2238,  35.6060,  30 Jul 2018 03:08:08
# 27.1602,  5.620145,  0.834,  0.0935,  0.2229,  35.6146,  30 Jul 2018 03:12:08
# 27.1458,  5.617688,  0.854,  0.0945,  0.2251,  35.6080,  30 Jul 2018 03:16:08
# 27.1457,  5.614825,  0.845,  0.0980,  0.2452,  35.5876,  30 Jul 2018 03:20:08
# 27.1488,  5.611891,  0.844,  0.0983,  0.2788,  35.5643,  30 Jul 2018 03:24:08
# 27.1431,  5.613557,  0.875,  0.0970,  0.2462,  35.5806,  30 Jul 2018 03:28:08
# 27.1554,  5.613254,  0.880,  0.0972,  0.2488,  35.5690,  30 Jul 2018 03:32:08
# 27.1582,  5.615607,  0.879,  0.0959,  0.2393,  35.5837,  30 Jul 2018 03:36:08
# 27.1413,  5.615392,  0.853,  0.0981,  0.2227,  35.5950,  30 Jul 2018 03:40:08
# 27.1310,  5.612433,  0.865,  0.0970,  0.2300,  35.5818,  30 Jul 2018 03:44:08
# 27.1406,  5.613318,  0.884,  0.0958,  0.2464,  35.5808,  30 Jul 2018 03:48:08
# 27.1739,  5.615726,  0.879,  0.1034,  0.2461,  35.5725,  30 Jul 2018 03:52:08
# 27.1715,  5.614625,  0.895,  0.1019,  0.2200,  35.5664,  30 Jul 2018 03:56:08
