# 23.7076,  5.088562,  0.760,  0.0890,  0.2937,  34.3616,  16 Feb 2018 11:01:23
# 23.7426,  5.087621,  0.759,  0.0876,  0.2829,  34.3274,  16 Feb 2018 11:05:23
# 23.7490,  5.090876,  0.755,  0.0912,  0.2959,  34.3471,  16 Feb 2018 11:09:23
# 23.7359,  5.091931,  0.765,  0.0911,  0.3140,  34.3653,  16 Feb 2018 11:13:23
# 23.7690,  5.089118,  0.756,  0.0888,  0.2853,  34.3183,  16 Feb 2018 11:17:23
# 23.7741,  5.092596,  0.747,  0.0900,  0.3147,  34.3407,  16 Feb 2018 11:21:23
# 23.7685,  5.099294,  0.743,  0.0900,  0.2744,  34.3958,  16 Feb 2018 11:25:23
# 23.7755,  5.100762,  0.739,  0.1147,  0.4377,  34.4015,  16 Feb 2018 11:29:23
# 23.8032,  5.102957,  0.767,  0.0874,  0.2938,  34.3967,  16 Feb 2018 11:33:23
# 23.8138,  5.100516,  0.745,  0.0852,  0.2853,  34.3700,  16 Feb 2018 11:37:23
# 23.8733,  5.098749,  0.735,  0.0900,  0.2864,  34.3107,  16 Feb 2018 11:41:23
# 23.8509,  5.104792,  0.748,  0.0899,  0.2806,  34.3736,  16 Feb 2018 11:45:23
# 23.8473,  5.108152,  0.766,  0.0874,  0.2818,  34.4018,  16 Feb 2018 11:49:23
# 23.8816,  5.110777,  0.775,  0.1000,  0.3030,  34.3952,  16 Feb 2018 11:53:23
# 23.8956,  5.109246,  0.732,  0.0902,  0.3006,  34.3728,  16 Feb 2018 11:57:23
