# 24.1495,  5.127925,  0.824,  0.0976,  0.3123,  34.3179,  18 Jan 2018 00:01:23
# 24.1153,  5.123733,  0.835,  0.0985,  0.3163,  34.3126,  18 Jan 2018 00:05:23
# 24.1108,  5.123633,  0.831,  0.0972,  0.3282,  34.3153,  18 Jan 2018 00:09:23
# 24.0863,  5.121565,  0.831,  0.0962,  0.3161,  34.3187,  18 Jan 2018 00:13:23
# 24.0746,  5.120147,  0.843,  0.0985,  0.3284,  34.3170,  18 Jan 2018 00:17:23
# 24.0743,  5.120025,  0.857,  0.0999,  0.3069,  34.3163,  18 Jan 2018 00:21:23
# 24.0533,  5.119121,  0.856,  0.0999,  0.3491,  34.3257,  18 Jan 2018 00:25:23
# 24.0747,  5.122193,  0.874,  0.1086,  0.4119,  34.3323,  18 Jan 2018 00:29:23
# 24.0602,  5.120232,  0.880,  0.0961,  0.3268,  34.3287,  18 Jan 2018 00:33:23
# 24.0357,  5.115774,  0.894,  0.0977,  0.3810,  34.3140,  18 Jan 2018 00:37:23
# 24.0173,  5.113584,  0.859,  0.0976,  0.3393,  34.3116,  18 Jan 2018 00:41:23
# 24.0461,  5.117084,  0.908,  0.1012,  0.2722,  34.3158,  18 Jan 2018 00:45:23
# 24.0885,  5.123956,  0.916,  0.1000,  0.2998,  34.3349,  18 Jan 2018 00:49:23
# 24.0475,  5.119420,  0.930,  0.0998,  0.2724,  34.3324,  18 Jan 2018 00:53:23
# 24.0248,  5.116946,  0.924,  0.0986,  0.2831,  34.3312,  18 Jan 2018 00:57:23
