# 26.4162,  5.385805,  0.875,  0.1437,  0.2675,  34.4965,  17 Nov 2017 17:02:57
# 26.4222,  5.386541,  0.828,  0.1365,  0.2734,  34.4973,  17 Nov 2017 17:06:57
# 26.4395,  5.390081,  0.879,  0.1328,  0.2841,  34.5099,  17 Nov 2017 17:10:57
# 26.4517,  5.393521,  0.877,  0.1318,  0.2782,  34.5255,  17 Nov 2017 17:14:57
# 26.4325,  5.390904,  0.855,  0.1306,  0.2470,  34.5211,  17 Nov 2017 17:18:57
# 26.4255,  5.388836,  0.863,  0.1295,  0.2565,  34.5114,  17 Nov 2017 17:22:57
# 26.4321,  5.389933,  0.869,  0.1318,  0.2782,  34.5143,  17 Nov 2017 17:26:57
# 26.4182,  5.387403,  0.872,  0.1427,  0.3019,  34.5066,  17 Nov 2017 17:30:57
# 26.4107,  5.385516,  0.825,  0.1415,  0.2985,  34.4986,  17 Nov 2017 17:34:57
# 26.4093,  5.385312,  0.850,  0.1379,  0.2748,  34.4981,  17 Nov 2017 17:38:57
# 26.4141,  5.387286,  0.845,  0.1308,  0.2819,  34.5088,  17 Nov 2017 17:42:57
# 26.4017,  5.386103,  0.815,  0.1379,  0.3185,  34.5095,  17 Nov 2017 17:46:57
# 26.4024,  5.386534,  0.822,  0.1328,  0.2662,  34.5121,  17 Nov 2017 17:50:57
# 26.3751,  5.380247,  0.821,  0.1465,  0.2757,  34.4872,  17 Nov 2017 17:54:57
# 26.3802,  5.382236,  0.785,  0.1366,  0.2831,  34.4977,  17 Nov 2017 17:58:57
