# 24.7795,  5.18183,    0.752, 0.1033, 0.1707,  34.2391, 15 Dec 2017 19:03:16
# 24.7903,  5.18336,    0.740, 0.1112, 0.1597,  34.2423, 15 Dec 2017 19:07:16
# 24.8163,  5.18671,    0.737, 0.1061, 0.1693,  34.2474, 15 Dec 2017 19:11:16
# 24.8107,  5.18683,    0.746, 0.1036, 0.1913,  34.2525, 15 Dec 2017 19:15:16
# 24.8264,  5.18859,    0.745, 0.1025, 0.1674,  34.2537, 15 Dec 2017 19:19:16
# 24.8432,  5.19101,    0.744, 0.1049, 0.1547,  34.2589, 15 Dec 2017 19:23:16
# 24.8362,  5.19037,    0.735, 0.1035, 0.1588,  34.2593, 15 Dec 2017 19:27:16
# 24.8301,  5.18980,    0.744, 0.0948, 0.1421,  34.2598, 15 Dec 2017 19:31:16
# 24.8250,  5.18943,    0.732, 0.1033, 0.1494,  34.2610, 15 Dec 2017 19:35:16
# 24.8372,  5.19110,    0.740, 0.1024, 0.1692,  34.2640, 15 Dec 2017 19:39:16
# 24.8387,  5.19124,    0.732, 0.1099, 0.1483,  34.2640, 15 Dec 2017 19:43:16
# 24.8470,  5.19227,    0.737, 0.1035, 0.1561,  34.2653, 15 Dec 2017 19:47:16
# 24.8382,  5.19115,    0.727, 0.0973, 0.1585,  34.2637, 15 Dec 2017 19:51:16
# 24.8427,  5.19212,    0.736, 0.0998, 0.1720,  34.2674, 15 Dec 2017 19:55:16
# 24.8420,  5.19232,    0.733, 0.0986, 0.1562,  34.2695, 15 Dec 2017 19:59:16
