# 25.5391,  5.293318,  0.945,  0.1269,  0.2944,  34.4849,  27 Apr 2018 17:02:05
# 25.5364,  5.294904,  0.940,  0.1223,  0.3398,  34.4986,  27 Apr 2018 17:06:05
# 25.5362,  5.294515,  0.945,  0.1231,  0.3597,  34.4959,  27 Apr 2018 17:10:05
# 25.5413,  5.294927,  0.935,  0.1145,  0.3205,  34.4951,  27 Apr 2018 17:14:05
# 25.5366,  5.296839,  0.947,  0.1109,  0.3145,  34.5126,  27 Apr 2018 17:18:05
# 25.5312,  5.294989,  0.915,  0.1146,  0.3403,  34.5032,  27 Apr 2018 17:22:05
# 25.5317,  5.295293,  0.937,  0.1147,  0.3043,  34.5051,  27 Apr 2018 17:26:05
# 25.5474,  5.288438,  0.926,  0.1353,  0.2924,  34.4430,  27 Apr 2018 17:30:05
# 25.5321,  5.293101,  0.925,  0.1196,  0.2743,  34.4887,  27 Apr 2018 17:34:05
# 25.5296,  5.294982,  0.913,  0.1158,  0.3364,  34.5043,  27 Apr 2018 17:38:05
# 25.5290,  5.294259,  0.908,  0.1185,  0.3040,  34.4995,  27 Apr 2018 17:42:05
# 25.5229,  5.292829,  0.907,  0.1147,  0.3258,  34.4937,  27 Apr 2018 17:46:05
# 25.5248,  5.292572,  0.907,  0.1182,  0.3169,  34.4904,  27 Apr 2018 17:50:05
# 25.5167,  5.293202,  0.886,  0.1132,  0.3062,  34.5011,  27 Apr 2018 17:54:05
# 25.4887,  5.293972,  0.900,  0.1060,  0.3053,  34.5280,  27 Apr 2018 17:58:05
