# 25.1086,  5.215557,  0.914,  0.1283,  0.2074,  34.2392,  23 Nov 2017 03:02:57
# 25.1509,  5.219889,  0.917,  0.1305,  0.2111,  34.2391,  23 Nov 2017 03:06:57
# 25.1543,  5.221033,  0.915,  0.1257,  0.2338,  34.2450,  23 Nov 2017 03:10:57
# 25.0691,  5.213704,  0.922,  0.1146,  0.2076,  34.2553,  23 Nov 2017 03:14:57
# 25.1259,  5.216576,  0.929,  0.1196,  0.2170,  34.2336,  23 Nov 2017 03:18:57
# 25.1258,  5.217603,  0.931,  0.1235,  0.1880,  34.2412,  23 Nov 2017 03:22:57
# 25.1412,  5.219241,  0.937,  0.1292,  0.2038,  34.2417,  23 Nov 2017 03:26:57
# 25.1427,  5.220044,  0.938,  0.1285,  0.2590,  34.2464,  23 Nov 2017 03:30:57
# 25.1367,  5.218932,  0.945,  0.1305,  0.2198,  34.2428,  23 Nov 2017 03:34:57
# 25.1612,  5.220948,  0.951,  0.1341,  0.2182,  34.2391,  23 Nov 2017 03:38:57
# 25.1269,  5.218075,  0.954,  0.1234,  0.2026,  34.2438,  23 Nov 2017 03:42:57
# 25.1097,  5.216507,  0.956,  0.1231,  0.1916,  34.2453,  23 Nov 2017 03:46:57
# 25.0880,  5.214677,  0.964,  0.1219,  0.2282,  34.2482,  23 Nov 2017 03:50:57
# 25.0811,  5.213434,  0.975,  0.1270,  0.2136,  34.2443,  23 Nov 2017 03:54:57
# 25.1400,  5.218847,  1.005,  0.1295,  0.2113,  34.2397,  23 Nov 2017 03:58:57
