# 24.0749,  5.126171,  0.817,  0.0827,  0.3674,  34.3621,  19 Jan 2018 12:01:23
# 24.1034,  5.128501,  0.872,  0.0863,  0.4144,  34.3577,  19 Jan 2018 12:05:23
# 24.1259,  5.130831,  0.838,  0.0826,  0.3511,  34.3579,  19 Jan 2018 12:09:23
# 24.1502,  5.133277,  0.860,  0.0826,  0.4379,  34.3576,  19 Jan 2018 12:13:23
# 24.1847,  5.136974,  0.839,  0.0838,  0.4084,  34.3589,  19 Jan 2018 12:17:23
# 24.1896,  5.137703,  0.844,  0.0838,  0.3924,  34.3605,  19 Jan 2018 12:21:23
# 24.1862,  5.138171,  0.845,  0.0792,  0.3344,  34.3667,  19 Jan 2018 12:25:23
# 24.1943,  5.139767,  0.850,  0.0848,  0.4279,  34.3725,  19 Jan 2018 12:29:23
# 24.2263,  5.142460,  0.839,  0.0826,  0.4192,  34.3681,  19 Jan 2018 12:33:23
# 24.2622,  5.145116,  0.847,  0.0862,  0.4375,  34.3604,  19 Jan 2018 12:37:23
# 24.2827,  5.147642,  0.834,  0.0902,  0.5956,  34.3636,  19 Jan 2018 12:41:23
# 24.3155,  5.150414,  0.823,  0.0838,  0.5027,  34.3592,  19 Jan 2018 12:45:23
# 24.3287,  5.151143,  0.833,  0.0827,  0.4686,  34.3545,  19 Jan 2018 12:49:23
# 24.3595,  5.154723,  0.814,  0.0867,  0.5401,  34.3577,  19 Jan 2018 12:53:23
# 24.3537,  5.153478,  0.843,  0.0838,  0.5377,  34.3528,  19 Jan 2018 12:57:23
