# 24.7236,  5.233424,  0.668,  0.1234,  0.2959,  34.6656,  29 Jan 2018 19:01:23
# 24.7232,  5.232967,  0.675,  0.1281,  0.2206,  34.6626,  29 Jan 2018 19:05:23
# 24.7278,  5.233338,  0.669,  0.1209,  0.2602,  34.6618,  29 Jan 2018 19:09:23
# 24.7227,  5.232975,  0.676,  0.1246,  0.2372,  34.6630,  29 Jan 2018 19:13:23
# 24.7243,  5.232929,  0.654,  0.1210,  0.2292,  34.6614,  29 Jan 2018 19:17:23
# 24.7258,  5.232611,  0.667,  0.1183,  0.2219,  34.6579,  29 Jan 2018 19:21:23
# 24.7088,  5.230593,  0.645,  0.1123,  0.2313,  34.6560,  29 Jan 2018 19:25:23
# 24.7107,  5.231127,  0.651,  0.1295,  0.2348,  34.6585,  29 Jan 2018 19:29:23
# 24.7290,  5.230624,  0.664,  0.1420,  0.2221,  34.6406,  29 Jan 2018 19:33:23
# 24.7282,  5.229472,  0.644,  0.1343,  0.2459,  34.6327,  29 Jan 2018 19:37:23
# 24.7325,  5.229364,  0.649,  0.1356,  0.2310,  34.6286,  29 Jan 2018 19:41:23
# 24.7317,  5.229085,  0.646,  0.1366,  0.2193,  34.6271,  29 Jan 2018 19:45:23
# 24.7285,  5.229395,  0.638,  0.1344,  0.2373,  34.6318,  29 Jan 2018 19:49:23
# 24.7284,  5.229928,  0.633,  0.1259,  0.2396,  34.6359,  29 Jan 2018 19:53:23
# 24.7298,  5.229727,  0.625,  0.1308,  0.2361,  34.6334,  29 Jan 2018 19:57:23
