# 27.3868,  5.50894,    0.947, 0.1168, 0.1987,  34.6528, 12 Oct 2017 21:01:27
# 27.4368,  5.51016,    0.934, 0.1242, 0.2184,  34.6243, 12 Oct 2017 21:05:27
# 27.4883,  5.51146,    0.966, 0.1314, 0.2243,  34.5954, 12 Oct 2017 21:09:27
# 27.4521,  5.51129,    0.962, 0.1305, 0.2123,  34.6211, 12 Oct 2017 21:13:27
# 27.4512,  5.51187,    0.940, 0.1241, 0.2409,  34.6258, 12 Oct 2017 21:17:27
# 27.4413,  5.51162,    1.005, 0.1325, 0.2148,  34.6313, 12 Oct 2017 21:21:27
# 27.4395,  5.51134,    0.918, 0.1157, 0.2046,  34.6307, 12 Oct 2017 21:25:27
# 27.4414,  5.51114,    1.001, 0.1143, 0.2197,  34.6278, 12 Oct 2017 21:29:27
# 27.4297,  5.50966,    1.020, 0.1083, 0.1915,  34.6260, 12 Oct 2017 21:33:27
# 27.4167,  5.50914,    0.935, 0.1092, 0.2059,  34.6320, 12 Oct 2017 21:37:27
# 27.4046,  5.50812,    1.048, 0.1118, 0.1913,  34.6337, 12 Oct 2017 21:41:27
# 27.4079,  5.50763,    0.974, 0.1192, 0.1987,  34.6279, 12 Oct 2017 21:45:27
# 27.3972,  5.50692,    1.011, 0.1144, 0.2234,  34.6308, 12 Oct 2017 21:49:27
# 27.4132,  5.50516,    1.034, 0.1180, 0.2155,  34.6064, 12 Oct 2017 21:53:27
# 27.4168,  5.50480,    1.059, 0.1353, 0.2292,  34.6012, 12 Oct 2017 21:57:27
