# 27.0627,  5.452433,  1.148,  0.1093,  0.5546,  34.4919,  02 Sep 2017 01:00:05
# 27.0529,  5.451748,  0.975,  0.1072,  0.6313,  34.4944,  02 Sep 2017 01:04:05
# 27.0655,  5.452598,  0.802,  0.1096,  0.8073,  34.4911,  02 Sep 2017 01:08:05
# 27.0543,  5.452504,  1.115,  0.1070,  0.5943,  34.4986,  02 Sep 2017 01:12:05
# 27.0597,  5.453732,  1.175,  0.1008,  0.5052,  34.5034,  02 Sep 2017 01:16:05
# 27.0579,  5.452015,  1.157,  0.1084,  0.5296,  34.4925,  02 Sep 2017 01:20:05
# 27.0487,  5.452149,  1.154,  0.1109,  0.6326,  34.5003,  02 Sep 2017 01:24:05
# 27.0456,  5.450606,  0.943,  0.1071,  0.4663,  34.4916,  02 Sep 2017 01:28:05
# 27.0559,  5.450842,  0.851,  0.1070,  0.5644,  34.4857,  02 Sep 2017 01:32:05
# 27.0512,  5.450984,  0.934,  0.1105,  0.7267,  34.4902,  02 Sep 2017 01:36:05
# 27.0460,  5.452622,  1.118,  0.1082,  0.5330,  34.5057,  02 Sep 2017 01:40:05
# 27.0473,  5.451087,  0.981,  0.1057,  0.4583,  34.4938,  02 Sep 2017 01:44:05
# 27.0120,  5.449544,  0.943,  0.1058,  0.4666,  34.5091,  02 Sep 2017 01:48:05
# 27.0290,  5.446679,  1.067,  0.1135,  0.5619,  34.4760,  02 Sep 2017 01:52:05
# 27.0192,  5.447797,  1.029,  0.1096,  0.5333,  34.4912,  02 Sep 2017 01:56:05
