# 23.1151,  5.058009,  1.045,  0.0925,  0.1505,  34.5907,  10 Feb 2018 04:01:23
# 23.1217,  5.058786,  1.037,  0.0912,  0.1625,  34.5916,  10 Feb 2018 04:05:23
# 23.1228,  5.059769,  1.041,  0.0913,  0.1386,  34.5982,  10 Feb 2018 04:09:23
# 23.1083,  5.058184,  1.021,  0.0939,  0.1278,  34.5975,  10 Feb 2018 04:13:23
# 23.1094,  5.058725,  1.019,  0.0951,  0.1482,  34.6007,  10 Feb 2018 04:17:23
# 23.0929,  5.056874,  1.017,  0.0951,  0.1373,  34.5995,  10 Feb 2018 04:21:23
# 23.0986,  5.057209,  0.998,  0.0909,  0.1339,  34.5976,  10 Feb 2018 04:25:23
# 23.0969,  5.057803,  0.996,  0.0927,  0.1410,  34.6035,  10 Feb 2018 04:29:23
# 23.0281,  5.050925,  1.002,  0.0877,  0.1445,  34.6048,  10 Feb 2018 04:33:23
# 22.9407,  5.040831,  1.001,  0.0927,  0.1360,  34.5959,  10 Feb 2018 04:37:23
# 22.9464,  5.040069,  0.984,  0.0903,  0.1275,  34.5855,  10 Feb 2018 04:41:23
# 22.9817,  5.044476,  0.993,  0.0937,  0.1411,  34.5917,  10 Feb 2018 04:45:23
# 22.9596,  5.043136,  0.991,  0.0928,  0.1350,  34.5988,  10 Feb 2018 04:49:23
# 22.9684,  5.043243,  0.977,  0.0925,  0.1361,  34.5927,  10 Feb 2018 04:53:23
# 22.9780,  5.045229,  0.960,  0.0951,  0.1373,  34.6004,  10 Feb 2018 04:57:23
