# 27.1891,  6.657963,  0.679,  0.1056,  0.2474,  43.1273,  13 Aug 2018 11:00:08
# 27.1837,  6.657241,  0.749,  0.1009,  0.3225,  43.1269,  13 Aug 2018 11:04:08
# 27.2089,  6.658935,  0.696,  0.1057,  0.3156,  43.1160,  13 Aug 2018 11:08:08
# 27.2843,  6.667969,  0.725,  0.1021,  0.3095,  43.1123,  13 Aug 2018 11:12:08
# 27.2738,  6.666334,  0.726,  0.0981,  0.2798,  43.1101,  13 Aug 2018 11:16:08
# 27.2976,  6.668976,  0.715,  0.0983,  0.2682,  43.1073,  13 Aug 2018 11:20:08
# 27.3171,  6.671386,  0.688,  0.0978,  0.2799,  43.1070,  13 Aug 2018 11:24:08
# 27.3229,  6.672695,  0.755,  0.0919,  0.2981,  43.1112,  13 Aug 2018 11:28:08
# 27.3565,  6.674571,  0.826,  0.1010,  0.2425,  43.0938,  13 Aug 2018 11:32:08
# 27.3019,  6.671782,  0.738,  0.0972,  0.2513,  43.1241,  13 Aug 2018 11:36:08
# 27.3483,  6.675355,  0.742,  0.0944,  0.2998,  43.1072,  13 Aug 2018 11:40:08
# 27.3376,  6.677224,  0.684,  0.0982,  0.2611,  43.1309,  13 Aug 2018 11:44:08
# 27.3258,  6.676863,  0.667,  0.0980,  0.2669,  43.1392,  13 Aug 2018 11:48:08
# 27.3939,  6.683909,  0.742,  0.0919,  0.2572,  43.1276,  13 Aug 2018 11:52:08
# 27.4289,  6.688097,  0.869,  0.0933,  0.2730,  43.1258,  13 Aug 2018 11:56:08
