# 27.3871,  6.796021,  1.056,  0.1366,  0.8078,  43.9600,  09 Aug 2018 17:00:08
# 27.4202,  6.799980,  1.232,  0.1415,  0.7739,  43.9577,  09 Aug 2018 17:04:08
# 27.5461,  6.817922,  1.320,  0.1392,  0.6741,  43.9705,  09 Aug 2018 17:08:08
# 27.5764,  6.822279,  1.315,  0.1415,  0.7159,  43.9738,  09 Aug 2018 17:12:08
# 27.5221,  6.815497,  1.383,  0.1377,  0.6209,  43.9753,  09 Aug 2018 17:16:08
# 27.5239,  6.814384,  1.273,  0.1437,  0.6632,  43.9655,  09 Aug 2018 17:20:08
# 27.5553,  6.817426,  0.978,  0.1378,  0.6988,  43.9582,  09 Aug 2018 17:24:08
# 27.5096,  6.812681,  1.071,  0.1463,  0.8075,  43.9665,  09 Aug 2018 17:28:08
# 27.5258,  6.817018,  1.288,  0.1426,  0.6668,  43.9831,  09 Aug 2018 17:32:08
# 27.4782,  6.809961,  1.247,  0.1437,  0.6618,  43.9763,  09 Aug 2018 17:36:08
# 27.4729,  6.810300,  1.240,  0.1450,  0.7271,  43.9838,  09 Aug 2018 17:40:08
# 27.4626,  6.809883,  1.070,  0.1465,  0.8800,  43.9905,  09 Aug 2018 17:44:08
# 27.4454,  6.808458,  1.148,  0.1415,  0.7220,  43.9963,  09 Aug 2018 17:48:08
# 27.3977,  6.804489,  1.159,  0.1390,  0.6620,  44.0124,  09 Aug 2018 17:52:08
# 27.4535,  6.808015,  1.165,  0.1462,  0.6223,  43.9853,  09 Aug 2018 17:56:08
