# 24.7930,  5.14548,    0.841, 0.1577, 0.2134,  33.9592, 20 Dec 2017 20:03:16
# 24.7827,  5.14414,    0.791, 0.1480, 0.2136,  33.9570, 20 Dec 2017 20:07:16
# 24.7837,  5.14426,    0.825, 0.1527, 0.2396,  33.9572, 20 Dec 2017 20:11:16
# 24.7829,  5.14499,    0.829, 0.1490, 0.1987,  33.9632, 20 Dec 2017 20:15:16
# 24.7799,  5.14590,    0.804, 0.1415, 0.1962,  33.9721, 20 Dec 2017 20:19:16
# 24.7817,  5.14696,    0.793, 0.1379, 0.2471,  33.9787, 20 Dec 2017 20:23:16
# 24.7757,  5.14608,    0.797, 0.1417, 0.2143,  33.9766, 20 Dec 2017 20:27:16
# 24.7682,  5.14490,    0.793, 0.1451, 0.2025,  33.9736, 20 Dec 2017 20:31:16
# 24.7592,  5.14380,    0.809, 0.1453, 0.2650,  33.9722, 20 Dec 2017 20:35:16
# 24.7506,  5.14272,    0.818, 0.1344, 0.2373,  33.9707, 20 Dec 2017 20:39:16
# 24.7440,  5.14221,    0.803, 0.1321, 0.2210,  33.9719, 20 Dec 2017 20:43:16
# 24.7516,  5.14249,    0.781, 0.1489, 0.2173,  33.9682, 20 Dec 2017 20:47:16
# 24.7534,  5.14267,    0.778, 0.1371, 0.2372,  33.9682, 20 Dec 2017 20:51:16
# 24.7522,  5.14326,    0.749, 0.1491, 0.2543,  33.9734, 20 Dec 2017 20:55:16
# 24.7467,  5.14292,    0.799, 0.1331, 0.2232,  33.9751, 20 Dec 2017 20:59:16
