# 23.5329,  4.979726,  0.752,  0.1098,  0.3465,  33.6700,  14 Feb 2018 23:01:23
# 23.5273,  4.959085,  0.761,  0.1162,  0.3571,  33.5177,  14 Feb 2018 23:05:23
# 23.5276,  4.984747,  0.768,  0.1098,  0.3793,  33.7121,  14 Feb 2018 23:09:23
# 23.5249,  4.984111,  0.757,  0.1109,  0.3428,  33.7094,  14 Feb 2018 23:13:23
# 23.5240,  4.981922,  0.772,  0.1125,  0.3600,  33.6934,  14 Feb 2018 23:17:23
# 23.5188,  4.972469,  0.765,  0.1099,  0.3503,  33.6257,  14 Feb 2018 23:21:23
# 23.5170,  4.978122,  0.768,  0.1085,  0.3245,  33.6699,  14 Feb 2018 23:25:23
# 23.5098,  4.978750,  0.783,  0.1097,  0.3553,  33.6801,  14 Feb 2018 23:29:23
# 23.5071,  4.977130,  0.799,  0.1110,  0.3355,  33.6699,  14 Feb 2018 23:33:23
# 23.5071,  4.978523,  0.795,  0.1096,  0.3416,  33.6805,  14 Feb 2018 23:37:23
# 23.5059,  4.975897,  0.799,  0.1112,  0.3235,  33.6614,  14 Feb 2018 23:41:23
# 23.5039,  4.973021,  0.793,  0.1099,  0.3703,  33.6411,  14 Feb 2018 23:45:23
# 23.5020,  4.972870,  0.794,  0.1074,  0.3378,  33.6414,  14 Feb 2018 23:49:23
# 23.5028,  4.981392,  0.806,  0.1051,  0.3733,  33.7055,  14 Feb 2018 23:53:23
# 23.5025,  4.981385,  0.831,  0.1063,  0.3468,  33.7057,  14 Feb 2018 23:57:23
