# 28.2285,  5.756754,  1.202,  0.1141,  0.1774,  35.7674,  30 Jul 2018 17:00:08
# 28.2589,  5.760406,  1.202,  0.1103,  0.1746,  35.7700,  30 Jul 2018 17:04:08
# 28.2443,  5.757568,  1.203,  0.1141,  0.1906,  35.7611,  30 Jul 2018 17:08:08
# 28.2107,  5.753377,  1.204,  0.1177,  0.1918,  35.7572,  30 Jul 2018 17:12:08
# 28.2150,  5.754577,  1.204,  0.1177,  0.1810,  35.7623,  30 Jul 2018 17:16:08
# 28.2050,  5.755311,  1.210,  0.1141,  0.1956,  35.7751,  30 Jul 2018 17:20:08
# 28.2217,  5.756593,  1.211,  0.1117,  0.1849,  35.7714,  30 Jul 2018 17:24:08
# 28.1637,  5.753305,  1.198,  0.1094,  0.2004,  35.7924,  30 Jul 2018 17:28:08
# 28.1850,  5.754755,  1.209,  0.1118,  0.1761,  35.7864,  30 Jul 2018 17:32:08
# 28.1771,  5.754909,  1.212,  0.1080,  0.1760,  35.7934,  30 Jul 2018 17:36:08
# 28.1885,  5.757150,  1.214,  0.1056,  0.1881,  35.8005,  30 Jul 2018 17:40:08
# 28.1846,  5.756618,  1.205,  0.1093,  0.1715,  35.7997,  30 Jul 2018 17:44:08
# 28.1669,  5.753635,  1.222,  0.1177,  0.1811,  35.7922,  30 Jul 2018 17:48:08
# 28.1393,  5.751339,  1.224,  0.1277,  0.1870,  35.7971,  30 Jul 2018 17:52:08
# 28.1439,  5.753757,  1.228,  0.1141,  0.1747,  35.8106,  30 Jul 2018 17:56:08
