# 25.1953,  5.256059,  0.846,  0.1061,  0.2323,  34.4721,  24 Apr 2018 21:02:05
# 25.1783,  5.255486,  0.858,  0.1022,  0.2107,  34.4809,  24 Apr 2018 21:06:05
# 25.1803,  5.251721,  0.868,  0.1025,  0.2309,  34.4516,  24 Apr 2018 21:10:05
# 25.1624,  5.251001,  0.873,  0.1032,  0.2396,  34.4598,  24 Apr 2018 21:14:05
# 25.1656,  5.251527,  0.873,  0.1061,  0.2118,  34.4613,  24 Apr 2018 21:18:05
# 25.1649,  5.251915,  0.885,  0.0972,  0.2206,  34.4647,  24 Apr 2018 21:22:05
# 25.1653,  5.252527,  0.904,  0.1058,  0.2134,  34.4689,  24 Apr 2018 21:26:05
# 25.1454,  5.251086,  0.886,  0.0988,  0.2020,  34.4734,  24 Apr 2018 21:30:05
# 25.1483,  5.249460,  0.891,  0.1012,  0.2133,  34.4592,  24 Apr 2018 21:34:05
# 25.1621,  5.247849,  0.901,  0.1132,  0.2302,  34.4368,  24 Apr 2018 21:38:05
# 25.1575,  5.248120,  0.910,  0.1061,  0.2132,  34.4423,  24 Apr 2018 21:42:05
# 25.1537,  5.247841,  0.899,  0.1061,  0.2322,  34.4432,  24 Apr 2018 21:46:05
# 25.1464,  5.247601,  0.920,  0.1011,  0.2277,  34.4469,  24 Apr 2018 21:50:05
# 25.1381,  5.247044,  0.919,  0.1045,  0.2345,  34.4492,  24 Apr 2018 21:54:05
# 25.1309,  5.247091,  0.943,  0.0987,  0.2033,  34.4549,  24 Apr 2018 21:58:05
