# 26.6268,  5.405104,  0.960,  0.1093,  0.2228,  34.4779,  15 Jul 2018 07:00:08
# 26.6293,  5.405049,  0.928,  0.1109,  0.2153,  34.4757,  15 Jul 2018 07:04:08
# 26.6185,  5.405473,  0.927,  0.1057,  0.2193,  34.4868,  15 Jul 2018 07:08:08
# 26.6110,  5.406242,  0.915,  0.1061,  0.2045,  34.4979,  15 Jul 2018 07:12:08
# 26.6228,  5.407144,  0.941,  0.1057,  0.2230,  34.4955,  15 Jul 2018 07:16:08
# 26.6183,  5.408399,  0.919,  0.1060,  0.2264,  34.5079,  15 Jul 2018 07:20:08
# 26.6052,  5.409144,  0.947,  0.1019,  0.2382,  34.5230,  15 Jul 2018 07:24:08
# 26.6248,  5.406720,  0.942,  0.1045,  0.2255,  34.4910,  15 Jul 2018 07:28:08
# 26.6466,  5.406696,  0.896,  0.1060,  0.2166,  34.4746,  15 Jul 2018 07:32:08
# 26.6298,  5.408916,  0.913,  0.1058,  0.2393,  34.5030,  15 Jul 2018 07:36:08
# 26.6592,  5.406766,  0.900,  0.1082,  0.2144,  34.4657,  15 Jul 2018 07:40:08
# 26.6385,  5.408877,  0.891,  0.1058,  0.2309,  34.4963,  15 Jul 2018 07:44:08
# 26.6464,  5.408163,  0.902,  0.1084,  0.2418,  34.4853,  15 Jul 2018 07:48:08
# 26.6654,  5.405566,  0.876,  0.1090,  0.2106,  34.4525,  15 Jul 2018 07:52:08
# 26.6625,  5.408296,  0.882,  0.1073,  0.2588,  34.4742,  15 Jul 2018 07:56:08
