# 24.8615,  5.207988,  1.060,  0.1135,  0.1680,  34.3708,  03 May 2018 19:02:05
# 24.8598,  5.207556,  1.062,  0.1183,  0.1923,  34.3688,  03 May 2018 19:06:05
# 24.8227,  5.207942,  1.061,  0.1158,  0.1852,  34.4000,  03 May 2018 19:10:05
# 24.8026,  5.207935,  1.062,  0.1209,  0.2293,  34.4153,  03 May 2018 19:14:05
# 24.7993,  5.207472,  1.062,  0.1109,  0.2071,  34.4144,  03 May 2018 19:18:05
# 24.8151,  5.204871,  1.063,  0.1109,  0.1814,  34.3830,  03 May 2018 19:22:05
# 24.8125,  5.204277,  1.062,  0.1061,  0.1790,  34.3806,  03 May 2018 19:26:05
# 24.8159,  5.202811,  1.057,  0.1109,  0.1717,  34.3671,  03 May 2018 19:30:05
# 24.8280,  5.203065,  1.064,  0.1286,  0.2070,  34.3598,  03 May 2018 19:34:05
# 24.8189,  5.202009,  1.058,  0.1172,  0.1949,  34.3589,  03 May 2018 19:38:05
# 24.8039,  5.202873,  1.063,  0.1209,  0.1815,  34.3767,  03 May 2018 19:42:05
# 24.8024,  5.202572,  1.065,  0.1157,  0.1836,  34.3757,  03 May 2018 19:46:05
# 24.7958,  5.201631,  1.063,  0.1133,  0.1946,  34.3737,  03 May 2018 19:50:05
# 24.7766,  5.202318,  1.063,  0.1147,  0.1827,  34.3934,  03 May 2018 19:54:05
# 24.7760,  5.200899,  1.061,  0.1098,  0.1752,  34.3834,  03 May 2018 19:58:05
