# 25.5399,  5.298293,  0.836,  0.1096,  0.2633,  34.5208,  05 May 2018 16:02:05
# 25.5444,  5.297570,  0.859,  0.1083,  0.2084,  34.5121,  05 May 2018 16:06:05
# 25.5521,  5.296645,  0.853,  0.1157,  0.2116,  34.4995,  05 May 2018 16:10:05
# 25.5615,  5.299187,  0.858,  0.1072,  0.2322,  34.5110,  05 May 2018 16:14:05
# 25.5623,  5.299032,  0.860,  0.1096,  0.2265,  34.5093,  05 May 2018 16:18:05
# 25.5494,  5.297570,  0.840,  0.1121,  0.2278,  34.5083,  05 May 2018 16:22:05
# 25.5242,  5.294717,  0.873,  0.1171,  0.2266,  34.5065,  05 May 2018 16:26:05
# 25.5038,  5.291904,  0.882,  0.1231,  0.2291,  34.5014,  05 May 2018 16:30:05
# 25.4874,  5.290234,  0.881,  0.1173,  0.2467,  34.5016,  05 May 2018 16:34:05
# 25.4884,  5.290467,  0.873,  0.1169,  0.2396,  34.5025,  05 May 2018 16:38:05
# 25.4857,  5.289799,  0.876,  0.1208,  0.2311,  34.4997,  05 May 2018 16:42:05
# 25.4959,  5.291112,  0.872,  0.1109,  0.2191,  34.5015,  05 May 2018 16:46:05
# 25.4932,  5.290016,  0.893,  0.1247,  0.2322,  34.4956,  05 May 2018 16:50:05
# 25.4875,  5.289317,  0.889,  0.1230,  0.2479,  34.4948,  05 May 2018 16:54:05
# 25.4892,  5.289278,  0.891,  0.1195,  0.2241,  34.4932,  05 May 2018 16:58:05
