# 27.0516,  5.455000,  1.058,  0.0855,  0.3422,  34.5185,  28 Jun 2018 14:00:08
# 27.0579,  5.456007,  1.057,  0.0935,  0.3476,  34.5209,  28 Jun 2018 14:04:08
# 27.0284,  5.452937,  1.066,  0.0849,  0.3192,  34.5210,  28 Jun 2018 14:08:08
# 27.0445,  5.455141,  1.076,  0.0884,  0.3178,  34.5248,  28 Jun 2018 14:12:08
# 27.0549,  5.456141,  1.066,  0.0885,  0.3584,  34.5241,  28 Jun 2018 14:16:08
# 27.0717,  5.457078,  1.056,  0.0871,  0.3028,  34.5183,  28 Jun 2018 14:20:08
# 27.0703,  5.456558,  1.050,  0.0919,  0.3424,  34.5157,  28 Jun 2018 14:24:08
# 26.9881,  5.449325,  1.099,  0.0860,  0.3301,  34.5252,  28 Jun 2018 14:28:08
# 27.0174,  5.450796,  1.093,  0.0933,  0.3385,  34.5139,  28 Jun 2018 14:32:08
# 27.0386,  5.453913,  1.099,  0.0898,  0.3534,  34.5203,  28 Jun 2018 14:36:08
# 27.0655,  5.457488,  1.102,  0.0871,  0.4842,  34.5258,  28 Jun 2018 14:40:08
# 27.0939,  5.459693,  1.095,  0.0906,  0.3372,  34.5205,  28 Jun 2018 14:44:08
# 27.0999,  5.460449,  1.109,  0.0907,  0.3660,  34.5214,  28 Jun 2018 14:48:08
# 27.0639,  5.457480,  1.099,  0.0871,  0.3082,  34.5270,  28 Jun 2018 14:52:08
# 27.0699,  5.457157,  1.104,  0.0886,  0.3595,  34.5202,  28 Jun 2018 14:56:08
