# 24.9966,  5.20136,    0.969, 0.0886, 0.1755,  34.2190, 15 Dec 2017 15:03:16
# 24.9903,  5.20059,    0.969, 0.0863, 0.1867,  34.2181, 15 Dec 2017 15:07:16
# 24.9990,  5.20065,    0.971, 0.0887, 0.1756,  34.2120, 15 Dec 2017 15:11:16
# 24.9958,  5.20062,    0.971, 0.0884, 0.1622,  34.2142, 15 Dec 2017 15:15:16
# 24.9897,  5.20005,    0.966, 0.0862, 0.1880,  34.2145, 15 Dec 2017 15:19:16
# 24.9787,  5.19885,    0.969, 0.0900, 0.1815,  34.2141, 15 Dec 2017 15:23:16
# 24.9889,  5.19924,    0.964, 0.0922, 0.1597,  34.2093, 15 Dec 2017 15:27:16
# 25.0030,  5.20042,    0.955, 0.0912, 0.1720,  34.2073, 15 Dec 2017 15:31:16
# 24.9855,  5.19870,    0.959, 0.0913, 0.1756,  34.2078, 15 Dec 2017 15:35:16
# 24.9852,  5.19810,    0.954, 0.0887, 0.1756,  34.2036, 15 Dec 2017 15:39:16
# 24.9850,  5.19787,    0.947, 0.0898, 0.1623,  34.2021, 15 Dec 2017 15:43:16
# 24.9829,  5.19761,    0.947, 0.0901, 0.1721,  34.2017, 15 Dec 2017 15:47:16
# 24.9798,  5.19723,    0.949, 0.0951, 0.2338,  34.2013, 15 Dec 2017 15:51:16
# 24.9592,  5.19520,    0.942, 0.0922, 0.1611,  34.2019, 15 Dec 2017 15:55:16
# 24.9586,  5.19443,    0.929, 0.0887, 0.1709,  34.1965, 15 Dec 2017 15:59:16
