# 27.3708,  5.508180,  0.830,  0.1044,  0.2474,  34.6593,  28 Jul 2018 23:00:08
# 27.3772,  5.510410,  0.827,  0.1057,  0.2474,  34.6704,  28 Jul 2018 23:04:08
# 27.3656,  5.509303,  0.826,  0.1032,  0.2813,  34.6711,  28 Jul 2018 23:08:08
# 27.3710,  5.510402,  0.814,  0.1057,  0.2600,  34.6749,  28 Jul 2018 23:12:08
# 27.3863,  5.512799,  0.794,  0.1119,  0.2826,  34.6805,  28 Jul 2018 23:16:08
# 27.3705,  5.510015,  0.803,  0.1056,  0.2499,  34.6725,  28 Jul 2018 23:20:08
# 27.3500,  5.506662,  0.763,  0.1057,  0.2544,  34.6640,  28 Jul 2018 23:24:08
# 27.3610,  5.507342,  0.804,  0.1122,  0.2511,  34.6606,  28 Jul 2018 23:28:08
# 27.3739,  5.509295,  0.807,  0.1106,  0.2620,  34.6649,  28 Jul 2018 23:32:08
# 27.3677,  5.510244,  0.775,  0.1092,  0.2620,  34.6763,  28 Jul 2018 23:36:08
# 27.3534,  5.509620,  0.783,  0.1007,  0.2142,  34.6824,  28 Jul 2018 23:40:08
# 27.3220,  5.505508,  0.781,  0.0983,  0.2249,  34.6766,  28 Jul 2018 23:44:08
# 27.3380,  5.507240,  0.801,  0.0994,  0.2463,  34.6770,  28 Jul 2018 23:48:08
# 27.3311,  5.506536,  0.780,  0.1035,  0.2251,  34.6772,  28 Jul 2018 23:52:08
# 27.3383,  5.506235,  0.800,  0.1033,  0.2669,  34.6697,  28 Jul 2018 23:56:08
