# 25.6260,  5.292501,  1.064,  0.1044,  0.3053,  34.4133,  20 Apr 2018 19:02:05
# 25.6426,  5.294171,  1.067,  0.0996,  0.3449,  34.4129,  20 Apr 2018 19:06:05
# 25.6305,  5.293169,  1.069,  0.1062,  0.3268,  34.4147,  20 Apr 2018 19:10:05
# 25.6341,  5.291848,  1.076,  0.1045,  0.2502,  34.4023,  20 Apr 2018 19:14:05
# 25.5896,  5.288546,  1.071,  0.1046,  0.3072,  34.4118,  20 Apr 2018 19:18:05
# 25.5245,  5.283692,  1.075,  0.1049,  0.3596,  34.4255,  20 Apr 2018 19:22:05
# 25.5488,  5.284375,  1.063,  0.1046,  0.3342,  34.4121,  20 Apr 2018 19:26:05
# 25.5505,  5.284274,  1.077,  0.0986,  0.2828,  34.4100,  20 Apr 2018 19:30:05
# 25.5529,  5.284422,  1.083,  0.0997,  0.2944,  34.4093,  20 Apr 2018 19:34:05
# 25.5685,  5.283599,  1.083,  0.1096,  0.2979,  34.3915,  20 Apr 2018 19:38:05
# 25.5569,  5.283125,  1.089,  0.1096,  0.3043,  34.3968,  20 Apr 2018 19:42:05
# 25.5649,  5.283715,  1.081,  0.1083,  0.3017,  34.3951,  20 Apr 2018 19:46:05
# 25.5630,  5.282737,  1.086,  0.1123,  0.3008,  34.3894,  20 Apr 2018 19:50:05
# 25.5528,  5.283537,  1.083,  0.1048,  0.2888,  34.4029,  20 Apr 2018 19:54:05
# 25.5375,  5.283420,  1.091,  0.1036,  0.2934,  34.4136,  20 Apr 2018 19:58:05
