# 26.7973,  5.428071,  0.846,  0.1157,  0.2873,  34.5154,  18 Jul 2018 01:00:08
# 26.8412,  5.427394,  0.871,  0.1292,  0.3474,  34.4779,  18 Jul 2018 01:04:08
# 26.8339,  5.426727,  0.819,  0.1216,  0.2980,  34.4786,  18 Jul 2018 01:08:08
# 26.8072,  5.424559,  0.831,  0.1159,  0.3279,  34.4829,  18 Jul 2018 01:12:08
# 26.7620,  5.424780,  0.825,  0.1157,  0.3632,  34.5182,  18 Jul 2018 01:16:08
# 26.7612,  5.425047,  0.799,  0.1107,  0.2955,  34.5207,  18 Jul 2018 01:20:08
# 26.7593,  5.425762,  0.820,  0.1132,  0.2704,  34.5272,  18 Jul 2018 01:24:08
# 26.7750,  5.426028,  0.802,  0.1144,  0.3068,  34.5174,  18 Jul 2018 01:28:08
# 26.7866,  5.425306,  0.796,  0.1143,  0.3117,  34.5036,  18 Jul 2018 01:32:08
# 26.7439,  5.424144,  0.807,  0.1110,  0.3063,  34.5271,  18 Jul 2018 01:36:08
# 26.7279,  5.423461,  0.778,  0.1071,  0.3061,  34.5342,  18 Jul 2018 01:40:08
# 26.7361,  5.420264,  0.752,  0.1132,  0.3169,  34.5052,  18 Jul 2018 01:44:08
# 26.7320,  5.420083,  0.756,  0.1131,  0.3085,  34.5069,  18 Jul 2018 01:48:08
# 26.7315,  5.418395,  0.771,  0.1144,  0.3156,  34.4952,  18 Jul 2018 01:52:08
# 26.7194,  5.418278,  0.761,  0.1058,  0.3509,  34.5034,  18 Jul 2018 01:56:08
