# 25.4635,  5.291594,  0.772,  0.1291,  0.2229,  34.5297,  10 May 2018 20:03:04
# 25.4353,  5.288292,  0.765,  0.1282,  0.2464,  34.5269,  10 May 2018 20:07:04
# 25.4147,  5.286071,  0.757,  0.1380,  0.2345,  34.5263,  10 May 2018 20:11:04
# 25.4682,  5.288160,  0.770,  0.1318,  0.2406,  34.5009,  10 May 2018 20:15:04
# 25.4575,  5.289170,  0.767,  0.1415,  0.2779,  34.5165,  10 May 2018 20:19:04
# 25.4457,  5.288976,  0.762,  0.1305,  0.3210,  34.5240,  10 May 2018 20:23:04
# 25.4328,  5.287772,  0.750,  0.1245,  0.2457,  34.5250,  10 May 2018 20:27:04
# 25.4439,  5.286366,  0.767,  0.1304,  0.2525,  34.5062,  10 May 2018 20:31:04
# 25.4407,  5.285193,  0.785,  0.1281,  0.2280,  34.5000,  10 May 2018 20:35:04
# 25.4324,  5.284789,  0.767,  0.1353,  0.2181,  34.5034,  10 May 2018 20:39:04
# 25.4279,  5.284106,  0.791,  0.1332,  0.2405,  34.5018,  10 May 2018 20:43:04
# 25.4197,  5.282941,  0.776,  0.1318,  0.2168,  34.4994,  10 May 2018 20:47:04
# 25.3965,  5.282227,  0.793,  0.1293,  0.2310,  34.5118,  10 May 2018 20:51:04
# 25.3844,  5.279711,  0.800,  0.1403,  0.2312,  34.5025,  10 May 2018 20:55:04
# 25.3893,  5.278640,  0.794,  0.1246,  0.2384,  34.4910,  10 May 2018 20:59:04
