# 25.4798,  5.22494,    0.910, 0.1192, 0.2576,  34.0289, 19 Dec 2017 16:03:16
# 25.4812,  5.22578,    0.914, 0.1231, 0.2910,  34.0340, 19 Dec 2017 16:07:16
# 25.4827,  5.22673,    0.930, 0.1159, 0.2767,  34.0398, 19 Dec 2017 16:11:16
# 25.4773,  5.22656,    0.874, 0.1170, 0.2770,  34.0426, 19 Dec 2017 16:15:16
# 25.4747,  5.22678,    0.907, 0.1170, 0.2591,  34.0462, 19 Dec 2017 16:19:16
# 25.4699,  5.22556,    0.916, 0.1183, 0.2552,  34.0409, 19 Dec 2017 16:23:16
# 25.4738,  5.22737,    0.887, 0.1231, 0.3077,  34.0512, 19 Dec 2017 16:27:16
# 25.4674,  5.22395,    0.932, 0.1292, 0.2862,  34.0309, 19 Dec 2017 16:31:16
# 25.4698,  5.22472,    0.903, 0.1257, 0.2686,  34.0348, 19 Dec 2017 16:35:16
# 25.4489,  5.21736,    0.901, 0.1404, 0.2563,  33.9964, 19 Dec 2017 16:39:16
# 25.4633,  5.22465,    0.906, 0.1232, 0.2600,  34.0391, 19 Dec 2017 16:43:16
# 25.4578,  5.22303,    0.919, 0.1270, 0.2898,  34.0313, 19 Dec 2017 16:47:16
# 25.4588,  5.22412,    0.921, 0.1205, 0.2540,  34.0386, 19 Dec 2017 16:51:16
# 25.4521,  5.22372,    0.908, 0.1219, 0.2480,  34.0407, 19 Dec 2017 16:55:16
# 25.4555,  5.22395,    0.941, 0.1156, 0.2491,  34.0398, 19 Dec 2017 16:59:16
