# 28.0583,  5.566567,  0.993,  0.1411,  0.2518,  34.5630,  17 Sep 2017 18:00:05
# 28.0475,  5.563525,  1.051,  0.1473,  0.2888,  34.5496,  17 Sep 2017 18:04:05
# 28.0525,  5.563183,  0.928,  0.1510,  0.3307,  34.5436,  17 Sep 2017 18:08:05
# 28.0347,  5.562310,  0.891,  0.1302,  0.2242,  34.5506,  17 Sep 2017 18:12:05
# 28.0442,  5.560452,  1.029,  0.1688,  0.2687,  34.5306,  17 Sep 2017 18:16:05
# 28.0321,  5.558896,  0.915,  0.1590,  0.2458,  34.5286,  17 Sep 2017 18:20:05
# 28.0273,  5.560214,  0.922,  0.1521,  0.2482,  34.5414,  17 Sep 2017 18:24:05
# 28.0183,  5.558888,  0.887,  0.1438,  0.2830,  34.5387,  17 Sep 2017 18:28:05
# 28.0174,  5.561016,  0.890,  0.1423,  0.2650,  34.5542,  17 Sep 2017 18:32:05
# 28.0056,  5.562604,  0.920,  0.1389,  0.2544,  34.5740,  17 Sep 2017 18:36:05
# 28.0038,  5.562334,  0.879,  0.1354,  0.3067,  34.5734,  17 Sep 2017 18:40:05
# 27.9743,  5.557182,  0.960,  0.1327,  0.2564,  34.5590,  17 Sep 2017 18:44:05
# 27.9803,  5.556880,  0.810,  0.1387,  0.2794,  34.5525,  17 Sep 2017 18:48:05
# 27.9555,  5.550833,  0.944,  0.1424,  0.2649,  34.5283,  17 Sep 2017 18:52:05
# 27.9535,  5.549492,  0.916,  0.1484,  0.3549,  34.5204,  17 Sep 2017 18:56:05
