# 24.8454,  5.174547,  0.929,  0.1199,  0.3552,  34.1350,  27 Nov 2017 02:02:57
# 24.8497,  5.175763,  0.932,  0.1158,  0.2889,  34.1408,  27 Nov 2017 02:06:57
# 24.8326,  5.170030,  0.932,  0.1234,  0.2663,  34.1112,  27 Nov 2017 02:10:57
# 24.7900,  5.159480,  0.932,  0.1169,  0.2544,  34.0652,  27 Nov 2017 02:14:57
# 24.7974,  5.157074,  0.927,  0.1246,  0.2577,  34.0418,  27 Nov 2017 02:18:57
# 24.7828,  5.156629,  0.929,  0.1199,  0.2807,  34.0495,  27 Nov 2017 02:22:57
# 24.8636,  5.179358,  0.928,  0.1160,  0.3358,  34.1569,  27 Nov 2017 02:26:57
# 24.8735,  5.184648,  0.924,  0.1122,  0.3152,  34.1886,  27 Nov 2017 02:30:57
# 24.8447,  5.177849,  0.928,  0.1247,  0.3262,  34.1600,  27 Nov 2017 02:34:57
# 24.8572,  5.179959,  0.919,  0.1173,  0.2998,  34.1662,  27 Nov 2017 02:38:57
# 24.8566,  5.181260,  0.928,  0.1099,  0.2699,  34.1763,  27 Nov 2017 02:42:57
# 24.8308,  5.170877,  0.928,  0.1366,  0.2565,  34.1189,  27 Nov 2017 02:46:57
# 24.8194,  5.170708,  0.908,  0.1158,  0.3270,  34.1263,  27 Nov 2017 02:50:57
# 24.8239,  5.172893,  0.923,  0.1207,  0.2434,  34.1390,  27 Nov 2017 02:54:57
# 24.8038,  5.170608,  0.917,  0.1145,  0.2639,  34.1373,  27 Nov 2017 02:58:57
