# 24.6968,  5.14429,    1.188, 0.0947, 0.2269,  34.0228, 17 Dec 2017 06:03:16
# 24.6942,  5.14410,    1.183, 0.0938, 0.2159,  34.0234, 17 Dec 2017 06:07:16
# 24.6918,  5.14355,    1.183, 0.0937, 0.2112,  34.0211, 17 Dec 2017 06:11:16
# 24.7513,  5.15352,    1.170, 0.0949, 0.2313,  34.0501, 17 Dec 2017 06:15:16
# 24.7589,  5.15536,    1.161, 0.0925, 0.2219,  34.0581, 17 Dec 2017 06:19:16
# 24.7308,  5.14896,    1.159, 0.0949, 0.1854,  34.0319, 17 Dec 2017 06:23:16
# 24.7195,  5.14687,    1.146, 0.0963, 0.1953,  34.0249, 17 Dec 2017 06:27:16
# 24.7123,  5.14520,    1.144, 0.0998, 0.2097,  34.0179, 17 Dec 2017 06:31:16
# 24.7319,  5.14802,    1.141, 0.0948, 0.1889,  34.0240, 17 Dec 2017 06:35:16
# 24.7696,  5.15532,    1.127, 0.0961, 0.3008,  34.0498, 17 Dec 2017 06:39:16
# 24.8116,  5.16195,    1.113, 0.0949, 0.1830,  34.0672, 17 Dec 2017 06:43:16
# 24.7881,  5.15695,    1.082, 0.1060, 0.3033,  34.0479, 17 Dec 2017 06:47:16
# 24.7631,  5.15399,    1.080, 0.0961, 0.2781,  34.0448, 17 Dec 2017 06:51:16
# 24.7725,  5.15598,    1.076, 0.0961, 0.2313,  34.0524, 17 Dec 2017 06:55:16
# 24.7928,  5.15953,    1.070, 0.0961, 0.2374,  34.0634, 17 Dec 2017 06:59:16
