# 23.8230,  5.034927,  0.920,  0.1036,  0.3832,  33.8670,  25 Feb 2018 23:00:46
# 23.8306,  5.022459,  0.950,  0.1086,  0.4156,  33.7670,  25 Feb 2018 23:04:46
# 23.8113,  5.036274,  0.954,  0.0989,  0.3525,  33.8860,  25 Feb 2018 23:08:46
# 23.8169,  5.023858,  0.963,  0.1024,  0.3684,  33.7880,  25 Feb 2018 23:12:46
# 23.8107,  5.022642,  0.967,  0.0998,  0.3634,  33.7836,  25 Feb 2018 23:16:46
# 23.8252,  5.012890,  0.971,  0.1050,  0.3550,  33.6989,  25 Feb 2018 23:20:46
# 23.8203,  5.017750,  0.967,  0.1060,  0.3852,  33.7393,  25 Feb 2018 23:24:46
# 23.8220,  5.007941,  0.979,  0.1070,  0.4069,  33.6640,  25 Feb 2018 23:28:46
# 23.7957,  5.022886,  0.974,  0.1034,  0.4685,  33.7968,  25 Feb 2018 23:32:46
# 23.7980,  4.990909,  0.990,  0.1024,  0.4792,  33.5536,  25 Feb 2018 23:36:46
# 23.8017,  5.010028,  0.993,  0.1035,  0.4083,  33.6951,  25 Feb 2018 23:40:46
# 23.8064,  4.997132,  0.999,  0.1035,  0.3911,  33.5942,  25 Feb 2018 23:44:46
# 23.8172,  5.019687,  1.006,  0.1037,  0.3645,  33.7562,  25 Feb 2018 23:48:46
# 23.8106,  5.015957,  1.016,  0.0987,  0.3797,  33.7332,  25 Feb 2018 23:52:46
# 23.8157,  5.020355,  1.014,  0.1026,  0.3819,  33.7625,  25 Feb 2018 23:56:46
