# 27.3799,  6.665497,  0.958,  0.1229,  0.2907,  43.0052,  12 Aug 2018 21:00:08
# 27.3845,  6.665875,  0.978,  0.1231,  0.2908,  43.0037,  12 Aug 2018 21:04:08
# 27.3856,  6.665565,  0.931,  0.1305,  0.3083,  43.0004,  12 Aug 2018 21:08:08
# 27.3989,  6.665247,  0.996,  0.1338,  0.2968,  42.9858,  12 Aug 2018 21:12:08
# 27.3692,  6.662614,  0.918,  0.1350,  0.3907,  42.9939,  12 Aug 2018 21:16:08
# 27.3610,  6.661280,  1.048,  0.1306,  0.4141,  42.9917,  12 Aug 2018 21:20:08
# 27.3436,  6.659164,  0.843,  0.1266,  0.3507,  42.9924,  12 Aug 2018 21:24:08
# 27.3380,  6.658295,  1.016,  0.1169,  0.3413,  42.9911,  12 Aug 2018 21:28:08
# 27.3112,  6.656103,  0.914,  0.1277,  0.3069,  42.9998,  12 Aug 2018 21:32:08
# 27.2981,  6.654486,  0.878,  0.1231,  0.3267,  43.0001,  12 Aug 2018 21:36:08
# 27.2723,  6.652001,  0.789,  0.1216,  0.3217,  43.0058,  12 Aug 2018 21:40:08
# 27.3266,  6.654038,  0.892,  0.1289,  0.3411,  42.9704,  12 Aug 2018 21:44:08
# 27.3208,  6.654219,  0.821,  0.1276,  0.3543,  42.9771,  12 Aug 2018 21:48:08
# 27.2680,  6.650703,  0.929,  0.1241,  0.3082,  43.0002,  12 Aug 2018 21:52:08
# 27.2544,  6.649130,  0.857,  0.1193,  0.3299,  43.0013,  12 Aug 2018 21:56:08
