# 24.3056,  5.147849,  1.235,  0.0961,  0.3066,  34.3474,  20 Jan 2018 06:01:23
# 24.3074,  5.148110,  1.240,  0.0901,  0.3442,  34.3480,  20 Jan 2018 06:05:23
# 24.3052,  5.148248,  1.240,  0.0902,  0.3352,  34.3508,  20 Jan 2018 06:09:23
# 24.3043,  5.148609,  1.241,  0.0912,  0.3451,  34.3541,  20 Jan 2018 06:13:23
# 24.3056,  5.149254,  1.247,  0.0901,  0.3235,  34.3580,  20 Jan 2018 06:17:23
# 24.3026,  5.148824,  1.244,  0.0925,  0.3416,  34.3571,  20 Jan 2018 06:21:23
# 24.2985,  5.147073,  1.244,  0.0922,  0.3390,  34.3471,  20 Jan 2018 06:25:23
# 24.3007,  5.148663,  1.248,  0.0938,  0.3862,  34.3573,  20 Jan 2018 06:29:23
# 24.2963,  5.147496,  1.249,  0.0912,  0.3562,  34.3519,  20 Jan 2018 06:33:23
# 24.2960,  5.147450,  1.238,  0.0961,  0.3377,  34.3518,  20 Jan 2018 06:37:23
# 24.2932,  5.147296,  1.250,  0.0924,  0.3474,  34.3528,  20 Jan 2018 06:41:23
# 24.2903,  5.147051,  1.252,  0.0925,  0.3707,  34.3532,  20 Jan 2018 06:45:23
# 24.2967,  5.147035,  1.241,  0.0974,  0.3056,  34.3481,  20 Jan 2018 06:49:23
# 24.2922,  5.146605,  1.248,  0.0950,  0.3684,  34.3484,  20 Jan 2018 06:53:23
# 24.2885,  5.146298,  1.236,  0.0938,  0.3574,  34.3489,  20 Jan 2018 06:57:23
