# 27.6796,  5.498452,  1.241,  0.1217,  0.2424,  34.3628,  06 Sep 2017 04:00:05
# 27.6712,  5.498570,  1.202,  0.1192,  0.2444,  34.3698,  06 Sep 2017 04:04:05
# 27.6601,  5.498784,  1.252,  0.1118,  0.2541,  34.3794,  06 Sep 2017 04:08:05
# 27.6633,  5.498176,  1.181,  0.1193,  0.2364,  34.3728,  06 Sep 2017 04:12:05
# 27.6610,  5.498231,  1.147,  0.1267,  0.2338,  34.3749,  06 Sep 2017 04:16:05
# 27.6749,  5.497077,  1.179,  0.1327,  0.2542,  34.3566,  06 Sep 2017 04:20:05
# 27.6721,  5.497607,  1.258,  0.1254,  0.2556,  34.3624,  06 Sep 2017 04:24:05
# 27.6592,  5.497654,  1.240,  0.1242,  0.2399,  34.3721,  06 Sep 2017 04:28:05
# 27.6555,  5.497488,  1.194,  0.1269,  0.2724,  34.3737,  06 Sep 2017 04:32:05
# 27.6627,  5.497101,  1.169,  0.1231,  0.2494,  34.3657,  06 Sep 2017 04:36:05
# 27.6721,  5.496951,  1.232,  0.1269,  0.2569,  34.3577,  06 Sep 2017 04:40:05
# 27.6675,  5.496761,  1.176,  0.1254,  0.2507,  34.3598,  06 Sep 2017 04:44:05
# 27.6598,  5.496872,  1.148,  0.1193,  0.2554,  34.3662,  06 Sep 2017 04:48:05
# 27.6531,  5.496461,  1.127,  0.1180,  0.2602,  34.3682,  06 Sep 2017 04:52:05
# 27.6426,  5.495300,  1.216,  0.1167,  0.2424,  34.3677,  06 Sep 2017 04:56:05
