# 27.4353,  5.515583,  0.932,  0.1115,  0.4028,  34.6638,  22 Jul 2018 18:00:08
# 27.4709,  5.516500,  0.910,  0.1217,  0.2827,  34.6439,  22 Jul 2018 18:04:08
# 27.4839,  5.515946,  0.922,  0.1291,  0.2523,  34.6304,  22 Jul 2018 18:08:08
# 27.4734,  5.515653,  0.902,  0.1338,  0.2537,  34.6361,  22 Jul 2018 18:12:08
# 27.4615,  5.515424,  0.947,  0.1326,  0.2429,  34.6433,  22 Jul 2018 18:16:08
# 27.4556,  5.514957,  0.910,  0.1203,  0.2801,  34.6444,  22 Jul 2018 18:20:08
# 27.4276,  5.511611,  0.916,  0.1267,  0.2573,  34.6415,  22 Jul 2018 18:24:08
# 27.4176,  5.510813,  0.905,  0.1239,  0.2574,  34.6432,  22 Jul 2018 18:28:08
# 27.4179,  5.511794,  0.864,  0.1221,  0.2620,  34.6499,  22 Jul 2018 18:32:08
# 27.4135,  5.510813,  0.982,  0.1201,  0.2908,  34.6462,  22 Jul 2018 18:36:08
# 27.4077,  5.509714,  0.915,  0.1131,  0.2547,  34.6428,  22 Jul 2018 18:40:08
# 27.3878,  5.507935,  0.915,  0.1230,  0.3422,  34.6449,  22 Jul 2018 18:44:08
# 27.3871,  5.506938,  0.897,  0.1205,  0.2860,  34.6384,  22 Jul 2018 18:48:08
# 27.3739,  5.504946,  0.909,  0.1227,  0.2488,  34.6341,  22 Jul 2018 18:52:08
# 27.3756,  5.504464,  0.894,  0.1255,  0.2718,  34.6294,  22 Jul 2018 18:56:08
