# 25.6495,  5.266865,  0.724,  0.1317,  0.2061,  34.2083,  22 Nov 2017 00:02:57
# 25.6436,  5.266136,  0.725,  0.1318,  0.2074,  34.2074,  22 Nov 2017 00:06:57
# 25.6585,  5.269735,  0.723,  0.1232,  0.1843,  34.2225,  22 Nov 2017 00:10:57
# 25.6579,  5.270254,  0.724,  0.1234,  0.1962,  34.2268,  22 Nov 2017 00:14:57
# 25.6789,  5.275165,  0.726,  0.1257,  0.1936,  34.2469,  22 Nov 2017 00:18:57
# 25.6933,  5.278448,  0.729,  0.1247,  0.1806,  34.2600,  22 Nov 2017 00:22:57
# 25.6874,  5.277882,  0.730,  0.1156,  0.1888,  34.2603,  22 Nov 2017 00:26:57
# 25.6907,  5.279489,  0.733,  0.1172,  0.2172,  34.2696,  22 Nov 2017 00:30:57
# 25.6898,  5.279823,  0.735,  0.1195,  0.1855,  34.2727,  22 Nov 2017 00:34:57
# 25.7117,  5.283767,  0.737,  0.1234,  0.1986,  34.2850,  22 Nov 2017 00:38:57
# 25.7132,  5.284706,  0.741,  0.1230,  0.1878,  34.2907,  22 Nov 2017 00:42:57
# 25.7098,  5.284971,  0.744,  0.1194,  0.1904,  34.2952,  22 Nov 2017 00:46:57
# 25.6975,  5.283449,  0.745,  0.1231,  0.1802,  34.2933,  22 Nov 2017 00:50:57
# 25.6932,  5.282462,  0.748,  0.1305,  0.1913,  34.2894,  22 Nov 2017 00:54:57
# 25.6840,  5.281655,  0.748,  0.1158,  0.1814,  34.2904,  22 Nov 2017 00:58:57
