# 26.1769,  5.330554,  1.115,  0.1096,  0.1767,  34.2765,  14 Nov 2017 04:02:57
# 26.1756,  5.327748,  1.088,  0.1073,  0.1840,  34.2571,  14 Nov 2017 04:06:57
# 26.1598,  5.324849,  1.101,  0.1044,  0.1730,  34.2479,  14 Nov 2017 04:10:57
# 26.1140,  5.313813,  1.065,  0.1131,  0.1817,  34.2022,  14 Nov 2017 04:14:57
# 26.0606,  5.301706,  1.091,  0.1059,  0.1803,  34.1543,  14 Nov 2017 04:18:57
# 26.0365,  5.295813,  1.099,  0.1082,  0.1621,  34.1296,  14 Nov 2017 04:22:57
# 26.0430,  5.297810,  1.081,  0.1060,  0.1670,  34.1392,  14 Nov 2017 04:26:57
# 26.0582,  5.299910,  1.069,  0.1109,  0.1730,  34.1431,  14 Nov 2017 04:30:57
# 26.0747,  5.305852,  1.014,  0.1132,  0.1644,  34.1739,  14 Nov 2017 04:34:57
# 26.0784,  5.306988,  1.032,  0.1098,  0.1574,  34.1793,  14 Nov 2017 04:38:57
# 26.1108,  5.315892,  1.043,  0.1132,  0.1880,  34.2197,  14 Nov 2017 04:42:57
# 26.0837,  5.309602,  1.045,  0.1060,  0.1559,  34.1943,  14 Nov 2017 04:46:57
# 26.0905,  5.314179,  1.052,  0.1097,  0.1598,  34.2224,  14 Nov 2017 04:50:57
# 26.0920,  5.313331,  1.029,  0.1045,  0.1646,  34.2151,  14 Nov 2017 04:54:57
# 26.1073,  5.319225,  1.049,  0.1023,  0.2013,  34.2464,  14 Nov 2017 04:58:57
