# 24.9510,  5.15901,    0.757, 0.0934, 0.1792,  33.9404, 22 Dec 2017 14:03:16
# 24.9537,  5.15995,    0.800, 0.0961, 0.1829,  33.9453, 22 Dec 2017 14:07:16
# 24.9622,  5.16100,    0.780, 0.0932, 0.1730,  33.9467, 22 Dec 2017 14:11:16
# 24.9771,  5.16290,    0.756, 0.0946, 0.1839,  33.9496, 22 Dec 2017 14:15:16
# 24.9613,  5.16253,    0.790, 0.0973, 0.1670,  33.9587, 22 Dec 2017 14:19:16
# 24.9587,  5.16290,    0.780, 0.1061, 0.1830,  33.9634, 22 Dec 2017 14:23:16
# 24.9624,  5.16425,    0.758, 0.1146, 0.1950,  33.9706, 22 Dec 2017 14:27:16
# 24.9649,  5.16445,    0.772, 0.1121, 0.1805,  33.9702, 22 Dec 2017 14:31:16
# 24.9706,  5.16497,    0.772, 0.1086, 0.1743,  33.9698, 22 Dec 2017 14:35:16
# 24.9737,  5.16525,    0.761, 0.1134, 0.2363,  33.9695, 22 Dec 2017 14:39:16
# 24.9802,  5.16557,    0.787, 0.1160, 0.1878,  33.9670, 22 Dec 2017 14:43:16
# 24.9742,  5.16560,    0.787, 0.1174, 0.1988,  33.9716, 22 Dec 2017 14:47:16
# 24.9874,  5.16693,    0.806, 0.1084, 0.1827,  33.9716, 22 Dec 2017 14:51:16
# 25.0009,  5.16823,    0.785, 0.1046, 0.1865,  33.9710, 22 Dec 2017 14:55:16
# 25.0140,  5.16970,    0.791, 0.1024, 0.1623,  33.9720, 22 Dec 2017 14:59:16
