# 27.5047,  5.498668,  1.316,  0.0958,  0.4389,  34.4928,  02 Sep 2017 12:00:05
# 27.5012,  5.497941,  1.383,  0.0958,  0.4330,  34.4903,  02 Sep 2017 12:04:05
# 27.4783,  5.495335,  1.278,  0.0933,  0.4821,  34.4888,  02 Sep 2017 12:08:05
# 27.4708,  5.494237,  1.412,  0.0932,  0.4451,  34.4865,  02 Sep 2017 12:12:05
# 27.4914,  5.495911,  1.217,  0.0910,  0.4701,  34.4832,  02 Sep 2017 12:16:05
# 27.4952,  5.496093,  1.203,  0.0983,  0.5763,  34.4816,  02 Sep 2017 12:20:05
# 27.5222,  5.499276,  1.147,  0.0907,  0.4978,  34.4842,  02 Sep 2017 12:24:05
# 27.5384,  5.501971,  1.324,  0.0943,  0.4305,  34.4913,  02 Sep 2017 12:28:05
# 27.5416,  5.501797,  1.292,  0.0934,  0.4640,  34.4877,  02 Sep 2017 12:32:05
# 27.5616,  5.503955,  1.281,  0.0970,  0.6078,  34.4882,  02 Sep 2017 12:36:05
# 27.5567,  5.503536,  1.321,  0.0959,  0.4868,  34.4889,  02 Sep 2017 12:40:05
# 27.5841,  5.506231,  1.361,  0.0957,  0.5013,  34.4877,  02 Sep 2017 12:44:05
# 27.5850,  5.506500,  1.284,  0.0933,  0.4955,  34.4889,  02 Sep 2017 12:48:05
# 27.5954,  5.507164,  1.395,  0.0935,  0.4021,  34.4860,  02 Sep 2017 12:52:05
# 27.5907,  5.506571,  1.302,  0.0883,  0.4341,  34.4852,  02 Sep 2017 12:56:05
