# 24.8414,  5.228187,  0.885,  0.1170,  0.4340,  34.5361,  30 May 2018 03:03:04
# 24.9621,  5.233837,  0.864,  0.1331,  0.3267,  34.4857,  30 May 2018 03:07:04
# 24.9122,  5.230683,  0.896,  0.1281,  0.4116,  34.5004,  30 May 2018 03:11:04
# 24.9171,  5.231936,  0.904,  0.1366,  0.3536,  34.5060,  30 May 2018 03:15:04
# 24.8937,  5.230691,  0.832,  0.1244,  0.3547,  34.5147,  30 May 2018 03:19:04
# 24.9148,  5.231417,  0.896,  0.1285,  0.3645,  34.5039,  30 May 2018 03:23:04
# 24.8485,  5.229779,  0.851,  0.1158,  0.4446,  34.5425,  30 May 2018 03:27:04
# 24.8563,  5.229130,  0.924,  0.1231,  0.3970,  34.5317,  30 May 2018 03:31:04
# 24.8079,  5.226796,  0.906,  0.1119,  0.3648,  34.5515,  30 May 2018 03:35:04
# 24.7803,  5.225026,  0.902,  0.1147,  0.3427,  34.5595,  30 May 2018 03:39:04
# 24.8184,  5.226525,  0.868,  0.1194,  0.3973,  34.5414,  30 May 2018 03:43:04
# 24.8972,  5.229593,  0.906,  0.1343,  0.3463,  34.5038,  30 May 2018 03:47:04
# 24.8776,  5.228921,  0.840,  0.1366,  0.4265,  34.5139,  30 May 2018 03:51:04
# 24.8384,  5.227599,  0.892,  0.1256,  0.3933,  34.5341,  30 May 2018 03:55:04
# 24.8367,  5.227460,  0.888,  0.1209,  0.3995,  34.5343,  30 May 2018 03:59:04
