# 26.2746,  5.373301,  0.813,  0.1168,  0.2749,  34.5124,  17 Nov 2017 12:02:57
# 26.2638,  5.372260,  0.861,  0.1146,  0.2566,  34.5130,  17 Nov 2017 12:06:57
# 26.2664,  5.372683,  0.859,  0.1156,  0.2780,  34.5141,  17 Nov 2017 12:10:57
# 26.2595,  5.371439,  0.866,  0.1083,  0.2433,  34.5103,  17 Nov 2017 12:14:57
# 26.2534,  5.370352,  0.851,  0.1182,  0.2604,  34.5070,  17 Nov 2017 12:18:57
# 26.2510,  5.370047,  0.795,  0.1205,  0.2518,  34.5066,  17 Nov 2017 12:22:57
# 26.2507,  5.369093,  0.918,  0.1244,  0.2711,  34.4999,  17 Nov 2017 12:26:57
# 26.2517,  5.369054,  0.878,  0.1231,  0.2721,  34.4989,  17 Nov 2017 12:30:57
# 26.2496,  5.369030,  0.856,  0.1210,  0.2612,  34.5003,  17 Nov 2017 12:34:57
# 26.2517,  5.369406,  0.869,  0.1182,  0.2697,  34.5015,  17 Nov 2017 12:38:57
# 26.2469,  5.368593,  0.859,  0.1269,  0.2481,  34.4992,  17 Nov 2017 12:42:57
# 26.2545,  5.369437,  0.872,  0.1210,  0.3055,  34.4995,  17 Nov 2017 12:46:57
# 26.2589,  5.369922,  0.820,  0.1231,  0.2792,  34.4997,  17 Nov 2017 12:50:57
# 26.2694,  5.370829,  0.882,  0.1170,  0.2660,  34.4985,  17 Nov 2017 12:54:57
# 26.2839,  5.372018,  0.914,  0.1167,  0.2493,  34.4962,  17 Nov 2017 12:58:57
