# 26.3981,  5.36567,    0.920, 0.1082, 0.2985,  34.3649, 26 Oct 2017 20:01:27
# 26.4048,  5.36667,    0.932, 0.1084, 0.2995,  34.3671, 26 Oct 2017 20:05:27
# 26.4019,  5.36665,    0.751, 0.1096, 0.2865,  34.3692, 26 Oct 2017 20:09:27
# 26.4001,  5.36532,    0.920, 0.1157, 0.3033,  34.3609, 26 Oct 2017 20:13:27
# 26.3936,  5.36427,    0.899, 0.1144, 0.2685,  34.3583, 26 Oct 2017 20:17:27
# 26.3810,  5.36384,    0.916, 0.1036, 0.2807,  34.3645, 26 Oct 2017 20:21:27
# 26.3845,  5.36341,    0.986, 0.1168, 0.3046,  34.3588, 26 Oct 2017 20:25:27
# 26.3801,  5.36126,    0.866, 0.1132, 0.3025,  34.3466, 26 Oct 2017 20:29:27
# 26.3710,  5.36131,    0.966, 0.1046, 0.2866,  34.3537, 26 Oct 2017 20:33:27
# 26.3817,  5.36159,    0.948, 0.1181, 0.2711,  34.3478, 26 Oct 2017 20:37:27
# 26.3836,  5.36174,    0.893, 0.1146, 0.2819,  34.3475, 26 Oct 2017 20:41:27
# 26.3702,  5.36099,    0.946, 0.1071, 0.2652,  34.3520, 26 Oct 2017 20:45:27
# 26.3547,  5.35969,    0.949, 0.1022, 0.2361,  34.3542, 26 Oct 2017 20:49:27
# 26.3575,  5.35870,    0.872, 0.1123, 0.3440,  34.3449, 26 Oct 2017 20:53:27
# 26.3702,  5.35817,    0.914, 0.1109, 0.2591,  34.3317, 26 Oct 2017 20:57:27
