# 26.5334,  5.42471,    1.110, 0.1043, 0.2325,  34.6887, 18 Oct 2017 14:01:27
# 26.5387,  5.42602,    1.165, 0.0983, 0.2146,  34.6942, 18 Oct 2017 14:05:27
# 26.5493,  5.42775,    1.122, 0.1057, 0.2759,  34.6986, 18 Oct 2017 14:09:27
# 26.6177,  5.44041,    1.191, 0.1057, 0.2570,  34.7382, 18 Oct 2017 14:13:27
# 26.6283,  5.44371,    1.163, 0.1071, 0.2409,  34.7540, 18 Oct 2017 14:17:27
# 26.6324,  5.44342,    1.159, 0.0998, 0.2304,  34.7488, 18 Oct 2017 14:21:27
# 26.6277,  5.44164,    1.205, 0.1122, 0.2543,  34.7395, 18 Oct 2017 14:25:27
# 26.6432,  5.44119,    1.134, 0.1081, 0.2467,  34.7247, 18 Oct 2017 14:29:27
# 26.6414,  5.44094,    1.165, 0.1155, 0.2457,  34.7242, 18 Oct 2017 14:33:27
# 26.6839,  5.44817,    1.166, 0.1081, 0.2664,  34.7442, 18 Oct 2017 14:37:27
# 26.6884,  5.44837,    1.205, 0.1083, 0.2673,  34.7422, 18 Oct 2017 14:41:27
# 26.7194,  5.45320,    1.185, 0.1009, 0.2482,  34.7537, 18 Oct 2017 14:45:27
# 26.7144,  5.45408,    1.241, 0.1044, 0.2433,  34.7636, 18 Oct 2017 14:49:27
# 26.7238,  5.45601,    1.185, 0.1035, 0.2337,  34.7705, 18 Oct 2017 14:53:27
# 26.7417,  5.45757,    1.174, 0.1044, 0.2196,  34.7682, 18 Oct 2017 14:57:27
