# 25.4613,  5.24808,    0.783, 0.1012, 0.1815,  34.2123, 10 Dec 2017 21:03:16
# 25.4448,  5.24599,    0.784, 0.1097, 0.1573,  34.2093, 10 Dec 2017 21:07:16
# 25.4287,  5.24162,    0.787, 0.1070, 0.1709,  34.1894, 10 Dec 2017 21:11:16
# 25.4154,  5.23771,    0.789, 0.1046, 0.1802,  34.1708, 10 Dec 2017 21:15:16
# 25.4008,  5.23459,    0.790, 0.1070, 0.1708,  34.1589, 10 Dec 2017 21:19:16
# 25.3854,  5.22973,    0.792, 0.1133, 0.1886,  34.1348, 10 Dec 2017 21:23:16
# 25.3807,  5.22716,    0.793, 0.1193, 0.1791,  34.1194, 10 Dec 2017 21:27:16
# 25.3802,  5.22676,    0.795, 0.1148, 0.1609,  34.1168, 10 Dec 2017 21:31:16
# 25.3705,  5.22436,    0.799, 0.1122, 0.1803,  34.1066, 10 Dec 2017 21:35:16
# 25.3701,  5.22368,    0.800, 0.1170, 0.1634,  34.1019, 10 Dec 2017 21:39:16
# 25.3819,  5.22519,    0.801, 0.1283, 0.1720,  34.1041, 10 Dec 2017 21:43:16
# 25.3861,  5.22717,    0.805, 0.1121, 0.1608,  34.1154, 10 Dec 2017 21:47:16
# 25.3901,  5.22882,    0.807, 0.1061, 0.1779,  34.1245, 10 Dec 2017 21:51:16
# 25.3944,  5.23029,    0.809, 0.1145, 0.1753,  34.1321, 10 Dec 2017 21:55:16
# 25.3906,  5.23041,    0.813, 0.1097, 0.1744,  34.1359, 10 Dec 2017 21:59:16
