# 27.1390,  5.478833,  1.164,  0.0870,  0.2389,  34.6231,  22 Jul 2018 12:00:08
# 27.1720,  5.481113,  1.154,  0.0907,  0.2499,  34.6148,  22 Jul 2018 12:04:08
# 27.1782,  5.482067,  1.164,  0.0896,  0.2390,  34.6169,  22 Jul 2018 12:08:08
# 27.1918,  5.483732,  1.175,  0.0921,  0.2599,  34.6187,  22 Jul 2018 12:12:08
# 27.1938,  5.483638,  1.159,  0.0906,  0.2266,  34.6165,  22 Jul 2018 12:16:08
# 27.1681,  5.481634,  1.172,  0.0921,  0.2450,  34.6214,  22 Jul 2018 12:20:08
# 27.1639,  5.481247,  1.183,  0.0921,  0.2321,  34.6218,  22 Jul 2018 12:24:08
# 27.1689,  5.482399,  1.185,  0.0859,  0.2345,  34.6262,  22 Jul 2018 12:28:08
# 27.1522,  5.481050,  1.183,  0.0897,  0.2610,  34.6291,  22 Jul 2018 12:32:08
# 27.2034,  5.484679,  1.183,  0.0921,  0.2298,  34.6168,  22 Jul 2018 12:36:08
# 27.2207,  5.486502,  1.190,  0.0919,  0.2264,  34.6169,  22 Jul 2018 12:40:08
# 27.2436,  5.489068,  1.206,  0.0885,  0.2227,  34.6181,  22 Jul 2018 12:44:08
# 27.2565,  5.490181,  1.203,  0.0908,  0.2264,  34.6164,  22 Jul 2018 12:48:08
# 27.2283,  5.488358,  1.196,  0.0871,  0.2895,  34.6244,  22 Jul 2018 12:52:08
# 27.2496,  5.490402,  1.199,  0.0858,  0.2451,  34.6231,  22 Jul 2018 12:56:08
