# 24.9237,  5.17923,    0.883, 0.1184, 0.2049,  34.1105, 16 Dec 2017 23:03:16
# 24.9030,  5.17378,    0.896, 0.1357, 0.1999,  34.0858, 16 Dec 2017 23:07:16
# 24.9093,  5.17585,    0.908, 0.1196, 0.1975,  34.0964, 16 Dec 2017 23:11:16
# 24.9005,  5.17378,    0.906, 0.1172, 0.2194,  34.0877, 16 Dec 2017 23:15:16
# 24.8862,  5.16995,    0.925, 0.1221, 0.2364,  34.0701, 16 Dec 2017 23:19:16
# 24.8869,  5.16951,    0.933, 0.1221, 0.2338,  34.0664, 16 Dec 2017 23:23:16
# 24.8555,  5.16167,    0.928, 0.1145, 0.2146,  34.0320, 16 Dec 2017 23:27:16
# 24.8544,  5.16113,    0.939, 0.1147, 0.1962,  34.0288, 16 Dec 2017 23:31:16
# 24.8394,  5.15722,    0.950, 0.1121, 0.1949,  34.0112, 16 Dec 2017 23:35:16
# 24.8127,  5.15262,    0.950, 0.1071, 0.2020,  33.9973, 16 Dec 2017 23:39:16
# 24.8031,  5.15034,    0.962, 0.1112, 0.1939,  33.9876, 16 Dec 2017 23:43:16
# 24.8100,  5.15246,    0.979, 0.1098, 0.1923,  33.9981, 16 Dec 2017 23:47:16
# 24.7962,  5.14957,    0.977, 0.1050, 0.2303,  33.9870, 16 Dec 2017 23:51:16
# 24.7701,  5.14398,    0.986, 0.1072, 0.2173,  33.9652, 16 Dec 2017 23:55:16
# 24.7678,  5.14248,    1.001, 0.1035, 0.2181,  33.9559, 16 Dec 2017 23:59:16
