# 25.8652,  5.327371,  0.842,  0.1169,  0.2825,  34.4872,  26 Apr 2018 18:02:05
# 25.8955,  5.335611,  0.836,  0.1134,  0.2746,  34.5244,  26 Apr 2018 18:06:05
# 25.8774,  5.333631,  0.841,  0.1131,  0.2680,  34.5236,  26 Apr 2018 18:10:05
# 25.9042,  5.331681,  0.854,  0.1083,  0.2756,  34.4892,  26 Apr 2018 18:14:05
# 25.9255,  5.331922,  0.822,  0.1173,  0.2334,  34.4749,  26 Apr 2018 18:18:05
# 25.9336,  5.335400,  0.819,  0.1130,  0.2309,  34.4941,  26 Apr 2018 18:22:05
# 25.9339,  5.334963,  0.813,  0.1182,  0.2428,  34.4907,  26 Apr 2018 18:26:05
# 25.9066,  5.332663,  0.827,  0.1132,  0.2417,  34.4946,  26 Apr 2018 18:30:05
# 25.9036,  5.330675,  0.792,  0.1209,  0.2647,  34.4823,  26 Apr 2018 18:34:05
# 25.8995,  5.330379,  0.807,  0.1096,  0.2418,  34.4833,  26 Apr 2018 18:38:05
# 25.9032,  5.333116,  0.800,  0.1219,  0.2683,  34.5004,  26 Apr 2018 18:42:05
# 25.8890,  5.331479,  0.782,  0.1244,  0.2718,  34.4992,  26 Apr 2018 18:46:05
# 25.8691,  5.323576,  0.786,  0.1378,  0.2453,  34.4567,  26 Apr 2018 18:50:05
# 25.8585,  5.322805,  0.775,  0.1328,  0.2356,  34.4591,  26 Apr 2018 18:54:05
# 25.8525,  5.324402,  0.800,  0.1295,  0.2598,  34.4752,  26 Apr 2018 18:58:05
