# 25.3819,  5.24233,    0.830, 0.1196, 0.2348,  34.2299, 09 Dec 2017 02:03:16
# 25.3601,  5.23715,    0.833, 0.1209, 0.2172,  34.2083, 09 Dec 2017 02:07:16
# 25.3689,  5.23957,    0.835, 0.1195, 0.2100,  34.2194, 09 Dec 2017 02:11:16
# 25.3677,  5.24014,    0.827, 0.1196, 0.2544,  34.2245, 09 Dec 2017 02:15:16
# 25.3625,  5.23919,    0.828, 0.1292, 0.2147,  34.2214, 09 Dec 2017 02:19:16
# 25.3514,  5.23693,    0.831, 0.1355, 0.2257,  34.2131, 09 Dec 2017 02:23:16
# 25.3584,  5.23889,    0.832, 0.1196, 0.1961,  34.2223, 09 Dec 2017 02:27:16
# 25.3646,  5.24052,    0.831, 0.1221, 0.2325,  34.2297, 09 Dec 2017 02:31:16
# 25.3619,  5.24014,    0.835, 0.1208, 0.2073,  34.2288, 09 Dec 2017 02:35:16
# 25.3623,  5.24012,    0.834, 0.1246, 0.2294,  34.2284, 09 Dec 2017 02:39:16
# 25.3598,  5.23979,    0.837, 0.1194, 0.2156,  34.2278, 09 Dec 2017 02:43:16
# 25.3579,  5.23986,    0.839, 0.1109, 0.2160,  34.2298, 09 Dec 2017 02:47:16
# 25.3583,  5.24024,    0.840, 0.1134, 0.2348,  34.2323, 09 Dec 2017 02:51:16
# 25.3836,  5.24449,    0.840, 0.1110, 0.2294,  34.2444, 09 Dec 2017 02:55:16
# 25.3595,  5.24090,    0.842, 0.1144, 0.2136,  34.2363, 09 Dec 2017 02:59:16
