# 26.4811,  5.37280,    0.878, 0.1278, 0.2012,  34.3545, 28 Oct 2017 01:01:27
# 26.5004,  5.38221,    0.990, 0.1231, 0.2348,  34.4077, 28 Oct 2017 01:05:27
# 26.4993,  5.38293,    0.985, 0.1209, 0.2737,  34.4137, 28 Oct 2017 01:09:27
# 26.5009,  5.38439,    0.969, 0.1279, 0.2421,  34.4230, 28 Oct 2017 01:13:27
# 26.4985,  5.38429,    0.920, 0.1278, 0.2398,  34.4241, 28 Oct 2017 01:17:27
# 26.4973,  5.38320,    0.943, 0.1242, 0.2483,  34.4171, 28 Oct 2017 01:21:27
# 26.4931,  5.38189,    0.948, 0.1343, 0.2361,  34.4108, 28 Oct 2017 01:25:27
# 26.4924,  5.38122,    0.938, 0.1192, 0.2325,  34.4066, 28 Oct 2017 01:29:27
# 26.4949,  5.38446,    0.966, 0.1207, 0.2349,  34.4280, 28 Oct 2017 01:33:27
# 26.5000,  5.39051,    0.989, 0.1204, 0.2242,  34.4677, 28 Oct 2017 01:37:27
# 26.4900,  5.38842,    1.050, 0.1207, 0.2294,  34.4601, 28 Oct 2017 01:41:27
# 26.4472,  5.36819,    0.910, 0.1390, 0.2242,  34.3465, 28 Oct 2017 01:45:27
# 26.4701,  5.37657,    0.931, 0.1246, 0.2270,  34.3897, 28 Oct 2017 01:49:27
# 26.4843,  5.38103,    0.965, 0.1341, 0.2385,  34.4112, 28 Oct 2017 01:53:27
# 26.4824,  5.38141,    0.918, 0.1266, 0.2399,  34.4154, 28 Oct 2017 01:57:27
