# 25.7936,  5.32715,    1.318, 0.1256, 0.1987,  34.5395, 20 Oct 2017 03:01:27
# 25.7905,  5.32687,    1.271, 0.1231, 0.2123,  34.5398, 20 Oct 2017 03:05:27
# 25.7912,  5.32681,    1.228, 0.1231, 0.2122,  34.5389, 20 Oct 2017 03:09:27
# 25.7971,  5.32763,    1.273, 0.1258, 0.2338,  34.5404, 20 Oct 2017 03:13:27
# 25.7957,  5.32777,    1.237, 0.1221, 0.1927,  34.5425, 20 Oct 2017 03:17:27
# 25.7880,  5.32643,    1.271, 0.1159, 0.1890,  34.5385, 20 Oct 2017 03:21:27
# 25.7801,  5.32531,    1.262, 0.1148, 0.2002,  34.5363, 20 Oct 2017 03:25:27
# 25.7741,  5.32431,    1.302, 0.1257, 0.2036,  34.5336, 20 Oct 2017 03:29:27
# 25.7977,  5.32743,    1.295, 0.1405, 0.2281,  34.5385, 20 Oct 2017 03:33:27
# 25.8000,  5.32775,    1.242, 0.1330, 0.2296,  34.5391, 20 Oct 2017 03:37:27
# 25.8008,  5.32814,    1.311, 0.1376, 0.2174,  34.5414, 20 Oct 2017 03:41:27
# 25.8042,  5.32855,    1.307, 0.1305, 0.2072,  34.5418, 20 Oct 2017 03:45:27
# 25.8100,  5.32895,    1.305, 0.1328, 0.2210,  34.5403, 20 Oct 2017 03:49:27
# 25.8197,  5.33026,    1.312, 0.1308, 0.2110,  34.5425, 20 Oct 2017 03:53:27
# 25.8235,  5.33070,    1.316, 0.1389, 0.2210,  34.5428, 20 Oct 2017 03:57:27
