# 28.0159,  5.532398,  1.082,  0.1266,  0.2087,  34.3551,  09 Sep 2017 20:00:05
# 28.0234,  5.531280,  1.140,  0.1338,  0.1977,  34.3418,  09 Sep 2017 20:04:05
# 28.0223,  5.531067,  1.150,  0.1336,  0.2109,  34.3411,  09 Sep 2017 20:08:05
# 28.0257,  5.530346,  1.148,  0.1376,  0.1790,  34.3336,  09 Sep 2017 20:12:05
# 28.0221,  5.530005,  1.142,  0.1524,  0.1989,  34.3339,  09 Sep 2017 20:16:05
# 27.9185,  5.529040,  1.121,  0.1340,  0.2049,  34.4027,  09 Sep 2017 20:20:05
# 27.8823,  5.527655,  1.133,  0.1255,  0.2023,  34.4195,  09 Sep 2017 20:24:05
# 27.8763,  5.526404,  1.066,  0.1242,  0.2234,  34.4151,  09 Sep 2017 20:28:05
# 27.8486,  5.525011,  1.103,  0.1191,  0.2061,  34.4256,  09 Sep 2017 20:32:05
# 27.9061,  5.524059,  1.128,  0.1290,  0.2638,  34.3769,  09 Sep 2017 20:36:05
# 27.8910,  5.525881,  1.121,  0.1290,  0.2282,  34.4007,  09 Sep 2017 20:40:05
# 27.8210,  5.522834,  1.081,  0.1315,  0.2110,  34.4306,  09 Sep 2017 20:44:05
# 27.7370,  5.520452,  1.070,  0.1254,  0.2271,  34.4754,  09 Sep 2017 20:48:05
# 27.8165,  5.521306,  1.053,  0.1340,  0.2012,  34.4232,  09 Sep 2017 20:52:05
# 27.7886,  5.521283,  1.033,  0.1463,  0.1990,  34.4434,  09 Sep 2017 20:56:05
