# 24.4733,  5.175623,  0.769,  0.1001,  0.2386,  34.4268,  17 Feb 2018 14:01:23
# 24.5495,  5.184161,  0.760,  0.0986,  0.2358,  34.4321,  17 Feb 2018 14:05:23
# 24.5721,  5.184384,  0.781,  0.1050,  0.2111,  34.4164,  17 Feb 2018 14:09:23
# 24.6147,  5.189160,  0.808,  0.0963,  0.1998,  34.4194,  17 Feb 2018 14:13:23
# 24.5920,  5.187858,  0.778,  0.0973,  0.2169,  34.4271,  17 Feb 2018 14:17:23
# 24.6054,  5.189345,  0.809,  0.0986,  0.2348,  34.4279,  17 Feb 2018 14:21:23
# 24.5908,  5.188813,  0.797,  0.0960,  0.2282,  34.4352,  17 Feb 2018 14:25:23
# 24.6473,  5.192797,  0.797,  0.0971,  0.2230,  34.4216,  17 Feb 2018 14:29:23
# 24.6753,  5.195834,  0.808,  0.0998,  0.2132,  34.4227,  17 Feb 2018 14:33:23
# 24.6707,  5.194762,  0.808,  0.0996,  0.2020,  34.4183,  17 Feb 2018 14:37:23
# 24.6730,  5.196528,  0.790,  0.0985,  0.2229,  34.4297,  17 Feb 2018 14:41:23
# 24.6912,  5.199319,  0.831,  0.0998,  0.2097,  34.4365,  17 Feb 2018 14:45:23
# 24.7435,  5.203306,  0.831,  0.0986,  0.1915,  34.4262,  17 Feb 2018 14:49:23
# 24.7627,  5.204810,  0.830,  0.0949,  0.1902,  34.4227,  17 Feb 2018 14:53:23
# 24.7910,  5.207194,  0.842,  0.0987,  0.1959,  34.4187,  17 Feb 2018 14:57:23
