# 27.0895,  6.631528,  0.829,  0.1218,  0.2982,  43.0248,  12 Aug 2018 01:00:08
# 27.0545,  6.629082,  0.843,  0.1182,  0.3323,  43.0394,  12 Aug 2018 01:04:08
# 27.0738,  6.627330,  0.694,  0.1178,  0.2968,  43.0085,  12 Aug 2018 01:08:08
# 27.0395,  6.626842,  0.764,  0.1130,  0.2826,  43.0369,  12 Aug 2018 01:12:08
# 27.0478,  6.625648,  0.789,  0.1119,  0.2488,  43.0203,  12 Aug 2018 01:16:08
# 27.0155,  6.625795,  0.769,  0.1119,  0.3117,  43.0514,  12 Aug 2018 01:20:08
# 27.0080,  6.624104,  0.838,  0.1119,  0.2880,  43.0459,  12 Aug 2018 01:24:08
# 26.9832,  6.623847,  0.793,  0.1046,  0.3001,  43.0672,  12 Aug 2018 01:28:08
# 26.9770,  6.622397,  0.869,  0.1082,  0.3326,  43.0622,  12 Aug 2018 01:32:08
# 26.9815,  6.621153,  0.792,  0.1105,  0.2981,  43.0488,  12 Aug 2018 01:36:08
# 26.9742,  6.627607,  0.836,  0.1071,  0.2869,  43.1035,  12 Aug 2018 01:40:08
# 26.9878,  6.622878,  0.898,  0.1092,  0.3474,  43.0556,  12 Aug 2018 01:44:08
# 26.9852,  6.618527,  0.758,  0.1070,  0.3267,  43.0259,  12 Aug 2018 01:48:08
# 26.9802,  6.618107,  0.867,  0.1093,  0.2929,  43.0274,  12 Aug 2018 01:52:08
# 26.9718,  6.616786,  0.830,  0.1068,  0.3063,  43.0255,  12 Aug 2018 01:56:08
