# 26.0471,  5.31623,    1.039, 0.1083, 0.3673,  34.2696, 26 Oct 2017 06:01:27
# 26.0599,  5.31381,    1.096, 0.1095, 0.3587,  34.2425, 26 Oct 2017 06:05:27
# 26.0746,  5.31556,    1.153, 0.1047, 0.3404,  34.2443, 26 Oct 2017 06:09:27
# 26.0670,  5.31382,    1.026, 0.1059, 0.2982,  34.2373, 26 Oct 2017 06:13:27
# 26.0204,  5.31495,    1.059, 0.1058, 0.3712,  34.2803, 26 Oct 2017 06:17:27
# 26.0040,  5.31332,    1.052, 0.1071, 0.4583,  34.2807, 26 Oct 2017 06:21:27
# 26.0076,  5.31255,    1.084, 0.1044, 0.4292,  34.2725, 26 Oct 2017 06:25:27
# 26.0041,  5.31081,    1.235, 0.1046, 0.3835,  34.2624, 26 Oct 2017 06:29:27
# 26.0085,  5.31330,    1.197, 0.1044, 0.4549,  34.2772, 26 Oct 2017 06:33:27
# 26.0625,  5.31355,    1.062, 0.1058, 0.3550,  34.2387, 26 Oct 2017 06:37:27
# 26.0494,  5.31415,    1.237, 0.1046, 0.3772,  34.2528, 26 Oct 2017 06:41:27
# 26.0312,  5.31230,    1.112, 0.1036, 0.3817,  34.2530, 26 Oct 2017 06:45:27
# 26.0414,  5.31205,    1.221, 0.1083, 0.4354,  34.2436, 26 Oct 2017 06:49:27
# 26.0603,  5.31265,    1.220, 0.1083, 0.3489,  34.2338, 26 Oct 2017 06:53:27
# 26.0615,  5.31385,    1.215, 0.1062, 0.3554,  34.2416, 26 Oct 2017 06:57:27
