# 28.6045,  5.603584,  1.421,  0.0947,  0.1901,  34.4222,  16 Sep 2017 14:00:05
# 28.5784,  5.602509,  1.414,  0.0920,  0.1877,  34.4337,  16 Sep 2017 14:04:05
# 28.5805,  5.603122,  1.491,  0.1008,  0.1978,  34.4364,  16 Sep 2017 14:08:05
# 28.5187,  5.600415,  1.536,  0.0982,  0.1959,  34.4625,  16 Sep 2017 14:12:05
# 28.5943,  5.605425,  1.462,  0.0954,  0.2121,  34.4423,  16 Sep 2017 14:16:05
# 28.6322,  5.608062,  1.450,  0.0907,  0.1975,  34.4331,  16 Sep 2017 14:20:05
# 28.6565,  5.609950,  1.444,  0.0983,  0.2045,  34.4286,  16 Sep 2017 14:24:05
# 28.6371,  5.608548,  1.366,  0.0921,  0.1865,  34.4329,  16 Sep 2017 14:28:05
# 28.6387,  5.607623,  1.399,  0.1044,  0.1949,  34.4254,  16 Sep 2017 14:32:05
# 28.6379,  5.608125,  1.416,  0.1029,  0.1842,  34.4295,  16 Sep 2017 14:36:05
# 28.6113,  5.607074,  1.449,  0.0967,  0.2060,  34.4414,  16 Sep 2017 14:40:05
# 28.6255,  5.608309,  1.451,  0.0944,  0.1840,  34.4397,  16 Sep 2017 14:44:05
# 28.6627,  5.611122,  1.424,  0.0919,  0.1717,  34.4322,  16 Sep 2017 14:48:05
# 28.6026,  5.608421,  1.462,  0.1032,  0.1923,  34.4570,  16 Sep 2017 14:52:05
# 28.6188,  5.609441,  1.342,  0.0983,  0.1852,  34.4524,  16 Sep 2017 14:56:05
