# 25.1312,  5.229141,  1.027,  0.1049,  0.2085,  34.3223,  14 Apr 2018 04:02:05
# 25.1213,  5.220833,  1.023,  0.1073,  0.2230,  34.2685,  14 Apr 2018 04:06:05
# 25.1031,  5.219736,  1.013,  0.1022,  0.2265,  34.2741,  14 Apr 2018 04:10:05
# 25.0696,  5.202992,  1.021,  0.1048,  0.2416,  34.1759,  14 Apr 2018 04:14:05
# 25.0674,  5.208988,  1.016,  0.0974,  0.2255,  34.2218,  14 Apr 2018 04:18:05
# 25.0739,  5.179116,  1.001,  0.1011,  0.2347,  33.9964,  14 Apr 2018 04:22:05
# 25.1570,  5.211518,  1.005,  0.1120,  0.2181,  34.1728,  14 Apr 2018 04:26:05
# 25.1705,  5.209488,  0.997,  0.1132,  0.2292,  34.1477,  14 Apr 2018 04:30:05
# 25.2649,  5.236570,  0.997,  0.1234,  0.2490,  34.2758,  14 Apr 2018 04:34:05
# 25.2059,  5.201107,  1.004,  0.1183,  0.2492,  34.0593,  14 Apr 2018 04:38:05
# 25.2338,  5.232711,  0.985,  0.1246,  0.2526,  34.2709,  14 Apr 2018 04:42:05
# 25.2255,  5.220893,  0.997,  0.1185,  0.2370,  34.1902,  14 Apr 2018 04:46:05
# 25.2060,  5.225236,  0.990,  0.1132,  0.2120,  34.2368,  14 Apr 2018 04:50:05
# 25.2233,  5.234467,  0.991,  0.1258,  0.2129,  34.2917,  14 Apr 2018 04:54:05
# 25.2446,  5.231505,  0.990,  0.1219,  0.2245,  34.2539,  14 Apr 2018 04:58:05
