# 27.5017,  5.518755,  1.139,  0.1157,  0.2558,  34.6370,  22 Jul 2018 16:00:08
# 27.5000,  5.518415,  1.154,  0.1102,  0.2431,  34.6359,  22 Jul 2018 16:04:08
# 27.4904,  5.517307,  1.159,  0.1202,  0.2572,  34.6351,  22 Jul 2018 16:08:08
# 27.5126,  5.519760,  1.156,  0.1241,  0.2705,  34.6360,  22 Jul 2018 16:12:08
# 27.5146,  5.520195,  1.139,  0.1183,  0.2300,  34.6376,  22 Jul 2018 16:16:08
# 27.5253,  5.522324,  1.057,  0.1232,  0.3325,  34.6448,  22 Jul 2018 16:20:08
# 27.5508,  5.525143,  1.111,  0.1218,  0.2908,  34.6457,  22 Jul 2018 16:24:08
# 27.5448,  5.524557,  1.107,  0.1229,  0.3001,  34.6461,  22 Jul 2018 16:28:08
# 27.5277,  5.522467,  1.097,  0.1264,  0.3191,  34.6440,  22 Jul 2018 16:32:08
# 27.5250,  5.522095,  1.077,  0.1204,  0.2884,  34.6433,  22 Jul 2018 16:36:08
# 27.5088,  5.519459,  1.139,  0.1205,  0.2728,  34.6367,  22 Jul 2018 16:40:08
# 27.5005,  5.518636,  1.022,  0.1241,  0.2682,  34.6371,  22 Jul 2018 16:44:08
# 27.4618,  5.514847,  1.012,  0.1279,  0.2718,  34.6390,  22 Jul 2018 16:48:08
# 27.4804,  5.515724,  1.056,  0.1315,  0.2682,  34.6314,  22 Jul 2018 16:52:08
# 27.4684,  5.515764,  1.054,  0.1217,  0.2851,  34.6405,  22 Jul 2018 16:56:08
