# 27.1458,  5.51988,    1.420, 0.0895, 0.4314,  34.9101, 16 Oct 2017 14:01:27
# 27.1549,  5.52261,    1.286, 0.0909, 0.4893,  34.9228, 16 Oct 2017 14:05:27
# 27.1652,  5.52323,    1.214, 0.0885, 0.4781,  34.9195, 16 Oct 2017 14:09:27
# 27.2014,  5.52706,    1.204, 0.0907, 0.5269,  34.9195, 16 Oct 2017 14:13:27
# 27.1999,  5.52461,    1.241, 0.1022, 0.5857,  34.9033, 16 Oct 2017 14:17:27
# 27.1985,  5.52540,    1.310, 0.0922, 0.4534,  34.9099, 16 Oct 2017 14:21:27
# 27.2103,  5.52685,    1.044, 0.0934, 0.6600,  34.9115, 16 Oct 2017 14:25:27
# 27.2065,  5.52630,    1.277, 0.0959, 0.4636,  34.9104, 16 Oct 2017 14:29:27
# 27.1873,  5.52376,    0.975, 0.0922, 0.5209,  34.9067, 16 Oct 2017 14:33:27
# 27.2126,  5.52761,    1.271, 0.0923, 0.4118,  34.9151, 16 Oct 2017 14:37:27
# 27.2310,  5.52828,    1.283, 0.0921, 0.4185,  34.9060, 16 Oct 2017 14:41:27
# 27.2456,  5.53035,    1.259, 0.0884, 0.3647,  34.9098, 16 Oct 2017 14:45:27
# 27.2085,  5.52704,    1.351, 0.0943, 0.4362,  34.9141, 16 Oct 2017 14:49:27
# 27.2143,  5.52352,    1.160, 0.0983, 0.3996,  34.8848, 16 Oct 2017 14:53:27
# 27.2028,  5.52411,    1.137, 0.0943, 0.3874,  34.8976, 16 Oct 2017 14:57:27
