# 27.8023,  6.769233,  1.320,  0.1006,  0.1752,  43.3729,  21 Aug 2018 15:00:08
# 27.7748,  6.770525,  1.351,  0.1020,  0.1691,  43.4080,  21 Aug 2018 15:04:08
# 27.8386,  6.775933,  1.346,  0.1081,  0.1810,  43.3880,  21 Aug 2018 15:08:08
# 27.7864,  6.768869,  1.264,  0.1105,  0.1859,  43.3851,  21 Aug 2018 15:12:08
# 27.8189,  6.770906,  1.247,  0.1092,  0.1823,  43.3697,  21 Aug 2018 15:16:08
# 27.8275,  6.773099,  1.325,  0.1104,  0.1796,  43.3777,  21 Aug 2018 15:20:08
# 27.8000,  6.768462,  1.329,  0.1131,  0.1849,  43.3695,  21 Aug 2018 15:24:08
# 27.8182,  6.771053,  1.330,  0.1032,  0.1737,  43.3714,  21 Aug 2018 15:28:08
# 27.7692,  6.770413,  1.246,  0.1289,  0.1957,  43.4124,  21 Aug 2018 15:32:08
# 27.8547,  6.774632,  1.256,  0.1018,  0.1759,  43.3637,  21 Aug 2018 15:36:08
# 27.8568,  6.776332,  1.271,  0.1008,  0.1663,  43.3741,  21 Aug 2018 15:40:08
# 27.8782,  6.779540,  1.251,  0.1010,  0.1675,  43.3776,  21 Aug 2018 15:44:08
# 27.7959,  6.771522,  1.273,  0.1070,  0.1748,  43.3956,  21 Aug 2018 15:48:08
# 27.8056,  6.771114,  1.236,  0.1044,  0.1848,  43.3836,  21 Aug 2018 15:52:08
# 27.8064,  6.775336,  1.283,  0.1019,  0.1773,  43.4137,  21 Aug 2018 15:56:08
