# 25.1279,  5.249785,  0.747,  0.0971,  0.3180,  34.4772,  21 May 2018 07:03:04
# 25.1377,  5.249104,  0.739,  0.0986,  0.2947,  34.4647,  21 May 2018 07:07:04
# 25.1302,  5.248980,  0.752,  0.0949,  0.2659,  34.4695,  21 May 2018 07:11:04
# 25.1312,  5.249592,  0.771,  0.0971,  0.2692,  34.4733,  21 May 2018 07:15:04
# 25.1433,  5.249963,  0.783,  0.0970,  0.3362,  34.4668,  21 May 2018 07:19:04
# 25.1603,  5.249374,  0.768,  0.0973,  0.2731,  34.4495,  21 May 2018 07:23:04
# 25.1677,  5.250365,  0.759,  0.0950,  0.2804,  34.4512,  21 May 2018 07:27:04
# 25.1529,  5.250397,  0.799,  0.0959,  0.3123,  34.4627,  21 May 2018 07:31:04
# 25.1461,  5.250761,  0.803,  0.0948,  0.3243,  34.4705,  21 May 2018 07:35:04
# 25.1228,  5.249863,  0.741,  0.0896,  0.2969,  34.4817,  21 May 2018 07:39:04
# 25.1292,  5.250111,  0.811,  0.0922,  0.2792,  34.4786,  21 May 2018 07:43:04
# 25.1425,  5.251597,  0.810,  0.0961,  0.3134,  34.4794,  21 May 2018 07:47:04
# 25.1813,  5.253890,  0.787,  0.0923,  0.2805,  34.4668,  21 May 2018 07:51:04
# 25.1840,  5.253735,  0.822,  0.0947,  0.3204,  34.4637,  21 May 2018 07:55:04
# 25.1987,  5.255059,  0.814,  0.0961,  0.3066,  34.4622,  21 May 2018 07:59:04
