# 26.7610,  5.439745,  1.074,  0.1081,  0.3299,  34.6261,  19 Jul 2018 23:00:08
# 26.7672,  5.439887,  1.047,  0.1070,  0.3329,  34.6224,  19 Jul 2018 23:04:08
# 26.7636,  5.439549,  1.074,  0.1021,  0.4289,  34.6227,  19 Jul 2018 23:08:08
# 26.7608,  5.438888,  1.042,  0.1057,  0.3133,  34.6200,  19 Jul 2018 23:12:08
# 26.7581,  5.438527,  1.018,  0.1021,  0.3246,  34.6195,  19 Jul 2018 23:16:08
# 26.7495,  5.437512,  1.010,  0.1035,  0.3495,  34.6186,  19 Jul 2018 23:20:08
# 26.7548,  5.438377,  1.032,  0.1106,  0.4925,  34.6209,  19 Jul 2018 23:24:08
# 26.7447,  5.437245,  1.043,  0.1072,  0.3168,  34.6203,  19 Jul 2018 23:28:08
# 26.7527,  5.438440,  1.019,  0.1044,  0.3908,  34.6229,  19 Jul 2018 23:32:08
# 26.7410,  5.437442,  0.995,  0.1081,  0.3751,  34.6245,  19 Jul 2018 23:36:08
# 26.7373,  5.436726,  1.048,  0.1082,  0.3789,  34.6221,  19 Jul 2018 23:40:08
# 26.7264,  5.435657,  1.044,  0.1059,  0.3897,  34.6226,  19 Jul 2018 23:44:08
# 26.7320,  5.435531,  1.011,  0.1044,  0.6533,  34.6176,  19 Jul 2018 23:48:08
# 26.7339,  5.435775,  0.980,  0.1118,  0.4323,  34.6179,  19 Jul 2018 23:52:08
# 26.7537,  5.436883,  1.027,  0.1141,  0.3717,  34.6110,  19 Jul 2018 23:56:08
