# 26.4307,  5.756924,  0.920,  0.1366,  0.4743,  37.1757,  28 Aug 2018 03:00:08
# 26.4530,  5.827579,  0.987,  0.1340,  0.4586,  37.6733,  28 Aug 2018 03:04:08
# 26.4540,  5.814171,  1.041,  0.1341,  0.4151,  37.5745,  28 Aug 2018 03:08:08
# 26.4411,  5.767401,  0.984,  0.1352,  0.4768,  37.2437,  28 Aug 2018 03:12:08
# 26.4537,  5.787856,  0.896,  0.1277,  0.4923,  37.3827,  28 Aug 2018 03:16:08
# 26.4610,  5.801981,  0.965,  0.1362,  0.5167,  37.4798,  28 Aug 2018 03:20:08
# 26.4846,  5.853518,  0.989,  0.1412,  0.4997,  37.8369,  28 Aug 2018 03:24:08
# 26.5110,  5.922300,  0.989,  0.1305,  0.4298,  38.3181,  28 Aug 2018 03:28:08
# 26.5110,  5.917149,  0.962,  0.1305,  0.3980,  38.2804,  28 Aug 2018 03:32:08
# 26.4833,  5.847623,  1.001,  0.1220,  0.3791,  37.7949,  28 Aug 2018 03:36:08
# 26.4406,  5.721385,  1.040,  0.1340,  0.5385,  36.9087,  28 Aug 2018 03:40:08
# 26.4617,  5.779502,  1.013,  0.1402,  0.4933,  37.3152,  28 Aug 2018 03:44:08
# 26.4899,  5.852446,  0.992,  0.1305,  0.4321,  37.8247,  28 Aug 2018 03:48:08
# 26.5017,  5.880168,  1.004,  0.1253,  0.3825,  38.0176,  28 Aug 2018 03:52:08
# 26.4858,  5.834835,  1.008,  0.1218,  0.3869,  37.6994,  28 Aug 2018 03:56:08
