# 27.8148,  5.554446,  0.911,  0.1078,  0.2110,  34.6572,  25 Sep 2017 15:00:05
# 27.8157,  5.554541,  0.902,  0.1214,  0.2494,  34.6571,  25 Sep 2017 15:04:05
# 27.8155,  5.554145,  0.840,  0.1142,  0.2615,  34.6545,  25 Sep 2017 15:08:05
# 27.8206,  5.554168,  0.902,  0.1154,  0.2000,  34.6509,  25 Sep 2017 15:12:05
# 27.8314,  5.555462,  0.914,  0.1178,  0.2061,  34.6520,  25 Sep 2017 15:16:05
# 27.8714,  5.556469,  0.885,  0.1204,  0.2171,  34.6297,  25 Sep 2017 15:20:05
# 27.9014,  5.559382,  0.983,  0.1093,  0.2145,  34.6280,  25 Sep 2017 15:24:05
# 27.9137,  5.557897,  0.922,  0.1266,  0.1939,  34.6085,  25 Sep 2017 15:28:05
# 27.8897,  5.556937,  0.828,  0.1217,  0.2074,  34.6194,  25 Sep 2017 15:32:05
# 27.8704,  5.556374,  0.919,  0.1168,  0.2235,  34.6297,  25 Sep 2017 15:36:05
# 27.8565,  5.555930,  0.956,  0.1189,  0.1950,  34.6368,  25 Sep 2017 15:40:05
# 27.8867,  5.558327,  0.920,  0.1068,  0.1818,  34.6314,  25 Sep 2017 15:44:05
# 27.8677,  5.557160,  1.010,  0.1179,  0.2171,  34.6372,  25 Sep 2017 15:48:05
# 27.8650,  5.557215,  0.927,  0.1142,  0.2433,  34.6396,  25 Sep 2017 15:52:05
# 27.8673,  5.557509,  0.917,  0.1116,  0.2254,  34.6399,  25 Sep 2017 15:56:05
