# 23.8967,  5.08757,    1.170, 0.1048, 0.2481,  34.2080, 08 Jan 2018 10:03:16
# 23.9466,  5.08775,    1.171, 0.1038, 0.2095,  34.1710, 08 Jan 2018 10:07:16
# 23.9854,  5.08852,    1.166, 0.1051, 0.1923,  34.1471, 08 Jan 2018 10:11:16
# 24.0103,  5.08853,    1.173, 0.1089, 0.2013,  34.1281, 08 Jan 2018 10:15:16
# 24.0055,  5.08959,    1.160, 0.1049, 0.2122,  34.1397, 08 Jan 2018 10:19:16
# 24.0167,  5.09041,    1.165, 0.1051, 0.2184,  34.1374, 08 Jan 2018 10:23:16
# 24.0307,  5.09127,    1.169, 0.1074, 0.2096,  34.1331, 08 Jan 2018 10:27:16
# 24.0283,  5.09283,    1.155, 0.1061, 0.2060,  34.1467, 08 Jan 2018 10:31:16
# 24.0308,  5.09510,    1.146, 0.1048, 0.2183,  34.1619, 08 Jan 2018 10:35:16
# 24.0845,  5.09680,    1.166, 0.1048, 0.2023,  34.1336, 08 Jan 2018 10:39:16
# 24.0876,  5.09814,    1.159, 0.1025, 0.2048,  34.1412, 08 Jan 2018 10:43:16
# 24.0694,  5.09926,    1.132, 0.1049, 0.2219,  34.1636, 08 Jan 2018 10:47:16
# 24.0323,  5.09993,    1.147, 0.1014, 0.2280,  34.1972, 08 Jan 2018 10:51:16
# 24.0623,  5.10184,    1.157, 0.1001, 0.2396,  34.1884, 08 Jan 2018 10:55:16
# 24.1120,  5.10426,    1.148, 0.0999, 0.2208,  34.1686, 08 Jan 2018 10:59:16
