# 27.5534,  5.521627,  1.004,  0.1231,  0.2213,  34.6191,  27 Jul 2018 20:00:08
# 27.5434,  5.527788,  0.990,  0.1170,  0.2343,  34.6699,  27 Jul 2018 20:04:08
# 27.5399,  5.530560,  0.997,  0.1094,  0.2413,  34.6921,  27 Jul 2018 20:08:08
# 27.5329,  5.529245,  0.966,  0.1103,  0.2500,  34.6880,  27 Jul 2018 20:12:08
# 27.5322,  5.522688,  1.017,  0.1233,  0.2704,  34.6422,  27 Jul 2018 20:16:08
# 27.5224,  5.524114,  1.010,  0.1202,  0.2428,  34.6596,  27 Jul 2018 20:20:08
# 27.5073,  5.523394,  0.995,  0.1103,  0.2117,  34.6656,  27 Jul 2018 20:24:08
# 27.5082,  5.518612,  1.008,  0.1131,  0.2441,  34.6312,  27 Jul 2018 20:28:08
# 27.5020,  5.519815,  0.979,  0.1192,  0.2201,  34.6443,  27 Jul 2018 20:32:08
# 27.4834,  5.520473,  0.971,  0.1156,  0.2248,  34.6627,  27 Jul 2018 20:36:08
# 27.4748,  5.521478,  0.951,  0.1117,  0.2752,  34.6762,  27 Jul 2018 20:40:08
# 27.4601,  5.519927,  0.963,  0.1157,  0.2560,  34.6762,  27 Jul 2018 20:44:08
# 27.4724,  5.515250,  0.916,  0.1241,  0.2404,  34.6340,  27 Jul 2018 20:48:08
# 27.4653,  5.513430,  0.947,  0.1157,  0.2107,  34.6264,  27 Jul 2018 20:52:08
# 27.4570,  5.512734,  0.935,  0.1106,  0.2202,  34.6276,  27 Jul 2018 20:56:08
