# 25.1627,  5.287644,  0.956,  0.1135,  0.4460,  34.7302,  31 Jan 2018 17:01:23
# 25.1366,  5.284437,  0.908,  0.1083,  0.4450,  34.7265,  31 Jan 2018 17:05:23
# 25.1342,  5.284018,  0.910,  0.1111,  0.5422,  34.7253,  31 Jan 2018 17:09:23
# 25.1609,  5.287380,  0.955,  0.1122,  0.4617,  34.7296,  31 Jan 2018 17:13:23
# 25.1449,  5.285586,  0.943,  0.1073,  0.4746,  34.7287,  31 Jan 2018 17:17:23
# 25.1059,  5.281696,  0.948,  0.1098,  0.4584,  34.7298,  31 Jan 2018 17:21:23
# 25.0928,  5.279988,  0.940,  0.1110,  0.4253,  34.7272,  31 Jan 2018 17:25:23
# 25.0927,  5.280322,  0.916,  0.1120,  0.4485,  34.7298,  31 Jan 2018 17:29:23
# 25.0644,  5.277621,  0.933,  0.1073,  0.4820,  34.7315,  31 Jan 2018 17:33:23
# 25.0616,  5.277155,  0.926,  0.1082,  0.4639,  34.7302,  31 Jan 2018 17:37:23
# 25.0601,  5.276922,  0.920,  0.1120,  0.4607,  34.7296,  31 Jan 2018 17:41:23
# 25.0731,  5.278389,  0.931,  0.1099,  0.4155,  34.7305,  31 Jan 2018 17:45:23
# 25.0444,  5.275611,  0.918,  0.1059,  0.3808,  34.7320,  31 Jan 2018 17:49:23
# 25.0013,  5.271685,  0.907,  0.1072,  0.4070,  34.7361,  31 Jan 2018 17:53:23
# 25.0118,  5.272197,  0.875,  0.1122,  0.4511,  34.7318,  31 Jan 2018 17:57:23
