# 25.2171,  5.176611,  0.753,  0.0914,  0.2359,  33.8708,  14 Apr 2018 11:02:05
# 25.2227,  5.178428,  0.796,  0.0874,  0.2292,  33.8800,  14 Apr 2018 11:06:05
# 25.2099,  5.185783,  0.784,  0.0885,  0.2253,  33.9436,  14 Apr 2018 11:10:05
# 25.1806,  5.202072,  0.786,  0.0850,  0.2244,  34.0855,  14 Apr 2018 11:14:05
# 25.2145,  5.195431,  0.792,  0.0861,  0.2180,  34.0111,  14 Apr 2018 11:18:05
# 25.2091,  5.201339,  0.806,  0.0838,  0.2170,  34.0587,  14 Apr 2018 11:22:05
# 25.2431,  5.191577,  0.799,  0.0848,  0.2097,  33.9613,  14 Apr 2018 11:26:05
# 25.2555,  5.195107,  0.806,  0.0837,  0.2207,  33.9780,  14 Apr 2018 11:30:05
# 25.2546,  5.195230,  0.799,  0.0861,  0.2219,  33.9796,  14 Apr 2018 11:34:05
# 25.3086,  5.187461,  0.822,  0.0824,  0.2242,  33.8821,  14 Apr 2018 11:38:05
# 25.2819,  5.192994,  0.825,  0.0861,  0.2255,  33.9427,  14 Apr 2018 11:42:05
# 25.2327,  5.208830,  0.838,  0.0899,  0.2324,  34.0960,  14 Apr 2018 11:46:05
# 25.3041,  5.197866,  0.832,  0.0849,  0.2305,  33.9619,  14 Apr 2018 11:50:05
# 25.2327,  5.212713,  0.838,  0.0885,  0.2292,  34.1246,  14 Apr 2018 11:54:05
# 25.3017,  5.204585,  0.844,  0.0863,  0.2167,  34.0130,  14 Apr 2018 11:58:05
