# 25.7106,  5.295328,  1.066,  0.0994,  0.2865,  34.3701,  01 Dec 2017 13:02:57
# 25.7271,  5.296681,  1.123,  0.0998,  0.3404,  34.3675,  01 Dec 2017 13:06:57
# 25.7572,  5.300179,  1.022,  0.0935,  0.2805,  34.3704,  01 Dec 2017 13:10:57
# 25.7705,  5.301688,  1.062,  0.0948,  0.3088,  34.3714,  01 Dec 2017 13:14:57
# 25.7626,  5.300863,  1.056,  0.0996,  0.2842,  34.3713,  01 Dec 2017 13:18:57
# 25.7382,  5.297497,  1.067,  0.1033,  0.2627,  34.3651,  01 Dec 2017 13:22:57
# 25.7260,  5.294458,  1.030,  0.1072,  0.2974,  34.3521,  01 Dec 2017 13:26:57
# 25.7170,  5.293432,  1.092,  0.1073,  0.2769,  34.3514,  01 Dec 2017 13:30:57
# 25.7151,  5.295103,  1.076,  0.1038,  0.2866,  34.3650,  01 Dec 2017 13:34:57
# 25.7240,  5.297435,  1.026,  0.0983,  0.2685,  34.3754,  01 Dec 2017 13:38:57
# 25.7175,  5.296595,  1.028,  0.1109,  0.3032,  34.3742,  01 Dec 2017 13:42:57
# 25.7158,  5.295904,  1.020,  0.1110,  0.3417,  34.3704,  01 Dec 2017 13:46:57
# 25.7246,  5.296121,  1.025,  0.1122,  0.3121,  34.3653,  01 Dec 2017 13:50:57
# 25.7375,  5.297722,  1.055,  0.1147,  0.3343,  34.3673,  01 Dec 2017 13:54:57
# 25.7498,  5.299977,  1.052,  0.1122,  0.3182,  34.3745,  01 Dec 2017 13:58:57
