# 24.4546,  5.174969,  0.751,  0.1074,  0.2412,  34.4363,  05 Feb 2018 14:01:23
# 24.4923,  5.175730,  0.740,  0.1098,  0.2312,  34.4130,  05 Feb 2018 14:05:23
# 24.4848,  5.175831,  0.732,  0.1086,  0.2409,  34.4195,  05 Feb 2018 14:09:23
# 24.5872,  5.183059,  0.744,  0.0975,  0.2124,  34.3950,  05 Feb 2018 14:13:23
# 24.5903,  5.180086,  0.747,  0.1037,  0.2311,  34.3704,  05 Feb 2018 14:17:23
# 24.5759,  5.178015,  0.738,  0.1122,  0.2359,  34.3660,  05 Feb 2018 14:21:23
# 24.6484,  5.183990,  0.738,  0.0988,  0.2455,  34.3551,  05 Feb 2018 14:25:23
# 24.6517,  5.185407,  0.734,  0.0985,  0.2373,  34.3631,  05 Feb 2018 14:29:23
# 24.6843,  5.185507,  0.741,  0.0935,  0.2096,  34.3390,  05 Feb 2018 14:33:23
# 24.6751,  5.176182,  0.716,  0.1049,  0.2337,  34.2766,  05 Feb 2018 14:37:23
# 24.5774,  5.177946,  0.731,  0.1085,  0.2387,  34.3643,  05 Feb 2018 14:41:23
# 24.6034,  5.181380,  0.745,  0.1073,  0.2493,  34.3700,  05 Feb 2018 14:45:23
# 24.5373,  5.179571,  0.729,  0.1059,  0.3110,  34.4072,  05 Feb 2018 14:49:23
# 24.5241,  5.178825,  0.730,  0.1024,  0.2217,  34.4117,  05 Feb 2018 14:53:23
# 24.5306,  5.173452,  0.715,  0.1002,  0.2133,  34.3667,  05 Feb 2018 14:57:23
