# 25.4678,  5.290327,  1.008,  0.1082,  0.2667,  34.5171,  29 May 2018 14:03:04
# 25.3957,  5.287672,  1.021,  0.1035,  0.2743,  34.5524,  29 May 2018 14:07:04
# 25.4069,  5.288922,  1.014,  0.1059,  0.2673,  34.5530,  29 May 2018 14:11:04
# 25.4136,  5.289295,  1.025,  0.0996,  0.2672,  34.5506,  29 May 2018 14:15:04
# 25.4311,  5.289396,  1.036,  0.1073,  0.2623,  34.5381,  29 May 2018 14:19:04
# 25.4350,  5.289403,  1.036,  0.1072,  0.2921,  34.5352,  29 May 2018 14:23:04
# 25.4508,  5.290009,  1.041,  0.1098,  0.2634,  34.5277,  29 May 2018 14:27:04
# 25.4617,  5.290359,  1.050,  0.1096,  0.2778,  34.5219,  29 May 2018 14:31:04
# 25.4270,  5.288774,  1.057,  0.1059,  0.2553,  34.5366,  29 May 2018 14:35:04
# 25.4222,  5.288347,  1.056,  0.1009,  0.2575,  34.5372,  29 May 2018 14:39:04
# 25.4431,  5.288821,  1.060,  0.1094,  0.2659,  34.5248,  29 May 2018 14:43:04
# 25.4702,  5.289496,  1.068,  0.1145,  0.2657,  34.5091,  29 May 2018 14:47:04
# 25.4761,  5.290110,  1.066,  0.1147,  0.2550,  34.5092,  29 May 2018 14:51:04
# 25.4756,  5.289939,  1.072,  0.1131,  0.2838,  34.5083,  29 May 2018 14:55:04
# 25.4510,  5.288867,  1.078,  0.1144,  0.2538,  34.5191,  29 May 2018 14:59:04
