# 26.3495,  5.394494,  1.027,  0.0982,  0.2587,  34.6091,  11 Jul 2018 12:00:08
# 26.3275,  5.393585,  0.991,  0.0959,  0.2645,  34.6192,  11 Jul 2018 12:04:08
# 26.3247,  5.393170,  1.043,  0.0909,  0.2381,  34.6183,  11 Jul 2018 12:08:08
# 26.3455,  5.394714,  1.046,  0.0935,  0.2254,  34.6138,  11 Jul 2018 12:12:08
# 26.3752,  5.397456,  1.040,  0.0922,  0.2301,  34.6112,  11 Jul 2018 12:16:08
# 26.3637,  5.397190,  1.075,  0.0948,  0.2390,  34.6179,  11 Jul 2018 12:20:08
# 26.3757,  5.398977,  1.076,  0.0932,  0.2754,  34.6218,  11 Jul 2018 12:24:08
# 26.3795,  5.398687,  1.088,  0.0921,  0.2442,  34.6168,  11 Jul 2018 12:28:08
# 26.4008,  5.399839,  1.095,  0.0947,  0.2237,  34.6092,  11 Jul 2018 12:32:08
# 26.3979,  5.399988,  1.100,  0.0923,  0.2275,  34.6124,  11 Jul 2018 12:36:08
# 26.4317,  5.402880,  1.113,  0.0935,  0.2416,  34.6079,  11 Jul 2018 12:40:08
# 26.4391,  5.406080,  1.111,  0.0922,  0.2179,  34.6254,  11 Jul 2018 12:44:08
# 26.4151,  5.404904,  1.123,  0.0934,  0.2510,  34.6349,  11 Jul 2018 12:48:08
# 26.4416,  5.406300,  1.126,  0.0934,  0.2291,  34.6251,  11 Jul 2018 12:52:08
# 26.4761,  5.408590,  1.141,  0.0959,  0.2406,  34.6157,  11 Jul 2018 12:56:08
