# 26.9768,  5.455032,  0.801,  0.1057,  0.2356,  34.5744,  25 Jul 2018 06:00:08
# 27.0001,  5.453607,  0.767,  0.1054,  0.2078,  34.5469,  25 Jul 2018 06:04:08
# 26.9814,  5.452276,  0.767,  0.1020,  0.2156,  34.5513,  25 Jul 2018 06:08:08
# 27.0210,  5.450796,  0.778,  0.1082,  0.2956,  34.5113,  25 Jul 2018 06:12:08
# 26.9707,  5.453048,  0.739,  0.1057,  0.2390,  34.5648,  25 Jul 2018 06:16:08
# 26.9637,  5.451907,  0.750,  0.1033,  0.2728,  34.5618,  25 Jul 2018 06:20:08
# 26.9466,  5.452907,  0.773,  0.1058,  0.2321,  34.5817,  25 Jul 2018 06:24:08
# 26.9440,  5.452104,  0.729,  0.1056,  0.3388,  34.5779,  25 Jul 2018 06:28:08
# 26.9363,  5.451033,  0.740,  0.1031,  0.2451,  34.5760,  25 Jul 2018 06:32:08
# 26.9482,  5.453080,  0.736,  0.1070,  0.2057,  34.5818,  25 Jul 2018 06:36:08
# 26.9534,  5.453655,  0.762,  0.1094,  0.2168,  34.5820,  25 Jul 2018 06:40:08
# 26.9500,  5.454143,  0.731,  0.1093,  0.2265,  34.5880,  25 Jul 2018 06:44:08
# 26.9350,  5.453364,  0.719,  0.1070,  0.2181,  34.5936,  25 Jul 2018 06:48:08
# 26.9652,  5.453694,  0.729,  0.1106,  0.2308,  34.5735,  25 Jul 2018 06:52:08
# 26.9855,  5.455717,  0.741,  0.1131,  0.2288,  34.5728,  25 Jul 2018 06:56:08
