# 26.6558,  5.409763,  0.824,  0.1057,  0.2966,  34.4898,  26 Jun 2018 23:00:08
# 26.6598,  5.409488,  0.778,  0.1106,  0.2898,  34.4848,  26 Jun 2018 23:04:08
# 26.6430,  5.408571,  0.798,  0.1073,  0.2499,  34.4908,  26 Jun 2018 23:08:08
# 26.6342,  5.408453,  0.794,  0.1044,  0.2779,  34.4965,  26 Jun 2018 23:12:08
# 26.6247,  5.407661,  0.807,  0.1082,  0.2970,  34.4979,  26 Jun 2018 23:16:08
# 26.6375,  5.407755,  0.778,  0.1131,  0.2502,  34.4890,  26 Jun 2018 23:20:08
# 26.6275,  5.406281,  0.822,  0.1156,  0.2969,  34.4859,  26 Jun 2018 23:24:08
# 26.6182,  5.404657,  0.784,  0.1117,  0.2717,  34.4811,  26 Jun 2018 23:28:08
# 26.6312,  5.402963,  0.788,  0.1256,  0.2526,  34.4593,  26 Jun 2018 23:32:08
# 26.6314,  5.402649,  0.763,  0.1131,  0.2979,  34.4569,  26 Jun 2018 23:36:08
# 26.6118,  5.401967,  0.786,  0.1109,  0.3016,  34.4666,  26 Jun 2018 23:40:08
# 26.6126,  5.401011,  0.793,  0.1094,  0.2936,  34.4592,  26 Jun 2018 23:44:08
# 26.6059,  5.401756,  0.800,  0.1044,  0.3108,  34.4695,  26 Jun 2018 23:48:08
# 26.6026,  5.401670,  0.797,  0.1131,  0.2933,  34.4713,  26 Jun 2018 23:52:08
# 26.5875,  5.400917,  0.819,  0.1067,  0.2599,  34.4772,  26 Jun 2018 23:56:08
