# 25.1494,  5.233331,  0.774,  0.1011,  0.4153,  34.3394,  16 Apr 2018 00:02:05
# 25.1434,  5.231630,  0.784,  0.0973,  0.3244,  34.3314,  16 Apr 2018 00:06:05
# 25.1385,  5.230957,  0.777,  0.0998,  0.3207,  34.3302,  16 Apr 2018 00:10:05
# 25.1346,  5.231375,  0.790,  0.1025,  0.3195,  34.3362,  16 Apr 2018 00:14:05
# 25.1263,  5.230401,  0.760,  0.1012,  0.3378,  34.3354,  16 Apr 2018 00:18:05
# 25.1107,  5.231205,  0.785,  0.0985,  0.3042,  34.3531,  16 Apr 2018 00:22:05
# 25.0965,  5.231546,  0.790,  0.1023,  0.3522,  34.3664,  16 Apr 2018 00:26:05
# 25.1109,  5.232218,  0.803,  0.1024,  0.3413,  34.3604,  16 Apr 2018 00:30:05
# 25.1097,  5.230973,  0.799,  0.0996,  0.3156,  34.3521,  16 Apr 2018 00:34:05
# 25.0918,  5.228561,  0.799,  0.0960,  0.3326,  34.3479,  16 Apr 2018 00:38:05
# 25.0961,  5.228144,  0.808,  0.0951,  0.3351,  34.3415,  16 Apr 2018 00:42:05
# 25.1021,  5.228886,  0.817,  0.0948,  0.3181,  34.3425,  16 Apr 2018 00:46:05
# 25.0972,  5.229381,  0.808,  0.0999,  0.6250,  34.3498,  16 Apr 2018 00:50:05
# 25.0856,  5.228755,  0.835,  0.0998,  0.3758,  34.3541,  16 Apr 2018 00:54:05
# 25.0799,  5.227874,  0.823,  0.0996,  0.3305,  34.3519,  16 Apr 2018 00:58:05
