# 26.1825,  5.359198,  0.650,  0.1402,  0.2446,  34.4796,  16 Nov 2017 21:02:57
# 26.1777,  5.358744,  0.717,  0.1328,  0.2674,  34.4799,  16 Nov 2017 21:06:57
# 26.1780,  5.359268,  0.707,  0.1315,  0.2444,  34.4835,  16 Nov 2017 21:10:57
# 26.1726,  5.357807,  0.710,  0.1366,  0.2494,  34.4770,  16 Nov 2017 21:14:57
# 26.1599,  5.356026,  0.720,  0.1305,  0.2307,  34.4736,  16 Nov 2017 21:18:57
# 26.1263,  5.351114,  0.729,  0.1231,  0.2347,  34.4632,  16 Nov 2017 21:22:57
# 26.0995,  5.344213,  0.731,  0.1341,  0.2222,  34.4334,  16 Nov 2017 21:26:57
# 26.1160,  5.346913,  0.739,  0.1294,  0.2325,  34.4406,  16 Nov 2017 21:30:57
# 26.1346,  5.350653,  0.749,  0.1331,  0.2435,  34.4536,  16 Nov 2017 21:34:57
# 26.1243,  5.349950,  0.731,  0.1305,  0.2256,  34.4563,  16 Nov 2017 21:38:57
# 26.1160,  5.349287,  0.701,  0.1194,  0.2348,  34.4578,  16 Nov 2017 21:42:57
# 26.1125,  5.348608,  0.722,  0.1255,  0.2374,  34.4554,  16 Nov 2017 21:46:57
# 26.1165,  5.349365,  0.737,  0.1281,  0.2444,  34.4579,  16 Nov 2017 21:50:57
# 26.1203,  5.350060,  0.748,  0.1221,  0.2713,  34.4601,  16 Nov 2017 21:54:57
# 26.0915,  5.342925,  0.713,  0.1366,  0.2432,  34.4300,  16 Nov 2017 21:58:57
