# 24.2393,  5.06322,    0.934, 0.1172, 0.1780,  33.7639, 24 Dec 2017 02:03:16
# 24.2426,  5.06389,    0.909, 0.1234, 0.1622,  33.7664, 24 Dec 2017 02:07:16
# 24.2525,  5.06500,    0.923, 0.1176, 0.1536,  33.7673, 24 Dec 2017 02:11:16
# 24.2444,  5.06426,    0.934, 0.1222, 0.1574,  33.7679, 24 Dec 2017 02:15:16
# 24.2506,  5.06495,    0.925, 0.1331, 0.1533,  33.7684, 24 Dec 2017 02:19:16
# 24.2522,  5.06532,    0.919, 0.1162, 0.1598,  33.7699, 24 Dec 2017 02:23:16
# 24.2439,  5.06473,    0.926, 0.1197, 0.1622,  33.7717, 24 Dec 2017 02:27:16
# 24.2433,  5.06450,    0.937, 0.1220, 0.1572,  33.7705, 24 Dec 2017 02:31:16
# 24.2546,  5.06597,    0.934, 0.1235, 0.1630,  33.7730, 24 Dec 2017 02:35:16
# 24.2625,  5.06727,    0.939, 0.1164, 0.1670,  33.7767, 24 Dec 2017 02:39:16
# 24.2735,  5.06869,    0.947, 0.1209, 0.1537,  33.7791, 24 Dec 2017 02:43:16
# 24.2427,  5.06577,    0.949, 0.1146, 0.1560,  33.7804, 24 Dec 2017 02:47:16
# 24.2507,  5.06625,    0.935, 0.1122, 0.1598,  33.7780, 24 Dec 2017 02:51:16
# 24.2554,  5.06714,    0.942, 0.1110, 0.1570,  33.7811, 24 Dec 2017 02:55:16
# 24.2550,  5.06747,    0.948, 0.1109, 0.1536,  33.7839, 24 Dec 2017 02:59:16
