# 25.2153,  5.227199,  0.824,  0.1015,  0.2407,  34.2443,  13 Apr 2018 23:02:05
# 25.2164,  5.240827,  0.830,  0.1023,  0.2010,  34.3439,  13 Apr 2018 23:06:05
# 25.2047,  5.236618,  0.833,  0.0985,  0.2071,  34.3217,  13 Apr 2018 23:10:05
# 25.2045,  5.234955,  0.833,  0.1033,  0.2123,  34.3096,  13 Apr 2018 23:14:05
# 25.1961,  5.234220,  0.817,  0.1048,  0.2070,  34.3106,  13 Apr 2018 23:18:05
# 25.1759,  5.237345,  0.842,  0.0985,  0.2097,  34.3489,  13 Apr 2018 23:22:05
# 25.1665,  5.242685,  0.824,  0.0997,  0.2171,  34.3955,  13 Apr 2018 23:26:05
# 25.1690,  5.225221,  0.844,  0.0984,  0.2048,  34.2647,  13 Apr 2018 23:30:05
# 25.1405,  5.212815,  0.848,  0.1022,  0.2145,  34.1948,  13 Apr 2018 23:34:05
# 25.1450,  5.216962,  0.862,  0.1012,  0.2105,  34.2220,  13 Apr 2018 23:38:05
# 25.1444,  5.225090,  0.866,  0.1046,  0.2094,  34.2824,  13 Apr 2018 23:42:05
# 25.1378,  5.211356,  0.875,  0.1036,  0.2171,  34.1861,  13 Apr 2018 23:46:05
# 25.1254,  5.198070,  0.864,  0.1025,  0.2503,  34.0975,  13 Apr 2018 23:50:05
# 25.1098,  5.189028,  0.872,  0.1060,  0.2371,  34.0426,  13 Apr 2018 23:54:05
# 25.0979,  5.186031,  0.872,  0.0986,  0.2441,  34.0294,  13 Apr 2018 23:58:05
