# 28.0250,  5.570596,  1.199,  0.0932,  0.1804,  34.6155,  28 Sep 2017 12:00:05
# 28.0213,  5.570827,  1.213,  0.0919,  0.1766,  34.6199,  28 Sep 2017 12:04:05
# 28.0302,  5.571486,  1.214,  0.0932,  0.1791,  34.6180,  28 Sep 2017 12:08:05
# 28.0860,  5.576930,  1.195,  0.0908,  0.1704,  34.6151,  28 Sep 2017 12:12:05
# 28.0680,  5.575857,  1.208,  0.0918,  0.1708,  34.6208,  28 Sep 2017 12:16:05
# 28.0971,  5.578361,  1.216,  0.0871,  0.1644,  34.6169,  28 Sep 2017 12:20:05
# 28.0137,  5.573179,  1.217,  0.0919,  0.1669,  34.6419,  28 Sep 2017 12:24:05
# 28.0008,  5.571383,  1.211,  0.0917,  0.1646,  34.6389,  28 Sep 2017 12:28:05
# 28.0477,  5.575460,  1.256,  0.0883,  0.1682,  34.6329,  28 Sep 2017 12:32:05
# 28.0678,  5.577201,  1.247,  0.0944,  0.1754,  34.6303,  28 Sep 2017 12:36:05
# 28.1210,  5.581112,  1.240,  0.0956,  0.1693,  34.6186,  28 Sep 2017 12:40:05
# 28.0628,  5.576207,  1.195,  0.0942,  0.1719,  34.6271,  28 Sep 2017 12:44:05
# 28.0345,  5.573545,  1.253,  0.0996,  0.1904,  34.6292,  28 Sep 2017 12:48:05
# 28.1483,  5.584254,  1.207,  0.0933,  0.1781,  34.6205,  28 Sep 2017 12:52:05
# 28.1850,  5.586855,  1.177,  0.0945,  0.1717,  34.6118,  28 Sep 2017 12:56:05
