# 24.4808,  5.194118,  1.123,  0.1071,  0.4266,  34.5592,  03 Feb 2018 05:01:23
# 24.4819,  5.193409,  1.127,  0.1037,  0.3874,  34.5531,  03 Feb 2018 05:05:23
# 24.4636,  5.193502,  1.133,  0.1060,  0.3563,  34.5678,  03 Feb 2018 05:09:23
# 24.4622,  5.193517,  1.138,  0.1013,  0.3405,  34.5690,  03 Feb 2018 05:13:23
# 24.4748,  5.192129,  1.140,  0.1011,  0.3697,  34.5489,  03 Feb 2018 05:17:23
# 24.4723,  5.191798,  1.145,  0.1011,  0.3962,  34.5484,  03 Feb 2018 05:21:23
# 24.4927,  5.187058,  1.135,  0.1073,  0.3622,  34.4973,  03 Feb 2018 05:25:23
# 24.4948,  5.190048,  1.154,  0.1037,  0.3562,  34.5179,  03 Feb 2018 05:29:23
# 24.5024,  5.194172,  1.164,  0.1023,  0.3501,  34.5430,  03 Feb 2018 05:33:23
# 24.5030,  5.194249,  1.164,  0.1035,  0.3463,  34.5431,  03 Feb 2018 05:37:23
# 24.5000,  5.193624,  1.168,  0.1051,  0.3294,  34.5407,  03 Feb 2018 05:41:23
# 24.4890,  5.193139,  1.172,  0.1073,  0.3369,  34.5456,  03 Feb 2018 05:45:23
# 24.4852,  5.192638,  1.172,  0.1026,  0.3256,  34.5448,  03 Feb 2018 05:49:23
# 24.4867,  5.192006,  1.172,  0.1058,  0.3033,  34.5389,  03 Feb 2018 05:53:23
# 24.4957,  5.191898,  1.182,  0.1060,  0.3175,  34.5311,  03 Feb 2018 05:57:23
