# 25.4553,  5.278608,  0.686,  0.1035,  0.2971,  34.4407,  14 May 2018 07:03:04
# 25.4588,  5.278507,  0.726,  0.1046,  0.3085,  34.4373,  14 May 2018 07:07:04
# 25.4559,  5.278266,  0.670,  0.1022,  0.3041,  34.4377,  14 May 2018 07:11:04
# 25.4531,  5.277234,  0.687,  0.1037,  0.4363,  34.4322,  14 May 2018 07:15:04
# 25.4528,  5.277707,  0.684,  0.1035,  0.4105,  34.4360,  14 May 2018 07:19:04
# 25.4439,  5.277816,  0.680,  0.1011,  0.3536,  34.4435,  14 May 2018 07:23:04
# 25.4403,  5.277715,  0.665,  0.0996,  0.3341,  34.4455,  14 May 2018 07:27:04
# 25.4310,  5.277250,  0.684,  0.0957,  0.3666,  34.4491,  14 May 2018 07:31:04
# 25.4238,  5.276994,  0.662,  0.0959,  0.3391,  34.4527,  14 May 2018 07:35:04
# 25.4194,  5.276714,  0.644,  0.1009,  0.3933,  34.4540,  14 May 2018 07:39:04
# 25.4163,  5.276932,  0.678,  0.1012,  0.3656,  34.4579,  14 May 2018 07:43:04
# 25.4337,  5.278375,  0.643,  0.0911,  0.3325,  34.4554,  14 May 2018 07:47:04
# 25.4419,  5.279027,  0.632,  0.0959,  0.3349,  34.4539,  14 May 2018 07:51:04
# 25.4436,  5.279508,  0.643,  0.0961,  0.3845,  34.4562,  14 May 2018 07:55:04
# 25.4473,  5.279866,  0.689,  0.0960,  0.4635,  34.4560,  14 May 2018 07:59:04
