# 23.5361,  5.094121,  0.753,  0.0986,  0.1975,  34.5372,  07 Mar 2018 12:00:46
# 23.5348,  5.094992,  0.768,  0.0900,  0.1942,  34.5448,  07 Mar 2018 12:04:46
# 23.5462,  5.096674,  0.773,  0.0936,  0.1940,  34.5488,  07 Mar 2018 12:08:46
# 23.5457,  5.097347,  0.748,  0.0939,  0.2061,  34.5543,  07 Mar 2018 12:12:46
# 23.5595,  5.099220,  0.746,  0.0912,  0.2050,  34.5578,  07 Mar 2018 12:16:46
# 23.5396,  5.099053,  0.773,  0.0940,  0.1829,  34.5721,  07 Mar 2018 12:20:46
# 23.5687,  5.101178,  0.757,  0.0887,  0.1781,  34.5655,  07 Mar 2018 12:24:46
# 23.6792,  5.108897,  0.756,  0.0874,  0.1733,  34.5380,  07 Mar 2018 12:28:46
# 23.7015,  5.110948,  0.755,  0.0877,  0.1890,  34.5363,  07 Mar 2018 12:32:46
# 23.7004,  5.110925,  0.745,  0.0891,  0.1851,  34.5369,  07 Mar 2018 12:36:46
# 23.7406,  5.113757,  0.748,  0.0826,  0.1607,  34.5271,  07 Mar 2018 12:40:46
# 23.6979,  5.111706,  0.760,  0.0887,  0.1841,  34.5449,  07 Mar 2018 12:44:46
# 23.6330,  5.106388,  0.762,  0.0976,  0.1926,  34.5550,  07 Mar 2018 12:48:46
# 23.6374,  5.107543,  0.752,  0.0912,  0.1960,  34.5603,  07 Mar 2018 12:52:46
# 23.6565,  5.109732,  0.723,  0.0948,  0.1924,  34.5621,  07 Mar 2018 12:56:46
