# 25.2934,  5.229331,  0.705,  0.0986,  0.1852,  34.2011,  05 Dec 2017 14:02:57
# 25.2954,  5.229076,  0.705,  0.0960,  0.2047,  34.1977,  05 Dec 2017 14:06:57
# 25.2962,  5.229300,  0.706,  0.1012,  0.1926,  34.1988,  05 Dec 2017 14:10:57
# 25.2808,  5.229138,  0.706,  0.0986,  0.2071,  34.2092,  05 Dec 2017 14:14:57
# 25.2864,  5.228968,  0.712,  0.0961,  0.1842,  34.2037,  05 Dec 2017 14:18:57
# 25.3112,  5.231047,  0.711,  0.0986,  0.1854,  34.2003,  05 Dec 2017 14:22:57
# 25.3185,  5.232292,  0.714,  0.0986,  0.4758,  34.2039,  05 Dec 2017 14:26:57
# 25.2755,  5.228906,  0.716,  0.0999,  0.1889,  34.2115,  05 Dec 2017 14:30:57
# 25.2807,  5.228976,  0.719,  0.1022,  0.2148,  34.2081,  05 Dec 2017 14:34:57
# 25.2975,  5.230135,  0.718,  0.0984,  0.1942,  34.2040,  05 Dec 2017 14:38:57
# 25.3110,  5.231457,  0.716,  0.0986,  0.1830,  34.2035,  05 Dec 2017 14:42:57
# 25.3045,  5.230150,  0.722,  0.0986,  0.1817,  34.1988,  05 Dec 2017 14:46:57
# 25.3085,  5.230460,  0.723,  0.0972,  0.1767,  34.1980,  05 Dec 2017 14:50:57
# 25.3054,  5.229973,  0.725,  0.0911,  0.1791,  34.1968,  05 Dec 2017 14:54:57
# 25.2924,  5.229269,  0.729,  0.0960,  0.1852,  34.2014,  05 Dec 2017 14:58:57
