# 27.8277,  5.55938,    1.100, 0.0993, 0.3220,  34.6822, 13 Oct 2017 14:01:27
# 27.8406,  5.56101,    1.054, 0.1009, 0.2937,  34.6842, 13 Oct 2017 14:05:27
# 27.8679,  5.56495,    1.135, 0.1046, 0.3282,  34.6917, 13 Oct 2017 14:09:27
# 27.8770,  5.56471,    1.196, 0.1029, 0.3863,  34.6833, 13 Oct 2017 14:13:27
# 27.8881,  5.56803,    1.097, 0.1032, 0.3660,  34.6984, 13 Oct 2017 14:17:27
# 27.8858,  5.56738,    1.031, 0.1054, 0.3074,  34.6956, 13 Oct 2017 14:21:27
# 27.9027,  5.56835,    1.060, 0.1019, 0.2795,  34.6899, 13 Oct 2017 14:25:27
# 27.8862,  5.56523,    1.062, 0.1083, 0.3055,  34.6802, 13 Oct 2017 14:29:27
# 27.9187,  5.56932,    1.029, 0.1065, 0.2995,  34.6849, 13 Oct 2017 14:33:27
# 27.9347,  5.57177,    1.097, 0.1032, 0.2969,  34.6903, 13 Oct 2017 14:37:27
# 27.9456,  5.57299,    1.078, 0.1178, 0.2950,  34.6908, 13 Oct 2017 14:41:27
# 27.9321,  5.57193,    1.120, 0.1141, 0.3499,  34.6933, 13 Oct 2017 14:45:27
# 27.9312,  5.57086,    1.014, 0.1105, 0.3123,  34.6865, 13 Oct 2017 14:49:27
# 27.9385,  5.57309,    1.032, 0.1106, 0.3574,  34.6968, 13 Oct 2017 14:53:27
# 27.9621,  5.57580,    1.016, 0.1093, 0.3341,  34.6984, 13 Oct 2017 14:57:27
