# 24.3369,  5.08718,    1.135, 0.1111, 0.1736,  33.8694, 24 Dec 2017 07:03:16
# 24.2910,  5.08148,    1.136, 0.1184, 0.1830,  33.8615, 24 Dec 2017 07:07:16
# 24.2838,  5.08060,    1.137, 0.1096, 0.1561,  33.8604, 24 Dec 2017 07:11:16
# 24.2993,  5.08229,    1.137, 0.1135, 0.1841,  33.8613, 24 Dec 2017 07:15:16
# 24.2945,  5.08291,    1.142, 0.1086, 0.1743,  33.8695, 24 Dec 2017 07:19:16
# 24.2951,  5.08261,    1.144, 0.1098, 0.1622,  33.8668, 24 Dec 2017 07:23:16
# 24.2769,  5.08063,    1.148, 0.1097, 0.1584,  33.8658, 24 Dec 2017 07:27:16
# 24.2889,  5.08191,    1.146, 0.1059, 0.1528,  33.8662, 24 Dec 2017 07:31:16
# 24.2852,  5.08126,    1.146, 0.1059, 0.1572,  33.8642, 24 Dec 2017 07:35:16
# 24.2882,  5.08177,    1.152, 0.1099, 0.1891,  33.8658, 24 Dec 2017 07:39:16
# 24.2906,  5.08162,    1.156, 0.1109, 0.1621,  33.8628, 24 Dec 2017 07:43:16
# 24.2935,  5.08177,    1.155, 0.1109, 0.1733,  33.8618, 24 Dec 2017 07:47:16
# 24.2956,  5.08214,    1.157, 0.1120, 0.1624,  33.8629, 24 Dec 2017 07:51:16
# 24.3156,  5.08404,    1.160, 0.1083, 0.1598,  33.8620, 24 Dec 2017 07:55:16
# 24.3344,  5.08681,    1.158, 0.1135, 0.1669,  33.8685, 24 Dec 2017 07:59:16
