# 24.6058,  5.12235,    1.131, 0.1257, 0.1889,  33.9285, 21 Dec 2017 04:03:16
# 24.5817,  5.11902,    1.139, 0.1210, 0.1814,  33.9219, 21 Dec 2017 04:07:16
# 24.5726,  5.11779,    1.149, 0.1271, 0.2232,  33.9196, 21 Dec 2017 04:11:16
# 24.5652,  5.11685,    1.147, 0.1234, 0.1791,  33.9182, 21 Dec 2017 04:15:16
# 24.5659,  5.11668,    1.155, 0.1186, 0.1720,  33.9165, 21 Dec 2017 04:19:16
# 24.5783,  5.11799,    1.162, 0.1169, 0.2001,  33.9168, 21 Dec 2017 04:23:16
# 24.5695,  5.11721,    1.167, 0.1183, 0.1794,  33.9176, 21 Dec 2017 04:27:16
# 24.5593,  5.11603,    1.168, 0.1186, 0.1865,  33.9165, 21 Dec 2017 04:31:16
# 24.5567,  5.11613,    1.170, 0.1283, 0.1841,  33.9192, 21 Dec 2017 04:35:16
# 24.5359,  5.11341,    1.178, 0.1183, 0.1781,  33.9147, 21 Dec 2017 04:39:16
# 24.5312,  5.11224,    1.178, 0.1184, 0.1818,  33.9095, 21 Dec 2017 04:43:16
# 24.5264,  5.11114,    1.183, 0.1181, 0.1890,  33.9050, 21 Dec 2017 04:47:16
# 24.5312,  5.11126,    1.189, 0.1221, 0.1987,  33.9022, 21 Dec 2017 04:51:16
# 24.5439,  5.11344,    1.190, 0.1170, 0.2049,  33.9088, 21 Dec 2017 04:55:16
# 24.5362,  5.11416,    1.191, 0.1283, 0.2074,  33.9201, 21 Dec 2017 04:59:16
