# 26.0952,  5.364365,  0.762,  0.0937,  0.3681,  34.5827,  06 Jul 2018 05:00:08
# 26.1623,  5.366944,  0.756,  0.1009,  0.4395,  34.5508,  06 Jul 2018 05:04:08
# 26.1540,  5.366538,  0.683,  0.1009,  0.6400,  34.5542,  06 Jul 2018 05:08:08
# 26.1607,  5.367953,  0.752,  0.1010,  0.5502,  34.5594,  06 Jul 2018 05:12:08
# 26.1560,  5.368117,  0.788,  0.0985,  0.5071,  34.5641,  06 Jul 2018 05:16:08
# 26.1342,  5.366210,  0.757,  0.0986,  0.4386,  34.5667,  06 Jul 2018 05:20:08
# 26.1389,  5.366882,  0.805,  0.0944,  0.3607,  34.5680,  06 Jul 2018 05:24:08
# 26.1119,  5.365514,  0.785,  0.0971,  0.4744,  34.5784,  06 Jul 2018 05:28:08
# 26.1005,  5.364537,  0.769,  0.0935,  0.3475,  34.5799,  06 Jul 2018 05:32:08
# 26.1198,  5.365412,  0.798,  0.0985,  0.3524,  34.5718,  06 Jul 2018 05:36:08
# 26.0913,  5.363748,  0.783,  0.0999,  0.5468,  34.5811,  06 Jul 2018 05:40:08
# 26.1176,  5.364943,  0.759,  0.0971,  0.4216,  34.5700,  06 Jul 2018 05:44:08
# 26.1001,  5.365077,  0.756,  0.0971,  0.4543,  34.5842,  06 Jul 2018 05:48:08
# 26.0988,  5.364350,  0.776,  0.0970,  0.4983,  34.5799,  06 Jul 2018 05:52:08
# 26.1089,  5.364576,  0.810,  0.0947,  0.3326,  34.5738,  06 Jul 2018 05:56:08
