# 26.7458,  5.46034,    0.954, 0.1071, 0.6916,  34.7851, 16 Oct 2017 00:01:27
# 26.7468,  5.46112,    1.131, 0.1083, 0.8386,  34.7898, 16 Oct 2017 00:05:27
# 26.7743,  5.46536,    1.104, 0.1009, 0.6253,  34.7997, 16 Oct 2017 00:09:27
# 26.7643,  5.46153,    1.122, 0.1059, 0.5381,  34.7797, 16 Oct 2017 00:13:27
# 26.7388,  5.46016,    0.912, 0.1181, 1.5024,  34.7891, 16 Oct 2017 00:17:27
# 26.7374,  5.45947,    1.174, 0.1108, 0.9231,  34.7851, 16 Oct 2017 00:21:27
# 26.7552,  5.46349,    0.816, 0.1022, 0.6637,  34.8007, 16 Oct 2017 00:25:27
# 26.7632,  5.46445,    1.022, 0.1132, 1.1123,  34.8015, 16 Oct 2017 00:29:27
# 26.7487,  5.46252,    1.003, 0.1107, 0.8903,  34.7985, 16 Oct 2017 00:33:27
# 26.7536,  5.46197,    0.993, 0.1045, 0.4881,  34.7908, 16 Oct 2017 00:37:27
# 26.7165,  5.45991,    1.023, 0.1044, 0.7203,  34.8040, 16 Oct 2017 00:41:27
# 26.7039,  5.45703,    1.125, 0.1058, 0.5676,  34.7927, 16 Oct 2017 00:45:27
# 26.7088,  5.45825,    1.108, 0.1034, 0.5246,  34.7979, 16 Oct 2017 00:49:27
# 26.7320,  5.46046,    1.088, 0.1009, 0.4916,  34.7963, 16 Oct 2017 00:53:27
# 26.7334,  5.45929,    1.044, 0.1020, 0.4257,  34.7869, 16 Oct 2017 00:57:27
