# 24.5818,  5.209544,  0.847,  0.0911,  0.1984,  34.5967,  28 Jan 2018 11:01:23
# 24.5773,  5.208919,  0.827,  0.0922,  0.1975,  34.5955,  28 Jan 2018 11:05:23
# 24.5718,  5.208386,  0.834,  0.0961,  0.1914,  34.5958,  28 Jan 2018 11:09:23
# 24.5770,  5.209505,  0.837,  0.0949,  0.1889,  34.6002,  28 Jan 2018 11:13:23
# 24.5697,  5.209706,  0.835,  0.0912,  0.1890,  34.6073,  28 Jan 2018 11:17:23
# 24.5874,  5.211489,  0.850,  0.0903,  0.1901,  34.6070,  28 Jan 2018 11:21:23
# 24.5985,  5.212701,  0.850,  0.0888,  0.1801,  34.6074,  28 Jan 2018 11:25:23
# 24.6323,  5.214754,  0.866,  0.0887,  0.1681,  34.5967,  28 Jan 2018 11:29:23
# 24.6629,  5.215711,  0.845,  0.0864,  0.1892,  34.5803,  28 Jan 2018 11:33:23
# 24.6872,  5.214877,  0.862,  0.0862,  0.2181,  34.5554,  28 Jan 2018 11:37:23
# 24.7004,  5.215711,  0.860,  0.0900,  0.1656,  34.5515,  28 Jan 2018 11:41:23
# 24.7271,  5.215618,  0.870,  0.0848,  0.1730,  34.5303,  28 Jan 2018 11:45:23
# 24.7337,  5.216529,  0.846,  0.0826,  0.1693,  34.5320,  28 Jan 2018 11:49:23
# 24.6963,  5.216352,  0.864,  0.0864,  0.2022,  34.5594,  28 Jan 2018 11:53:23
# 24.7194,  5.218723,  0.873,  0.0875,  0.1875,  34.5593,  28 Jan 2018 11:57:23
