# 27.4933,  5.49650,    1.245, 0.0996, 0.2133,  34.4860, 03 Nov 2017 01:01:27
# 27.4993,  5.49754,    1.242, 0.1008, 0.2026,  34.4888, 03 Nov 2017 01:05:27
# 27.4845,  5.49543,    1.170, 0.1019, 0.2121,  34.4849, 03 Nov 2017 01:09:27
# 27.4790,  5.49724,    1.200, 0.1006, 0.2097,  34.5017, 03 Nov 2017 01:13:27
# 27.4856,  5.49598,    1.236, 0.1008, 0.2112,  34.4880, 03 Nov 2017 01:17:27
# 27.4414,  5.47950,    1.215, 0.1018, 0.3056,  34.4040, 03 Nov 2017 01:21:27
# 27.4262,  5.47251,    1.256, 0.1006, 0.2267,  34.3659, 03 Nov 2017 01:25:27
# 27.4427,  5.48035,    1.217, 0.0995, 0.2061,  34.4091, 03 Nov 2017 01:29:27
# 27.4420,  5.47885,    1.269, 0.0932, 0.2109,  34.3990, 03 Nov 2017 01:33:27
# 27.4306,  5.47346,    1.316, 0.0996, 0.2060,  34.3693, 03 Nov 2017 01:37:27
# 27.4319,  5.47301,    1.264, 0.0960, 0.1926,  34.3652, 03 Nov 2017 01:41:27
# 27.4536,  5.47300,    1.246, 0.0957, 0.1901,  34.3491, 03 Nov 2017 01:45:27
# 27.5364,  5.48826,    1.321, 0.1054, 0.1852,  34.3961, 03 Nov 2017 01:49:27
# 27.5758,  5.49243,    1.315, 0.1069, 0.1817,  34.3965, 03 Nov 2017 01:53:27
# 27.5456,  5.48630,    1.309, 0.1032, 0.1913,  34.3754, 03 Nov 2017 01:57:27
