# 24.9761,  5.247689,  0.747,  0.0996,  0.3511,  34.5776,  31 May 2018 01:03:04
# 24.9853,  5.247836,  0.764,  0.1086,  0.3970,  34.5717,  31 May 2018 01:07:04
# 24.9789,  5.245599,  0.763,  0.1061,  0.3181,  34.5600,  31 May 2018 01:11:04
# 24.9677,  5.245134,  0.751,  0.1099,  0.3816,  34.5651,  31 May 2018 01:15:04
# 24.9630,  5.244237,  0.741,  0.1099,  0.3731,  34.5621,  31 May 2018 01:19:04
# 24.9578,  5.244887,  0.751,  0.1072,  0.3683,  34.5709,  31 May 2018 01:23:04
# 24.9649,  5.243819,  0.784,  0.1171,  0.3513,  34.5576,  31 May 2018 01:27:04
# 25.0375,  5.243275,  0.780,  0.1221,  0.3463,  34.4980,  31 May 2018 01:31:04
# 24.9968,  5.243733,  0.771,  0.1099,  0.3194,  34.5325,  31 May 2018 01:35:04
# 24.9243,  5.243664,  0.753,  0.0985,  0.3253,  34.5875,  31 May 2018 01:39:04
# 24.9175,  5.241327,  0.790,  0.1070,  0.3694,  34.5753,  31 May 2018 01:43:04
# 24.9139,  5.241273,  0.762,  0.1062,  0.3400,  34.5777,  31 May 2018 01:47:04
# 24.8927,  5.241335,  0.785,  0.1060,  0.4227,  34.5944,  31 May 2018 01:51:04
# 24.9068,  5.239161,  0.749,  0.1097,  0.3970,  34.5675,  31 May 2018 01:55:04
# 24.8934,  5.238054,  0.786,  0.1111,  0.3387,  34.5696,  31 May 2018 01:59:04
