# 25.7741,  5.329516,  1.111,  0.1209,  0.3313,  34.5716,  31 May 2018 19:03:04
# 25.7849,  5.330030,  1.112,  0.1191,  0.2969,  34.5672,  31 May 2018 19:07:04
# 25.7532,  5.328378,  1.095,  0.1184,  0.3515,  34.5792,  31 May 2018 19:11:04
# 25.7524,  5.327950,  1.103,  0.1270,  0.3388,  34.5766,  31 May 2018 19:15:04
# 25.7558,  5.327817,  1.110,  0.1253,  0.3063,  34.5731,  31 May 2018 19:19:04
# 25.7444,  5.327030,  1.110,  0.1231,  0.3106,  34.5759,  31 May 2018 19:23:04
# 25.7459,  5.326960,  1.101,  0.1258,  0.2979,  34.5743,  31 May 2018 19:27:04
# 25.7552,  5.327404,  1.097,  0.1184,  0.2728,  34.5705,  31 May 2018 19:31:04
# 25.7573,  5.327498,  1.100,  0.1315,  0.3133,  34.5696,  31 May 2018 19:35:04
# 25.7556,  5.327186,  1.083,  0.1256,  0.3733,  34.5687,  31 May 2018 19:39:04
# 25.7481,  5.326757,  1.081,  0.1255,  0.2957,  34.5712,  31 May 2018 19:43:04
# 25.7542,  5.326165,  1.094,  0.1209,  0.2767,  34.5622,  31 May 2018 19:47:04
# 25.7275,  5.324895,  1.051,  0.1218,  0.3497,  34.5732,  31 May 2018 19:51:04
# 25.7100,  5.324155,  1.089,  0.1169,  0.2815,  34.5810,  31 May 2018 19:55:04
# 25.7368,  5.323835,  1.080,  0.1266,  0.2873,  34.5584,  31 May 2018 19:59:04
