# 25.3738,  5.246498,  0.793,  0.1267,  0.2374,  34.2666,  22 Nov 2017 22:02:57
# 25.3895,  5.248635,  0.794,  0.1405,  0.2209,  34.2704,  22 Nov 2017 22:06:57
# 25.3259,  5.243363,  0.777,  0.1283,  0.2541,  34.2797,  22 Nov 2017 22:10:57
# 25.3254,  5.243271,  0.793,  0.1272,  0.2184,  34.2794,  22 Nov 2017 22:14:57
# 25.3383,  5.245484,  0.784,  0.1267,  0.2578,  34.2859,  22 Nov 2017 22:18:57
# 25.3470,  5.246599,  0.775,  0.1331,  0.2126,  34.2876,  22 Nov 2017 22:22:57
# 25.3287,  5.242961,  0.773,  0.1218,  0.2399,  34.2746,  22 Nov 2017 22:26:57
# 25.3032,  5.241220,  0.777,  0.1256,  0.2807,  34.2811,  22 Nov 2017 22:30:57
# 25.3776,  5.249154,  0.774,  0.1270,  0.2374,  34.2832,  22 Nov 2017 22:34:57
# 25.4158,  5.254196,  0.768,  0.1342,  0.2000,  34.2914,  22 Nov 2017 22:38:57
# 25.3923,  5.252259,  0.777,  0.1194,  0.1940,  34.2949,  22 Nov 2017 22:42:57
# 25.3850,  5.251857,  0.774,  0.1184,  0.2194,  34.2975,  22 Nov 2017 22:46:57
# 25.2906,  5.242567,  0.779,  0.1196,  0.2699,  34.3005,  22 Nov 2017 22:50:57
# 25.3247,  5.245012,  0.770,  0.1294,  0.2316,  34.2928,  22 Nov 2017 22:54:57
# 25.3242,  5.241707,  0.778,  0.1428,  0.2098,  34.2688,  22 Nov 2017 22:58:57
