# 28.7883,  5.621432,  1.009,  0.1337,  0.2337,  34.4126,  14 Sep 2017 22:00:05
# 28.7772,  5.621225,  1.019,  0.1628,  0.2337,  34.4192,  14 Sep 2017 22:04:05
# 28.7464,  5.621696,  1.002,  0.1337,  0.2480,  34.4447,  14 Sep 2017 22:08:05
# 28.7065,  5.620300,  0.932,  0.1351,  0.2553,  34.4640,  14 Sep 2017 22:12:05
# 28.7047,  5.620388,  0.989,  0.1266,  0.2303,  34.4659,  14 Sep 2017 22:16:05
# 28.6999,  5.618258,  1.070,  0.1205,  0.2373,  34.4546,  14 Sep 2017 22:20:05
# 28.7085,  5.616575,  0.955,  0.1364,  0.2255,  34.4368,  14 Sep 2017 22:24:05
# 28.6724,  5.616735,  1.041,  0.1264,  0.2383,  34.4640,  14 Sep 2017 22:28:05
# 28.6711,  5.616289,  0.964,  0.1337,  0.2625,  34.4619,  14 Sep 2017 22:32:05
# 28.6959,  5.616073,  1.057,  0.1398,  0.2651,  34.4425,  14 Sep 2017 22:36:05
# 28.6872,  5.616480,  1.037,  0.1301,  0.2627,  34.4516,  14 Sep 2017 22:40:05
# 28.6782,  5.616177,  0.968,  0.1243,  0.2322,  34.4560,  14 Sep 2017 22:44:05
# 28.6638,  5.613912,  1.021,  0.1447,  0.2575,  34.4508,  14 Sep 2017 22:48:05
# 28.6725,  5.612230,  1.051,  0.1299,  0.2383,  34.4328,  14 Sep 2017 22:52:05
# 28.6757,  5.612007,  0.995,  0.1279,  0.2711,  34.4290,  14 Sep 2017 22:56:05
