# 26.1082,  5.347444,  0.769,  0.1379,  0.2183,  34.4502,  11 May 2018 21:03:04
# 26.1046,  5.347928,  0.783,  0.1389,  0.2153,  34.4565,  11 May 2018 21:07:04
# 26.0773,  5.346274,  0.761,  0.1378,  0.2450,  34.4650,  11 May 2018 21:11:04
# 26.0554,  5.347008,  0.762,  0.1218,  0.2303,  34.4867,  11 May 2018 21:15:04
# 26.0502,  5.347508,  0.773,  0.1183,  0.2309,  34.4942,  11 May 2018 21:19:04
# 26.0553,  5.345876,  0.779,  0.1245,  0.2405,  34.4786,  11 May 2018 21:23:04
# 26.0630,  5.347195,  0.794,  0.1147,  0.2168,  34.4824,  11 May 2018 21:27:04
# 26.0666,  5.345923,  0.783,  0.1268,  0.2634,  34.4705,  11 May 2018 21:31:04
# 26.0638,  5.345213,  0.795,  0.1244,  0.2408,  34.4674,  11 May 2018 21:35:04
# 26.0585,  5.345455,  0.774,  0.1157,  0.2334,  34.4731,  11 May 2018 21:39:04
# 26.0493,  5.345767,  0.783,  0.1244,  0.2647,  34.4823,  11 May 2018 21:43:04
# 26.0433,  5.347391,  0.780,  0.1244,  0.2660,  34.4986,  11 May 2018 21:47:04
# 26.0427,  5.346696,  0.773,  0.1180,  0.2432,  34.4941,  11 May 2018 21:51:04
# 26.0339,  5.344659,  0.803,  0.1220,  0.2788,  34.4858,  11 May 2018 21:55:04
# 26.0176,  5.342303,  0.816,  0.1294,  0.2382,  34.4810,  11 May 2018 21:59:04
