# 24.1564,  5.168349,  0.781,  0.0851,  0.1790,  34.6167,  12 Feb 2018 13:01:23
# 24.1008,  5.164743,  0.802,  0.0948,  0.1570,  34.6327,  12 Feb 2018 13:05:23
# 24.1777,  5.169257,  0.810,  0.0888,  0.1573,  34.6070,  12 Feb 2018 13:09:23
# 24.2814,  5.180561,  0.809,  0.0874,  0.1596,  34.6117,  12 Feb 2018 13:13:23
# 24.2154,  5.173649,  0.806,  0.0902,  0.1596,  34.6109,  12 Feb 2018 13:17:23
# 24.1653,  5.172935,  0.803,  0.0860,  0.1608,  34.6443,  12 Feb 2018 13:21:23
# 24.2301,  5.175396,  0.805,  0.0825,  0.1489,  34.6126,  12 Feb 2018 13:25:23
# 24.3353,  5.184711,  0.800,  0.0826,  0.1670,  34.6011,  12 Feb 2018 13:29:23
# 24.3705,  5.189503,  0.809,  0.0814,  0.1620,  34.6099,  12 Feb 2018 13:33:23
# 24.3157,  5.187631,  0.821,  0.0864,  0.1645,  34.6383,  12 Feb 2018 13:37:23
# 24.3920,  5.192493,  0.804,  0.0839,  0.1569,  34.6157,  12 Feb 2018 13:41:23
# 24.4890,  5.199376,  0.808,  0.0838,  0.1864,  34.5923,  12 Feb 2018 13:45:23
# 24.5225,  5.204197,  0.816,  0.0826,  0.1594,  34.6025,  12 Feb 2018 13:49:23
# 24.4922,  5.201806,  0.818,  0.0851,  0.1469,  34.6080,  12 Feb 2018 13:53:23
# 24.3727,  5.190243,  0.830,  0.0854,  0.1558,  34.6137,  12 Feb 2018 13:57:23
