# 27.5000,  5.478266,  1.060,  0.1192,  0.1874,  34.3524,  25 Jun 2018 18:00:08
# 27.4775,  5.476523,  1.039,  0.1142,  0.1722,  34.3566,  25 Jun 2018 18:04:08
# 27.4568,  5.474710,  1.065,  0.1118,  0.1527,  34.3590,  25 Jun 2018 18:08:08
# 27.4589,  5.474662,  1.036,  0.1056,  0.1580,  34.3571,  25 Jun 2018 18:12:08
# 27.3903,  5.470547,  1.051,  0.1046,  0.1690,  34.3784,  25 Jun 2018 18:16:08
# 27.4348,  5.471997,  1.042,  0.1085,  0.1593,  34.3560,  25 Jun 2018 18:20:08
# 27.4357,  5.471540,  1.029,  0.1141,  0.1580,  34.3521,  25 Jun 2018 18:24:08
# 27.4331,  5.470917,  1.040,  0.1170,  0.1691,  34.3496,  25 Jun 2018 18:28:08
# 27.4429,  5.470026,  1.026,  0.1278,  0.1594,  34.3361,  25 Jun 2018 18:32:08
# 27.4387,  5.470681,  1.028,  0.1339,  0.1675,  34.3438,  25 Jun 2018 18:36:08
# 27.3574,  5.468593,  0.987,  0.1268,  0.1775,  34.3888,  25 Jun 2018 18:40:08
# 27.3658,  5.468254,  0.995,  0.1130,  0.1701,  34.3802,  25 Jun 2018 18:44:08
# 27.3388,  5.467718,  1.001,  0.1085,  0.1738,  34.3964,  25 Jun 2018 18:48:08
# 27.3150,  5.466907,  0.986,  0.1083,  0.1783,  34.4082,  25 Jun 2018 18:52:08
# 27.3117,  5.465070,  0.967,  0.1218,  0.1713,  34.3976,  25 Jun 2018 18:56:08
