# 24.6105,  5.157154,  0.820,  0.1244,  0.2673,  34.1841,  21 Jan 2018 00:01:23
# 24.6025,  5.156048,  0.793,  0.1319,  0.2888,  34.1819,  21 Jan 2018 00:05:23
# 24.5914,  5.152322,  0.811,  0.1245,  0.2878,  34.1626,  21 Jan 2018 00:09:23
# 24.5667,  5.143092,  0.791,  0.1211,  0.2936,  34.1126,  21 Jan 2018 00:13:23
# 24.5848,  5.149303,  0.795,  0.1220,  0.2839,  34.1452,  21 Jan 2018 00:17:23
# 24.5910,  5.152813,  0.797,  0.1221,  0.2852,  34.1666,  21 Jan 2018 00:21:23
# 24.5877,  5.152952,  0.798,  0.1183,  0.2516,  34.1701,  21 Jan 2018 00:25:23
# 24.5844,  5.154166,  0.825,  0.1198,  0.2890,  34.1817,  21 Jan 2018 00:29:23
# 24.5913,  5.155134,  0.816,  0.1209,  0.3267,  34.1837,  21 Jan 2018 00:33:23
# 24.5759,  5.149634,  0.797,  0.1175,  0.2699,  34.1544,  21 Jan 2018 00:37:23
# 24.5388,  5.134245,  0.813,  0.1159,  0.2505,  34.0679,  21 Jan 2018 00:41:23
# 24.5436,  5.136577,  0.809,  0.1144,  0.2663,  34.0816,  21 Jan 2018 00:45:23
# 24.5650,  5.145840,  0.802,  0.1173,  0.2878,  34.1344,  21 Jan 2018 00:49:23
# 24.5637,  5.146178,  0.821,  0.1062,  0.3075,  34.1379,  21 Jan 2018 00:53:23
# 24.5671,  5.150210,  0.824,  0.1097,  0.3283,  34.1654,  21 Jan 2018 00:57:23
