# 28.5546,  5.595858,  0.937,  0.1400,  0.2313,  34.4051,  14 Sep 2017 00:00:05
# 28.5511,  5.595054,  1.028,  0.1412,  0.2161,  34.4020,  14 Sep 2017 00:04:05
# 28.5365,  5.587660,  0.940,  0.1472,  0.2195,  34.3614,  14 Sep 2017 00:08:05
# 28.5315,  5.582887,  1.008,  0.1496,  0.2195,  34.3320,  14 Sep 2017 00:12:05
# 28.5209,  5.592698,  1.000,  0.1533,  0.2432,  34.4076,  14 Sep 2017 00:16:05
# 28.5183,  5.593335,  0.980,  0.1461,  0.2853,  34.4139,  14 Sep 2017 00:20:05
# 28.5242,  5.592794,  1.036,  0.1461,  0.2602,  34.4059,  14 Sep 2017 00:24:05
# 28.5238,  5.591186,  0.979,  0.1448,  0.2408,  34.3950,  14 Sep 2017 00:28:05
# 28.5317,  5.587692,  1.051,  0.1535,  0.2293,  34.3651,  14 Sep 2017 00:32:05
# 28.5261,  5.588472,  0.934,  0.1363,  0.2293,  34.3746,  14 Sep 2017 00:36:05
# 28.5157,  5.582664,  1.020,  0.1435,  0.2794,  34.3419,  14 Sep 2017 00:40:05
# 28.5207,  5.586936,  0.945,  0.1425,  0.2769,  34.3679,  14 Sep 2017 00:44:05
# 28.5089,  5.593240,  0.990,  0.1314,  0.2624,  34.4201,  14 Sep 2017 00:48:05
# 28.5052,  5.593216,  0.897,  0.1291,  0.2433,  34.4226,  14 Sep 2017 00:52:05
# 28.5164,  5.592722,  0.986,  0.1450,  0.2506,  34.4110,  14 Sep 2017 00:56:05
