# 28.0006,  5.529894,  1.092,  0.0858,  0.1553,  34.3487,  22 Jun 2018 15:00:08
# 28.0581,  5.534520,  1.087,  0.0907,  0.1618,  34.3392,  22 Jun 2018 15:04:08
# 27.9036,  5.523276,  1.102,  0.0860,  0.1625,  34.3732,  22 Jun 2018 15:08:08
# 28.0233,  5.533079,  1.068,  0.0872,  0.1651,  34.3545,  22 Jun 2018 15:12:08
# 28.0816,  5.537999,  1.093,  0.0822,  0.1450,  34.3464,  22 Jun 2018 15:16:08
# 28.0675,  5.536811,  1.088,  0.0846,  0.1689,  34.3483,  22 Jun 2018 15:20:08
# 28.0685,  5.536153,  1.069,  0.0869,  0.1759,  34.3430,  22 Jun 2018 15:24:08
# 28.0207,  5.531811,  1.074,  0.0859,  0.1690,  34.3475,  22 Jun 2018 15:28:08
# 28.0160,  5.530536,  1.057,  0.0896,  0.1580,  34.3420,  22 Jun 2018 15:32:08
# 27.9925,  5.532311,  1.087,  0.0845,  0.1526,  34.3716,  22 Jun 2018 15:36:08
# 28.0472,  5.534758,  1.067,  0.0896,  0.1604,  34.3488,  22 Jun 2018 15:40:08
# 28.0582,  5.535780,  1.084,  0.0896,  0.1654,  34.3479,  22 Jun 2018 15:44:08
# 28.0650,  5.535527,  1.053,  0.0917,  0.1655,  34.3412,  22 Jun 2018 15:48:08
# 28.0566,  5.534568,  1.048,  0.0967,  0.1787,  34.3406,  22 Jun 2018 15:52:08
# 28.0714,  5.536113,  1.056,  0.0906,  0.1591,  34.3406,  22 Jun 2018 15:56:08
