# 24.5493,  5.203232,  0.729,  0.1157,  0.2684,  34.5747,  04 Feb 2018 13:01:23
# 24.5925,  5.204257,  0.734,  0.1183,  0.2517,  34.5491,  04 Feb 2018 13:05:23
# 24.5574,  5.203880,  0.740,  0.1147,  0.2348,  34.5733,  04 Feb 2018 13:09:23
# 24.5836,  5.204497,  0.738,  0.1200,  0.2852,  34.5578,  04 Feb 2018 13:13:23
# 24.5538,  5.203247,  0.723,  0.1266,  0.2771,  34.5714,  04 Feb 2018 13:17:23
# 24.5528,  5.203479,  0.727,  0.1183,  0.2457,  34.5738,  04 Feb 2018 13:21:23
# 24.5542,  5.203402,  0.717,  0.1171,  0.2579,  34.5722,  04 Feb 2018 13:25:23
# 24.5917,  5.203764,  0.721,  0.1208,  0.2686,  34.5460,  04 Feb 2018 13:29:23
# 24.5645,  5.203563,  0.722,  0.1259,  0.2745,  34.5655,  04 Feb 2018 13:33:23
# 24.5469,  5.203217,  0.725,  0.1096,  0.2422,  34.5764,  04 Feb 2018 13:37:23
# 24.5705,  5.203995,  0.702,  0.1196,  0.2517,  34.5641,  04 Feb 2018 13:41:23
# 24.5754,  5.204721,  0.710,  0.1221,  0.2506,  34.5657,  04 Feb 2018 13:45:23
# 24.6076,  5.205029,  0.712,  0.1245,  0.2650,  34.5432,  04 Feb 2018 13:49:23
# 24.5550,  5.205323,  0.720,  0.1172,  0.2517,  34.5859,  04 Feb 2018 13:53:23
# 24.6659,  5.206702,  0.706,  0.1331,  0.2553,  34.5110,  04 Feb 2018 13:57:23
