# 26.9758,  5.462862,  0.923,  0.1083,  0.2933,  34.6309,  21 Jul 2018 22:00:08
# 26.9792,  5.462043,  0.997,  0.1106,  0.2993,  34.6226,  21 Jul 2018 22:04:08
# 26.9652,  5.461539,  1.005,  0.1069,  0.3130,  34.6294,  21 Jul 2018 22:08:08
# 26.9615,  5.459656,  0.986,  0.1095,  0.2586,  34.6187,  21 Jul 2018 22:12:08
# 26.9648,  5.460538,  1.004,  0.1118,  0.2416,  34.6225,  21 Jul 2018 22:16:08
# 26.9703,  5.461042,  1.006,  0.1094,  0.2646,  34.6221,  21 Jul 2018 22:20:08
# 26.9682,  5.460451,  0.995,  0.1107,  0.2536,  34.6194,  21 Jul 2018 22:24:08
# 26.9571,  5.458364,  0.979,  0.1093,  0.3082,  34.6128,  21 Jul 2018 22:28:08
# 26.9454,  5.458041,  1.008,  0.1105,  0.2367,  34.6191,  21 Jul 2018 22:32:08
# 26.9451,  5.457025,  1.001,  0.1057,  0.2538,  34.6122,  21 Jul 2018 22:36:08
# 26.9370,  5.456931,  0.969,  0.1081,  0.2776,  34.6175,  21 Jul 2018 22:40:08
# 26.9339,  5.455978,  1.000,  0.1083,  0.2514,  34.6130,  21 Jul 2018 22:44:08
# 26.9506,  5.455159,  0.998,  0.1133,  0.2585,  34.5948,  21 Jul 2018 22:48:08
# 26.9501,  5.454182,  1.027,  0.1106,  0.2474,  34.5881,  21 Jul 2018 22:52:08
# 26.9374,  5.453277,  1.006,  0.1119,  0.2428,  34.5911,  21 Jul 2018 22:56:08
