# 26.9662,  6.613475,  0.682,  0.1094,  0.3062,  43.0062,  13 Aug 2018 00:00:08
# 26.9811,  6.612257,  0.796,  0.1120,  0.2537,  42.9833,  13 Aug 2018 00:04:08
# 26.9183,  6.609317,  0.596,  0.1083,  0.3028,  43.0202,  13 Aug 2018 00:08:08
# 26.9074,  6.608092,  0.720,  0.1069,  0.2513,  43.0213,  13 Aug 2018 00:12:08
# 26.9043,  6.607826,  0.734,  0.1083,  0.2933,  43.0222,  13 Aug 2018 00:16:08
# 26.9169,  6.608066,  0.732,  0.1168,  0.2959,  43.0122,  13 Aug 2018 00:20:08
# 27.0284,  6.613294,  0.821,  0.1290,  0.2609,  42.9469,  13 Aug 2018 00:24:08
# 26.9987,  6.612497,  0.822,  0.1204,  0.2549,  42.9687,  13 Aug 2018 00:28:08
# 26.9420,  6.607568,  0.791,  0.1131,  0.2499,  42.9850,  13 Aug 2018 00:32:08
# 26.9011,  6.606771,  0.750,  0.1046,  0.3003,  43.0173,  13 Aug 2018 00:36:08
# 26.9013,  6.605906,  0.724,  0.1120,  0.2740,  43.0107,  13 Aug 2018 00:40:08
# 26.9075,  6.606566,  0.712,  0.1159,  0.2622,  43.0098,  13 Aug 2018 00:44:08
# 26.8843,  6.604517,  0.702,  0.1131,  0.2934,  43.0163,  13 Aug 2018 00:48:08
# 26.8633,  6.602572,  0.763,  0.1085,  0.2705,  43.0214,  13 Aug 2018 00:52:08
# 26.8501,  6.601382,  0.818,  0.1095,  0.2267,  43.0250,  13 Aug 2018 00:56:08
