# 27.9604,  5.586199,  1.152,  0.0882,  0.2294,  34.7725,  04 Oct 2017 13:00:05
# 27.9977,  5.589063,  1.096,  0.0920,  0.2446,  34.7650,  04 Oct 2017 13:04:05
# 28.0543,  5.592739,  1.183,  0.0871,  0.2282,  34.7490,  04 Oct 2017 13:08:05
# 28.0687,  5.593789,  1.197,  0.0934,  0.2293,  34.7457,  04 Oct 2017 13:12:05
# 28.1185,  5.597531,  1.153,  0.0917,  0.2256,  34.7352,  04 Oct 2017 13:16:05
# 28.1535,  5.599728,  1.199,  0.0921,  0.2218,  34.7247,  04 Oct 2017 13:20:05
# 28.1856,  5.601990,  1.287,  0.0956,  0.2208,  34.7169,  04 Oct 2017 13:24:05
# 28.2051,  5.603312,  1.175,  0.0954,  0.2293,  34.7118,  04 Oct 2017 13:28:05
# 28.2278,  5.604730,  1.200,  0.0983,  0.2638,  34.7050,  04 Oct 2017 13:32:05
# 28.2375,  5.606858,  1.257,  0.0932,  0.2171,  34.7127,  04 Oct 2017 13:36:05
# 28.2499,  5.608993,  1.161,  0.0908,  0.2315,  34.7185,  04 Oct 2017 13:40:05
# 28.2639,  5.609671,  1.152,  0.0945,  0.2206,  34.7130,  04 Oct 2017 13:44:05
# 28.2754,  5.610284,  1.236,  0.1021,  0.2256,  34.7088,  04 Oct 2017 13:48:05
# 28.2618,  5.609966,  1.225,  0.0932,  0.2244,  34.7166,  04 Oct 2017 13:52:05
# 28.2509,  5.610484,  1.222,  0.0907,  0.2159,  34.7282,  04 Oct 2017 13:56:05
