# 27.3711,  5.514571,  1.062,  0.0933,  0.2315,  34.7042,  30 Sep 2017 09:00:05
# 27.3801,  5.514033,  1.034,  0.0958,  0.2651,  34.6938,  30 Sep 2017 09:04:05
# 27.3868,  5.514104,  1.087,  0.0984,  0.2098,  34.6893,  30 Sep 2017 09:08:05
# 27.3996,  5.515156,  1.065,  0.0972,  0.2123,  34.6873,  30 Sep 2017 09:12:05
# 27.4074,  5.516580,  1.125,  0.0946,  0.2577,  34.6915,  30 Sep 2017 09:16:05
# 27.4136,  5.517649,  1.145,  0.0934,  0.2219,  34.6945,  30 Sep 2017 09:20:05
# 27.4193,  5.517419,  1.088,  0.0996,  0.2149,  34.6887,  30 Sep 2017 09:24:05
# 27.4574,  5.520236,  1.031,  0.0972,  0.1952,  34.6803,  30 Sep 2017 09:28:05
# 27.4486,  5.519896,  1.099,  0.0958,  0.2313,  34.6844,  30 Sep 2017 09:32:05
# 27.4599,  5.520893,  1.065,  0.0970,  0.1988,  34.6831,  30 Sep 2017 09:36:05
# 27.4686,  5.522800,  1.090,  0.0921,  0.1951,  34.6901,  30 Sep 2017 09:40:05
# 27.4695,  5.523157,  1.184,  0.0981,  0.2172,  34.6920,  30 Sep 2017 09:44:05
# 27.5089,  5.524367,  1.088,  0.0958,  0.2011,  34.6713,  30 Sep 2017 09:48:05
# 27.5334,  5.527004,  1.202,  0.0958,  0.1988,  34.6718,  30 Sep 2017 09:52:05
# 27.5289,  5.526505,  1.166,  0.0958,  0.1975,  34.6716,  30 Sep 2017 09:56:05
