# 27.7925,  5.546917,  1.217,  0.0933,  0.2037,  34.6206,  28 Sep 2017 11:00:05
# 27.8294,  5.550224,  1.243,  0.0970,  0.1853,  34.6166,  28 Sep 2017 11:04:05
# 27.8473,  5.551994,  1.230,  0.0982,  0.1866,  34.6158,  28 Sep 2017 11:08:05
# 27.8489,  5.553398,  1.177,  0.0957,  0.2086,  34.6245,  28 Sep 2017 11:12:05
# 27.9166,  5.559263,  1.201,  0.0919,  0.1693,  34.6158,  28 Sep 2017 11:16:05
# 27.9476,  5.561430,  1.196,  0.0932,  0.1611,  34.6083,  28 Sep 2017 11:20:05
# 27.9494,  5.562367,  1.222,  0.0955,  0.1620,  34.6135,  28 Sep 2017 11:24:05
# 27.9352,  5.560882,  1.235,  0.0932,  0.1648,  34.6135,  28 Sep 2017 11:28:05
# 27.9443,  5.562177,  1.193,  0.0896,  0.1731,  34.6159,  28 Sep 2017 11:32:05
# 27.9327,  5.561963,  1.206,  0.0896,  0.1631,  34.6229,  28 Sep 2017 11:36:05
# 27.9358,  5.562232,  1.206,  0.0908,  0.1659,  34.6226,  28 Sep 2017 11:40:05
# 28.0141,  5.569293,  1.249,  0.0882,  0.1715,  34.6145,  28 Sep 2017 11:44:05
# 27.9902,  5.567434,  1.262,  0.0955,  0.1694,  34.6190,  28 Sep 2017 11:48:05
# 27.9747,  5.566195,  1.222,  0.0896,  0.1596,  34.6217,  28 Sep 2017 11:52:05
# 28.0040,  5.568507,  1.213,  0.0983,  0.1657,  34.6164,  28 Sep 2017 11:56:05
