# 25.6277,  5.24920,    0.909, 0.1391, 0.2854,  34.0956, 18 Dec 2017 17:03:16
# 25.6342,  5.25094,    0.923, 0.1428, 0.2757,  34.1035, 18 Dec 2017 17:07:16
# 25.6277,  5.25062,    0.905, 0.1406, 0.2589,  34.1060, 18 Dec 2017 17:11:16
# 25.6160,  5.24902,    0.905, 0.1476, 0.2699,  34.1031, 18 Dec 2017 17:15:16
# 25.6136,  5.24925,    0.898, 0.1416, 0.2553,  34.1065, 18 Dec 2017 17:19:16
# 25.6124,  5.24945,    0.886, 0.1319, 0.2493,  34.1089, 18 Dec 2017 17:23:16
# 25.6146,  5.24990,    0.891, 0.1330, 0.2757,  34.1105, 18 Dec 2017 17:27:16
# 25.6140,  5.24934,    0.882, 0.1343, 0.2899,  34.1068, 18 Dec 2017 17:31:16
# 25.6045,  5.24777,    0.886, 0.1464, 0.2634,  34.1025, 18 Dec 2017 17:35:16
# 25.5992,  5.24539,    0.884, 0.1415, 0.2626,  34.0891, 18 Dec 2017 17:39:16
# 25.5967,  5.24485,    0.888, 0.1489, 0.2505,  34.0870, 18 Dec 2017 17:43:16
# 25.5938,  5.24522,    0.891, 0.1500, 0.2649,  34.0919, 18 Dec 2017 17:47:16
# 25.5904,  5.24563,    0.898, 0.1418, 0.2960,  34.0975, 18 Dec 2017 17:51:16
# 25.5865,  5.24479,    0.888, 0.1441, 0.2649,  34.0942, 18 Dec 2017 17:55:16
# 25.5843,  5.24402,    0.857, 0.1677, 0.2900,  34.0903, 18 Dec 2017 17:59:16
