# 24.8232,  5.198607,  0.834,  0.0986,  0.3292,  34.3304,  18 Apr 2018 08:02:05
# 24.8220,  5.197921,  0.817,  0.1011,  0.3672,  34.3263,  18 Apr 2018 08:06:05
# 24.8144,  5.198283,  0.806,  0.0987,  0.3453,  34.3347,  18 Apr 2018 08:10:05
# 24.8297,  5.199617,  0.820,  0.0974,  0.3561,  34.3330,  18 Apr 2018 08:14:05
# 24.8343,  5.200026,  0.770,  0.1011,  0.3244,  34.3325,  18 Apr 2018 08:18:05
# 24.8286,  5.200111,  0.782,  0.0961,  0.3622,  34.3375,  18 Apr 2018 08:22:05
# 24.8451,  5.200759,  0.788,  0.1014,  0.3463,  34.3297,  18 Apr 2018 08:26:05
# 24.8642,  5.202170,  0.783,  0.0950,  0.3538,  34.3256,  18 Apr 2018 08:30:05
# 24.8622,  5.202502,  0.779,  0.0996,  0.3073,  34.3297,  18 Apr 2018 08:34:05
# 24.8690,  5.202879,  0.766,  0.0997,  0.3561,  34.3273,  18 Apr 2018 08:38:05
# 24.8596,  5.202640,  0.750,  0.0987,  0.3390,  34.3326,  18 Apr 2018 08:42:05
# 24.8453,  5.202641,  0.754,  0.0973,  0.4450,  34.3435,  18 Apr 2018 08:46:05
# 24.8830,  5.205472,  0.770,  0.1009,  0.3682,  34.3358,  18 Apr 2018 08:50:05
# 24.8706,  5.204847,  0.731,  0.0935,  0.3307,  34.3406,  18 Apr 2018 08:54:05
# 24.8455,  5.203952,  0.735,  0.0913,  0.3243,  34.3531,  18 Apr 2018 08:58:05
