# 25.0804,  5.17969,    0.912, 0.1109, 0.2246,  33.9958, 20 Dec 2017 01:03:16
# 25.0984,  5.18193,    0.919, 0.1170, 0.2506,  33.9988, 20 Dec 2017 01:07:16
# 25.1020,  5.18254,    0.925, 0.1209, 0.2359,  34.0006, 20 Dec 2017 01:11:16
# 25.1131,  5.18447,    0.917, 0.1123, 0.2181,  34.0065, 20 Dec 2017 01:15:16
# 25.1110,  5.18446,    0.941, 0.1122, 0.2293,  34.0080, 20 Dec 2017 01:19:16
# 25.1185,  5.18618,    0.952, 0.1170, 0.2001,  34.0150, 20 Dec 2017 01:23:16
# 25.1111,  5.18472,    0.947, 0.1157, 0.1949,  34.0099, 20 Dec 2017 01:27:16
# 25.1035,  5.18209,    0.974, 0.1171, 0.2383,  33.9962, 20 Dec 2017 01:31:16
# 25.1060,  5.18304,    0.975, 0.1122, 0.2541,  34.0012, 20 Dec 2017 01:35:16
# 25.1150,  5.18478,    0.967, 0.1109, 0.2290,  34.0073, 20 Dec 2017 01:39:16
# 25.1245,  5.18686,    0.987, 0.1123, 0.2755,  34.0155, 20 Dec 2017 01:43:16
# 25.1260,  5.18821,    0.994, 0.1158, 0.2746,  34.0244, 20 Dec 2017 01:47:16
# 25.1071,  5.18561,    1.006, 0.1084, 0.2526,  34.0194, 20 Dec 2017 01:51:16
# 25.0967,  5.18348,    1.015, 0.1084, 0.2183,  34.0115, 20 Dec 2017 01:55:16
# 25.0981,  5.18325,    1.015, 0.1173, 0.2490,  34.0088, 20 Dec 2017 01:59:16
