# 27.9311,  5.541070,  0.841,  0.1245,  0.2626,  34.4778,  12 Sep 2017 00:00:05
# 27.9336,  5.539500,  0.926,  0.1376,  0.2198,  34.4650,  12 Sep 2017 00:04:05
# 27.9358,  5.539135,  0.870,  0.1268,  0.2233,  34.4608,  12 Sep 2017 00:08:05
# 27.9312,  5.538715,  0.843,  0.1328,  0.2271,  34.4612,  12 Sep 2017 00:12:05
# 27.9279,  5.537859,  0.925,  0.1218,  0.2182,  34.4576,  12 Sep 2017 00:16:05
# 27.9281,  5.537479,  0.873,  0.1353,  0.2409,  34.4549,  12 Sep 2017 00:20:05
# 27.9327,  5.536520,  0.806,  0.1438,  0.2554,  34.4448,  12 Sep 2017 00:24:05
# 27.9271,  5.536195,  0.811,  0.1412,  0.2507,  34.4466,  12 Sep 2017 00:28:05
# 27.9258,  5.534554,  0.839,  0.1450,  0.2219,  34.4360,  12 Sep 2017 00:32:05
# 27.9217,  5.534610,  0.706,  0.1302,  0.2336,  34.4395,  12 Sep 2017 00:36:05
# 27.9225,  5.535466,  0.810,  0.1279,  0.2515,  34.4449,  12 Sep 2017 00:40:05
# 27.9100,  5.534689,  0.820,  0.1216,  0.2171,  34.4486,  12 Sep 2017 00:44:05
# 27.9028,  5.534317,  0.817,  0.1229,  0.2650,  34.4513,  12 Sep 2017 00:48:05
# 27.8909,  5.532217,  0.794,  0.1103,  0.2457,  34.4453,  12 Sep 2017 00:52:05
# 27.8951,  5.533295,  0.734,  0.1266,  0.2735,  34.4497,  12 Sep 2017 00:56:05
