# 27.1103,  5.581552,  0.918,  0.1032,  0.2348,  35.3770,  30 Jul 2018 08:00:08
# 27.1210,  5.580717,  0.875,  0.1021,  0.2897,  35.3629,  30 Jul 2018 08:04:08
# 27.1155,  5.582395,  0.862,  0.1068,  0.2464,  35.3790,  30 Jul 2018 08:08:08
# 27.1111,  5.584137,  0.904,  0.1007,  0.2451,  35.3948,  30 Jul 2018 08:12:08
# 27.1263,  5.572273,  0.866,  0.0995,  0.2310,  35.2986,  30 Jul 2018 08:16:08
# 27.1383,  5.567600,  0.854,  0.0999,  0.2253,  35.2561,  30 Jul 2018 08:20:08
# 27.1467,  5.567330,  0.838,  0.1034,  0.1983,  35.2478,  30 Jul 2018 08:24:08
# 27.1559,  5.568419,  0.837,  0.0958,  0.2007,  35.2486,  30 Jul 2018 08:28:08
# 27.1759,  5.570691,  0.847,  0.0996,  0.2042,  35.2497,  30 Jul 2018 08:32:08
# 27.1688,  5.571390,  0.826,  0.1032,  0.2152,  35.2600,  30 Jul 2018 08:36:08
# 27.1451,  5.571041,  0.817,  0.1019,  0.2202,  35.2755,  30 Jul 2018 08:40:08
# 27.1463,  5.572400,  0.837,  0.0979,  0.2321,  35.2843,  30 Jul 2018 08:44:08
# 27.2066,  5.573710,  0.819,  0.1022,  0.2153,  35.2479,  30 Jul 2018 08:48:08
# 27.1829,  5.574506,  0.814,  0.1007,  0.2309,  35.2716,  30 Jul 2018 08:52:08
# 27.1921,  5.576596,  0.827,  0.0981,  0.2104,  35.2795,  30 Jul 2018 08:56:08
