# 25.1450,  5.19980,    0.928, 0.1233, 0.1940,  34.0954, 11 Dec 2017 05:03:16
# 25.1525,  5.19977,    0.929, 0.1270, 0.1927,  34.0896, 11 Dec 2017 05:07:16
# 25.1543,  5.20152,    0.928, 0.1135, 0.1875,  34.1012, 11 Dec 2017 05:11:16
# 25.1604,  5.20389,    0.927, 0.1109, 0.2097,  34.1141, 11 Dec 2017 05:15:16
# 25.1514,  5.20298,    0.928, 0.1083, 0.1769,  34.1141, 11 Dec 2017 05:19:16
# 25.1469,  5.20213,    0.926, 0.1050, 0.1755,  34.1112, 11 Dec 2017 05:23:16
# 25.1401,  5.20141,    0.925, 0.1024, 0.1659,  34.1110, 11 Dec 2017 05:27:16
# 25.1342,  5.20028,    0.922, 0.1085, 0.1794,  34.1071, 11 Dec 2017 05:31:16
# 25.1226,  5.19966,    0.924, 0.1061, 0.2207,  34.1113, 11 Dec 2017 05:35:16
# 25.1109,  5.19820,    0.922, 0.1071, 0.1731,  34.1094, 11 Dec 2017 05:39:16
# 25.0989,  5.19687,    0.922, 0.1034, 0.1878,  34.1087, 11 Dec 2017 05:43:16
# 25.0955,  5.19577,    0.923, 0.1062, 0.1839,  34.1031, 11 Dec 2017 05:47:16
# 25.0947,  5.19500,    0.920, 0.1135, 0.1756,  34.0980, 11 Dec 2017 05:51:16
# 25.0922,  5.19444,    0.919, 0.1123, 0.1717,  34.0957, 11 Dec 2017 05:55:16
# 25.0921,  5.19517,    0.921, 0.1051, 0.1876,  34.1012, 11 Dec 2017 05:59:16
