# 26.2877,  5.35677,    0.970, 0.1131, 0.2854,  34.3832, 27 Oct 2017 00:01:27
# 26.2801,  5.35603,    0.920, 0.1268, 0.2731,  34.3835, 27 Oct 2017 00:05:27
# 26.2776,  5.35677,    0.934, 0.1232, 0.2649,  34.3907, 27 Oct 2017 00:09:27
# 26.2833,  5.35374,    0.924, 0.1244, 0.2602,  34.3646, 27 Oct 2017 00:13:27
# 26.2769,  5.35716,    0.913, 0.1196, 0.2663,  34.3941, 27 Oct 2017 00:17:27
# 26.2612,  5.35682,    0.901, 0.1232, 0.2336,  34.4033, 27 Oct 2017 00:21:27
# 26.2515,  5.35416,    0.875, 0.1071, 0.2638,  34.3914, 27 Oct 2017 00:25:27
# 26.2610,  5.35573,    0.854, 0.1182, 0.2628,  34.3956, 27 Oct 2017 00:29:27
# 26.2758,  5.35690,    0.857, 0.1170, 0.2396,  34.3930, 27 Oct 2017 00:33:27
# 26.2780,  5.35081,    0.881, 0.1280, 0.2579,  34.3473, 27 Oct 2017 00:37:27
# 26.2795,  5.34894,    0.843, 0.1255, 0.2662,  34.3328, 27 Oct 2017 00:41:27
# 26.2823,  5.35650,    0.910, 0.1170, 0.3429,  34.3853, 27 Oct 2017 00:45:27
# 26.2742,  5.35539,    0.854, 0.1147, 0.2697,  34.3833, 27 Oct 2017 00:49:27
# 26.2681,  5.35443,    0.826, 0.1157, 0.2666,  34.3810, 27 Oct 2017 00:53:27
# 26.2692,  5.35479,    0.830, 0.1106, 0.2472,  34.3827, 27 Oct 2017 00:57:27
