# 23.3293,  5.061321,  0.911,  0.1245,  0.1372,  34.4483,  08 Mar 2018 20:00:46
# 23.3328,  5.061534,  0.912,  0.1442,  0.1528,  34.4472,  08 Mar 2018 20:04:46
# 23.3401,  5.062602,  0.912,  0.1540,  0.1597,  34.4496,  08 Mar 2018 20:08:46
# 23.3428,  5.062449,  0.919,  0.1416,  0.1434,  34.4464,  08 Mar 2018 20:12:46
# 23.3100,  5.059957,  0.922,  0.1358,  0.1467,  34.4530,  08 Mar 2018 20:16:46
# 23.2527,  5.053968,  0.917,  0.1171,  0.1563,  34.4519,  08 Mar 2018 20:20:46
# 23.2012,  5.048256,  0.923,  0.1109,  0.1410,  34.4484,  08 Mar 2018 20:24:46
# 23.2120,  5.049101,  0.925,  0.1136,  0.1386,  34.4464,  08 Mar 2018 20:28:46
# 23.2093,  5.048134,  0.928,  0.1244,  0.1337,  34.4411,  08 Mar 2018 20:32:46
# 23.2327,  5.049893,  0.931,  0.1331,  0.1374,  34.4363,  08 Mar 2018 20:36:46
# 23.2497,  5.053054,  0.933,  0.1273,  0.1456,  34.4472,  08 Mar 2018 20:40:46
# 23.2322,  5.051310,  0.933,  0.1259,  0.1562,  34.4476,  08 Mar 2018 20:44:46
# 23.2234,  5.050601,  0.938,  0.1225,  0.1408,  34.4490,  08 Mar 2018 20:48:46
# 23.2191,  5.049413,  0.931,  0.1283,  0.1418,  34.4433,  08 Mar 2018 20:52:46
# 23.1748,  5.044724,  0.938,  0.1234,  0.1595,  34.4420,  08 Mar 2018 20:56:46
