# 25.3883,  5.279758,  0.826,  0.0826,  0.2721,  34.4999,  30 Apr 2018 13:02:05
# 25.3626,  5.276389,  0.827,  0.0874,  0.2920,  34.4947,  30 Apr 2018 13:06:05
# 25.3474,  5.274830,  0.824,  0.0948,  0.2560,  34.4947,  30 Apr 2018 13:10:05
# 25.4448,  5.284882,  0.852,  0.0863,  0.2453,  34.4946,  30 Apr 2018 13:14:05
# 25.3945,  5.280076,  0.820,  0.0885,  0.2932,  34.4975,  30 Apr 2018 13:18:05
# 25.3649,  5.276731,  0.871,  0.0911,  0.2889,  34.4954,  30 Apr 2018 13:22:05
# 25.3528,  5.275575,  0.882,  0.0912,  0.2779,  34.4961,  30 Apr 2018 13:26:05
# 25.4234,  5.281970,  0.876,  0.0896,  0.2657,  34.4895,  30 Apr 2018 13:30:05
# 25.3833,  5.279036,  0.887,  0.0884,  0.2455,  34.4984,  30 Apr 2018 13:34:05
# 25.3901,  5.279735,  0.882,  0.0911,  0.2537,  34.4984,  30 Apr 2018 13:38:05
# 25.3907,  5.280131,  0.893,  0.0896,  0.2464,  34.5008,  30 Apr 2018 13:42:05
# 25.3700,  5.277717,  0.897,  0.1009,  0.4285,  34.4988,  30 Apr 2018 13:46:05
# 25.3928,  5.279890,  0.919,  0.0910,  0.2830,  34.4975,  30 Apr 2018 13:50:05
# 25.3987,  5.281396,  0.920,  0.0863,  0.2754,  34.5040,  30 Apr 2018 13:54:05
# 25.4010,  5.281675,  0.919,  0.0932,  0.2753,  34.5043,  30 Apr 2018 13:58:05
