# 27.8726,  5.557144,  1.305,  0.0919,  0.1939,  34.6334,  30 Sep 2017 11:00:05
# 27.8612,  5.554509,  1.244,  0.0969,  0.1888,  34.6233,  30 Sep 2017 11:04:05
# 27.8575,  5.555708,  1.287,  0.0935,  0.1961,  34.6344,  30 Sep 2017 11:08:05
# 27.8577,  5.557589,  1.294,  0.0920,  0.1878,  34.6474,  30 Sep 2017 11:12:05
# 27.8742,  5.563218,  1.241,  0.0859,  0.1755,  34.6749,  30 Sep 2017 11:16:05
# 27.8429,  5.561353,  1.276,  0.0832,  0.2206,  34.6848,  30 Sep 2017 11:20:05
# 27.8035,  5.558098,  1.245,  0.0883,  0.2281,  34.6910,  30 Sep 2017 11:24:05
# 27.7841,  5.556193,  1.191,  0.0859,  0.1912,  34.6920,  30 Sep 2017 11:28:05
# 27.9306,  5.569350,  1.265,  0.0832,  0.2132,  34.6762,  30 Sep 2017 11:32:05
# 27.8413,  5.561019,  1.283,  0.0870,  0.1938,  34.6836,  30 Sep 2017 11:36:05
# 27.8890,  5.564370,  1.275,  0.0847,  0.1912,  34.6720,  30 Sep 2017 11:40:05
# 27.9013,  5.564981,  1.286,  0.0869,  0.1877,  34.6672,  30 Sep 2017 11:44:05
# 27.8600,  5.561321,  1.299,  0.0871,  0.2313,  34.6720,  30 Sep 2017 11:48:05
# 27.9267,  5.567841,  1.280,  0.0885,  0.2059,  34.6686,  30 Sep 2017 11:52:05
# 27.9819,  5.572083,  1.264,  0.0908,  0.1939,  34.6576,  30 Sep 2017 11:56:05
