# 27.0324,  6.098689,  1.132,  0.1242,  0.1849,  39.1675,  30 Aug 2018 20:00:08
# 27.0316,  6.096588,  1.125,  0.1279,  0.1849,  39.1529,  30 Aug 2018 20:04:08
# 27.0281,  6.093975,  1.107,  0.1266,  0.1858,  39.1369,  30 Aug 2018 20:08:08
# 27.0260,  6.090454,  1.130,  0.1305,  0.2055,  39.1130,  30 Aug 2018 20:12:08
# 27.0189,  6.084975,  1.072,  0.1361,  0.2226,  39.0792,  30 Aug 2018 20:16:08
# 27.0115,  6.084652,  1.129,  0.1292,  0.1944,  39.0831,  30 Aug 2018 20:20:08
# 27.0151,  6.084727,  1.045,  0.1292,  0.1847,  39.0806,  30 Aug 2018 20:24:08
# 27.0114,  6.084372,  1.096,  0.1267,  0.1788,  39.0812,  30 Aug 2018 20:28:08
# 27.0044,  6.083917,  1.143,  0.1231,  0.1872,  39.0838,  30 Aug 2018 20:32:08
# 27.0089,  6.084933,  1.096,  0.1302,  0.1787,  39.0874,  30 Aug 2018 20:36:08
# 26.9969,  6.083207,  1.045,  0.1178,  0.1847,  39.0849,  30 Aug 2018 20:40:08
# 26.9929,  6.082943,  1.067,  0.1178,  0.1957,  39.0863,  30 Aug 2018 20:44:08
# 26.9794,  6.085223,  1.095,  0.1094,  0.2142,  39.1144,  30 Aug 2018 20:48:08
# 26.9653,  6.082852,  1.012,  0.1180,  0.1675,  39.1091,  30 Aug 2018 20:52:08
# 26.9475,  6.079284,  1.019,  0.1083,  0.1884,  39.0981,  30 Aug 2018 20:56:08
