# 27.2616,  5.464622,  0.914,  0.0871,  0.3957,  34.4314,  15 Jun 2018 14:03:04
# 27.2950,  5.467545,  0.905,  0.0847,  0.3038,  34.4275,  15 Jun 2018 14:07:04
# 27.2206,  5.459777,  0.930,  0.0822,  0.3143,  34.4273,  15 Jun 2018 14:11:04
# 27.2494,  5.462345,  0.943,  0.0872,  0.2813,  34.4243,  15 Jun 2018 14:15:04
# 27.2058,  5.458171,  0.942,  0.0862,  0.2942,  34.4269,  15 Jun 2018 14:19:04
# 27.2098,  5.458942,  0.923,  0.0920,  0.3217,  34.4293,  15 Jun 2018 14:23:04
# 27.2480,  5.463180,  0.959,  0.0896,  0.3264,  34.4312,  15 Jun 2018 14:27:04
# 27.2792,  5.466182,  0.954,  0.0896,  0.2848,  34.4295,  15 Jun 2018 14:31:04
# 27.2856,  5.465418,  0.929,  0.0920,  0.3692,  34.4193,  15 Jun 2018 14:35:04
# 27.2675,  5.464858,  0.973,  0.0921,  0.3336,  34.4287,  15 Jun 2018 14:39:04
# 27.2770,  5.465039,  0.991,  0.0921,  0.3266,  34.4230,  15 Jun 2018 14:43:04
# 27.2360,  5.461660,  0.994,  0.0886,  0.3040,  34.4293,  15 Jun 2018 14:47:04
# 27.2402,  5.461510,  0.992,  0.0920,  0.3656,  34.4251,  15 Jun 2018 14:51:04
# 27.2245,  5.460384,  0.991,  0.0872,  0.4362,  34.4287,  15 Jun 2018 14:55:04
# 27.2385,  5.461999,  1.011,  0.0886,  0.3433,  34.4298,  15 Jun 2018 14:59:04
