# 25.2495,  5.249644,  0.783,  0.0822,  0.2156,  34.3837,  28 Apr 2018 12:02:05
# 25.2342,  5.250542,  0.793,  0.0873,  0.2336,  34.4020,  28 Apr 2018 12:06:05
# 25.2714,  5.252254,  0.788,  0.0874,  0.2358,  34.3863,  28 Apr 2018 12:10:05
# 25.2845,  5.252579,  0.795,  0.0849,  0.2303,  34.3788,  28 Apr 2018 12:14:05
# 25.3095,  5.253446,  0.801,  0.0876,  0.2500,  34.3662,  28 Apr 2018 12:18:05
# 25.3418,  5.255948,  0.833,  0.0884,  0.2072,  34.3602,  28 Apr 2018 12:22:05
# 25.3110,  5.253694,  0.828,  0.0873,  0.2097,  34.3669,  28 Apr 2018 12:26:05
# 25.2867,  5.252377,  0.831,  0.0874,  0.2155,  34.3756,  28 Apr 2018 12:30:05
# 25.2410,  5.250535,  0.848,  0.0887,  0.2009,  34.3967,  28 Apr 2018 12:34:05
# 25.2757,  5.251727,  0.845,  0.0874,  0.1995,  34.3791,  28 Apr 2018 12:38:05
# 25.2930,  5.252687,  0.839,  0.0877,  0.2010,  34.3732,  28 Apr 2018 12:42:05
# 25.2949,  5.253299,  0.850,  0.0876,  0.2131,  34.3762,  28 Apr 2018 12:46:05
# 25.3289,  5.252431,  0.874,  0.0897,  0.2190,  34.3440,  28 Apr 2018 12:50:05
# 25.2969,  5.253849,  0.849,  0.0861,  0.2096,  34.3787,  28 Apr 2018 12:54:05
# 25.3269,  5.253376,  0.884,  0.0885,  0.1873,  34.3525,  28 Apr 2018 12:58:05
