# 23.8307,  5.058416,  1.006,  0.0986,  0.1891,  34.0385,  20 Feb 2018 08:01:23
# 23.8324,  5.057082,  1.002,  0.1050,  0.1803,  34.0271,  20 Feb 2018 08:05:23
# 23.8463,  5.062334,  0.998,  0.1051,  0.2219,  34.0562,  20 Feb 2018 08:09:23
# 23.8441,  5.065315,  0.999,  0.1012,  0.2158,  34.0803,  20 Feb 2018 08:13:23
# 23.8438,  5.067047,  0.983,  0.0975,  0.2184,  34.0937,  20 Feb 2018 08:17:23
# 23.8107,  5.043503,  0.965,  0.1038,  0.1988,  33.9411,  20 Feb 2018 08:21:23
# 23.8320,  5.055848,  0.970,  0.1023,  0.2271,  34.0181,  20 Feb 2018 08:25:23
# 23.8535,  5.065186,  0.981,  0.1036,  0.2161,  34.0722,  20 Feb 2018 08:29:23
# 23.8467,  5.057768,  0.983,  0.1012,  0.2458,  34.0214,  20 Feb 2018 08:33:23
# 23.8620,  5.064812,  0.969,  0.1051,  0.2255,  34.0628,  20 Feb 2018 08:37:23
# 23.8727,  5.071433,  0.985,  0.1036,  0.2399,  34.1047,  20 Feb 2018 08:41:23
# 23.8772,  5.066383,  0.968,  0.0977,  0.2096,  34.0630,  20 Feb 2018 08:45:23
# 23.8892,  5.064186,  0.964,  0.1011,  0.1926,  34.0373,  20 Feb 2018 08:49:23
# 23.8947,  5.071013,  0.951,  0.1013,  0.2325,  34.0846,  20 Feb 2018 08:53:23
# 23.8990,  5.073386,  0.954,  0.0975,  0.2170,  34.0993,  20 Feb 2018 08:57:23
