# 26.4752,  5.38015,    0.867, 0.1169, 0.2133,  34.4117, 29 Oct 2017 05:01:27
# 26.4681,  5.37795,    0.816, 0.1196, 0.2734,  34.4012, 29 Oct 2017 05:05:27
# 26.4653,  5.37509,    0.874, 0.1276, 0.2410,  34.3826, 29 Oct 2017 05:09:27
# 26.4652,  5.37731,    0.906, 0.1234, 0.2087,  34.3987, 29 Oct 2017 05:13:27
# 26.4626,  5.37719,    0.812, 0.1157, 0.1878,  34.3998, 29 Oct 2017 05:17:27
# 26.4356,  5.36874,    0.857, 0.1266, 0.2036,  34.3591, 29 Oct 2017 05:21:27
# 26.4463,  5.36981,    0.914, 0.1244, 0.2048,  34.3588, 29 Oct 2017 05:25:27
# 26.4588,  5.37426,    0.917, 0.1158, 0.2085,  34.3815, 29 Oct 2017 05:29:27
# 26.4572,  5.37625,    0.878, 0.1183, 0.1989,  34.3970, 29 Oct 2017 05:33:27
# 26.4548,  5.37801,    0.858, 0.1179, 0.2123,  34.4115, 29 Oct 2017 05:37:27
# 26.4457,  5.37747,    0.898, 0.1143, 0.1978,  34.4144, 29 Oct 2017 05:41:27
# 26.4445,  5.37756,    0.787, 0.1072, 0.1903,  34.4160, 29 Oct 2017 05:45:27
# 26.4427,  5.37834,    0.870, 0.1194, 0.1975,  34.4229, 29 Oct 2017 05:49:27
# 26.4306,  5.37822,    0.913, 0.1170, 0.2220,  34.4311, 29 Oct 2017 05:53:27
# 26.4142,  5.37639,    0.868, 0.1194, 0.2084,  34.4302, 29 Oct 2017 05:57:27
