# 24.3233,  5.165331,  0.915,  0.1050,  0.1560,  34.4650,  30 Jan 2018 08:01:23
# 24.3324,  5.168554,  0.924,  0.1026,  0.1682,  34.4822,  30 Jan 2018 08:05:23
# 24.3233,  5.167177,  0.899,  0.1002,  0.1560,  34.4788,  30 Jan 2018 08:09:23
# 24.3270,  5.167585,  0.903,  0.1013,  0.1551,  34.4791,  30 Jan 2018 08:13:23
# 24.3284,  5.167569,  0.882,  0.0985,  0.1571,  34.4779,  30 Jan 2018 08:17:23
# 24.3290,  5.167816,  0.882,  0.0999,  0.2072,  34.4793,  30 Jan 2018 08:21:23
# 24.3310,  5.167816,  0.875,  0.0959,  0.1504,  34.4777,  30 Jan 2018 08:25:23
# 24.3416,  5.168292,  0.868,  0.0974,  0.1609,  34.4731,  30 Jan 2018 08:29:23
# 24.3628,  5.169746,  0.862,  0.1038,  0.1962,  34.4677,  30 Jan 2018 08:33:23
# 24.3841,  5.172146,  0.861,  0.1025,  0.1608,  34.4693,  30 Jan 2018 08:37:23
# 24.4045,  5.174100,  0.851,  0.1162,  0.1607,  34.4683,  30 Jan 2018 08:41:23
# 24.4157,  5.175832,  0.834,  0.1110,  0.1633,  34.4726,  30 Jan 2018 08:45:23
# 24.4160,  5.176871,  0.817,  0.1009,  0.1637,  34.4802,  30 Jan 2018 08:49:23
# 24.4180,  5.178919,  0.826,  0.1001,  0.1669,  34.4939,  30 Jan 2018 08:53:23
# 24.4158,  5.180613,  0.824,  0.1022,  0.1656,  34.5083,  30 Jan 2018 08:57:23
