# 25.2717,  5.265747,  0.742,  0.1184,  0.2345,  34.4854,  02 Jun 2018 03:03:04
# 25.2460,  5.262832,  0.757,  0.1185,  0.2119,  34.4835,  02 Jun 2018 03:07:04
# 25.2513,  5.264902,  0.767,  0.1157,  0.2303,  34.4948,  02 Jun 2018 03:11:04
# 25.2596,  5.264925,  0.750,  0.1194,  0.2191,  34.4886,  02 Jun 2018 03:15:04
# 25.2595,  5.266057,  0.756,  0.1244,  0.2251,  34.4970,  02 Jun 2018 03:19:04
# 25.2345,  5.264802,  0.749,  0.1111,  0.2193,  34.5068,  02 Jun 2018 03:23:04
# 25.2450,  5.262506,  0.752,  0.1231,  0.2431,  34.4819,  02 Jun 2018 03:27:04
# 25.2395,  5.261258,  0.755,  0.1132,  0.2324,  34.4769,  02 Jun 2018 03:31:04
# 25.2455,  5.261157,  0.760,  0.1194,  0.2103,  34.4716,  02 Jun 2018 03:35:04
# 25.2375,  5.262576,  0.768,  0.1257,  0.2335,  34.4881,  02 Jun 2018 03:39:04
# 25.2366,  5.262786,  0.765,  0.1247,  0.2192,  34.4903,  02 Jun 2018 03:43:04
# 25.2303,  5.262406,  0.734,  0.1158,  0.2166,  34.4924,  02 Jun 2018 03:47:04
# 25.2171,  5.261453,  0.763,  0.1120,  0.2219,  34.4954,  02 Jun 2018 03:51:04
# 25.2101,  5.261119,  0.780,  0.1147,  0.1958,  34.4983,  02 Jun 2018 03:55:04
# 25.2179,  5.263515,  0.788,  0.1145,  0.2253,  34.5100,  02 Jun 2018 03:59:04
