# 27.5205,  5.479702,  1.085,  0.0834,  0.1993,  34.3474,  22 Jun 2018 12:00:08
# 27.6266,  5.487632,  1.085,  0.0849,  0.1604,  34.3255,  22 Jun 2018 12:04:08
# 27.5525,  5.483387,  1.090,  0.0847,  0.1856,  34.3499,  22 Jun 2018 12:08:08
# 27.6198,  5.488777,  1.091,  0.0832,  0.1691,  34.3386,  22 Jun 2018 12:12:08
# 27.6654,  5.492954,  1.080,  0.0809,  0.1566,  34.3346,  22 Jun 2018 12:16:08
# 27.5922,  5.486772,  1.083,  0.0872,  0.1579,  34.3447,  22 Jun 2018 12:20:08
# 27.5770,  5.486464,  1.086,  0.0822,  0.1859,  34.3536,  22 Jun 2018 12:24:08
# 27.5812,  5.487625,  1.101,  0.0834,  0.1763,  34.3588,  22 Jun 2018 12:28:08
# 27.6552,  5.493854,  1.103,  0.0820,  0.1740,  34.3484,  22 Jun 2018 12:32:08
# 27.6760,  5.493625,  1.108,  0.0832,  0.1666,  34.3315,  22 Jun 2018 12:36:08
# 27.6595,  5.491406,  1.096,  0.0811,  0.1653,  34.3280,  22 Jun 2018 12:40:08
# 27.5695,  5.484783,  1.114,  0.0858,  0.1749,  34.3473,  22 Jun 2018 12:44:08
# 27.6252,  5.490569,  1.110,  0.0845,  0.1747,  34.3472,  22 Jun 2018 12:48:08
# 27.6998,  5.498775,  1.109,  0.0810,  0.1604,  34.3503,  22 Jun 2018 12:52:08
# 27.7389,  5.502876,  1.114,  0.0808,  0.1701,  34.3505,  22 Jun 2018 12:56:08
