# 28.0402,  5.555355,  0.936,  0.0898,  0.2804,  34.4979,  09 Sep 2017 13:00:05
# 28.0833,  5.559411,  0.866,  0.0895,  0.2615,  34.4947,  09 Sep 2017 13:04:05
# 28.0912,  5.559339,  0.801,  0.0919,  0.2567,  34.4885,  09 Sep 2017 13:08:05
# 28.0479,  5.554053,  0.894,  0.1006,  0.2924,  34.4832,  09 Sep 2017 13:12:05
# 28.0796,  5.558085,  0.880,  0.0906,  0.3021,  34.4882,  09 Sep 2017 13:16:05
# 28.0923,  5.559514,  0.776,  0.0896,  0.2839,  34.4889,  09 Sep 2017 13:20:05
# 28.0754,  5.559601,  0.959,  0.0907,  0.2650,  34.5018,  09 Sep 2017 13:24:05
# 28.1246,  5.564159,  0.911,  0.0834,  0.2709,  34.4977,  09 Sep 2017 13:28:05
# 28.1036,  5.562205,  0.836,  0.0957,  0.3087,  34.4994,  09 Sep 2017 13:32:05
# 28.0969,  5.561483,  0.882,  0.0970,  0.2805,  34.4993,  09 Sep 2017 13:36:05
# 28.0867,  5.560713,  0.854,  0.0983,  0.3342,  34.5013,  09 Sep 2017 13:40:05
# 28.1173,  5.565192,  0.881,  0.0958,  0.2708,  34.5102,  09 Sep 2017 13:44:05
# 28.1662,  5.567979,  0.851,  0.0967,  0.2746,  34.4940,  09 Sep 2017 13:48:05
# 28.1875,  5.571078,  0.949,  0.0945,  0.3269,  34.5000,  09 Sep 2017 13:52:05
# 28.2037,  5.568193,  0.981,  0.0970,  0.2446,  34.4680,  09 Sep 2017 13:56:05
