# 23.9494,  5.075583,  0.895,  0.0945,  0.2372,  34.0772,  20 Feb 2018 10:01:23
# 23.9951,  5.070370,  0.872,  0.0925,  0.2396,  34.0030,  20 Feb 2018 10:05:23
# 24.0060,  5.071682,  0.855,  0.0912,  0.2580,  34.0046,  20 Feb 2018 10:09:23
# 24.0060,  5.074376,  0.882,  0.0925,  0.2516,  34.0248,  20 Feb 2018 10:13:23
# 24.0266,  5.073941,  0.878,  0.0925,  0.2267,  34.0059,  20 Feb 2018 10:17:23
# 23.9901,  5.078857,  0.873,  0.0925,  0.2468,  34.0708,  20 Feb 2018 10:21:23
# 24.0020,  5.079834,  0.847,  0.0940,  0.2430,  34.0691,  20 Feb 2018 10:25:23
# 24.0098,  5.083118,  0.858,  0.0950,  0.2351,  34.0878,  20 Feb 2018 10:29:23
# 24.0490,  5.081903,  0.858,  0.0985,  0.2255,  34.0487,  20 Feb 2018 10:33:23
# 24.0407,  5.084645,  0.839,  0.0975,  0.2818,  34.0757,  20 Feb 2018 10:37:23
# 24.0183,  5.086662,  0.856,  0.0963,  0.2708,  34.1080,  20 Feb 2018 10:41:23
# 24.0307,  5.089214,  0.838,  0.0913,  0.2744,  34.1178,  20 Feb 2018 10:45:23
# 24.1394,  5.082023,  0.822,  0.0961,  0.2335,  33.9807,  20 Feb 2018 10:49:23
# 24.1145,  5.088074,  0.832,  0.0913,  0.2305,  34.0451,  20 Feb 2018 10:53:23
# 24.1305,  5.091428,  0.808,  0.0929,  0.2468,  34.0581,  20 Feb 2018 10:57:23
