# 26.5730,  5.38444,    0.804, 0.1131, 0.3686,  34.3697, 26 Oct 2017 18:01:27
# 26.5738,  5.38404,    0.851, 0.1120, 0.3183,  34.3662, 26 Oct 2017 18:05:27
# 26.5721,  5.38186,    0.853, 0.1130, 0.3539,  34.3518, 26 Oct 2017 18:09:27
# 26.5581,  5.38083,    0.806, 0.1145, 0.3833,  34.3548, 26 Oct 2017 18:13:27
# 26.5578,  5.38680,    0.813, 0.1170, 0.3661,  34.3980, 26 Oct 2017 18:17:27
# 26.5455,  5.38623,    0.707, 0.1120, 0.3187,  34.4031, 26 Oct 2017 18:21:27
# 26.5368,  5.38410,    0.851, 0.1170, 0.3330,  34.3941, 26 Oct 2017 18:25:27
# 26.5321,  5.38221,    0.836, 0.1206, 0.3282,  34.3841, 26 Oct 2017 18:29:27
# 26.5194,  5.37902,    0.913, 0.1219, 0.3637,  34.3706, 26 Oct 2017 18:33:27
# 26.5176,  5.37836,    0.833, 0.1158, 0.3246,  34.3672, 26 Oct 2017 18:37:27
# 26.5079,  5.37650,    0.850, 0.1131, 0.3019,  34.3610, 26 Oct 2017 18:41:27
# 26.5093,  5.37710,    0.839, 0.1170, 0.3211,  34.3643, 26 Oct 2017 18:45:27
# 26.5030,  5.37511,    0.887, 0.1219, 0.2808,  34.3547, 26 Oct 2017 18:49:27
# 26.4864,  5.37312,    0.840, 0.1180, 0.3900,  34.3527, 26 Oct 2017 18:53:27
# 26.4774,  5.37172,    0.938, 0.1144, 0.3246,  34.3494, 26 Oct 2017 18:57:27
