# 27.2985,  6.649765,  0.847,  0.0945,  0.2332,  42.9650,  14 Aug 2018 12:00:08
# 27.3538,  6.656747,  0.842,  0.0994,  0.2380,  42.9651,  14 Aug 2018 12:04:08
# 27.3913,  6.661684,  0.830,  0.0970,  0.2265,  42.9667,  14 Aug 2018 12:08:08
# 27.4474,  6.670178,  0.867,  0.0919,  0.2425,  42.9771,  14 Aug 2018 12:12:08
# 27.3720,  6.659344,  0.753,  0.1008,  0.2275,  42.9674,  14 Aug 2018 12:16:08
# 27.3415,  6.656635,  0.818,  0.1007,  0.2274,  42.9757,  14 Aug 2018 12:20:08
# 27.3503,  6.657598,  0.859,  0.0994,  0.2404,  42.9746,  14 Aug 2018 12:24:08
# 27.4492,  6.670049,  0.833,  0.0980,  0.2705,  42.9745,  14 Aug 2018 12:28:08
# 27.3756,  6.661745,  0.800,  0.0979,  0.2415,  42.9817,  14 Aug 2018 12:32:08
# 27.3930,  6.666159,  0.903,  0.0956,  0.2329,  42.9980,  14 Aug 2018 12:36:08
# 27.4016,  6.667260,  0.813,  0.1006,  0.2404,  42.9981,  14 Aug 2018 12:40:08
# 27.4476,  6.673295,  0.859,  0.0920,  0.2306,  42.9997,  14 Aug 2018 12:44:08
# 27.5341,  6.681269,  0.782,  0.0993,  0.2427,  42.9782,  14 Aug 2018 12:48:08
# 27.4747,  6.675619,  0.828,  0.1009,  0.2657,  42.9917,  14 Aug 2018 12:52:08
# 27.4503,  6.673338,  0.883,  0.0983,  0.3014,  42.9976,  14 Aug 2018 12:56:08
