# 27.7116,  5.526502,  0.959,  0.1181,  0.2687,  34.5367,  16 Sep 2017 22:00:05
# 27.7096,  5.526993,  0.939,  0.1106,  0.2566,  34.5416,  16 Sep 2017 22:04:05
# 27.7256,  5.528268,  0.935,  0.1131,  0.2590,  34.5388,  16 Sep 2017 22:08:05
# 27.7155,  5.525021,  0.922,  0.1167,  0.2829,  34.5235,  16 Sep 2017 22:12:05
# 27.7103,  5.521759,  0.979,  0.1192,  0.2589,  34.5043,  16 Sep 2017 22:16:05
# 27.7283,  5.520856,  0.963,  0.1240,  0.3442,  34.4847,  16 Sep 2017 22:20:05
# 27.6955,  5.520509,  1.015,  0.1131,  0.2602,  34.5064,  16 Sep 2017 22:24:05
# 27.6784,  5.522448,  0.941,  0.1143,  0.3069,  34.5326,  16 Sep 2017 22:28:05
# 27.6637,  5.521633,  0.921,  0.1157,  0.2350,  34.5377,  16 Sep 2017 22:32:05
# 27.6930,  5.517477,  1.026,  0.1216,  0.2398,  34.4869,  16 Sep 2017 22:36:05
# 27.6743,  5.521570,  0.979,  0.1194,  0.2422,  34.5295,  16 Sep 2017 22:40:05
# 27.6532,  5.524214,  0.924,  0.1044,  0.2605,  34.5636,  16 Sep 2017 22:44:05
# 27.6706,  5.522488,  0.926,  0.1121,  0.3021,  34.5386,  16 Sep 2017 22:48:05
# 27.6528,  5.519504,  0.995,  0.1168,  0.2434,  34.5307,  16 Sep 2017 22:52:05
# 27.6410,  5.520763,  1.032,  0.1143,  0.2374,  34.5482,  16 Sep 2017 22:56:05
