# 25.2274,  5.260011,  0.976,  0.1389,  0.2309,  34.4769,  30 Apr 2018 20:02:05
# 25.2356,  5.260336,  0.953,  0.1455,  0.2813,  34.4730,  30 Apr 2018 20:06:05
# 25.2400,  5.258491,  0.959,  0.1691,  0.2571,  34.4561,  30 Apr 2018 20:10:05
# 25.2253,  5.259119,  0.951,  0.1379,  0.2575,  34.4718,  30 Apr 2018 20:14:05
# 25.2193,  5.256973,  0.928,  0.1417,  0.2441,  34.4606,  30 Apr 2018 20:18:05
# 25.2132,  5.255121,  0.924,  0.1583,  0.2502,  34.4516,  30 Apr 2018 20:22:05
# 25.2113,  5.253525,  0.912,  0.1465,  0.2370,  34.4413,  30 Apr 2018 20:26:05
# 25.2029,  5.251550,  0.924,  0.1607,  0.2179,  34.4331,  30 Apr 2018 20:30:05
# 25.1901,  5.255455,  0.906,  0.1315,  0.2396,  34.4716,  30 Apr 2018 20:34:05
# 25.1793,  5.255788,  0.880,  0.1340,  0.2661,  34.4823,  30 Apr 2018 20:38:05
# 25.1793,  5.255571,  0.895,  0.1356,  0.2767,  34.4807,  30 Apr 2018 20:42:05
# 25.1748,  5.254533,  0.899,  0.1367,  0.2502,  34.4765,  30 Apr 2018 20:46:05
# 25.1709,  5.252596,  0.908,  0.1405,  0.2156,  34.4651,  30 Apr 2018 20:50:05
# 25.1685,  5.251713,  0.876,  0.1366,  0.2489,  34.4605,  30 Apr 2018 20:54:05
# 25.1678,  5.250931,  0.850,  0.1342,  0.2537,  34.4553,  30 Apr 2018 20:58:05
