# 27.8973,  5.54779,    0.833, 0.1180, 0.2348,  34.5497, 02 Nov 2017 21:01:27
# 27.8956,  5.54922,    0.661, 0.1167, 0.2794,  34.5610, 02 Nov 2017 21:05:27
# 27.8903,  5.54961,    0.736, 0.1168, 0.2615,  34.5677, 02 Nov 2017 21:09:27
# 27.8794,  5.54788,    0.772, 0.1169, 0.2407,  34.5635, 02 Nov 2017 21:13:27
# 27.8728,  5.54735,    0.587, 0.1121, 0.2993,  34.5647, 02 Nov 2017 21:17:27
# 27.8667,  5.54745,    0.711, 0.1144, 0.2733,  34.5699, 02 Nov 2017 21:21:27
# 27.8634,  5.54749,    0.711, 0.1205, 0.2909,  34.5726, 02 Nov 2017 21:25:27
# 27.8624,  5.54722,    0.695, 0.1167, 0.2409,  34.5715, 02 Nov 2017 21:29:27
# 27.8499,  5.54518,    0.719, 0.1104, 0.2721,  34.5663, 02 Nov 2017 21:33:27
# 27.8457,  5.54289,    0.686, 0.1167, 0.2648,  34.5533, 02 Nov 2017 21:37:27
# 27.8484,  5.54365,    0.700, 0.1104, 0.2455,  34.5566, 02 Nov 2017 21:41:27
# 27.8461,  5.54302,    0.699, 0.1094, 0.2382,  34.5539, 02 Nov 2017 21:45:27
# 27.8385,  5.54257,    0.795, 0.1093, 0.2383,  34.5563, 02 Nov 2017 21:49:27
# 27.8318,  5.54152,    0.811, 0.1083, 0.2444,  34.5539, 02 Nov 2017 21:53:27
# 27.8254,  5.54178,    0.763, 0.1067, 0.2468,  34.5604, 02 Nov 2017 21:57:27
