# 28.3796,  5.581792,  0.877,  0.1067,  0.2123,  34.4345,  15 Sep 2017 03:00:05
# 28.3784,  5.564194,  0.868,  0.1214,  0.1926,  34.3133,  15 Sep 2017 03:04:05
# 28.4410,  5.563033,  0.908,  0.1241,  0.2046,  34.2599,  15 Sep 2017 03:08:05
# 28.4435,  5.571566,  0.905,  0.1205,  0.2397,  34.3172,  15 Sep 2017 03:12:05
# 28.4132,  5.571487,  0.887,  0.1055,  0.2258,  34.3386,  15 Sep 2017 03:16:05
# 28.3997,  5.580153,  0.875,  0.1131,  0.2158,  34.4086,  15 Sep 2017 03:20:05
# 28.3886,  5.581091,  0.812,  0.1129,  0.2384,  34.4232,  15 Sep 2017 03:24:05
# 28.3829,  5.580925,  0.826,  0.1092,  0.2181,  34.4262,  15 Sep 2017 03:28:05
# 28.3654,  5.572799,  0.813,  0.1093,  0.2219,  34.3824,  15 Sep 2017 03:32:05
# 28.3762,  5.579453,  0.831,  0.1117,  0.2431,  34.4208,  15 Sep 2017 03:36:05
# 28.3811,  5.579278,  0.831,  0.1167,  0.2326,  34.4160,  15 Sep 2017 03:40:05
# 28.3824,  5.580145,  0.840,  0.1180,  0.2281,  34.4211,  15 Sep 2017 03:44:05
# 28.3760,  5.581314,  0.834,  0.1182,  0.2243,  34.4339,  15 Sep 2017 03:48:05
# 28.3489,  5.581148,  0.867,  0.1095,  0.2094,  34.4524,  15 Sep 2017 03:52:05
# 28.3412,  5.574691,  0.871,  0.1131,  0.2011,  34.4132,  15 Sep 2017 03:56:05
