# 26.3284,  5.381282,  0.908,  0.1317,  0.2920,  34.5297,  07 Jun 2018 20:03:04
# 26.3195,  5.381172,  0.951,  0.1291,  0.2670,  34.5356,  07 Jun 2018 20:07:04
# 26.3123,  5.380593,  0.956,  0.1231,  0.2574,  34.5368,  07 Jun 2018 20:11:04
# 26.3058,  5.379709,  0.955,  0.1228,  0.2427,  34.5353,  07 Jun 2018 20:15:04
# 26.3003,  5.379169,  0.973,  0.1242,  0.2560,  34.5355,  07 Jun 2018 20:19:04
# 26.2921,  5.378989,  0.944,  0.1206,  0.3391,  34.5404,  07 Jun 2018 20:23:04
# 26.2876,  5.377987,  0.981,  0.1218,  0.2682,  34.5365,  07 Jun 2018 20:27:04
# 26.2835,  5.378175,  0.946,  0.1209,  0.2573,  34.5409,  07 Jun 2018 20:31:04
# 26.2830,  5.377635,  0.973,  0.1207,  0.2563,  34.5373,  07 Jun 2018 20:35:04
# 26.2874,  5.378339,  0.974,  0.1181,  0.2644,  34.5391,  07 Jun 2018 20:39:04
# 26.2781,  5.375890,  0.981,  0.1268,  0.2694,  34.5285,  07 Jun 2018 20:43:04
# 26.2709,  5.374991,  0.994,  0.1218,  0.2575,  34.5274,  07 Jun 2018 20:47:04
# 26.2643,  5.375460,  1.002,  0.1180,  0.2406,  34.5357,  07 Jun 2018 20:51:04
# 26.2559,  5.374036,  0.999,  0.1157,  0.2564,  34.5317,  07 Jun 2018 20:55:04
# 26.2573,  5.374693,  1.000,  0.1180,  0.2574,  34.5354,  07 Jun 2018 20:59:04
