# 27.0409,  5.447584,  1.023,  0.1180,  0.4391,  34.4736,  03 Sep 2017 03:00:05
# 27.0483,  5.446986,  1.097,  0.1254,  0.4426,  34.4639,  03 Sep 2017 03:04:05
# 27.0266,  5.445845,  1.055,  0.1264,  0.4211,  34.4718,  03 Sep 2017 03:08:05
# 27.0483,  5.446097,  1.008,  0.1241,  0.4376,  34.4575,  03 Sep 2017 03:12:05
# 27.0505,  5.446545,  0.888,  0.1241,  0.4120,  34.4591,  03 Sep 2017 03:16:05
# 27.0628,  5.446726,  1.067,  0.1279,  0.3999,  34.4512,  03 Sep 2017 03:20:05
# 27.0703,  5.447269,  0.962,  0.1255,  0.3735,  34.4496,  03 Sep 2017 03:24:05
# 27.0491,  5.447206,  1.060,  0.1266,  0.4134,  34.4648,  03 Sep 2017 03:28:05
# 27.0387,  5.446412,  1.041,  0.1290,  0.4244,  34.4668,  03 Sep 2017 03:32:05
# 27.0486,  5.445648,  1.087,  0.1304,  0.4159,  34.4541,  03 Sep 2017 03:36:05
# 27.0356,  5.445145,  0.907,  0.1143,  0.3848,  34.4602,  03 Sep 2017 03:40:05
# 27.0305,  5.444673,  1.043,  0.1255,  0.3938,  34.4605,  03 Sep 2017 03:44:05
# 27.0364,  5.445011,  0.916,  0.1229,  0.4036,  34.4587,  03 Sep 2017 03:48:05
# 27.0245,  5.444901,  1.064,  0.1293,  0.5992,  34.4667,  03 Sep 2017 03:52:05
# 27.0149,  5.443281,  1.081,  0.1255,  0.5089,  34.4622,  03 Sep 2017 03:56:05
