# 26.3921,  5.414681,  1.413,  0.1082,  0.2409,  34.7227,  10 Nov 2017 09:02:57
# 26.4161,  5.415795,  1.317,  0.1106,  0.2577,  34.7127,  10 Nov 2017 09:06:57
# 26.4073,  5.415983,  1.358,  0.1083,  0.2424,  34.7206,  10 Nov 2017 09:10:57
# 26.4087,  5.416541,  1.257,  0.1073,  0.2456,  34.7236,  10 Nov 2017 09:14:57
# 26.3884,  5.416031,  1.353,  0.1019,  0.2830,  34.7353,  10 Nov 2017 09:18:57
# 26.4201,  5.418283,  1.367,  0.0984,  0.2766,  34.7276,  10 Nov 2017 09:22:57
# 26.4202,  5.419053,  1.324,  0.0972,  0.2686,  34.7330,  10 Nov 2017 09:26:57
# 26.4295,  5.419987,  1.402,  0.0960,  0.2338,  34.7328,  10 Nov 2017 09:30:57
# 26.4484,  5.421542,  1.414,  0.0932,  0.2171,  34.7297,  10 Nov 2017 09:34:57
# 26.4983,  5.423473,  1.426,  0.1035,  0.2311,  34.7061,  10 Nov 2017 09:38:57
# 26.5327,  5.425028,  1.459,  0.0985,  0.2444,  34.6914,  10 Nov 2017 09:42:57
# 26.5669,  5.427219,  1.380,  0.1035,  0.2207,  34.6815,  10 Nov 2017 09:46:57
# 26.5854,  5.428311,  1.396,  0.1057,  0.2097,  34.6754,  10 Nov 2017 09:50:57
# 26.6138,  5.430196,  1.393,  0.1035,  0.2243,  34.6677,  10 Nov 2017 09:54:57
# 26.6345,  5.431689,  1.331,  0.1058,  0.2325,  34.6629,  10 Nov 2017 09:58:57
