# 24.2737,  5.157383,  0.682,  0.1050,  0.2394,  34.4436,  29 Apr 2018 08:02:05
# 24.2818,  5.157798,  0.685,  0.1051,  0.2382,  34.4405,  29 Apr 2018 08:06:05
# 24.2948,  5.159496,  0.687,  0.1099,  0.2407,  34.4433,  29 Apr 2018 08:10:05
# 24.2949,  5.159481,  0.682,  0.1049,  0.2407,  34.4431,  29 Apr 2018 08:14:05
# 24.3011,  5.159865,  0.684,  0.1012,  0.2169,  34.4412,  29 Apr 2018 08:18:05
# 24.3064,  5.160434,  0.675,  0.1026,  0.2216,  34.4414,  29 Apr 2018 08:22:05
# 24.3098,  5.159919,  0.695,  0.0985,  0.2181,  34.4349,  29 Apr 2018 08:26:05
# 24.3117,  5.161764,  0.662,  0.0947,  0.2107,  34.4473,  29 Apr 2018 08:30:05
# 24.3060,  5.162048,  0.680,  0.0972,  0.2158,  34.4538,  29 Apr 2018 08:34:05
# 24.3047,  5.162033,  0.649,  0.0950,  0.2302,  34.4547,  29 Apr 2018 08:38:05
# 24.3087,  5.162325,  0.668,  0.0948,  0.2445,  34.4538,  29 Apr 2018 08:42:05
# 24.3096,  5.162548,  0.656,  0.0959,  0.2048,  34.4548,  29 Apr 2018 08:46:05
# 24.3250,  5.163970,  0.651,  0.0925,  0.2266,  34.4536,  29 Apr 2018 08:50:05
# 24.3299,  5.164385,  0.659,  0.0913,  0.2441,  34.4529,  29 Apr 2018 08:54:05
# 24.3449,  5.163501,  0.644,  0.0939,  0.2206,  34.4348,  29 Apr 2018 08:58:05
