# 24.5396,  5.11008,    1.159, 0.0875, 0.1495,  33.8872, 24 Dec 2017 10:03:16
# 24.5487,  5.11175,    1.158, 0.0850, 0.1765,  33.8927, 24 Dec 2017 10:07:16
# 24.5564,  5.11197,    1.160, 0.0912, 0.1434,  33.8885, 24 Dec 2017 10:11:16
# 24.5761,  5.11433,    1.152, 0.0889, 0.1669,  33.8912, 24 Dec 2017 10:15:16
# 24.5813,  5.11440,    1.143, 0.0936, 0.1444,  33.8878, 24 Dec 2017 10:19:16
# 24.5969,  5.11685,    1.134, 0.0866, 0.1469,  33.8943, 24 Dec 2017 10:23:16
# 24.6118,  5.11853,    1.133, 0.0839, 0.1658,  33.8955, 24 Dec 2017 10:27:16
# 24.6290,  5.11920,    1.134, 0.0876, 0.1562,  33.8876, 24 Dec 2017 10:31:16
# 24.6380,  5.12067,    1.124, 0.0889, 0.1611,  33.8917, 24 Dec 2017 10:35:16
# 24.6457,  5.12230,    1.125, 0.0887, 0.1643,  33.8980, 24 Dec 2017 10:39:16
# 24.6662,  5.12451,    1.112, 0.0898, 0.1434,  33.8990, 24 Dec 2017 10:43:16
# 24.6777,  5.12648,    1.115, 0.0861, 0.1456,  33.9050, 24 Dec 2017 10:47:16
# 24.6993,  5.12731,    1.102, 0.0838, 0.1429,  33.8948, 24 Dec 2017 10:51:16
# 24.7024,  5.12974,    1.110, 0.0851, 0.1586,  33.9106, 24 Dec 2017 10:55:16
# 24.7028,  5.13174,    1.099, 0.0876, 0.1698,  33.9251, 24 Dec 2017 10:59:16
