# 25.4141,  5.284261,  0.806,  0.0935,  0.2574,  34.5134,  29 May 2018 12:03:04
# 25.4225,  5.284844,  0.801,  0.0960,  0.2612,  34.5113,  29 May 2018 12:07:04
# 25.4744,  5.288369,  0.829,  0.0958,  0.3043,  34.4978,  29 May 2018 12:11:04
# 25.4834,  5.288416,  0.819,  0.0998,  0.2863,  34.4913,  29 May 2018 12:15:04
# 25.4720,  5.287616,  0.808,  0.1009,  0.2921,  34.4940,  29 May 2018 12:19:04
# 25.4175,  5.284813,  0.854,  0.1008,  0.3683,  34.5149,  29 May 2018 12:23:04
# 25.4253,  5.285496,  0.860,  0.0960,  0.2612,  34.5139,  29 May 2018 12:27:04
# 25.4349,  5.285573,  0.870,  0.0973,  0.2766,  34.5072,  29 May 2018 12:31:04
# 25.4007,  5.284168,  0.868,  0.0961,  0.2908,  34.5228,  29 May 2018 12:35:04
# 25.4229,  5.286047,  0.877,  0.0971,  0.2624,  34.5198,  29 May 2018 12:39:04
# 25.4532,  5.286699,  0.866,  0.1012,  0.2539,  34.5016,  29 May 2018 12:43:04
# 25.4760,  5.287981,  0.887,  0.1034,  0.2344,  34.4937,  29 May 2018 12:47:04
# 25.4842,  5.289364,  0.901,  0.0996,  0.2801,  34.4976,  29 May 2018 12:51:04
# 25.4933,  5.290513,  0.907,  0.1024,  0.2721,  34.4991,  29 May 2018 12:55:04
# 25.4963,  5.291267,  0.895,  0.0972,  0.2732,  34.5024,  29 May 2018 12:59:04
