# 24.8730,  5.15503,    0.931, 0.0999, 0.1548,  33.9696, 13 Dec 2017 09:03:16
# 24.8375,  5.15112,    0.934, 0.1037, 0.1752,  33.9674, 13 Dec 2017 09:07:16
# 24.8148,  5.14682,    0.934, 0.0973, 0.1731,  33.9526, 13 Dec 2017 09:11:16
# 24.8369,  5.14954,    0.936, 0.0938, 0.1482,  33.9562, 13 Dec 2017 09:15:16
# 24.8768,  5.15634,    0.935, 0.0961, 0.1647,  33.9764, 13 Dec 2017 09:19:16
# 24.8558,  5.15389,    0.938, 0.0924, 0.1659,  33.9741, 13 Dec 2017 09:23:16
# 24.8493,  5.14927,    0.940, 0.0925, 0.1531,  33.9448, 13 Dec 2017 09:27:16
# 24.8863,  5.15434,    0.942, 0.0948, 0.1516,  33.9545, 13 Dec 2017 09:31:16
# 24.8758,  5.15321,    0.943, 0.0925, 0.1535,  33.9540, 13 Dec 2017 09:35:16
# 24.8492,  5.14750,    0.945, 0.0900, 0.1548,  33.9318, 13 Dec 2017 09:39:16
# 24.9051,  5.15388,    0.949, 0.0951, 0.1519,  33.9370, 13 Dec 2017 09:43:16
# 24.9724,  5.16454,    0.948, 0.0922, 0.1646,  33.9652, 13 Dec 2017 09:47:16
# 25.0169,  5.17332,    0.952, 0.0925, 0.1572,  33.9966, 13 Dec 2017 09:51:16
# 25.0159,  5.17553,    0.954, 0.0912, 0.1573,  34.0136, 13 Dec 2017 09:55:16
# 25.0076,  5.17230,    0.958, 0.0886, 0.1682,  33.9960, 13 Dec 2017 09:59:16
