# 24.8405,  5.16388,    0.777, 0.1221, 0.1839,  34.0597, 01 Jan 2018 19:03:16
# 24.8304,  5.16040,    0.748, 0.1305, 0.1828,  34.0416, 01 Jan 2018 19:07:16
# 24.8315,  5.16016,    0.747, 0.1345, 0.1828,  34.0390, 01 Jan 2018 19:11:16
# 24.8497,  5.16755,    0.762, 0.1234, 0.1781,  34.0800, 01 Jan 2018 19:15:16
# 24.8571,  5.17205,    0.741, 0.1147, 0.1794,  34.1078, 01 Jan 2018 19:19:16
# 24.8691,  5.17860,    0.737, 0.1206, 0.1937,  34.1472, 01 Jan 2018 19:23:16
# 24.8516,  5.17588,    0.736, 0.1122, 0.1804,  34.1403, 01 Jan 2018 19:27:16
# 24.8631,  5.18149,    0.727, 0.1170, 0.1791,  34.1732, 01 Jan 2018 19:31:16
# 24.8792,  5.18910,    0.715, 0.1270, 0.1853,  34.2174, 01 Jan 2018 19:35:16
# 24.8717,  5.18802,    0.712, 0.1234, 0.1781,  34.2151, 01 Jan 2018 19:39:16
# 24.8676,  5.18683,    0.702, 0.1109, 0.1925,  34.2094, 01 Jan 2018 19:43:16
# 24.8540,  5.18410,    0.711, 0.1119, 0.1767,  34.1994, 01 Jan 2018 19:47:16
# 24.8007,  5.16892,    0.699, 0.1295, 0.2022,  34.1273, 01 Jan 2018 19:51:16
# 24.7805,  5.16200,    0.701, 0.1147, 0.1975,  34.0912, 01 Jan 2018 19:55:16
# 24.8317,  5.17920,    0.696, 0.1235, 0.2111,  34.1800, 01 Jan 2018 19:59:16
