# 25.0526,  5.18733,    1.043, 0.0961, 0.1622,  34.0731, 09 Dec 2017 08:03:16
# 25.0541,  5.18666,    1.047, 0.0974, 0.1535,  34.0670, 09 Dec 2017 08:07:16
# 25.0226,  5.18207,    1.050, 0.0988, 0.1659,  34.0568, 09 Dec 2017 08:11:16
# 25.0134,  5.17671,    1.053, 0.1013, 0.1518,  34.0242, 09 Dec 2017 08:15:16
# 25.0274,  5.17858,    1.056, 0.0985, 0.1633,  34.0275, 09 Dec 2017 08:19:16
# 25.0547,  5.18415,    1.061, 0.0999, 0.1609,  34.0480, 09 Dec 2017 08:23:16
# 25.0434,  5.18146,    1.063, 0.0934, 0.1501,  34.0367, 09 Dec 2017 08:27:16
# 25.0134,  5.17483,    1.068, 0.0973, 0.1482,  34.0103, 09 Dec 2017 08:31:16
# 25.0283,  5.17704,    1.071, 0.0996, 0.1571,  34.0154, 09 Dec 2017 08:35:16
# 25.0448,  5.17987,    1.075, 0.0961, 0.1572,  34.0239, 09 Dec 2017 08:39:16
# 25.0406,  5.17906,    1.077, 0.0950, 0.1374,  34.0211, 09 Dec 2017 08:43:16
# 25.0912,  5.18637,    1.082, 0.0932, 0.1491,  34.0369, 09 Dec 2017 08:47:16
# 25.1036,  5.19011,    1.086, 0.0922, 0.1481,  34.0552, 09 Dec 2017 08:51:16
# 25.0839,  5.18695,    1.090, 0.0921, 0.1483,  34.0467, 09 Dec 2017 08:55:16
# 25.0759,  5.18422,    1.094, 0.0912, 0.1548,  34.0326, 09 Dec 2017 08:59:16
