# 27.1389,  5.47907,    0.776, 0.1182, 0.4045,  34.6250, 14 Oct 2017 05:01:27
# 27.1300,  5.47979,    0.858, 0.1143, 0.3033,  34.6367, 14 Oct 2017 05:05:27
# 27.1095,  5.47936,    0.801, 0.1093, 0.2541,  34.6489, 14 Oct 2017 05:09:27
# 27.1046,  5.47963,    0.842, 0.1119, 0.2947,  34.6545, 14 Oct 2017 05:13:27
# 27.1005,  5.47849,    0.827, 0.1131, 0.3199,  34.6494, 14 Oct 2017 05:17:27
# 27.0901,  5.47688,    0.835, 0.1131, 0.3019,  34.6457, 14 Oct 2017 05:21:27
# 27.0729,  5.47700,    0.818, 0.1107, 0.2697,  34.6594, 14 Oct 2017 05:25:27
# 27.0808,  5.47599,    0.815, 0.1093, 0.3076,  34.6463, 14 Oct 2017 05:29:27
# 27.1181,  5.47584,    0.829, 0.1158, 0.2542,  34.6174, 14 Oct 2017 05:33:27
# 27.0940,  5.47618,    0.761, 0.1180, 0.2831,  34.6379, 14 Oct 2017 05:37:27
# 27.1242,  5.47352,    0.822, 0.1206, 0.3070,  34.5965, 14 Oct 2017 05:41:27
# 27.0975,  5.47269,    0.781, 0.1158, 0.2876,  34.6104, 14 Oct 2017 05:45:27
# 27.0518,  5.47188,    0.850, 0.1080, 0.3478,  34.6386, 14 Oct 2017 05:49:27
# 27.0290,  5.47149,    0.832, 0.1094, 0.2912,  34.6529, 14 Oct 2017 05:53:27
# 26.9985,  5.47022,    0.825, 0.1084, 0.2923,  34.6665, 14 Oct 2017 05:57:27
