# 26.3832,  5.373377,  0.883,  0.0907,  0.2742,  34.4316,  17 Jun 2018 09:03:04
# 26.4046,  5.374261,  0.847,  0.0959,  0.2992,  34.4220,  17 Jun 2018 09:07:04
# 26.4163,  5.375481,  0.861,  0.0920,  0.3098,  34.4221,  17 Jun 2018 09:11:04
# 26.4163,  5.376122,  0.891,  0.0874,  0.2861,  34.4267,  17 Jun 2018 09:15:04
# 26.4533,  5.379033,  0.854,  0.0946,  0.3520,  34.4200,  17 Jun 2018 09:19:04
# 26.4538,  5.378845,  0.864,  0.0923,  0.3006,  34.4183,  17 Jun 2018 09:23:04
# 26.4546,  5.378814,  0.830,  0.0895,  0.2862,  34.4174,  17 Jun 2018 09:27:04
# 26.4451,  5.379330,  0.854,  0.0909,  0.3153,  34.4283,  17 Jun 2018 09:31:04
# 26.4915,  5.382750,  0.840,  0.0899,  0.2814,  34.4183,  17 Jun 2018 09:35:04
# 26.5024,  5.383157,  0.816,  0.0935,  0.3062,  34.4131,  17 Jun 2018 09:39:04
# 26.5400,  5.386751,  0.815,  0.0946,  0.3240,  34.4109,  17 Jun 2018 09:43:04
# 26.4994,  5.384214,  0.834,  0.0925,  0.3143,  34.4229,  17 Jun 2018 09:47:04
# 26.5446,  5.388411,  0.817,  0.0908,  0.3155,  34.4194,  17 Jun 2018 09:51:04
# 26.5637,  5.389225,  0.802,  0.0922,  0.2897,  34.4109,  17 Jun 2018 09:55:04
# 26.5578,  5.389374,  0.801,  0.0909,  0.2754,  34.4165,  17 Jun 2018 09:59:04
