# 25.9233,  5.335166,  0.859,  0.1183,  0.3706,  34.5002,  24 May 2018 18:03:04
# 25.9040,  5.333615,  0.839,  0.1209,  0.4202,  34.5035,  24 May 2018 18:07:04
# 25.8891,  5.332913,  0.840,  0.1157,  0.4016,  34.5096,  24 May 2018 18:11:04
# 25.8860,  5.331681,  0.841,  0.1121,  0.3484,  34.5029,  24 May 2018 18:15:04
# 25.8721,  5.330801,  0.814,  0.1118,  0.3717,  34.5070,  24 May 2018 18:19:04
# 25.8513,  5.328883,  0.806,  0.1157,  0.3400,  34.5088,  24 May 2018 18:23:04
# 25.8393,  5.327590,  0.775,  0.1170,  0.2970,  34.5084,  24 May 2018 18:27:04
# 25.8206,  5.326187,  0.854,  0.1094,  0.3559,  34.5123,  24 May 2018 18:31:04
# 25.8181,  5.324644,  0.817,  0.1182,  0.3436,  34.5029,  24 May 2018 18:35:04
# 25.8092,  5.323834,  0.768,  0.1208,  0.4276,  34.5037,  24 May 2018 18:39:04
# 25.7885,  5.322175,  0.850,  0.1146,  0.3581,  34.5073,  24 May 2018 18:43:04
# 25.7631,  5.320150,  0.813,  0.1159,  0.3074,  34.5117,  24 May 2018 18:47:04
# 25.7682,  5.320609,  0.803,  0.1148,  0.3017,  34.5112,  24 May 2018 18:51:04
# 25.7781,  5.319597,  0.810,  0.1170,  0.4179,  34.4963,  24 May 2018 18:55:04
# 25.7585,  5.318070,  0.790,  0.1156,  0.3581,  34.5000,  24 May 2018 18:59:04
