# 23.7681,  5.131658,  0.695,  0.0988,  0.2269,  34.6416,  06 Mar 2018 14:00:46
# 23.7605,  5.131505,  0.704,  0.0910,  0.2395,  34.6463,  06 Mar 2018 14:04:46
# 23.7388,  5.129987,  0.689,  0.0986,  0.3136,  34.6517,  06 Mar 2018 14:08:46
# 23.7124,  5.129734,  0.693,  0.1025,  0.2306,  34.6705,  06 Mar 2018 14:12:46
# 23.7200,  5.130125,  0.725,  0.0987,  0.2672,  34.6675,  06 Mar 2018 14:16:46
# 23.7188,  5.130033,  0.727,  0.0986,  0.2304,  34.6677,  06 Mar 2018 14:20:46
# 23.7067,  5.128576,  0.716,  0.0974,  0.2335,  34.6661,  06 Mar 2018 14:24:46
# 23.7023,  5.128431,  0.726,  0.0986,  0.2470,  34.6684,  06 Mar 2018 14:28:46
# 23.7102,  5.129581,  0.716,  0.0925,  0.2281,  34.6710,  06 Mar 2018 14:32:46
# 23.7580,  5.133591,  0.717,  0.0903,  0.2245,  34.6641,  06 Mar 2018 14:36:46
# 23.7827,  5.136068,  0.749,  0.0924,  0.2255,  34.6636,  06 Mar 2018 14:40:46
# 23.7910,  5.137994,  0.741,  0.0938,  0.2457,  34.6717,  06 Mar 2018 14:44:46
# 23.8117,  5.140410,  0.711,  0.0912,  0.2198,  34.6739,  06 Mar 2018 14:48:46
# 23.8381,  5.143012,  0.728,  0.0878,  0.2314,  34.6730,  06 Mar 2018 14:52:46
# 23.8839,  5.147334,  0.739,  0.0863,  0.2245,  34.6700,  06 Mar 2018 14:56:46
