# 27.7007,  5.527025,  1.263,  0.0909,  0.1815,  34.5483,  26 Sep 2017 11:00:05
# 27.7514,  5.530232,  1.171,  0.0920,  0.1817,  34.5335,  26 Sep 2017 11:04:05
# 27.7936,  5.533146,  1.194,  0.0935,  0.2234,  34.5230,  26 Sep 2017 11:08:05
# 27.8264,  5.536110,  1.095,  0.0934,  0.1791,  34.5198,  26 Sep 2017 11:12:05
# 27.8235,  5.537687,  1.124,  0.0883,  0.2012,  34.5330,  26 Sep 2017 11:16:05
# 27.8650,  5.539731,  1.161,  0.0945,  0.2010,  34.5168,  26 Sep 2017 11:20:05
# 27.8663,  5.541896,  1.182,  0.0968,  0.2422,  34.5310,  26 Sep 2017 11:24:05
# 27.8722,  5.542458,  1.134,  0.0932,  0.2098,  34.5307,  26 Sep 2017 11:28:05
# 27.7723,  5.538155,  1.139,  0.0917,  0.2097,  34.5739,  26 Sep 2017 11:32:05
# 27.8008,  5.541294,  1.109,  0.0919,  0.1817,  34.5750,  26 Sep 2017 11:36:05
# 27.7162,  5.537942,  1.188,  0.0945,  0.2333,  34.6138,  26 Sep 2017 11:40:05
# 27.7670,  5.541263,  1.156,  0.0919,  0.2037,  34.5997,  26 Sep 2017 11:44:05
# 27.7674,  5.541969,  1.105,  0.0882,  0.2184,  34.6043,  26 Sep 2017 11:48:05
# 27.7915,  5.544791,  1.156,  0.0929,  0.2293,  34.6064,  26 Sep 2017 11:52:05
# 27.8608,  5.550390,  1.132,  0.0946,  0.1891,  34.5947,  26 Sep 2017 11:56:05
