# 25.4312,  5.307435,  1.002,  0.1108,  0.7101,  34.6706,  03 Jun 2018 20:03:04
# 25.4724,  5.311107,  0.982,  0.1109,  0.7041,  34.6661,  03 Jun 2018 20:07:04
# 25.4611,  5.311053,  0.994,  0.1070,  0.6173,  34.6743,  03 Jun 2018 20:11:04
# 25.4621,  5.310648,  0.988,  0.1133,  0.7636,  34.6706,  03 Jun 2018 20:15:04
# 25.4185,  5.306968,  0.940,  0.1207,  1.2557,  34.6768,  03 Jun 2018 20:19:04
# 25.4165,  5.306462,  0.982,  0.1134,  0.7406,  34.6747,  03 Jun 2018 20:23:04
# 25.3421,  5.299852,  1.001,  0.1093,  0.7259,  34.6828,  03 Jun 2018 20:27:04
# 25.3876,  5.303289,  0.959,  0.1195,  1.0708,  34.6734,  03 Jun 2018 20:31:04
# 25.3959,  5.303841,  0.987,  0.1132,  0.6648,  34.6711,  03 Jun 2018 20:35:04
# 25.4347,  5.307248,  1.004,  0.1122,  0.5733,  34.6665,  03 Jun 2018 20:39:04
# 25.4429,  5.307699,  0.987,  0.1145,  0.6754,  34.6636,  03 Jun 2018 20:43:04
# 25.4208,  5.306244,  0.976,  0.1109,  0.6511,  34.6697,  03 Jun 2018 20:47:04
# 25.4258,  5.306361,  0.982,  0.1098,  0.6586,  34.6668,  03 Jun 2018 20:51:04
# 25.4400,  5.307186,  0.991,  0.1084,  0.6284,  34.6620,  03 Jun 2018 20:55:04
# 25.4035,  5.304977,  0.975,  0.1147,  0.8302,  34.6736,  03 Jun 2018 20:59:04
