# 24.6170,  5.231608,  0.919,  0.1059,  0.2795,  34.7343,  24 Jan 2018 20:01:23
# 24.6111,  5.231059,  0.925,  0.1063,  0.3075,  34.7348,  24 Jan 2018 20:05:23
# 24.6080,  5.227333,  0.951,  0.1183,  0.2937,  34.7093,  24 Jan 2018 20:09:23
# 24.6068,  5.225717,  0.938,  0.1135,  0.2879,  34.6982,  24 Jan 2018 20:13:23
# 24.6294,  5.225385,  0.952,  0.1171,  0.2744,  34.6782,  24 Jan 2018 20:17:23
# 24.6121,  5.226088,  0.967,  0.1172,  0.2772,  34.6969,  24 Jan 2018 20:21:23
# 24.5928,  5.225354,  0.980,  0.1098,  0.2602,  34.7063,  24 Jan 2018 20:25:23
# 24.5933,  5.227124,  0.976,  0.1147,  0.2887,  34.7191,  24 Jan 2018 20:29:23
# 24.5890,  5.226027,  0.969,  0.1122,  0.2971,  34.7142,  24 Jan 2018 20:33:23
# 24.5819,  5.225903,  0.969,  0.1061,  0.2517,  34.7188,  24 Jan 2018 20:37:23
# 24.5761,  5.224435,  0.993,  0.1097,  0.2604,  34.7123,  24 Jan 2018 20:41:23
# 24.5614,  5.224273,  0.966,  0.1071,  0.2769,  34.7225,  24 Jan 2018 20:45:23
# 24.5502,  5.219699,  0.995,  0.1083,  0.2456,  34.6970,  24 Jan 2018 20:49:23
# 24.5500,  5.219452,  1.010,  0.1100,  0.2528,  34.6953,  24 Jan 2018 20:53:23
# 24.5464,  5.217675,  0.997,  0.1184,  0.2396,  34.6848,  24 Jan 2018 20:57:23
