# 26.9591,  5.461751,  0.983,  0.1085,  0.2683,  34.6355,  20 Jul 2018 21:00:08
# 26.9532,  5.461287,  0.973,  0.1033,  0.3017,  34.6366,  20 Jul 2018 21:04:08
# 26.9344,  5.460192,  0.970,  0.1006,  0.2984,  34.6427,  20 Jul 2018 21:08:08
# 26.9227,  5.458837,  0.977,  0.0960,  0.2943,  34.6418,  20 Jul 2018 21:12:08
# 26.9086,  5.457829,  1.009,  0.0997,  0.2861,  34.6452,  20 Jul 2018 21:16:08
# 26.9024,  5.457270,  0.993,  0.0960,  0.2802,  34.6458,  20 Jul 2018 21:20:08
# 26.9138,  5.456884,  0.996,  0.1057,  0.2738,  34.6345,  20 Jul 2018 21:24:08
# 26.9135,  5.456317,  0.993,  0.1073,  0.2896,  34.6306,  20 Jul 2018 21:28:08
# 26.9104,  5.456609,  1.002,  0.1032,  0.2737,  34.6351,  20 Jul 2018 21:32:08
# 26.8899,  5.454908,  0.981,  0.1034,  0.2598,  34.6383,  20 Jul 2018 21:36:08
# 26.9170,  5.456270,  1.006,  0.1057,  0.2669,  34.6277,  20 Jul 2018 21:40:08
# 26.9247,  5.456427,  1.025,  0.1080,  0.3167,  34.6231,  20 Jul 2018 21:44:08
# 26.9093,  5.455097,  1.024,  0.1094,  0.2670,  34.6251,  20 Jul 2018 21:48:08
# 26.9067,  5.454230,  0.998,  0.1135,  0.2657,  34.6209,  20 Jul 2018 21:52:08
# 26.8968,  5.453199,  1.031,  0.1044,  0.3143,  34.6208,  20 Jul 2018 21:56:08
