# 25.9002,  5.323178,  0.864,  0.1070,  0.2489,  34.4304,  21 Apr 2018 17:02:05
# 25.9177,  5.324915,  0.861,  0.1011,  0.2229,  34.4298,  21 Apr 2018 17:06:05
# 25.9041,  5.324128,  0.881,  0.1009,  0.2430,  34.4343,  21 Apr 2018 17:10:05
# 25.8675,  5.320483,  0.849,  0.1009,  0.2418,  34.4354,  21 Apr 2018 17:14:05
# 25.8290,  5.315889,  0.884,  0.1094,  0.2466,  34.4309,  21 Apr 2018 17:18:05
# 25.8131,  5.313740,  0.877,  0.1136,  0.2779,  34.4272,  21 Apr 2018 17:22:05
# 25.7830,  5.310806,  0.847,  0.1130,  0.2647,  34.4285,  21 Apr 2018 17:26:05
# 25.7895,  5.311304,  0.889,  0.1033,  0.2792,  34.4272,  21 Apr 2018 17:30:05
# 25.8000,  5.312215,  0.898,  0.1009,  0.2370,  34.4260,  21 Apr 2018 17:34:05
# 25.7929,  5.311506,  0.915,  0.1046,  0.2517,  34.4261,  21 Apr 2018 17:38:05
# 25.7938,  5.311639,  0.920,  0.1010,  0.2323,  34.4264,  21 Apr 2018 17:42:05
# 25.7889,  5.310456,  0.906,  0.1059,  0.2206,  34.4215,  21 Apr 2018 17:46:05
# 25.7796,  5.309475,  0.921,  0.1035,  0.2164,  34.4214,  21 Apr 2018 17:50:05
# 25.7784,  5.308098,  0.919,  0.1061,  0.2660,  34.4122,  21 Apr 2018 17:54:05
# 25.7750,  5.306798,  0.932,  0.1111,  0.2230,  34.4053,  21 Apr 2018 17:58:05
