# 23.9750,  5.115369,  0.906,  0.0863,  0.3513,  34.3576,  18 Jan 2018 11:01:23
# 24.0720,  5.123986,  0.904,  0.0817,  0.3159,  34.3479,  18 Jan 2018 11:05:23
# 24.1384,  5.127128,  0.896,  0.0854,  0.2697,  34.3204,  18 Jan 2018 11:09:23
# 24.1480,  5.128546,  0.899,  0.0814,  0.2838,  34.3237,  18 Jan 2018 11:13:23
# 24.0991,  5.128685,  0.904,  0.0829,  0.3151,  34.3623,  18 Jan 2018 11:17:23
# 24.0947,  5.124791,  0.889,  0.0910,  0.3159,  34.3364,  18 Jan 2018 11:21:23
# 24.1111,  5.125519,  0.873,  0.0826,  0.3513,  34.3293,  18 Jan 2018 11:25:23
# 24.2132,  5.132371,  0.893,  0.0836,  0.2612,  34.3023,  18 Jan 2018 11:29:23
# 24.1569,  5.127488,  0.881,  0.0839,  0.3116,  34.3089,  18 Jan 2018 11:33:23
# 24.2355,  5.132616,  0.862,  0.0853,  0.3342,  34.2871,  18 Jan 2018 11:37:23
# 24.2389,  5.131374,  0.865,  0.0837,  0.3136,  34.2752,  18 Jan 2018 11:41:23
# 24.2421,  5.133506,  0.858,  0.0826,  0.3126,  34.2887,  18 Jan 2018 11:45:23
# 24.2658,  5.136106,  0.856,  0.0877,  0.3794,  34.2900,  18 Jan 2018 11:49:23
# 24.2857,  5.138576,  0.849,  0.0838,  0.3758,  34.2933,  18 Jan 2018 11:53:23
# 24.2476,  5.135799,  0.850,  0.0838,  0.3514,  34.3017,  18 Jan 2018 11:57:23
