# 27.2207,  6.276443,  0.748,  0.1144,  0.2869,  40.3005,  03 Sep 2018 02:00:08
# 27.2188,  6.279753,  0.779,  0.1119,  0.3207,  40.3263,  03 Sep 2018 02:04:08
# 27.2161,  6.277809,  0.771,  0.1156,  0.2776,  40.3145,  03 Sep 2018 02:08:08
# 27.2071,  6.275815,  0.803,  0.1169,  0.4028,  40.3078,  03 Sep 2018 02:12:08
# 27.2024,  6.272984,  0.762,  0.1156,  0.2822,  40.2912,  03 Sep 2018 02:16:08
# 27.2051,  6.276083,  0.841,  0.1156,  0.2883,  40.3115,  03 Sep 2018 02:20:08
# 27.2023,  6.274559,  0.745,  0.1118,  0.2622,  40.3028,  03 Sep 2018 02:24:08
# 27.1949,  6.276678,  0.805,  0.1129,  0.4361,  40.3247,  03 Sep 2018 02:28:08
# 27.1876,  6.276636,  0.765,  0.1093,  0.2813,  40.3308,  03 Sep 2018 02:32:08
# 27.1864,  6.273294,  0.732,  0.1095,  0.2955,  40.3075,  03 Sep 2018 02:36:08
# 27.1940,  6.273445,  0.746,  0.1168,  0.2931,  40.3019,  03 Sep 2018 02:40:08
# 27.1823,  6.271954,  0.760,  0.1105,  0.3203,  40.3012,  03 Sep 2018 02:44:08
# 27.1848,  6.271971,  0.722,  0.1118,  0.3143,  40.2992,  03 Sep 2018 02:48:08
# 27.1773,  6.272055,  0.719,  0.1093,  0.3265,  40.3063,  03 Sep 2018 02:52:08
# 27.1650,  6.270054,  0.819,  0.1034,  0.3967,  40.3024,  03 Sep 2018 02:56:08
