# 27.1566,  6.148533,  0.924,  0.1028,  0.2496,  39.4247,  04 Sep 2018 00:00:08
# 27.1504,  6.148973,  0.886,  0.1032,  0.2499,  39.4332,  04 Sep 2018 00:04:08
# 27.1553,  6.145503,  0.947,  0.1042,  0.2213,  39.4038,  04 Sep 2018 00:08:08
# 27.1659,  6.145188,  0.973,  0.1093,  0.2522,  39.3925,  04 Sep 2018 00:12:08
# 27.1530,  6.148002,  0.945,  0.1065,  0.2558,  39.4239,  04 Sep 2018 00:16:08
# 27.1451,  6.147686,  0.903,  0.0978,  0.2128,  39.4284,  04 Sep 2018 00:20:08
# 27.1559,  6.142068,  0.937,  0.1065,  0.2415,  39.3784,  04 Sep 2018 00:24:08
# 27.1657,  6.142823,  0.855,  0.1028,  0.2422,  39.3756,  04 Sep 2018 00:28:08
# 27.1529,  6.143694,  0.855,  0.1041,  0.2226,  39.3928,  04 Sep 2018 00:32:08
# 27.1295,  6.148766,  0.906,  0.1029,  0.2234,  39.4495,  04 Sep 2018 00:36:08
# 27.1360,  6.146616,  0.886,  0.1091,  0.2187,  39.4283,  04 Sep 2018 00:40:08
# 27.1413,  6.149039,  0.882,  0.1091,  0.2339,  39.4415,  04 Sep 2018 00:44:08
# 27.1383,  6.147628,  0.861,  0.1025,  0.2364,  39.4337,  04 Sep 2018 00:48:08
# 27.1328,  6.146749,  0.918,  0.1015,  0.2139,  39.4320,  04 Sep 2018 00:52:08
# 27.1278,  6.147811,  0.955,  0.1004,  0.2377,  39.4440,  04 Sep 2018 00:56:08
