# 27.1774,  6.087442,  1.088,  0.1243,  0.3312,  38.9637,  02 Aug 2018 22:00:08
# 27.1644,  6.087087,  1.002,  0.1233,  0.3097,  38.9721,  02 Aug 2018 22:04:08
# 27.1613,  6.086723,  1.074,  0.1204,  0.2834,  38.9720,  02 Aug 2018 22:08:08
# 27.1564,  6.086806,  1.056,  0.1143,  0.2633,  38.9767,  02 Aug 2018 22:12:08
# 27.1510,  6.087947,  1.017,  0.1142,  0.2898,  38.9895,  02 Aug 2018 22:16:08
# 27.1500,  6.087765,  1.039,  0.1157,  0.3106,  38.9890,  02 Aug 2018 22:20:08
# 27.1633,  6.089029,  1.032,  0.1154,  0.2813,  38.9870,  02 Aug 2018 22:24:08
# 27.1424,  6.089211,  1.048,  0.1106,  0.2943,  39.0059,  02 Aug 2018 22:28:08
# 27.1360,  6.088666,  0.991,  0.1167,  0.2984,  39.0073,  02 Aug 2018 22:32:08
# 27.1308,  6.088493,  0.995,  0.1157,  0.3106,  39.0105,  02 Aug 2018 22:36:08
# 27.1214,  6.087476,  1.041,  0.1154,  0.2702,  39.0110,  02 Aug 2018 22:40:08
# 27.1159,  6.086146,  1.022,  0.1179,  0.2860,  39.0060,  02 Aug 2018 22:44:08
# 27.1069,  6.085758,  0.987,  0.1141,  0.2981,  39.0107,  02 Aug 2018 22:48:08
# 27.1046,  6.083353,  0.977,  0.1267,  0.2979,  38.9952,  02 Aug 2018 22:52:08
# 27.0965,  6.084031,  1.007,  0.1168,  0.2718,  39.0069,  02 Aug 2018 22:56:08
