# 25.1697,  5.272171,  0.971,  0.1098,  0.3682,  34.6105,  06 Jun 2018 01:03:04
# 25.1705,  5.273894,  0.941,  0.1062,  0.3257,  34.6227,  06 Jun 2018 01:07:04
# 25.1729,  5.273428,  0.965,  0.1109,  0.3217,  34.6173,  06 Jun 2018 01:11:04
# 25.1785,  5.271473,  0.933,  0.1158,  0.3303,  34.5987,  06 Jun 2018 01:15:04
# 25.1726,  5.270014,  0.913,  0.1134,  0.3230,  34.5924,  06 Jun 2018 01:19:04
# 25.1745,  5.270519,  0.937,  0.1147,  0.3278,  34.5947,  06 Jun 2018 01:23:04
# 25.1616,  5.270868,  0.899,  0.1135,  0.3436,  34.6072,  06 Jun 2018 01:27:04
# 25.1606,  5.269169,  0.890,  0.1171,  0.2911,  34.5954,  06 Jun 2018 01:31:04
# 25.1672,  5.267773,  0.905,  0.1186,  0.2573,  34.5800,  06 Jun 2018 01:35:04
# 25.1621,  5.270946,  0.896,  0.1095,  0.3157,  34.6073,  06 Jun 2018 01:39:04
# 25.1524,  5.271628,  0.878,  0.1048,  0.3041,  34.6198,  06 Jun 2018 01:43:04
# 25.1606,  5.269030,  0.877,  0.1236,  0.3027,  34.5943,  06 Jun 2018 01:47:04
# 25.1542,  5.269984,  0.886,  0.1080,  0.3191,  34.6062,  06 Jun 2018 01:51:04
# 25.1668,  5.268812,  0.879,  0.1218,  0.3874,  34.5880,  06 Jun 2018 01:55:04
# 25.1550,  5.265904,  0.850,  0.1195,  0.4201,  34.5755,  06 Jun 2018 01:59:04
