# 27.4476,  5.512109,  0.909,  0.1095,  0.2129,  34.6301,  27 Jul 2018 21:00:08
# 27.4348,  5.512102,  0.902,  0.1083,  0.1958,  34.6396,  27 Jul 2018 21:04:08
# 27.4242,  5.509626,  0.944,  0.1169,  0.2253,  34.6299,  27 Jul 2018 21:08:08
# 27.4162,  5.510006,  0.893,  0.1081,  0.2154,  34.6385,  27 Jul 2018 21:12:08
# 27.4103,  5.512276,  0.891,  0.1045,  0.2193,  34.6590,  27 Jul 2018 21:16:08
# 27.3933,  5.511201,  0.921,  0.1057,  0.2090,  34.6639,  27 Jul 2018 21:20:08
# 27.3696,  5.508093,  0.898,  0.0970,  0.2104,  34.6596,  27 Jul 2018 21:24:08
# 27.3601,  5.501413,  0.898,  0.1083,  0.1870,  34.6193,  27 Jul 2018 21:28:08
# 27.3554,  5.502520,  0.890,  0.1031,  0.2055,  34.6306,  27 Jul 2018 21:32:08
# 27.3757,  5.503618,  0.881,  0.1277,  0.2238,  34.6233,  27 Jul 2018 21:36:08
# 27.3972,  5.507365,  0.884,  0.1215,  0.2426,  34.6339,  27 Jul 2018 21:40:08
# 27.3914,  5.507982,  0.875,  0.1131,  0.2320,  34.6426,  27 Jul 2018 21:44:08
# 27.3875,  5.506393,  0.872,  0.1241,  0.2331,  34.6342,  27 Jul 2018 21:48:08
# 27.3956,  5.508464,  0.872,  0.1106,  0.2330,  34.6429,  27 Jul 2018 21:52:08
# 27.3826,  5.507350,  0.861,  0.1070,  0.2192,  34.6447,  27 Jul 2018 21:56:08
