# 24.9194,  5.207971,  0.738,  0.1011,  0.3043,  34.3266,  20 Apr 2018 04:02:05
# 24.9131,  5.206142,  0.724,  0.1025,  0.2757,  34.3179,  20 Apr 2018 04:06:05
# 24.9217,  5.209962,  0.760,  0.1024,  0.3040,  34.3396,  20 Apr 2018 04:10:05
# 24.9306,  5.199161,  0.731,  0.1098,  0.2634,  34.2529,  20 Apr 2018 04:14:05
# 24.9308,  5.202454,  0.781,  0.1099,  0.2551,  34.2771,  20 Apr 2018 04:18:05
# 24.9325,  5.206968,  0.764,  0.1048,  0.3342,  34.3093,  20 Apr 2018 04:22:05
# 24.9291,  5.208257,  0.752,  0.1062,  0.3067,  34.3213,  20 Apr 2018 04:26:05
# 24.9281,  5.208673,  0.735,  0.1047,  0.3317,  34.3252,  20 Apr 2018 04:30:05
# 24.9085,  5.205895,  0.770,  0.1022,  0.3016,  34.3196,  20 Apr 2018 04:34:05
# 24.9084,  5.202539,  0.775,  0.1086,  0.3160,  34.2948,  20 Apr 2018 04:38:05
# 24.9116,  5.206212,  0.774,  0.1012,  0.2757,  34.3195,  20 Apr 2018 04:42:05
# 24.8988,  5.207956,  0.797,  0.1049,  0.3315,  34.3422,  20 Apr 2018 04:46:05
# 24.8875,  5.207709,  0.764,  0.0958,  0.2780,  34.3490,  20 Apr 2018 04:50:05
# 24.8803,  5.206135,  0.782,  0.1049,  0.2781,  34.3427,  20 Apr 2018 04:54:05
# 24.8745,  5.205286,  0.754,  0.0972,  0.3084,  34.3409,  20 Apr 2018 04:58:05
