# 26.2561,  5.359595,  0.848,  0.1035,  0.1829,  34.4273,  20 Nov 2017 16:02:57
# 26.2658,  5.360040,  0.845,  0.0972,  0.1695,  34.4232,  20 Nov 2017 16:06:57
# 26.2700,  5.359704,  0.858,  0.0947,  0.2221,  34.4177,  20 Nov 2017 16:10:57
# 26.2720,  5.359141,  0.886,  0.0958,  0.2171,  34.4120,  20 Nov 2017 16:14:57
# 26.2596,  5.356626,  0.858,  0.1107,  0.2060,  34.4031,  20 Nov 2017 16:18:57
# 26.2616,  5.356313,  0.862,  0.1035,  0.1794,  34.3994,  20 Nov 2017 16:22:57
# 26.2570,  5.355563,  0.848,  0.0988,  0.1765,  34.3974,  20 Nov 2017 16:26:57
# 26.2254,  5.349019,  0.858,  0.1157,  0.1951,  34.3738,  20 Nov 2017 16:30:57
# 26.2265,  5.348723,  0.853,  0.1108,  0.1793,  34.3708,  20 Nov 2017 16:34:57
# 26.2090,  5.346373,  0.841,  0.1379,  0.1999,  34.3669,  20 Nov 2017 16:38:57
# 26.2052,  5.345327,  0.855,  0.1270,  0.1756,  34.3622,  20 Nov 2017 16:42:57
# 26.1870,  5.344290,  0.865,  0.1316,  0.1927,  34.3683,  20 Nov 2017 16:46:57
# 26.2046,  5.348856,  0.864,  0.1270,  0.1817,  34.3882,  20 Nov 2017 16:50:57
# 26.1881,  5.350019,  0.877,  0.1281,  0.1854,  34.4090,  20 Nov 2017 16:54:57
# 26.1802,  5.348981,  0.870,  0.1242,  0.1939,  34.4073,  20 Nov 2017 16:58:57
