# 26.8678,  5.432321,  0.815,  0.1179,  0.3005,  34.4933,  26 Jun 2018 22:00:08
# 26.8436,  5.429885,  0.813,  0.1119,  0.2980,  34.4939,  26 Jun 2018 22:04:08
# 26.8226,  5.427819,  0.804,  0.1072,  0.2835,  34.4948,  26 Jun 2018 22:08:08
# 26.8159,  5.422430,  0.818,  0.1241,  0.3002,  34.4612,  26 Jun 2018 22:12:08
# 26.7757,  5.420263,  0.817,  0.1192,  0.4805,  34.4756,  26 Jun 2018 22:16:08
# 26.7168,  5.416425,  0.818,  0.1170,  0.3217,  34.4920,  26 Jun 2018 22:20:08
# 26.7436,  5.415781,  0.795,  0.1242,  0.3098,  34.4674,  26 Jun 2018 22:24:08
# 26.7442,  5.416056,  0.790,  0.1170,  0.3387,  34.4690,  26 Jun 2018 22:28:08
# 26.7327,  5.416786,  0.805,  0.1118,  0.3085,  34.4828,  26 Jun 2018 22:32:08
# 26.7211,  5.416558,  0.806,  0.1120,  0.2801,  34.4897,  26 Jun 2018 22:36:08
# 26.6815,  5.413922,  0.820,  0.1119,  0.2597,  34.5004,  26 Jun 2018 22:40:08
# 26.6566,  5.411521,  0.803,  0.1093,  0.2753,  34.5018,  26 Jun 2018 22:44:08
# 26.6470,  5.409787,  0.793,  0.1118,  0.3881,  34.4965,  26 Jun 2018 22:48:08
# 26.6430,  5.409222,  0.786,  0.1059,  0.2875,  34.4954,  26 Jun 2018 22:52:08
# 26.6491,  5.409065,  0.803,  0.1045,  0.2753,  34.4897,  26 Jun 2018 22:56:08
