# 27.2934,  5.493268,  0.840,  0.1205,  0.2151,  34.6110,  26 Sep 2017 02:00:05
# 27.2944,  5.492613,  0.861,  0.1318,  0.2061,  34.6056,  26 Sep 2017 02:04:05
# 27.2868,  5.491894,  0.830,  0.1170,  0.2173,  34.6062,  26 Sep 2017 02:08:05
# 27.2819,  5.491018,  0.876,  0.1157,  0.1889,  34.6036,  26 Sep 2017 02:12:05
# 27.2816,  5.491468,  0.936,  0.1156,  0.2348,  34.6070,  26 Sep 2017 02:16:05
# 27.2799,  5.491855,  0.766,  0.1156,  0.2071,  34.6111,  26 Sep 2017 02:20:05
# 27.2822,  5.492945,  0.873,  0.1205,  0.1926,  34.6171,  26 Sep 2017 02:24:05
# 27.2794,  5.492921,  0.846,  0.1193,  0.2023,  34.6190,  26 Sep 2017 02:28:05
# 27.2706,  5.493419,  0.779,  0.1107,  0.2186,  34.6290,  26 Sep 2017 02:32:05
# 27.2723,  5.492250,  0.799,  0.1142,  0.1842,  34.6195,  26 Sep 2017 02:36:05
# 27.2734,  5.491507,  0.828,  0.1206,  0.1902,  34.6134,  26 Sep 2017 02:40:05
# 27.2763,  5.491412,  0.854,  0.1230,  0.1951,  34.6106,  26 Sep 2017 02:44:05
# 27.2752,  5.492100,  0.865,  0.1168,  0.1961,  34.6162,  26 Sep 2017 02:48:05
# 27.2698,  5.492005,  0.804,  0.1167,  0.2482,  34.6196,  26 Sep 2017 02:52:05
# 27.2722,  5.491665,  0.865,  0.1205,  0.2170,  34.6154,  26 Sep 2017 02:56:05
