# 23.2478,  5.061231,  0.808,  0.1183,  0.1804,  34.5114,  08 Mar 2018 06:00:46
# 23.2566,  5.060895,  0.807,  0.1260,  0.1817,  34.5020,  08 Mar 2018 06:04:46
# 23.2672,  5.062702,  0.827,  0.1336,  0.1926,  34.5075,  08 Mar 2018 06:08:46
# 23.2640,  5.063518,  0.814,  0.1180,  0.1841,  34.5162,  08 Mar 2018 06:12:46
# 23.2506,  5.064189,  0.805,  0.1164,  0.1901,  34.5318,  08 Mar 2018 06:16:46
# 23.2172,  5.061475,  0.820,  0.1150,  0.1732,  34.5372,  08 Mar 2018 06:20:46
# 23.2098,  5.060073,  0.808,  0.1259,  0.1743,  34.5323,  08 Mar 2018 06:24:46
# 23.2210,  5.062055,  0.816,  0.1222,  0.2220,  34.5387,  08 Mar 2018 06:28:46
# 23.2312,  5.062756,  0.801,  0.1244,  0.1840,  34.5361,  08 Mar 2018 06:32:46
# 23.2160,  5.062245,  0.822,  0.1194,  0.1843,  34.5441,  08 Mar 2018 06:36:46
# 23.2106,  5.062108,  0.813,  0.1097,  0.2062,  34.5473,  08 Mar 2018 06:40:46
# 23.2056,  5.060949,  0.809,  0.1137,  0.1938,  34.5423,  08 Mar 2018 06:44:46
# 23.2180,  5.061536,  0.807,  0.1247,  0.2134,  34.5370,  08 Mar 2018 06:48:46
# 23.2164,  5.061651,  0.785,  0.1147,  0.1755,  34.5392,  08 Mar 2018 06:52:46
# 23.2084,  5.061407,  0.815,  0.1127,  0.1878,  34.5436,  08 Mar 2018 06:56:46
