# 26.6780,  5.411332,  0.829,  0.1230,  0.2441,  34.4844,  02 Jul 2018 00:00:08
# 26.6849,  5.410877,  0.818,  0.1328,  0.2056,  34.4760,  02 Jul 2018 00:04:08
# 26.6888,  5.406076,  0.790,  0.1450,  0.1960,  34.4387,  02 Jul 2018 00:08:08
# 26.6906,  5.406138,  0.797,  0.1427,  0.2107,  34.4379,  02 Jul 2018 00:12:08
# 26.6780,  5.406429,  0.788,  0.1255,  0.2526,  34.4493,  02 Jul 2018 00:16:08
# 26.6539,  5.400430,  0.787,  0.1192,  0.1750,  34.4242,  02 Jul 2018 00:20:08
# 26.6599,  5.391315,  0.802,  0.1464,  0.1970,  34.3544,  02 Jul 2018 00:24:08
# 26.6457,  5.399262,  0.795,  0.1350,  0.2029,  34.4220,  02 Jul 2018 00:28:08
# 26.6234,  5.403606,  0.807,  0.1193,  0.2078,  34.4697,  02 Jul 2018 00:32:08
# 26.6235,  5.401505,  0.788,  0.1265,  0.2095,  34.4546,  02 Jul 2018 00:36:08
# 26.6539,  5.402578,  0.783,  0.1314,  0.2166,  34.4396,  02 Jul 2018 00:40:08
# 26.6539,  5.403857,  0.769,  0.1351,  0.2094,  34.4488,  02 Jul 2018 00:44:08
# 26.6470,  5.404186,  0.800,  0.1241,  0.2825,  34.4563,  02 Jul 2018 00:48:08
# 26.6224,  5.400525,  0.766,  0.1180,  0.1984,  34.4483,  02 Jul 2018 00:52:08
# 26.6314,  5.404767,  0.765,  0.1291,  0.2055,  34.4721,  02 Jul 2018 00:56:08
