# 28.0154,  5.577090,  0.836,  0.1374,  0.1669,  34.6682,  27 Sep 2017 17:00:05
# 28.0047,  5.576614,  0.905,  0.1339,  0.2074,  34.6727,  27 Sep 2017 17:04:05
# 27.9937,  5.575755,  0.873,  0.1267,  0.1791,  34.6748,  27 Sep 2017 17:08:05
# 27.9958,  5.575135,  0.820,  0.1317,  0.2062,  34.6689,  27 Sep 2017 17:12:05
# 28.0311,  5.575874,  0.873,  0.1389,  0.1877,  34.6481,  27 Sep 2017 17:16:05
# 28.0400,  5.575397,  0.905,  0.1461,  0.1939,  34.6382,  27 Sep 2017 17:20:05
# 28.0421,  5.573838,  0.909,  0.1547,  0.1731,  34.6258,  27 Sep 2017 17:24:05
# 28.0074,  5.574395,  0.884,  0.1531,  0.1939,  34.6552,  27 Sep 2017 17:28:05
# 27.9994,  5.572846,  0.884,  0.1534,  0.2037,  34.6502,  27 Sep 2017 17:32:05
# 27.9967,  5.571844,  0.907,  0.1365,  0.1754,  34.6452,  27 Sep 2017 17:36:05
# 27.9849,  5.571248,  0.892,  0.1375,  0.1913,  34.6497,  27 Sep 2017 17:40:05
# 27.9782,  5.571471,  0.879,  0.1362,  0.1840,  34.6562,  27 Sep 2017 17:44:05
# 27.9688,  5.571066,  0.895,  0.1305,  0.1891,  34.6603,  27 Sep 2017 17:48:05
# 27.9616,  5.571018,  0.896,  0.1316,  0.1778,  34.6652,  27 Sep 2017 17:52:05
# 27.9519,  5.569095,  0.891,  0.1253,  0.1768,  34.6589,  27 Sep 2017 17:56:05
