# 27.1396,  5.446190,  1.228,  0.0859,  0.1690,  34.3905,  11 Jun 2018 15:03:04
# 27.1562,  5.448440,  1.221,  0.0896,  0.1835,  34.3943,  11 Jun 2018 15:07:04
# 27.2080,  5.452155,  1.224,  0.0919,  0.3081,  34.3824,  11 Jun 2018 15:11:04
# 27.1950,  5.448794,  1.221,  0.0958,  0.1859,  34.3682,  11 Jun 2018 15:15:04
# 27.2454,  5.452815,  1.225,  0.0935,  0.1727,  34.3595,  11 Jun 2018 15:19:04
# 27.0704,  5.441172,  1.224,  0.0932,  0.2108,  34.4060,  11 Jun 2018 15:23:04
# 27.1358,  5.444844,  1.222,  0.0907,  0.1614,  34.3838,  11 Jun 2018 15:27:04
# 27.1610,  5.448778,  1.216,  0.0906,  0.1858,  34.3931,  11 Jun 2018 15:31:04
# 27.1621,  5.449518,  1.213,  0.0897,  0.1749,  34.3976,  11 Jun 2018 15:35:04
# 27.2027,  5.452265,  1.206,  0.0906,  0.1651,  34.3872,  11 Jun 2018 15:39:04
# 27.2301,  5.453933,  1.215,  0.0932,  0.1680,  34.3788,  11 Jun 2018 15:43:04
# 27.2380,  5.453091,  1.212,  0.0968,  0.1920,  34.3669,  11 Jun 2018 15:47:04
# 27.1974,  5.449407,  1.198,  0.1008,  0.1785,  34.3708,  11 Jun 2018 15:51:04
# 27.2367,  5.452374,  1.209,  0.1009,  0.1678,  34.3628,  11 Jun 2018 15:55:04
# 27.1988,  5.449872,  1.209,  0.0958,  0.1688,  34.3730,  11 Jun 2018 15:59:04
