# 26.0482,  5.348476,  0.806,  0.0983,  0.3461,  34.5028,  09 Jun 2018 04:03:04
# 26.0396,  5.348476,  0.764,  0.0986,  0.3291,  34.5093,  09 Jun 2018 04:07:04
# 26.0567,  5.348655,  0.786,  0.1033,  0.3871,  34.4977,  09 Jun 2018 04:11:04
# 26.0596,  5.348726,  0.725,  0.1035,  0.4163,  34.4961,  09 Jun 2018 04:15:04
# 26.0430,  5.347883,  0.725,  0.0985,  0.3858,  34.5024,  09 Jun 2018 04:19:04
# 26.0589,  5.348039,  0.817,  0.1007,  0.3339,  34.4916,  09 Jun 2018 04:23:04
# 26.0777,  5.349194,  0.747,  0.1043,  0.3106,  34.4858,  09 Jun 2018 04:27:04
# 26.0559,  5.348140,  0.755,  0.1035,  0.3584,  34.4946,  09 Jun 2018 04:31:04
# 26.0711,  5.348234,  0.766,  0.1059,  0.4263,  34.4839,  09 Jun 2018 04:35:04
# 26.0629,  5.348070,  0.752,  0.1073,  0.3704,  34.4888,  09 Jun 2018 04:39:04
# 26.0356,  5.346548,  0.697,  0.1093,  0.6559,  34.4983,  09 Jun 2018 04:43:04
# 26.0500,  5.346704,  0.771,  0.1072,  0.3994,  34.4886,  09 Jun 2018 04:47:04
# 26.0400,  5.345463,  0.710,  0.1045,  0.4031,  34.4871,  09 Jun 2018 04:51:04
# 26.0239,  5.345252,  0.732,  0.1011,  0.4154,  34.4977,  09 Jun 2018 04:55:04
# 26.0142,  5.344464,  0.709,  0.1256,  1.7887,  34.4993,  09 Jun 2018 04:59:04
