# 25.6539,  5.298758,  0.772,  0.1082,  0.4755,  34.4380,  15 May 2018 00:03:04
# 25.6478,  5.299839,  0.774,  0.1067,  0.3934,  34.4505,  15 May 2018 00:07:04
# 25.6220,  5.297802,  0.750,  0.1084,  0.3550,  34.4551,  15 May 2018 00:11:04
# 25.6235,  5.296084,  0.768,  0.1145,  0.5998,  34.4414,  15 May 2018 00:15:04
# 25.6131,  5.295174,  0.775,  0.1157,  0.4324,  34.4426,  15 May 2018 00:19:04
# 25.6006,  5.294211,  0.762,  0.1109,  0.3462,  34.4450,  15 May 2018 00:23:04
# 25.5885,  5.294289,  0.760,  0.1074,  0.3500,  34.4547,  15 May 2018 00:27:04
# 25.6106,  5.293418,  0.767,  0.1156,  0.3352,  34.4317,  15 May 2018 00:31:04
# 25.6119,  5.294514,  0.799,  0.1045,  0.3474,  34.4387,  15 May 2018 00:35:04
# 25.5923,  5.293014,  0.804,  0.1097,  0.5843,  34.4425,  15 May 2018 00:39:04
# 25.5778,  5.291786,  0.794,  0.1021,  0.3827,  34.4445,  15 May 2018 00:43:04
# 25.5729,  5.293146,  0.785,  0.1061,  0.3484,  34.4582,  15 May 2018 00:47:04
# 25.5771,  5.291320,  0.820,  0.1081,  0.3326,  34.4416,  15 May 2018 00:51:04
# 25.5770,  5.291856,  0.800,  0.1035,  0.3276,  34.4456,  15 May 2018 00:55:04
# 25.5805,  5.291639,  0.826,  0.1044,  0.2920,  34.4414,  15 May 2018 00:59:04
