# 25.4231,  5.256892,  0.785,  0.0847,  0.3172,  34.3057,  15 Apr 2018 12:02:05
# 25.4588,  5.256736,  0.808,  0.0877,  0.3196,  34.2776,  15 Apr 2018 12:06:05
# 25.4415,  5.256264,  0.813,  0.0875,  0.4253,  34.2871,  15 Apr 2018 12:10:05
# 25.4792,  5.260084,  0.822,  0.0823,  0.3181,  34.2867,  15 Apr 2018 12:14:05
# 25.3987,  5.257698,  0.794,  0.0877,  0.3254,  34.3300,  15 Apr 2018 12:18:05
# 25.4108,  5.260457,  0.828,  0.0912,  0.3463,  34.3411,  15 Apr 2018 12:22:05
# 25.4524,  5.262968,  0.841,  0.0911,  0.3136,  34.3281,  15 Apr 2018 12:26:05
# 25.4460,  5.264728,  0.849,  0.0886,  0.3278,  34.3458,  15 Apr 2018 12:30:05
# 25.4717,  5.267108,  0.843,  0.0883,  0.3644,  34.3439,  15 Apr 2018 12:34:05
# 25.5364,  5.270598,  0.812,  0.0899,  0.3426,  34.3206,  15 Apr 2018 12:38:05
# 25.5600,  5.272514,  0.854,  0.0971,  0.4817,  34.3169,  15 Apr 2018 12:42:05
# 25.6085,  5.280088,  0.875,  0.0933,  0.3814,  34.3357,  15 Apr 2018 12:46:05
# 25.6244,  5.283318,  0.880,  0.0911,  0.3901,  34.3474,  15 Apr 2018 12:50:05
# 25.6050,  5.281882,  0.892,  0.0922,  0.3804,  34.3515,  15 Apr 2018 12:54:05
# 25.6292,  5.283729,  0.876,  0.0885,  0.3229,  34.3467,  15 Apr 2018 12:58:05
