# 29.4194,  5.653704,  3.520,  0.0750,  0.2821,  34.1805,  21 Nov 2017 14:04:55
# 29.4176,  5.653638,  3.581,  0.0847,  0.2832,  34.1814,  21 Nov 2017 14:11:55
# 29.4193,  5.653763,  3.576,  0.0786,  0.2820,  34.1810,  21 Nov 2017 14:18:55
# 29.4234,  5.654366,  3.563,  0.0848,  0.3005,  34.1822,  21 Nov 2017 14:25:55
# 29.4419,  5.656014,  3.573,  0.0860,  0.2892,  34.1803,  21 Nov 2017 14:32:55
# 29.4506,  5.656830,  3.582,  0.0811,  0.2858,  34.1796,  21 Nov 2017 14:39:55
# 29.4516,  5.657515,  3.606,  0.0859,  0.2831,  34.1835,  21 Nov 2017 14:46:55
# 29.4673,  5.658832,  3.653,  0.0848,  0.2844,  34.1813,  21 Nov 2017 14:53:55
# 29.4671,  5.659067,  3.627,  0.0848,  0.2844,  34.1831,  21 Nov 2017 15:00:55
# 29.4672,  5.659038,  3.641,  0.0848,  0.2797,  34.1828,  21 Nov 2017 15:07:55
# 29.4850,  5.660509,  3.674,  0.0811,  0.2819,  34.1801,  21 Nov 2017 15:14:55
# 29.4517,  5.657441,  3.698,  0.0799,  0.2869,  34.1829,  21 Nov 2017 15:21:55
# 29.4689,  5.658832,  3.688,  0.0823,  0.2845,  34.1802,  21 Nov 2017 15:28:55
# 29.4396,  5.655859,  3.693,  0.0849,  0.2882,  34.1808,  21 Nov 2017 15:35:55
# 29.4387,  5.655359,  3.710,  0.0858,  0.2844,  34.1780,  21 Nov 2017 15:42:55
# 29.4310,  5.655028,  3.761,  0.0848,  0.2831,  34.1812,  21 Nov 2017 15:49:55
# 29.4345,  5.655271,  3.718,  0.0822,  0.2844,  34.1804,  21 Nov 2017 15:56:55
# 29.4157,  5.653785,  3.777,  0.0824,  0.2832,  34.1836,  21 Nov 2017 16:03:55
# 29.4242,  5.653918,  3.794,  0.0824,  0.2834,  34.1785,  21 Nov 2017 16:10:55
# 29.4096,  5.652476,  3.834,  0.0870,  0.2845,  34.1791,  21 Nov 2017 16:17:55
# 29.3944,  5.650792,  3.825,  0.0861,  0.2833,  34.1784,  21 Nov 2017 16:24:55
# 29.3843,  5.649711,  3.872,  0.0826,  0.2832,  34.1782,  21 Nov 2017 16:31:55
# 29.3851,  5.650108,  3.877,  0.0811,  0.2920,  34.1804,  21 Nov 2017 16:38:55
# 29.3986,  5.651594,  3.927,  0.0858,  0.2869,  34.1808,  21 Nov 2017 16:45:55
# 29.3989,  5.651800,  3.906,  0.0859,  0.2844,  34.1821,  21 Nov 2017 16:52:55
# 29.3848,  5.650505,  3.901,  0.0848,  0.2819,  34.1833,  21 Nov 2017 16:59:55
# 29.3507,  5.646697,  3.904,  0.0848,  0.2795,  34.1816,  21 Nov 2017 17:06:55
# 29.3219,  5.643485,  3.953,  0.0835,  0.2821,  34.1801,  21 Nov 2017 17:13:55
# 29.2911,  5.640354,  3.960,  0.0837,  0.2846,  34.1808,  21 Nov 2017 17:20:55
# 29.2545,  5.637041,  3.997,  0.0836,  0.2819,  34.1842,  21 Nov 2017 17:27:55
# 29.2400,  5.634625,  4.024,  0.0851,  0.2846,  34.1781,  21 Nov 2017 17:34:55
# 29.2086,  5.630909,  3.992,  0.0869,  0.2856,  34.1751,  21 Nov 2017 17:41:55
# 29.1801,  5.627884,  4.008,  0.0860,  0.2843,  34.1747,  21 Nov 2017 17:48:55
# 29.1597,  5.625374,  4.006,  0.0848,  0.2831,  34.1721,  21 Nov 2017 17:55:55
# 29.1263,  5.621404,  4.030,  0.0861,  0.2833,  34.1688,  21 Nov 2017 18:02:55
# 29.1016,  5.618594,  4.014,  0.0849,  0.2857,  34.1672,  21 Nov 2017 18:09:55
# 29.0666,  5.614781,  4.083,  0.0848,  0.2856,  34.1660,  21 Nov 2017 18:16:55
# 29.0357,  5.611327,  4.064,  0.0838,  0.2895,  34.1645,  21 Nov 2017 18:23:55
# 29.0286,  5.610462,  4.093,  0.0848,  0.2845,  34.1636,  21 Nov 2017 18:30:55
# 29.0063,  5.607977,  4.069,  0.0871,  0.2833,  34.1625,  21 Nov 2017 18:37:55
# 28.9928,  5.606497,  4.099,  0.0869,  0.2882,  34.1620,  21 Nov 2017 18:44:55
# 28.9762,  5.604643,  4.114,  0.0850,  0.2857,  34.1612,  21 Nov 2017 18:51:55
# 28.9567,  5.602452,  4.111,  0.0860,  0.2882,  34.1601,  21 Nov 2017 18:58:55
# 28.9432,  5.600980,  4.112,  0.0848,  0.2908,  34.1596,  21 Nov 2017 19:05:55
# 28.9298,  5.599537,  4.110,  0.0861,  0.2882,  34.1593,  21 Nov 2017 19:12:55
# 28.9105,  5.597493,  4.098,  0.0858,  0.2956,  34.1591,  21 Nov 2017 19:19:55
# 28.9039,  5.596761,  4.082,  0.0861,  0.2844,  34.1588,  21 Nov 2017 19:26:55
# 28.8922,  5.595370,  4.113,  0.0880,  0.2882,  34.1576,  21 Nov 2017 19:33:55
# 28.8862,  5.594696,  4.098,  0.0848,  0.2870,  34.1573,  21 Nov 2017 19:40:55
# 28.8758,  5.593612,  4.087,  0.0837,  0.2907,  34.1573,  21 Nov 2017 19:47:55
# 28.8648,  5.592419,  4.110,  0.0869,  0.2871,  34.1569,  21 Nov 2017 19:54:55
# 28.8524,  5.591109,  4.099,  0.0847,  0.2833,  34.1568,  21 Nov 2017 20:01:55
# 28.8482,  5.590640,  4.101,  0.0871,  0.2895,  34.1566,  21 Nov 2017 20:08:55
# 28.8432,  5.589982,  4.031,  0.0849,  0.2932,  34.1556,  21 Nov 2017 20:15:55
# 28.8394,  5.589542,  4.053,  0.0849,  0.2893,  34.1554,  21 Nov 2017 20:22:55
# 28.8369,  5.589301,  4.096,  0.0870,  0.2882,  34.1555,  21 Nov 2017 20:29:55
# 28.8298,  5.588620,  4.085,  0.0847,  0.2921,  34.1559,  21 Nov 2017 20:36:55
# 28.8305,  5.588554,  4.027,  0.0850,  0.2833,  34.1550,  21 Nov 2017 20:43:55
# 28.8292,  5.588284,  4.056,  0.0850,  0.2859,  34.1540,  21 Nov 2017 20:50:55
# 28.8244,  5.587918,  4.020,  0.0861,  0.2856,  34.1549,  21 Nov 2017 20:57:55
# 28.8221,  5.587596,  3.997,  0.0867,  0.2859,  34.1544,  21 Nov 2017 21:04:55
# 28.8198,  5.587347,  4.067,  0.0835,  0.2884,  34.1543,  21 Nov 2017 21:11:55
# 28.8208,  5.587362,  3.981,  0.0869,  0.2881,  34.1537,  21 Nov 2017 21:18:55
# 28.8190,  5.587164,  3.999,  0.0848,  0.2894,  34.1536,  21 Nov 2017 21:25:55
# 28.8199,  5.587223,  4.005,  0.0847,  0.2894,  34.1534,  21 Nov 2017 21:32:55
# 28.8177,  5.587025,  3.983,  0.0861,  0.2847,  34.1536,  21 Nov 2017 21:39:55
# 28.8151,  5.586644,  3.960,  0.0837,  0.2846,  34.1528,  21 Nov 2017 21:46:55
# 28.8145,  5.586681,  3.977,  0.0861,  0.2895,  34.1536,  21 Nov 2017 21:53:55
# 28.8134,  5.586564,  3.946,  0.0848,  0.2810,  34.1535,  21 Nov 2017 22:00:55
# 28.8071,  5.585935,  3.915,  0.0863,  0.2856,  34.1537,  21 Nov 2017 22:07:55
# 28.7986,  5.585130,  3.940,  0.0860,  0.2834,  34.1543,  21 Nov 2017 22:14:55
# 28.7949,  5.584662,  3.900,  0.0849,  0.2818,  34.1537,  21 Nov 2017 22:21:55
# 28.7935,  5.584552,  3.886,  0.0868,  0.2821,  34.1540,  21 Nov 2017 22:28:55
# 28.7888,  5.584128,  3.836,  0.0861,  0.2845,  34.1544,  21 Nov 2017 22:35:55
# 28.7877,  5.584003,  3.874,  0.0838,  0.2822,  34.1544,  21 Nov 2017 22:42:55
# 28.7849,  5.583740,  3.884,  0.0835,  0.2831,  34.1545,  21 Nov 2017 22:49:55
# 28.7791,  5.583067,  3.848,  0.0858,  0.2784,  34.1540,  21 Nov 2017 22:56:55
# 28.7717,  5.582343,  3.806,  0.0848,  0.2832,  34.1544,  21 Nov 2017 23:03:55
# 28.7646,  5.581699,  3.819,  0.0850,  0.2807,  34.1551,  21 Nov 2017 23:10:55
# 28.7564,  5.580938,  3.767,  0.0850,  0.2820,  34.1557,  21 Nov 2017 23:17:55
# 28.7471,  5.579995,  3.768,  0.0848,  0.2833,  34.1559,  21 Nov 2017 23:24:55
# 28.7445,  5.579819,  3.781,  0.0837,  0.2833,  34.1565,  21 Nov 2017 23:31:55
# 28.7434,  5.579644,  3.747,  0.0848,  0.2832,  34.1562,  21 Nov 2017 23:38:55
# 28.7414,  5.579498,  3.766,  0.0836,  0.2807,  34.1565,  21 Nov 2017 23:45:55
# 28.7331,  5.578722,  3.750,  0.0860,  0.2881,  34.1572,  21 Nov 2017 23:52:55
# 28.7244,  5.578013,  3.750,  0.0860,  0.2796,  34.1585,  21 Nov 2017 23:59:55
# 28.7203,  5.577494,  3.781,  0.0835,  0.2819,  34.1578,  22 Nov 2017 00:06:55
# 28.7139,  5.576880,  3.740,  0.0836,  0.2810,  34.1582,  22 Nov 2017 00:13:55
# 28.7043,  5.575907,  3.694,  0.0836,  0.2898,  34.1585,  22 Nov 2017 00:20:55
# 28.6981,  5.575322,  3.733,  0.0837,  0.2819,  34.1588,  22 Nov 2017 00:27:55
# 28.6909,  5.574665,  3.715,  0.0848,  0.2798,  34.1595,  22 Nov 2017 00:34:55
# 28.6850,  5.574072,  3.694,  0.0850,  0.2796,  34.1596,  22 Nov 2017 00:41:55
# 28.6782,  5.573415,  3.719,  0.0848,  0.2807,  34.1600,  22 Nov 2017 00:48:55
# 28.6774,  5.573203,  3.711,  0.0835,  0.2820,  34.1591,  22 Nov 2017 00:55:55
# 28.6642,  5.572055,  3.724,  0.0848,  0.2809,  34.1606,  22 Nov 2017 01:02:55
# 28.6639,  5.571960,  3.694,  0.0850,  0.2820,  34.1602,  22 Nov 2017 01:09:55
# 28.6557,  5.571280,  3.720,  0.0836,  0.2832,  34.1614,  22 Nov 2017 01:16:55
# 28.6561,  5.571229,  3.717,  0.0848,  0.2782,  34.1607,  22 Nov 2017 01:23:55
# 28.6560,  5.571105,  3.699,  0.0850,  0.2797,  34.1600,  22 Nov 2017 01:30:55
# 28.6502,  5.570725,  3.702,  0.0837,  0.2797,  34.1615,  22 Nov 2017 01:37:55
# 28.6539,  5.571003,  3.723,  0.0848,  0.2820,  34.1608,  22 Nov 2017 01:44:55
# 28.6596,  5.571558,  3.734,  0.0932,  0.2797,  34.1605,  22 Nov 2017 01:51:55
# 28.6624,  5.571748,  3.714,  0.0861,  0.2831,  34.1598,  22 Nov 2017 01:58:55
# 28.6633,  5.571894,  3.755,  0.0860,  0.2821,  34.1602,  22 Nov 2017 02:05:55
# 28.6797,  5.573385,  3.754,  0.0849,  0.2831,  34.1587,  22 Nov 2017 02:12:55
# 28.7022,  5.575352,  3.754,  0.0836,  0.2869,  34.1561,  22 Nov 2017 02:19:55
# 28.7172,  5.576770,  3.799,  0.0824,  0.2883,  34.1551,  22 Nov 2017 02:26:55
# 28.7188,  5.577223,  3.776,  0.0851,  0.2881,  34.1571,  22 Nov 2017 02:33:55
# 28.7131,  5.576675,  3.828,  0.0837,  0.2918,  34.1574,  22 Nov 2017 02:40:55
# 28.6957,  5.575059,  3.792,  0.0862,  0.2818,  34.1588,  22 Nov 2017 02:47:55
# 28.6777,  5.573246,  3.813,  0.0836,  0.2810,  34.1592,  22 Nov 2017 02:54:55
# 28.6725,  5.572662,  3.841,  0.0860,  0.2821,  34.1588,  22 Nov 2017 03:01:55
# 28.6727,  5.572742,  3.870,  0.0824,  0.2834,  34.1593,  22 Nov 2017 03:08:55
# 28.6736,  5.572808,  3.830,  0.0836,  0.2808,  34.1591,  22 Nov 2017 03:15:55
# 28.6660,  5.572070,  3.867,  0.0849,  0.2805,  34.1594,  22 Nov 2017 03:22:55
# 28.6682,  5.572238,  3.878,  0.0859,  0.2821,  34.1590,  22 Nov 2017 03:29:55
# 28.6529,  5.570747,  3.922,  0.0849,  0.2808,  34.1597,  22 Nov 2017 03:36:55
# 28.6479,  5.570287,  3.915,  0.0862,  0.2808,  34.1601,  22 Nov 2017 03:43:55
# 28.6405,  5.569373,  3.941,  0.0849,  0.2836,  34.1591,  22 Nov 2017 03:50:55
# 28.6437,  5.569541,  3.922,  0.0868,  0.2821,  34.1580,  22 Nov 2017 03:57:55
# 28.6492,  5.570053,  3.989,  0.0871,  0.2870,  34.1575,  22 Nov 2017 04:04:55
# 28.6547,  5.570601,  3.984,  0.0860,  0.2797,  34.1573,  22 Nov 2017 04:11:55
# 28.6665,  5.571653,  3.966,  0.0861,  0.2822,  34.1561,  22 Nov 2017 04:18:55
# 28.6740,  5.572362,  4.010,  0.0847,  0.2820,  34.1557,  22 Nov 2017 04:25:55
# 28.6773,  5.572764,  4.033,  0.0861,  0.2831,  34.1560,  22 Nov 2017 04:32:55
# 28.6829,  5.573312,  4.128,  0.0870,  0.2809,  34.1557,  22 Nov 2017 04:39:55
# 28.6886,  5.573941,  4.084,  0.0848,  0.2822,  34.1560,  22 Nov 2017 04:46:55
# 28.6895,  5.574153,  4.084,  0.0860,  0.2831,  34.1569,  22 Nov 2017 04:53:55
# 28.6940,  5.574555,  4.078,  0.0850,  0.2808,  34.1564,  22 Nov 2017 05:00:55
# 28.7022,  5.575491,  4.124,  0.0836,  0.2808,  34.1569,  22 Nov 2017 05:07:55
# 28.7068,  5.576061,  4.101,  0.0861,  0.2819,  34.1576,  22 Nov 2017 05:14:55
# 28.7131,  5.576829,  4.138,  0.0835,  0.2796,  34.1583,  22 Nov 2017 05:21:55
# 28.7166,  5.577297,  4.141,  0.0860,  0.2821,  34.1591,  22 Nov 2017 05:28:55
# 28.7216,  5.577787,  4.143,  0.0850,  0.2810,  34.1588,  22 Nov 2017 05:35:55
# 28.7243,  5.578086,  4.154,  0.0850,  0.2810,  34.1590,  22 Nov 2017 05:42:55
# 28.7287,  5.578511,  4.154,  0.0835,  0.2808,  34.1587,  22 Nov 2017 05:49:55
# 28.7334,  5.579001,  4.265,  0.0838,  0.2772,  34.1587,  22 Nov 2017 05:56:55
# 28.7382,  5.579476,  4.186,  0.0862,  0.2811,  34.1586,  22 Nov 2017 06:03:55
# 28.7434,  5.579995,  4.260,  0.0861,  0.2832,  34.1584,  22 Nov 2017 06:10:55
# 28.7467,  5.580463,  4.303,  0.0882,  0.2834,  34.1592,  22 Nov 2017 06:17:55
# 28.7512,  5.580953,  4.221,  0.0861,  0.2821,  34.1594,  22 Nov 2017 06:24:55
# 28.7539,  5.581275,  4.277,  0.0882,  0.2832,  34.1597,  22 Nov 2017 06:31:55
# 28.7564,  5.581641,  4.248,  0.0880,  0.2882,  34.1604,  22 Nov 2017 06:38:55
# 28.7584,  5.581992,  4.191,  0.0957,  0.2820,  34.1614,  22 Nov 2017 06:45:55
# 28.7560,  5.581926,  4.252,  0.0919,  0.2832,  34.1627,  22 Nov 2017 06:52:55
# 28.7583,  5.582321,  4.239,  0.0919,  0.2810,  34.1637,  22 Nov 2017 06:59:55
# 28.7597,  5.582643,  4.316,  0.0880,  0.2809,  34.1649,  22 Nov 2017 07:06:55
# 28.7612,  5.583236,  4.307,  0.0893,  0.2833,  34.1679,  22 Nov 2017 07:13:55
# 28.7624,  5.583565,  4.314,  0.0848,  0.2895,  34.1693,  22 Nov 2017 07:20:55
# 28.7605,  5.583689,  4.260,  0.0867,  0.2821,  34.1716,  22 Nov 2017 07:27:55
# 28.7571,  5.583880,  4.277,  0.0882,  0.2833,  34.1753,  22 Nov 2017 07:34:55
# 28.7623,  5.584662,  4.296,  0.0860,  0.2859,  34.1770,  22 Nov 2017 07:41:55
# 28.7641,  5.585211,  4.228,  0.0848,  0.2786,  34.1795,  22 Nov 2017 07:48:55
# 28.7654,  5.586009,  4.222,  0.0835,  0.2798,  34.1841,  22 Nov 2017 07:55:55
# 28.7688,  5.586616,  4.228,  0.0861,  0.2820,  34.1858,  22 Nov 2017 08:02:55
# 28.7726,  5.587385,  4.284,  0.0859,  0.2820,  34.1884,  22 Nov 2017 08:09:55
# 28.7802,  5.588350,  4.183,  0.0848,  0.2771,  34.1896,  22 Nov 2017 08:16:55
# 28.7843,  5.589221,  4.197,  0.0835,  0.2858,  34.1926,  22 Nov 2017 08:23:55
# 28.7887,  5.589580,  4.204,  0.0869,  0.2809,  34.1919,  22 Nov 2017 08:30:55
# 28.7945,  5.590283,  4.223,  0.0824,  0.2820,  34.1926,  22 Nov 2017 08:37:55
# 28.8049,  5.591381,  4.181,  0.0861,  0.2821,  34.1927,  22 Nov 2017 08:44:55
# 28.8149,  5.592457,  4.171,  0.0861,  0.3068,  34.1930,  22 Nov 2017 08:51:55
# 28.8168,  5.592896,  4.193,  0.0811,  0.2821,  34.1946,  22 Nov 2017 08:58:55
# 28.8267,  5.594199,  4.176,  0.0811,  0.2856,  34.1964,  22 Nov 2017 09:05:55
# 28.8358,  5.595173,  4.195,  0.0811,  0.2808,  34.1967,  22 Nov 2017 09:12:55
# 28.8501,  5.596974,  4.123,  0.0763,  0.2845,  34.1988,  22 Nov 2017 09:19:55
# 28.8659,  5.598812,  4.087,  0.0811,  0.2870,  34.2001,  22 Nov 2017 09:26:55
# 28.8836,  5.600871,  4.089,  0.0761,  0.2773,  34.2016,  22 Nov 2017 09:33:55
# 28.8925,  5.601845,  4.086,  0.0836,  0.2820,  34.2019,  22 Nov 2017 09:40:55
# 28.9140,  5.604263,  4.053,  0.0812,  0.2896,  34.2031,  22 Nov 2017 09:47:55
# 28.9312,  5.606322,  4.047,  0.0786,  0.2833,  34.2049,  22 Nov 2017 09:54:55
# 28.9418,  5.607472,  4.044,  0.0799,  0.2759,  34.2052,  22 Nov 2017 10:01:55
# 28.9521,  5.608638,  4.066,  0.0788,  0.2820,  34.2059,  22 Nov 2017 10:08:55
# 28.9722,  5.610896,  4.033,  0.0800,  0.2869,  34.2070,  22 Nov 2017 10:15:55
# 28.9807,  5.611643,  4.038,  0.0835,  0.2918,  34.2060,  22 Nov 2017 10:22:55
# 28.9915,  5.612890,  3.993,  0.0824,  0.2807,  34.2068,  22 Nov 2017 10:29:55
# 29.0082,  5.615273,  3.962,  0.0825,  0.2821,  34.2112,  22 Nov 2017 10:36:55
# 29.0232,  5.616952,  3.939,  0.0811,  0.3214,  34.2120,  22 Nov 2017 10:43:55
# 29.0489,  5.619270,  3.891,  0.0811,  0.2846,  34.2095,  22 Nov 2017 10:50:55
# 29.0571,  5.620048,  3.887,  0.0800,  0.2846,  34.2090,  22 Nov 2017 10:57:55
# 29.0787,  5.622895,  3.869,  0.0787,  0.2869,  34.2130,  22 Nov 2017 11:04:55
# 29.0937,  5.624318,  3.909,  0.0787,  0.2868,  34.2121,  22 Nov 2017 11:11:55
# 29.1070,  5.626270,  3.843,  0.0822,  0.2882,  34.2160,  22 Nov 2017 11:18:55
# 29.1229,  5.627672,  3.854,  0.0787,  0.2894,  34.2142,  22 Nov 2017 11:25:55
# 29.1260,  5.627555,  3.803,  0.0764,  0.2906,  34.2111,  22 Nov 2017 11:32:55
# 29.1397,  5.628957,  3.776,  0.0800,  0.2930,  34.2110,  22 Nov 2017 11:39:55
# 29.1572,  5.631497,  3.758,  0.0823,  0.2907,  34.2158,  22 Nov 2017 11:46:55
# 29.1662,  5.632672,  3.729,  0.0848,  0.2807,  34.2175,  22 Nov 2017 11:53:55
# 29.1873,  5.634655,  3.771,  0.0774,  0.2894,  34.2160,  22 Nov 2017 12:00:55
# 29.2018,  5.635947,  3.698,  0.0737,  0.2845,  34.2145,  22 Nov 2017 12:07:55
# 29.2279,  5.638930,  3.673,  0.0813,  0.2868,  34.2162,  22 Nov 2017 12:14:55
# 29.2366,  5.640149,  3.651,  0.0836,  0.2919,  34.2183,  22 Nov 2017 12:21:55
# 29.2666,  5.643383,  3.707,  0.0799,  0.2883,  34.2190,  22 Nov 2017 12:28:55
# 29.2714,  5.644030,  3.646,  0.0800,  0.2831,  34.2200,  22 Nov 2017 12:35:55
# 29.2834,  5.645455,  3.656,  0.0810,  0.2956,  34.2212,  22 Nov 2017 12:42:55
# 29.3130,  5.648514,  3.633,  0.0800,  0.2833,  34.2209,  22 Nov 2017 12:49:55
# 29.3286,  5.650197,  3.608,  0.0835,  0.2845,  34.2212,  22 Nov 2017 12:56:55
# 29.3499,  5.652823,  3.631,  0.0711,  0.2809,  34.2240,  22 Nov 2017 13:03:55
# 29.3718,  5.655368,  3.569,  0.0870,  0.2907,  34.2258,  22 Nov 2017 13:10:55
# 29.3874,  5.656817,  3.567,  0.0870,  0.2931,  34.2245,  22 Nov 2017 13:17:55
# 29.4007,  5.657685,  3.573,  0.0824,  0.2881,  34.2209,  22 Nov 2017 13:24:55
# 29.4273,  5.660761,  3.571,  0.1042,  0.3066,  34.2229,  22 Nov 2017 13:31:55
# 29.4266,  5.661210,  3.582,  0.0824,  0.2931,  34.2265,  22 Nov 2017 13:38:55
# 29.4382,  5.662056,  3.615,  0.0825,  0.2895,  34.2240,  22 Nov 2017 13:45:55
# 29.4477,  5.663315,  3.584,  0.0787,  0.2831,  34.2258,  22 Nov 2017 13:52:55
# 29.4459,  5.663616,  3.574,  0.0824,  0.2855,  34.2291,  22 Nov 2017 13:59:55
