# 28.6298,  5.639360,  3.882,  0.0906,  0.2698,  34.6506,  10 Nov 2017 14:03:55
# 28.6325,  5.639896,  3.838,  0.0881,  0.2662,  34.6524,  10 Nov 2017 14:10:55
# 28.6409,  5.641006,  3.815,  0.0905,  0.2687,  34.6540,  10 Nov 2017 14:17:55
# 28.6442,  5.641674,  3.868,  0.0893,  0.2660,  34.6562,  10 Nov 2017 14:24:55
# 28.6520,  5.643357,  3.824,  0.0943,  0.2660,  34.6621,  10 Nov 2017 14:31:55
# 28.6605,  5.644577,  3.819,  0.0955,  0.2759,  34.6644,  10 Nov 2017 14:38:55
# 28.6668,  5.645680,  3.778,  0.0893,  0.2674,  34.6675,  10 Nov 2017 14:45:55
# 28.6691,  5.646092,  3.801,  0.0918,  0.2699,  34.6686,  10 Nov 2017 14:52:55
# 28.6751,  5.647106,  3.811,  0.0882,  0.2820,  34.6712,  10 Nov 2017 14:59:55
# 28.6805,  5.647805,  3.750,  0.0893,  0.2699,  34.6721,  10 Nov 2017 15:06:55
# 28.6859,  5.648268,  3.779,  0.0907,  0.2673,  34.6714,  10 Nov 2017 15:13:55
# 28.6895,  5.648893,  3.755,  0.0868,  0.2637,  34.6731,  10 Nov 2017 15:20:55
# 28.6942,  5.649415,  3.696,  0.0895,  0.2637,  34.6733,  10 Nov 2017 15:27:55
# 28.6984,  5.649944,  3.710,  0.0918,  0.2686,  34.6739,  10 Nov 2017 15:34:55
# 28.7023,  5.650194,  3.701,  0.0906,  0.2635,  34.6728,  10 Nov 2017 15:41:55
# 28.7043,  5.649863,  3.700,  0.0918,  0.2650,  34.6691,  10 Nov 2017 15:48:55
# 28.7065,  5.649157,  3.696,  0.0932,  0.2648,  34.6626,  10 Nov 2017 15:55:55
# 28.7065,  5.648584,  3.673,  0.0906,  0.2660,  34.6586,  10 Nov 2017 16:02:55
# 28.7056,  5.647370,  3.685,  0.0906,  0.2650,  34.6509,  10 Nov 2017 16:09:55
# 28.7044,  5.645275,  3.701,  0.0906,  0.2613,  34.6373,  10 Nov 2017 16:16:55
# 28.7025,  5.643408,  3.753,  0.0919,  0.2625,  34.6257,  10 Nov 2017 16:23:55
# 28.6942,  5.640181,  3.662,  0.0905,  0.2625,  34.6095,  10 Nov 2017 16:30:55
# 28.6872,  5.637441,  3.711,  0.0956,  0.2636,  34.5956,  10 Nov 2017 16:37:55
# 28.6874,  5.637779,  3.708,  0.0918,  0.2586,  34.5978,  10 Nov 2017 16:44:55
# 28.6878,  5.638675,  3.710,  0.0919,  0.2636,  34.6037,  10 Nov 2017 16:51:55
# 28.6862,  5.638337,  3.710,  0.0905,  0.2599,  34.6026,  10 Nov 2017 16:58:55
# 28.6835,  5.638910,  3.656,  0.0893,  0.2612,  34.6085,  10 Nov 2017 17:05:55
# 28.6794,  5.638771,  3.645,  0.0893,  0.2598,  34.6106,  10 Nov 2017 17:12:55
# 28.6768,  5.637683,  3.702,  0.0880,  0.2600,  34.6049,  10 Nov 2017 17:19:55
# 28.6741,  5.638896,  3.696,  0.0906,  0.2597,  34.6152,  10 Nov 2017 17:26:55
# 28.6720,  5.638984,  3.720,  0.0893,  0.2611,  34.6173,  10 Nov 2017 17:33:55
# 28.6681,  5.638242,  3.663,  0.0893,  0.2686,  34.6151,  10 Nov 2017 17:40:55
# 28.6674,  5.639499,  3.656,  0.0918,  0.2710,  34.6243,  10 Nov 2017 17:47:55
# 28.6638,  5.639881,  3.671,  0.0905,  0.2638,  34.6295,  10 Nov 2017 17:54:55
# 28.6616,  5.640520,  3.697,  0.0870,  0.2599,  34.6355,  10 Nov 2017 18:01:55
# 28.6588,  5.639396,  3.705,  0.0859,  0.2636,  34.6298,  10 Nov 2017 18:08:55
# 28.6543,  5.639778,  3.729,  0.0850,  0.2612,  34.6357,  10 Nov 2017 18:15:55
# 28.6510,  5.639881,  3.691,  0.0859,  0.2586,  34.6389,  10 Nov 2017 18:22:55
# 28.6484,  5.640278,  3.671,  0.0867,  0.2627,  34.6435,  10 Nov 2017 18:29:55
# 28.6454,  5.640520,  3.661,  0.0906,  0.2612,  34.6474,  10 Nov 2017 18:36:55
# 28.6412,  5.641072,  3.707,  0.0868,  0.2635,  34.6542,  10 Nov 2017 18:43:55
# 28.6351,  5.640337,  3.716,  0.0882,  0.2625,  34.6536,  10 Nov 2017 18:50:55
# 28.6295,  5.639147,  3.753,  0.0879,  0.2637,  34.6495,  10 Nov 2017 18:57:55
# 28.6269,  5.638853,  3.733,  0.0883,  0.2672,  34.6493,  10 Nov 2017 19:04:55
# 28.6215,  5.638412,  3.744,  0.0880,  0.2625,  34.6502,  10 Nov 2017 19:11:55
# 28.6183,  5.638713,  3.802,  0.0868,  0.2636,  34.6546,  10 Nov 2017 19:18:55
# 28.6095,  5.637788,  3.749,  0.0883,  0.2623,  34.6546,  10 Nov 2017 19:25:55
# 28.5968,  5.634776,  3.800,  0.0883,  0.2625,  34.6430,  10 Nov 2017 19:32:55
# 28.5788,  5.630663,  3.803,  0.0906,  0.2610,  34.6277,  10 Nov 2017 19:39:55
# 28.5726,  5.628226,  3.810,  0.0905,  0.2598,  34.6153,  10 Nov 2017 19:46:55
# 28.5597,  5.624078,  3.806,  0.0906,  0.2650,  34.5960,  10 Nov 2017 19:53:55
# 28.5502,  5.620461,  3.831,  0.0895,  0.2638,  34.5778,  10 Nov 2017 20:00:55
# 28.5431,  5.617196,  3.817,  0.0892,  0.2638,  34.5604,  10 Nov 2017 20:07:55
# 28.5318,  5.612957,  3.901,  0.0894,  0.2674,  34.5392,  10 Nov 2017 20:14:55
# 28.5269,  5.611109,  3.824,  0.0894,  0.2637,  34.5300,  10 Nov 2017 20:21:55
# 28.5209,  5.608814,  3.872,  0.0882,  0.2624,  34.5184,  10 Nov 2017 20:28:55
# 28.5149,  5.606395,  3.913,  0.0904,  0.2672,  34.5060,  10 Nov 2017 20:35:55
# 28.5094,  5.604578,  3.885,  0.0919,  0.2660,  34.4974,  10 Nov 2017 20:42:55
# 28.5076,  5.603501,  3.916,  0.0904,  0.2710,  34.4913,  10 Nov 2017 20:49:55
# 28.5087,  5.602482,  3.963,  0.0894,  0.2698,  34.4833,  10 Nov 2017 20:56:55
# 28.5182,  5.602335,  3.960,  0.0916,  0.2648,  34.4755,  10 Nov 2017 21:03:55
# 28.5262,  5.603061,  3.985,  0.0904,  0.2625,  34.4746,  10 Nov 2017 21:10:55
# 28.5278,  5.602841,  3.977,  0.0942,  0.2585,  34.4720,  10 Nov 2017 21:17:55
# 28.5289,  5.602797,  3.954,  0.0930,  0.2637,  34.4709,  10 Nov 2017 21:24:55
# 28.5292,  5.602716,  3.995,  0.0930,  0.2638,  34.4701,  10 Nov 2017 21:31:55
# 28.5333,  5.603764,  3.986,  0.0918,  0.2624,  34.4744,  10 Nov 2017 21:38:55
# 28.5339,  5.603705,  4.032,  0.0933,  0.2637,  34.4735,  10 Nov 2017 21:45:55
# 28.5362,  5.604599,  3.982,  0.0945,  0.2625,  34.4781,  10 Nov 2017 21:52:55
# 28.5390,  5.605779,  4.044,  0.0917,  0.2613,  34.4842,  10 Nov 2017 21:59:55
# 28.5398,  5.606739,  4.017,  0.0918,  0.2661,  34.4903,  10 Nov 2017 22:06:55
# 28.5398,  5.607363,  4.088,  0.0932,  0.2638,  34.4946,  10 Nov 2017 22:13:55
# 28.5394,  5.607692,  4.149,  0.0967,  0.2624,  34.4971,  10 Nov 2017 22:20:55
# 28.5373,  5.608132,  4.105,  0.0932,  0.2635,  34.5017,  10 Nov 2017 22:27:55
# 28.5359,  5.608308,  4.071,  0.0956,  0.2699,  34.5039,  10 Nov 2017 22:34:55
# 28.5281,  5.607612,  4.040,  0.0967,  0.2612,  34.5048,  10 Nov 2017 22:41:55
# 28.5285,  5.607524,  4.144,  0.0943,  0.2647,  34.5039,  10 Nov 2017 22:48:55
# 28.5224,  5.606373,  4.084,  0.0955,  0.2626,  34.5004,  10 Nov 2017 22:55:55
# 28.5188,  5.605662,  4.032,  0.0970,  0.2649,  34.4980,  10 Nov 2017 23:02:55
# 28.5161,  5.605091,  4.090,  0.0954,  0.2662,  34.4960,  10 Nov 2017 23:09:55
# 28.5132,  5.604475,  4.100,  0.0930,  0.2672,  34.4939,  10 Nov 2017 23:16:55
# 28.5104,  5.604182,  4.056,  0.0941,  0.2648,  34.4939,  10 Nov 2017 23:23:55
# 28.5084,  5.603808,  4.066,  0.0968,  0.2673,  34.4928,  10 Nov 2017 23:30:55
# 28.5076,  5.603713,  4.082,  0.0953,  0.2649,  34.4927,  10 Nov 2017 23:37:55
# 28.5057,  5.603427,  4.100,  0.0957,  0.2686,  34.4921,  10 Nov 2017 23:44:55
# 28.5036,  5.602915,  4.126,  0.0994,  0.2747,  34.4900,  10 Nov 2017 23:51:55
# 28.5024,  5.602468,  4.156,  0.0968,  0.2736,  34.4878,  10 Nov 2017 23:58:55
# 28.5019,  5.602087,  4.119,  0.0943,  0.2649,  34.4856,  11 Nov 2017 00:05:55
# 28.5015,  5.601457,  4.138,  0.0968,  0.2685,  34.4815,  11 Nov 2017 00:12:55
# 28.5029,  5.601354,  4.123,  0.0969,  0.2649,  34.4797,  11 Nov 2017 00:19:55
# 28.5031,  5.601134,  4.138,  0.0944,  0.2673,  34.4780,  11 Nov 2017 00:26:55
# 28.5045,  5.600995,  4.068,  0.0956,  0.2660,  34.4761,  11 Nov 2017 00:33:55
# 28.5062,  5.600966,  4.083,  0.0954,  0.2676,  34.4747,  11 Nov 2017 00:40:55
# 28.5070,  5.600870,  4.044,  0.0943,  0.2686,  34.4734,  11 Nov 2017 00:47:55
# 28.5077,  5.600819,  4.096,  0.0967,  0.2636,  34.4725,  11 Nov 2017 00:54:55
# 28.5078,  5.600812,  4.031,  0.0944,  0.2625,  34.4724,  11 Nov 2017 01:01:55
# 28.5067,  5.600592,  4.090,  0.0904,  0.2673,  34.4717,  11 Nov 2017 01:08:55
# 28.5047,  5.600365,  4.018,  0.0943,  0.2636,  34.4716,  11 Nov 2017 01:15:55
# 28.5022,  5.600064,  4.068,  0.0944,  0.2647,  34.4713,  11 Nov 2017 01:22:55
# 28.4988,  5.599676,  4.016,  0.0942,  0.2636,  34.4711,  11 Nov 2017 01:29:55
# 28.4951,  5.599185,  4.036,  0.0905,  0.2660,  34.4704,  11 Nov 2017 01:36:55
# 28.4867,  5.598058,  4.011,  0.0932,  0.2673,  34.4687,  11 Nov 2017 01:43:55
# 28.4822,  5.597428,  4.023,  0.0944,  0.2697,  34.4676,  11 Nov 2017 01:50:55
# 28.4719,  5.595941,  4.039,  0.0941,  0.2698,  34.4648,  11 Nov 2017 01:57:55
# 28.4691,  5.595399,  4.020,  0.0918,  0.2721,  34.4630,  11 Nov 2017 02:04:55
# 28.4635,  5.594520,  3.984,  0.0904,  0.2649,  34.4610,  11 Nov 2017 02:11:55
# 28.4560,  5.593400,  4.040,  0.0941,  0.3481,  34.4587,  11 Nov 2017 02:18:55
# 28.4483,  5.592163,  3.969,  0.0944,  0.2674,  34.4557,  11 Nov 2017 02:25:55
# 28.4418,  5.591182,  3.968,  0.0944,  0.2686,  34.4536,  11 Nov 2017 02:32:55
# 28.4353,  5.590348,  3.978,  0.0906,  0.2687,  34.4525,  11 Nov 2017 02:39:55
# 28.4324,  5.589945,  3.950,  0.0918,  0.2712,  34.4519,  11 Nov 2017 02:46:55
# 28.4283,  5.589565,  3.999,  0.0931,  0.2760,  34.4522,  11 Nov 2017 02:53:55
# 28.4252,  5.589257,  3.913,  0.0942,  0.2660,  34.4524,  11 Nov 2017 03:00:55
# 28.4231,  5.589045,  3.945,  0.0906,  0.2625,  34.4524,  11 Nov 2017 03:07:55
# 28.4201,  5.588869,  3.923,  0.0918,  0.2636,  34.4534,  11 Nov 2017 03:14:55
# 28.4174,  5.588694,  3.878,  0.0930,  0.2710,  34.4541,  11 Nov 2017 03:21:55
# 28.4169,  5.588628,  3.876,  0.0893,  0.2735,  34.4540,  11 Nov 2017 03:28:55
# 28.4146,  5.588474,  3.869,  0.0932,  0.2686,  34.4546,  11 Nov 2017 03:35:55
# 28.4131,  5.588357,  3.853,  0.0918,  0.2660,  34.4549,  11 Nov 2017 03:42:55
# 28.4113,  5.588401,  3.887,  0.0944,  0.2661,  34.4565,  11 Nov 2017 03:49:55
# 28.4076,  5.588218,  3.864,  0.0918,  0.2650,  34.4580,  11 Nov 2017 03:56:55
# 28.4047,  5.587874,  3.861,  0.0943,  0.2612,  34.4577,  11 Nov 2017 04:03:55
# 28.4013,  5.587611,  3.862,  0.0919,  0.2625,  34.4584,  11 Nov 2017 04:10:55
# 28.3969,  5.587516,  3.831,  0.0918,  0.2647,  34.4608,  11 Nov 2017 04:17:55
# 28.3911,  5.587135,  3.831,  0.0932,  0.2623,  34.4625,  11 Nov 2017 04:24:55
# 28.3856,  5.586908,  3.822,  0.0905,  0.2638,  34.4649,  11 Nov 2017 04:31:55
# 28.3805,  5.586850,  3.813,  0.0919,  0.2673,  34.4682,  11 Nov 2017 04:38:55
# 28.3772,  5.586623,  3.810,  0.0893,  0.2637,  34.4690,  11 Nov 2017 04:45:55
# 28.3741,  5.586491,  3.813,  0.0893,  0.2625,  34.4704,  11 Nov 2017 04:52:55
# 28.3748,  5.586616,  3.766,  0.0905,  0.2599,  34.4707,  11 Nov 2017 04:59:55
# 28.3739,  5.586660,  3.801,  0.0944,  0.2674,  34.4716,  11 Nov 2017 05:06:55
# 28.3737,  5.586733,  3.825,  0.0919,  0.2638,  34.4723,  11 Nov 2017 05:13:55
# 28.3734,  5.586843,  3.834,  0.0905,  0.2650,  34.4733,  11 Nov 2017 05:20:55
# 28.3722,  5.586909,  3.815,  0.0906,  0.2638,  34.4747,  11 Nov 2017 05:27:55
# 28.3719,  5.586960,  3.873,  0.0919,  0.2611,  34.4752,  11 Nov 2017 05:34:55
# 28.3681,  5.586755,  3.815,  0.0893,  0.2957,  34.4766,  11 Nov 2017 05:41:55
# 28.3668,  5.586023,  3.813,  0.0883,  0.2675,  34.4724,  11 Nov 2017 05:48:55
# 28.3635,  5.584164,  3.794,  0.0860,  0.2623,  34.4619,  11 Nov 2017 05:55:55
# 28.3601,  5.583096,  3.802,  0.0882,  0.2612,  34.4570,  11 Nov 2017 06:02:55
# 28.3568,  5.582401,  3.858,  0.0867,  0.2625,  34.4545,  11 Nov 2017 06:09:55
# 28.3545,  5.582072,  3.864,  0.0861,  0.2637,  34.4539,  11 Nov 2017 06:16:55
# 28.3531,  5.582116,  3.809,  0.0893,  0.2561,  34.4552,  11 Nov 2017 06:23:55
# 28.3491,  5.581633,  3.850,  0.0880,  0.2575,  34.4548,  11 Nov 2017 06:30:55
# 28.3489,  5.581524,  3.865,  0.0893,  0.2596,  34.4541,  11 Nov 2017 06:37:55
# 28.3469,  5.581575,  3.870,  0.0980,  0.2588,  34.4560,  11 Nov 2017 06:44:55
# 28.3460,  5.581597,  3.854,  0.1080,  0.2599,  34.4568,  11 Nov 2017 06:51:55
# 28.3442,  5.581494,  3.888,  0.0919,  0.2588,  34.4573,  11 Nov 2017 06:58:55
# 28.3441,  5.581553,  3.830,  0.0980,  0.2574,  34.4579,  11 Nov 2017 07:05:55
# 28.3432,  5.581912,  3.947,  0.0941,  0.2562,  34.4610,  11 Nov 2017 07:12:55
# 28.3439,  5.582350,  3.930,  0.0931,  0.2574,  34.4636,  11 Nov 2017 07:19:55
# 28.3464,  5.583053,  3.911,  0.0906,  0.2625,  34.4666,  11 Nov 2017 07:26:55
# 28.3465,  5.583287,  3.865,  0.0917,  0.2548,  34.4681,  11 Nov 2017 07:33:55
# 28.3463,  5.583543,  3.889,  0.0906,  0.2573,  34.4701,  11 Nov 2017 07:40:55
# 28.3449,  5.583594,  3.918,  0.0880,  0.2564,  34.4715,  11 Nov 2017 07:47:55
# 28.3474,  5.584216,  3.929,  0.0931,  0.2575,  34.4739,  11 Nov 2017 07:54:55
# 28.3455,  5.583748,  3.930,  0.0894,  0.2587,  34.4721,  11 Nov 2017 08:01:55
# 28.3473,  5.583967,  3.959,  0.0880,  0.2562,  34.4723,  11 Nov 2017 08:08:55
# 28.3492,  5.584406,  3.922,  0.0905,  0.2572,  34.4740,  11 Nov 2017 08:15:55
# 28.3530,  5.585233,  3.951,  0.0871,  0.2574,  34.4769,  11 Nov 2017 08:22:55
# 28.3616,  5.586638,  3.963,  0.0869,  0.2599,  34.4804,  11 Nov 2017 08:29:55
# 28.3689,  5.588021,  4.017,  0.0862,  0.2550,  34.4847,  11 Nov 2017 08:36:55
# 28.3841,  5.589997,  4.047,  0.0893,  0.2586,  34.4874,  11 Nov 2017 08:43:55
# 28.3866,  5.590722,  4.059,  0.0836,  0.2575,  34.4905,  11 Nov 2017 08:50:55
# 28.4002,  5.593270,  4.031,  0.0861,  0.2560,  34.4983,  11 Nov 2017 08:57:55
# 28.4197,  5.595979,  4.067,  0.0849,  0.2697,  34.5030,  11 Nov 2017 09:04:55
# 28.4400,  5.599487,  4.014,  0.0835,  0.2574,  34.5125,  11 Nov 2017 09:11:55
# 28.4678,  5.604154,  4.012,  0.0848,  0.2612,  34.5247,  11 Nov 2017 09:18:55
# 28.4992,  5.608771,  4.051,  0.0861,  0.2599,  34.5339,  11 Nov 2017 09:25:55
# 28.5246,  5.612884,  4.043,  0.0849,  0.2585,  34.5439,  11 Nov 2017 09:32:55
# 28.5550,  5.617181,  4.038,  0.0812,  0.2587,  34.5516,  11 Nov 2017 09:39:55
# 28.5939,  5.622280,  4.070,  0.0836,  0.2624,  34.5586,  11 Nov 2017 09:46:55
# 28.6228,  5.625978,  4.061,  0.0822,  0.2636,  34.5631,  11 Nov 2017 09:53:55
# 28.6362,  5.628239,  4.042,  0.0848,  0.2649,  34.5690,  11 Nov 2017 10:00:55
# 28.6743,  5.632586,  4.139,  0.0834,  0.2685,  34.5713,  11 Nov 2017 10:07:55
# 28.7005,  5.636030,  4.142,  0.0797,  0.2638,  34.5761,  11 Nov 2017 10:14:55
# 28.7377,  5.640556,  4.146,  0.0837,  0.2625,  34.5803,  11 Nov 2017 10:21:55
# 28.7574,  5.642731,  4.115,  0.0860,  0.2674,  34.5810,  11 Nov 2017 10:28:55
# 28.7944,  5.647398,  4.129,  0.0824,  0.2612,  34.5864,  11 Nov 2017 10:35:55
# 28.8146,  5.650295,  4.125,  0.0786,  0.2612,  34.5917,  11 Nov 2017 10:42:55
# 28.8525,  5.654929,  4.158,  0.0835,  0.2625,  34.5960,  11 Nov 2017 10:49:55
# 28.8860,  5.658512,  4.175,  0.0811,  0.2711,  34.5964,  11 Nov 2017 10:56:55
# 28.9078,  5.661227,  4.180,  0.0861,  0.2699,  34.5994,  11 Nov 2017 11:03:55
# 28.9435,  5.665386,  4.187,  0.0836,  0.2638,  34.6021,  11 Nov 2017 11:10:55
# 28.9772,  5.669170,  4.117,  0.0796,  0.2625,  34.6037,  11 Nov 2017 11:17:55
# 29.0082,  5.672558,  4.105,  0.0824,  0.2612,  34.6045,  11 Nov 2017 11:24:55
# 29.0221,  5.674370,  4.158,  0.0798,  0.2673,  34.6069,  11 Nov 2017 11:31:55
# 29.0593,  5.678157,  4.153,  0.0799,  0.2685,  34.6059,  11 Nov 2017 11:38:55
# 29.0770,  5.679963,  4.085,  0.0850,  0.2622,  34.6055,  11 Nov 2017 11:45:55
# 29.1104,  5.683501,  4.158,  0.0860,  0.2686,  34.6057,  11 Nov 2017 11:52:55
# 29.1367,  5.686509,  4.173,  0.0837,  0.2698,  34.6072,  11 Nov 2017 11:59:55
# 29.1678,  5.689525,  4.147,  0.0809,  0.2735,  34.6054,  11 Nov 2017 12:06:55
# 29.1762,  5.690078,  4.169,  0.0861,  0.2699,  34.6032,  11 Nov 2017 12:13:55
# 29.2035,  5.692733,  4.140,  0.0869,  0.2660,  34.6016,  11 Nov 2017 12:20:55
# 29.2358,  5.696201,  4.080,  0.0810,  0.2699,  34.6021,  11 Nov 2017 12:27:55
# 29.2666,  5.699057,  4.166,  0.0822,  0.2709,  34.5993,  11 Nov 2017 12:34:55
# 29.2840,  5.700740,  4.064,  0.0835,  0.2685,  34.5983,  11 Nov 2017 12:41:55
# 29.2904,  5.701050,  4.120,  0.0863,  0.2697,  34.5958,  11 Nov 2017 12:48:55
# 29.3071,  5.702630,  4.099,  0.0837,  0.2723,  34.5945,  11 Nov 2017 12:55:55
# 29.3205,  5.704091,  4.096,  0.0799,  0.2698,  34.5949,  11 Nov 2017 13:02:55
# 29.3296,  5.704933,  4.069,  0.0835,  0.2660,  34.5941,  11 Nov 2017 13:09:55
# 29.3384,  5.705450,  4.123,  0.0869,  0.2734,  34.5913,  11 Nov 2017 13:16:55
# 29.3493,  5.706484,  4.071,  0.0861,  0.2721,  34.5905,  11 Nov 2017 13:23:55
# 29.3639,  5.707776,  4.074,  0.0882,  0.2807,  34.5888,  11 Nov 2017 13:30:55
# 29.3714,  5.708286,  4.011,  0.0893,  0.2784,  34.5869,  11 Nov 2017 13:37:55
# 29.3995,  5.711063,  4.081,  0.0851,  0.2670,  34.5855,  11 Nov 2017 13:44:55
# 29.4231,  5.713228,  4.066,  0.0835,  0.2710,  34.5833,  11 Nov 2017 13:51:55
# 29.4504,  5.715976,  3.988,  0.0848,  0.2709,  34.5824,  11 Nov 2017 13:58:55
