# 29.4717,  5.763767,  3.749,  0.0748,  0.3042,  34.8931,  24 Oct 2017 14:04:55
# 29.4453,  5.760845,  3.693,  0.0861,  0.3017,  34.8923,  24 Oct 2017 14:11:55
# 29.4611,  5.762017,  3.711,  0.0837,  0.3017,  34.8888,  24 Oct 2017 14:18:55
# 29.4391,  5.759733,  3.735,  0.0835,  0.3065,  34.8892,  24 Oct 2017 14:25:55
# 29.4395,  5.760044,  3.716,  0.0798,  0.3127,  34.8911,  24 Oct 2017 14:32:55
# 29.4395,  5.760044,  3.710,  0.0811,  0.3042,  34.8911,  24 Oct 2017 14:39:55
# 29.4445,  5.760496,  3.711,  0.0761,  0.3030,  34.8905,  24 Oct 2017 14:46:55
# 29.4552,  5.761416,  3.703,  0.0750,  0.2906,  34.8890,  24 Oct 2017 14:53:55
# 29.4296,  5.759303,  3.735,  0.0799,  0.3042,  34.8932,  24 Oct 2017 15:00:55
# 29.4275,  5.758761,  3.733,  0.0822,  0.3042,  34.8910,  24 Oct 2017 15:07:55
# 29.4273,  5.759251,  3.779,  0.0785,  0.3042,  34.8944,  24 Oct 2017 15:14:55
# 29.4407,  5.759911,  3.759,  0.0880,  0.3041,  34.8893,  24 Oct 2017 15:21:55
# 29.4198,  5.758094,  3.818,  0.0834,  0.3091,  34.8920,  24 Oct 2017 15:28:55
# 29.4205,  5.758072,  3.788,  0.0836,  0.3030,  34.8914,  24 Oct 2017 15:35:55
# 29.4136,  5.757583,  3.783,  0.0847,  0.3054,  34.8930,  24 Oct 2017 15:42:55
# 29.4013,  5.756226,  3.833,  0.0811,  0.3027,  34.8927,  24 Oct 2017 15:49:55
# 29.4007,  5.755626,  3.806,  0.0811,  0.3054,  34.8890,  24 Oct 2017 15:56:55
# 29.3891,  5.754744,  3.831,  0.0835,  0.3053,  34.8914,  24 Oct 2017 16:03:55
# 29.3897,  5.754721,  3.831,  0.0849,  0.3030,  34.8909,  24 Oct 2017 16:10:55
# 29.3815,  5.754180,  3.856,  0.0848,  0.3005,  34.8931,  24 Oct 2017 16:17:55
# 29.3753,  5.753195,  3.864,  0.0849,  0.3027,  34.8909,  24 Oct 2017 16:24:55
# 29.3584,  5.751624,  3.822,  0.0880,  0.3029,  34.8925,  24 Oct 2017 16:31:55
# 29.3435,  5.749949,  3.900,  0.0809,  0.3017,  34.8918,  24 Oct 2017 16:38:55
# 29.3331,  5.748697,  3.919,  0.0849,  0.3005,  34.8908,  24 Oct 2017 16:45:55
# 29.3183,  5.746956,  3.939,  0.0835,  0.3066,  34.8896,  24 Oct 2017 16:52:55
# 29.2843,  5.743053,  3.938,  0.0868,  0.3091,  34.8877,  24 Oct 2017 16:59:55
# 29.2845,  5.742571,  3.946,  0.0870,  0.3005,  34.8842,  24 Oct 2017 17:06:55
# 29.2654,  5.740268,  4.000,  0.0848,  0.3017,  34.8823,  24 Oct 2017 17:13:55
# 29.2668,  5.740305,  4.014,  0.0847,  0.3041,  34.8815,  24 Oct 2017 17:20:55
# 29.2419,  5.737337,  4.038,  0.0880,  0.3028,  34.8793,  24 Oct 2017 17:27:55
# 29.2067,  5.732867,  4.021,  0.0859,  0.3078,  34.8743,  24 Oct 2017 17:34:55
# 29.1912,  5.731076,  4.007,  0.0867,  0.3015,  34.8734,  24 Oct 2017 17:41:55
# 29.1733,  5.729204,  4.004,  0.0860,  0.3006,  34.8736,  24 Oct 2017 17:48:55
# 29.1670,  5.728575,  4.047,  0.0867,  0.3017,  34.8738,  24 Oct 2017 17:55:55
# 29.1560,  5.727532,  4.047,  0.0869,  0.3042,  34.8746,  24 Oct 2017 18:02:55
# 29.1392,  5.725595,  4.040,  0.0880,  0.3053,  34.8736,  24 Oct 2017 18:09:55
# 29.1164,  5.723228,  4.090,  0.0906,  0.3043,  34.8740,  24 Oct 2017 18:16:55
# 29.1069,  5.722008,  4.063,  0.0881,  0.3029,  34.8726,  24 Oct 2017 18:23:55
# 29.0942,  5.720611,  4.064,  0.0894,  0.3067,  34.8722,  24 Oct 2017 18:30:55
# 29.0805,  5.719096,  4.070,  0.0869,  0.3028,  34.8717,  24 Oct 2017 18:37:55
# 29.0701,  5.717957,  4.112,  0.0955,  0.3053,  34.8715,  24 Oct 2017 18:44:55
# 29.0562,  5.716346,  4.124,  0.0930,  0.3079,  34.8706,  24 Oct 2017 18:51:55
# 29.0420,  5.714558,  4.146,  0.0981,  0.3053,  34.8686,  24 Oct 2017 18:58:55
# 29.0306,  5.713324,  4.103,  0.0943,  0.3043,  34.8685,  24 Oct 2017 19:05:55
# 29.0282,  5.713176,  4.073,  0.0918,  0.3043,  34.8692,  24 Oct 2017 19:12:55
# 29.0167,  5.712090,  4.148,  0.0968,  0.3029,  34.8702,  24 Oct 2017 19:19:55
# 29.0124,  5.711558,  4.131,  0.0969,  0.3041,  34.8696,  24 Oct 2017 19:26:55
# 29.0103,  5.711048,  4.271,  0.0954,  0.3043,  34.8676,  24 Oct 2017 19:33:55
# 29.0058,  5.710472,  4.126,  0.0968,  0.3066,  34.8670,  24 Oct 2017 19:40:55
# 29.0046,  5.710457,  4.194,  0.0981,  0.3104,  34.8677,  24 Oct 2017 19:47:55
# 29.0007,  5.709844,  4.213,  0.0980,  0.3042,  34.8664,  24 Oct 2017 19:54:55
# 28.9976,  5.709334,  4.134,  0.0968,  0.3104,  34.8651,  24 Oct 2017 20:01:55
# 28.9915,  5.708692,  4.099,  0.0992,  0.3030,  34.8652,  24 Oct 2017 20:08:55
# 28.9858,  5.707975,  4.183,  0.0992,  0.3055,  34.8644,  24 Oct 2017 20:15:55
# 28.9795,  5.707237,  4.156,  0.1003,  0.3068,  34.8639,  24 Oct 2017 20:22:55
# 28.9742,  5.706609,  4.127,  0.1018,  0.3091,  34.8634,  24 Oct 2017 20:29:55
# 28.9716,  5.706210,  4.140,  0.0980,  0.3117,  34.8626,  24 Oct 2017 20:36:55
# 28.9659,  5.705597,  4.082,  0.0980,  0.3067,  34.8626,  24 Oct 2017 20:43:55
# 28.9623,  5.705265,  4.109,  0.1054,  0.3091,  34.8629,  24 Oct 2017 20:50:55
# 28.9598,  5.705029,  4.085,  0.1006,  0.3080,  34.8631,  24 Oct 2017 20:57:55
# 28.9596,  5.704999,  4.101,  0.1006,  0.3067,  34.8631,  24 Oct 2017 21:04:55
# 28.9572,  5.704851,  4.112,  0.1006,  0.3103,  34.8638,  24 Oct 2017 21:11:55
# 28.9545,  5.704667,  4.194,  0.0991,  0.3042,  34.8645,  24 Oct 2017 21:18:55
# 28.9519,  5.704445,  4.059,  0.0980,  0.3054,  34.8649,  24 Oct 2017 21:25:55
# 28.9471,  5.704025,  4.093,  0.0980,  0.3028,  34.8655,  24 Oct 2017 21:32:55
# 28.9447,  5.703796,  4.034,  0.0991,  0.3143,  34.8657,  24 Oct 2017 21:39:55
# 28.9466,  5.703862,  4.134,  0.1019,  0.3017,  34.8647,  24 Oct 2017 21:46:55
# 28.9489,  5.703936,  4.115,  0.0978,  0.3067,  34.8635,  24 Oct 2017 21:53:55
# 28.9493,  5.703825,  4.045,  0.1004,  0.3104,  34.8625,  24 Oct 2017 22:00:55
# 28.9484,  5.703640,  4.053,  0.1019,  0.3067,  34.8619,  24 Oct 2017 22:07:55
# 28.9493,  5.703640,  4.073,  0.1006,  0.3030,  34.8612,  24 Oct 2017 22:14:55
# 28.9471,  5.703382,  4.007,  0.0979,  0.3055,  34.8611,  24 Oct 2017 22:21:55
# 28.9431,  5.702998,  3.994,  0.0980,  0.3066,  34.8614,  24 Oct 2017 22:28:55
# 28.9418,  5.702791,  4.004,  0.0942,  0.3017,  34.8609,  24 Oct 2017 22:35:55
# 28.9404,  5.702540,  4.047,  0.0953,  0.3029,  34.8602,  24 Oct 2017 22:42:55
# 28.9371,  5.701987,  3.978,  0.0954,  0.3043,  34.8587,  24 Oct 2017 22:49:55
# 28.9352,  5.701654,  3.974,  0.0956,  0.3017,  34.8579,  24 Oct 2017 22:56:55
# 28.9281,  5.700865,  4.009,  0.0967,  0.3030,  34.8576,  24 Oct 2017 23:03:55
# 28.9273,  5.700606,  3.988,  0.0967,  0.3056,  34.8564,  24 Oct 2017 23:10:55
# 28.9254,  5.700333,  3.954,  0.0943,  0.3028,  34.8560,  24 Oct 2017 23:17:55
# 28.9259,  5.700267,  3.921,  0.0943,  0.3067,  34.8551,  24 Oct 2017 23:24:55
# 28.9252,  5.700126,  3.930,  0.0967,  0.3043,  34.8546,  24 Oct 2017 23:31:55
# 28.9234,  5.699868,  3.902,  0.0967,  0.3055,  34.8542,  24 Oct 2017 23:38:55
# 28.9202,  5.699646,  3.876,  0.0944,  0.3091,  34.8550,  24 Oct 2017 23:45:55
# 28.9171,  5.699226,  3.865,  0.0941,  0.3065,  34.8544,  24 Oct 2017 23:52:55
# 28.9132,  5.698820,  3.895,  0.0944,  0.3043,  34.8545,  24 Oct 2017 23:59:55
# 28.9081,  5.698266,  3.814,  0.0920,  0.3054,  34.8543,  25 Oct 2017 00:06:55
# 28.9065,  5.698067,  3.838,  0.0968,  0.3053,  34.8542,  25 Oct 2017 00:13:55
# 28.9041,  5.697846,  3.771,  0.0931,  0.3041,  34.8544,  25 Oct 2017 00:20:55
# 28.9046,  5.697868,  3.838,  0.0919,  0.3079,  34.8541,  25 Oct 2017 00:27:55
# 28.9015,  5.697506,  3.780,  0.0905,  0.3055,  34.8539,  25 Oct 2017 00:34:55
# 28.8990,  5.697226,  3.807,  0.0929,  0.3043,  34.8539,  25 Oct 2017 00:41:55
# 28.8940,  5.696753,  3.780,  0.0931,  0.3054,  34.8542,  25 Oct 2017 00:48:55
# 28.8956,  5.696798,  3.797,  0.0880,  0.3040,  34.8534,  25 Oct 2017 00:55:55
# 28.8934,  5.696569,  3.784,  0.0893,  0.3079,  34.8534,  25 Oct 2017 01:02:55
# 28.8951,  5.696680,  3.776,  0.0906,  0.3068,  34.8530,  25 Oct 2017 01:09:55
# 28.8912,  5.696311,  3.807,  0.0894,  0.3007,  34.8533,  25 Oct 2017 01:16:55
# 28.8895,  5.696052,  3.778,  0.0881,  0.3006,  34.8527,  25 Oct 2017 01:23:55
# 28.8846,  5.695573,  3.753,  0.0893,  0.3030,  34.8530,  25 Oct 2017 01:30:55
# 28.8816,  5.695270,  3.749,  0.0894,  0.3029,  34.8531,  25 Oct 2017 01:37:55
# 28.8812,  5.695196,  3.719,  0.0871,  0.3005,  34.8529,  25 Oct 2017 01:44:55
# 28.8814,  5.695226,  3.717,  0.0893,  0.3017,  34.8530,  25 Oct 2017 01:51:55
# 28.8852,  5.695558,  3.689,  0.0906,  0.3016,  34.8524,  25 Oct 2017 01:58:55
# 28.8855,  5.695587,  3.702,  0.0881,  0.3028,  34.8525,  25 Oct 2017 02:05:55
# 28.8858,  5.695573,  3.735,  0.0906,  0.3030,  34.8522,  25 Oct 2017 02:12:55
# 28.8851,  5.695491,  3.744,  0.0904,  0.3006,  34.8521,  25 Oct 2017 02:19:55
# 28.8898,  5.695875,  3.747,  0.0893,  0.3029,  34.8513,  25 Oct 2017 02:26:55
# 28.8986,  5.696746,  3.704,  0.0891,  0.3055,  34.8509,  25 Oct 2017 02:33:55
# 28.8990,  5.696798,  3.767,  0.0893,  0.3017,  34.8510,  25 Oct 2017 02:40:55
# 28.9049,  5.697314,  3.708,  0.0894,  0.3066,  34.8502,  25 Oct 2017 02:47:55
# 28.8992,  5.696908,  3.703,  0.0880,  0.3068,  34.8515,  25 Oct 2017 02:54:55
# 28.8987,  5.696820,  3.764,  0.0908,  0.3092,  34.8513,  25 Oct 2017 03:01:55
# 28.8978,  5.696679,  3.749,  0.0893,  0.3055,  34.8510,  25 Oct 2017 03:08:55
# 28.8973,  5.696628,  3.765,  0.0903,  0.3028,  34.8510,  25 Oct 2017 03:15:55
# 28.8935,  5.696318,  3.757,  0.0893,  0.3030,  34.8516,  25 Oct 2017 03:22:55
# 28.8890,  5.695971,  3.822,  0.0879,  0.3030,  34.8525,  25 Oct 2017 03:29:55
# 28.8837,  5.695433,  3.794,  0.0867,  0.3116,  34.8527,  25 Oct 2017 03:36:55
# 28.8808,  5.695196,  3.832,  0.0894,  0.3055,  34.8531,  25 Oct 2017 03:43:55
# 28.8744,  5.694466,  3.801,  0.0858,  0.3055,  34.8528,  25 Oct 2017 03:50:55
# 28.8683,  5.693913,  3.833,  0.0859,  0.3056,  34.8534,  25 Oct 2017 03:57:55
# 28.8593,  5.692990,  3.857,  0.0848,  0.3067,  34.8537,  25 Oct 2017 04:04:55
# 28.8567,  5.692762,  3.875,  0.0869,  0.3004,  34.8540,  25 Oct 2017 04:11:55
# 28.8541,  5.692511,  3.869,  0.0848,  0.3042,  34.8542,  25 Oct 2017 04:18:55
# 28.8568,  5.692703,  3.881,  0.0869,  0.3028,  34.8535,  25 Oct 2017 04:25:55
# 28.8597,  5.693109,  3.987,  0.0892,  0.3055,  34.8542,  25 Oct 2017 04:32:55
# 28.8590,  5.693116,  3.930,  0.0868,  0.3018,  34.8547,  25 Oct 2017 04:39:55
# 28.8600,  5.693234,  3.931,  0.0881,  0.3030,  34.8548,  25 Oct 2017 04:46:55
# 28.8607,  5.693463,  3.969,  0.0893,  0.3068,  34.8559,  25 Oct 2017 04:53:55
# 28.8616,  5.693758,  4.007,  0.0862,  0.3030,  34.8572,  25 Oct 2017 05:00:55
# 28.8585,  5.693500,  3.943,  0.0871,  0.3017,  34.8577,  25 Oct 2017 05:07:55
# 28.8542,  5.693146,  3.990,  0.0860,  0.3043,  34.8584,  25 Oct 2017 05:14:55
# 28.8515,  5.692895,  3.981,  0.0868,  0.3005,  34.8587,  25 Oct 2017 05:21:55
# 28.8547,  5.693146,  4.007,  0.0892,  0.3030,  34.8580,  25 Oct 2017 05:28:55
# 28.8563,  5.693308,  4.035,  0.0868,  0.3030,  34.8580,  25 Oct 2017 05:35:55
# 28.8507,  5.692681,  4.067,  0.0862,  0.3043,  34.8577,  25 Oct 2017 05:42:55
# 28.8519,  5.692570,  4.059,  0.0870,  0.3054,  34.8561,  25 Oct 2017 05:49:55
# 28.8553,  5.692718,  4.082,  0.0895,  0.3017,  34.8547,  25 Oct 2017 05:56:55
# 28.8591,  5.693020,  4.171,  0.0870,  0.2993,  34.8539,  25 Oct 2017 06:03:55
# 28.8635,  5.693300,  4.090,  0.0870,  0.3030,  34.8526,  25 Oct 2017 06:10:55
# 28.8668,  5.693441,  4.129,  0.0907,  0.3041,  34.8512,  25 Oct 2017 06:17:55
# 28.8678,  5.693389,  4.052,  0.0867,  0.3006,  34.8501,  25 Oct 2017 06:24:55
# 28.8681,  5.693212,  4.152,  0.0893,  0.3006,  34.8487,  25 Oct 2017 06:31:55
# 28.8683,  5.692990,  4.154,  0.0881,  0.3030,  34.8470,  25 Oct 2017 06:38:55
# 28.8701,  5.692850,  4.207,  0.0892,  0.3006,  34.8447,  25 Oct 2017 06:45:55
# 28.8705,  5.692791,  4.177,  0.0918,  0.2992,  34.8440,  25 Oct 2017 06:52:55
# 28.8722,  5.692784,  4.221,  0.0869,  0.3030,  34.8427,  25 Oct 2017 06:59:55
# 28.8734,  5.692740,  4.238,  0.0907,  0.3029,  34.8415,  25 Oct 2017 07:06:55
# 28.8750,  5.692725,  4.219,  0.0894,  0.3005,  34.8402,  25 Oct 2017 07:13:55
# 28.8802,  5.693086,  4.192,  0.0880,  0.2980,  34.8389,  25 Oct 2017 07:20:55
# 28.8846,  5.693440,  4.229,  0.0893,  0.2981,  34.8382,  25 Oct 2017 07:27:55
# 28.8878,  5.693684,  4.348,  0.0871,  0.2968,  34.8374,  25 Oct 2017 07:34:55
# 28.8929,  5.694104,  4.212,  0.0894,  0.3007,  34.8367,  25 Oct 2017 07:41:55
# 28.8968,  5.694495,  4.183,  0.0861,  0.2954,  34.8366,  25 Oct 2017 07:48:55
# 28.9014,  5.694931,  4.260,  0.0868,  0.2982,  34.8361,  25 Oct 2017 07:55:55
# 28.9035,  5.695189,  4.209,  0.0882,  0.2991,  34.8364,  25 Oct 2017 08:02:55
# 28.9088,  5.695617,  4.206,  0.0880,  0.3020,  34.8355,  25 Oct 2017 08:09:55
# 28.9153,  5.696428,  4.245,  0.0848,  0.2969,  34.8364,  25 Oct 2017 08:16:55
# 28.9233,  5.697410,  4.192,  0.0835,  0.3006,  34.8373,  25 Oct 2017 08:23:55
# 28.9304,  5.698082,  4.186,  0.0882,  0.2981,  34.8367,  25 Oct 2017 08:30:55
# 28.9404,  5.699144,  4.213,  0.0835,  0.2982,  34.8367,  25 Oct 2017 08:37:55
# 28.9535,  5.700399,  4.221,  0.0824,  0.2968,  34.8358,  25 Oct 2017 08:44:55
# 28.9638,  5.701373,  4.201,  0.0860,  0.2956,  34.8350,  25 Oct 2017 08:51:55
# 28.9724,  5.702340,  4.189,  0.0835,  0.3020,  34.8354,  25 Oct 2017 08:58:55
# 28.9834,  5.703596,  4.186,  0.0848,  0.3555,  34.8360,  25 Oct 2017 09:05:55
# 28.9958,  5.704725,  4.176,  0.0848,  0.2993,  34.8347,  25 Oct 2017 09:12:55
# 29.0029,  5.705626,  4.224,  0.0822,  0.3042,  34.8357,  25 Oct 2017 09:19:55
# 29.0142,  5.706859,  4.172,  0.0811,  0.3015,  34.8360,  25 Oct 2017 09:26:55
# 29.0247,  5.708137,  4.232,  0.0824,  0.3005,  34.8371,  25 Oct 2017 09:33:55
# 29.0384,  5.709563,  4.195,  0.0797,  0.3017,  34.8369,  25 Oct 2017 09:40:55
# 29.0481,  5.710870,  4.129,  0.0809,  0.3043,  34.8388,  25 Oct 2017 09:47:55
# 29.0583,  5.711801,  4.194,  0.0810,  0.3028,  34.8378,  25 Oct 2017 09:54:55
# 29.0695,  5.713175,  4.131,  0.0799,  0.3054,  34.8391,  25 Oct 2017 10:01:55
# 29.0867,  5.715000,  4.076,  0.0797,  0.2956,  34.8391,  25 Oct 2017 10:08:55
# 29.0988,  5.716626,  4.117,  0.0785,  0.3054,  34.8415,  25 Oct 2017 10:15:55
# 29.1212,  5.718585,  4.091,  0.0823,  0.2968,  34.8386,  25 Oct 2017 10:22:55
# 29.1316,  5.720300,  4.095,  0.0797,  0.3030,  34.8428,  25 Oct 2017 10:29:55
# 29.1516,  5.721919,  4.126,  0.0773,  0.3029,  34.8393,  25 Oct 2017 10:36:55
# 29.1658,  5.723183,  4.046,  0.0773,  0.3116,  34.8377,  25 Oct 2017 10:43:55
# 29.1773,  5.724396,  3.995,  0.0786,  0.3055,  34.8376,  25 Oct 2017 10:50:55
# 29.1951,  5.726311,  4.070,  0.0775,  0.3068,  34.8378,  25 Oct 2017 10:57:55
# 29.2082,  5.727532,  4.060,  0.0787,  0.3079,  34.8367,  25 Oct 2017 11:04:55
# 29.2247,  5.729314,  3.955,  0.0797,  0.3078,  34.8369,  25 Oct 2017 11:11:55
# 29.2488,  5.731785,  3.997,  0.0761,  0.3079,  34.8363,  25 Oct 2017 11:18:55
# 29.2733,  5.734405,  4.001,  0.0774,  0.3079,  34.8364,  25 Oct 2017 11:25:55
# 29.2988,  5.736854,  3.935,  0.0785,  0.3053,  34.8346,  25 Oct 2017 11:32:55
# 29.3093,  5.738320,  3.960,  0.0775,  0.3068,  34.8370,  25 Oct 2017 11:39:55
# 29.3302,  5.740386,  3.927,  0.0822,  0.3068,  34.8360,  25 Oct 2017 11:46:55
# 29.3469,  5.741763,  3.894,  0.0848,  0.3104,  34.8333,  25 Oct 2017 11:53:55
# 29.3693,  5.744621,  3.883,  0.0761,  0.3043,  34.8366,  25 Oct 2017 12:00:55
# 29.3877,  5.746080,  3.897,  0.0787,  0.3079,  34.8332,  25 Oct 2017 12:07:55
# 29.4009,  5.747443,  3.825,  0.0823,  0.3103,  34.8330,  25 Oct 2017 12:14:55
# 29.4156,  5.749169,  3.859,  0.0773,  0.3127,  34.8341,  25 Oct 2017 12:21:55
# 29.4334,  5.750799,  3.799,  0.0799,  0.3116,  34.8323,  25 Oct 2017 12:28:55
# 29.4380,  5.751741,  3.802,  0.0787,  0.3152,  34.8354,  25 Oct 2017 12:35:55
# 29.4599,  5.753615,  3.796,  0.0786,  0.3052,  34.8323,  25 Oct 2017 12:42:55
# 29.4882,  5.756625,  3.762,  0.0774,  0.3078,  34.8324,  25 Oct 2017 12:49:55
# 29.4948,  5.757618,  3.767,  0.0773,  1.2965,  34.8344,  25 Oct 2017 12:56:55
# 29.5064,  5.758575,  3.761,  0.0810,  0.3116,  34.8325,  25 Oct 2017 13:03:55
# 29.5251,  5.760576,  3.720,  0.0812,  0.3015,  34.8326,  25 Oct 2017 13:10:55
# 29.5592,  5.764247,  3.741,  0.0813,  0.3065,  34.8329,  25 Oct 2017 13:17:55
# 29.5730,  5.765738,  3.744,  0.0823,  0.3065,  34.8331,  25 Oct 2017 13:24:55
# 29.5927,  5.767675,  3.743,  0.0848,  0.3128,  34.8320,  25 Oct 2017 13:31:55
# 29.6213,  5.770205,  3.711,  0.0797,  0.3079,  34.8286,  25 Oct 2017 13:38:55
# 29.6153,  5.770086,  3.704,  0.0799,  0.3128,  34.8321,  25 Oct 2017 13:45:55
# 29.6215,  5.770962,  3.705,  0.0824,  0.3066,  34.8335,  25 Oct 2017 13:52:55
# 29.6379,  5.772632,  3.717,  0.0798,  0.3129,  34.8331,  25 Oct 2017 13:59:55
