# 28.6319,  5.613585,  3.404,  0.0895,  0.2831,  34.4710,  21 Dec 2017 14:01:55
# 28.6361,  5.613791,  3.412,  0.0894,  0.2808,  34.4693,  21 Dec 2017 14:08:55
# 28.6245,  5.612815,  3.413,  0.0944,  0.3029,  34.4710,  21 Dec 2017 14:15:55
# 28.6286,  5.613079,  3.430,  0.0893,  0.2772,  34.4699,  21 Dec 2017 14:22:55
# 28.6297,  5.613094,  3.395,  0.0896,  0.2771,  34.4691,  21 Dec 2017 14:29:55
# 28.6414,  5.614275,  3.450,  0.0881,  0.2808,  34.4688,  21 Dec 2017 14:36:55
# 28.6360,  5.614018,  3.457,  0.0894,  0.2857,  34.4710,  21 Dec 2017 14:43:55
# 28.6304,  5.613402,  3.458,  0.0932,  0.2819,  34.4708,  21 Dec 2017 14:50:55
# 28.6191,  5.612361,  3.481,  0.0945,  0.2820,  34.4718,  21 Dec 2017 14:57:55
# 28.6250,  5.612588,  3.484,  0.0894,  0.2783,  34.4691,  21 Dec 2017 15:04:55
# 28.6003,  5.610367,  3.502,  0.0919,  0.2979,  34.4716,  21 Dec 2017 15:11:55
# 28.6037,  5.610389,  3.489,  0.0955,  0.2797,  34.4693,  21 Dec 2017 15:18:55
# 28.5939,  5.609165,  3.500,  0.0932,  0.2758,  34.4679,  21 Dec 2017 15:25:55
# 28.5741,  5.607149,  3.540,  0.0945,  0.2797,  34.4683,  21 Dec 2017 15:32:55
# 28.5736,  5.606929,  3.594,  0.0933,  0.2820,  34.4671,  21 Dec 2017 15:39:55
# 28.5564,  5.605053,  3.543,  0.0968,  0.2785,  34.4667,  21 Dec 2017 15:46:55
# 28.5364,  5.603273,  3.665,  0.0980,  0.2760,  34.4688,  21 Dec 2017 15:53:55
# 28.5223,  5.601910,  3.645,  0.0943,  0.2782,  34.4696,  21 Dec 2017 16:00:55
# 28.5312,  5.602533,  3.683,  0.0958,  0.2784,  34.4675,  21 Dec 2017 16:07:55
# 28.5246,  5.602042,  3.717,  0.0954,  0.2770,  34.4689,  21 Dec 2017 16:14:55
# 28.5366,  5.602958,  3.656,  0.0944,  0.2773,  34.4665,  21 Dec 2017 16:21:55
# 28.5459,  5.604203,  3.716,  0.0994,  0.2760,  34.4683,  21 Dec 2017 16:28:55
# 28.5451,  5.604372,  3.714,  0.0941,  0.2797,  34.4701,  21 Dec 2017 16:35:55
# 28.5459,  5.604467,  3.774,  0.0931,  0.2782,  34.4702,  21 Dec 2017 16:42:55
# 28.5444,  5.604445,  3.831,  0.0970,  0.2782,  34.4711,  21 Dec 2017 16:49:55
# 28.5361,  5.603918,  3.801,  0.0919,  0.2771,  34.4735,  21 Dec 2017 16:56:55
# 28.5387,  5.604233,  3.796,  0.0932,  0.2798,  34.4737,  21 Dec 2017 17:03:55
# 28.5343,  5.603815,  3.847,  0.0932,  0.2797,  34.4741,  21 Dec 2017 17:10:55
# 28.5252,  5.602855,  3.858,  0.0942,  0.2772,  34.4740,  21 Dec 2017 17:17:55
# 28.5076,  5.601302,  3.882,  0.0942,  0.2771,  34.4760,  21 Dec 2017 17:24:55
# 28.5020,  5.600577,  3.847,  0.0917,  0.2749,  34.4751,  21 Dec 2017 17:31:55
# 28.4998,  5.600570,  3.881,  0.0931,  0.2821,  34.4766,  21 Dec 2017 17:38:55
# 28.4970,  5.600438,  3.858,  0.0932,  0.2773,  34.4777,  21 Dec 2017 17:45:55
# 28.4823,  5.599127,  3.895,  0.0954,  0.2808,  34.4793,  21 Dec 2017 17:52:55
# 28.4653,  5.597259,  3.894,  0.0930,  0.2774,  34.4788,  21 Dec 2017 17:59:55
# 28.4456,  5.595356,  3.931,  0.0945,  0.2819,  34.4798,  21 Dec 2017 18:06:55
# 28.4310,  5.593723,  3.937,  0.0943,  0.2772,  34.4791,  21 Dec 2017 18:13:55
# 28.4189,  5.592574,  3.984,  0.0930,  0.2893,  34.4799,  21 Dec 2017 18:20:55
# 28.4042,  5.590890,  3.969,  0.0933,  0.2808,  34.4790,  21 Dec 2017 18:27:55
# 28.3897,  5.589075,  4.020,  0.0942,  0.2794,  34.4769,  21 Dec 2017 18:34:55
# 28.3734,  5.587282,  4.009,  0.0968,  0.2955,  34.4763,  21 Dec 2017 18:41:55
# 28.3602,  5.585753,  4.006,  0.0944,  0.2833,  34.4753,  21 Dec 2017 18:48:55
# 28.3455,  5.584194,  4.001,  0.0956,  0.2857,  34.4752,  21 Dec 2017 18:55:55
# 28.3327,  5.582680,  4.029,  0.0942,  0.2818,  34.4740,  21 Dec 2017 19:02:55
# 28.3137,  5.580486,  4.005,  0.0954,  0.2869,  34.4725,  21 Dec 2017 19:09:55
# 28.3134,  5.580142,  3.998,  0.0954,  0.2857,  34.4703,  21 Dec 2017 19:16:55
# 28.2973,  5.578562,  4.012,  0.0980,  0.2808,  34.4711,  21 Dec 2017 19:23:55
# 28.2864,  5.577326,  3.990,  0.0956,  0.2834,  34.4704,  21 Dec 2017 19:30:55
# 28.2797,  5.576617,  3.967,  0.0967,  0.2834,  34.4704,  21 Dec 2017 19:37:55
# 28.2739,  5.575879,  4.011,  0.1054,  0.2834,  34.4695,  21 Dec 2017 19:44:55
# 28.2721,  5.575725,  4.048,  0.0990,  0.2819,  34.4697,  21 Dec 2017 19:51:55
# 28.2662,  5.575023,  3.925,  0.0994,  0.2884,  34.4692,  21 Dec 2017 19:58:55
# 28.2645,  5.574767,  3.983,  0.1019,  0.2820,  34.4686,  21 Dec 2017 20:05:55
# 28.2592,  5.574256,  3.954,  0.0981,  0.2822,  34.4689,  21 Dec 2017 20:12:55
# 28.2539,  5.573708,  3.967,  0.0993,  0.2918,  34.4689,  21 Dec 2017 20:19:55
# 28.2474,  5.573094,  3.970,  0.0990,  0.2809,  34.4695,  21 Dec 2017 20:26:55
# 28.2452,  5.572808,  4.008,  0.0980,  0.3270,  34.4690,  21 Dec 2017 20:33:55
# 28.2438,  5.572648,  3.944,  0.0980,  0.2833,  34.4689,  21 Dec 2017 20:40:55
# 28.2355,  5.571895,  3.961,  0.1005,  0.2846,  34.4698,  21 Dec 2017 20:47:55
# 28.2334,  5.571595,  3.937,  0.0968,  0.2821,  34.4692,  21 Dec 2017 20:54:55
# 28.2292,  5.571157,  3.951,  0.1019,  0.2795,  34.4692,  21 Dec 2017 21:01:55
# 28.2252,  5.570740,  3.967,  0.0993,  0.2808,  34.4692,  21 Dec 2017 21:08:55
# 28.2207,  5.570324,  3.966,  0.1005,  0.2820,  34.4696,  21 Dec 2017 21:15:55
# 28.2148,  5.569761,  3.943,  0.0993,  0.2810,  34.4700,  21 Dec 2017 21:22:55
# 28.2139,  5.569637,  3.895,  0.0981,  0.2845,  34.4698,  21 Dec 2017 21:29:55
# 28.2106,  5.569388,  3.885,  0.1020,  0.2772,  34.4705,  21 Dec 2017 21:36:55
# 28.2068,  5.569030,  3.867,  0.0993,  0.2844,  34.4708,  21 Dec 2017 21:43:55
# 28.2033,  5.568599,  3.878,  0.0993,  0.2844,  34.4703,  21 Dec 2017 21:50:55
# 28.1971,  5.568058,  3.893,  0.0980,  0.2821,  34.4711,  21 Dec 2017 21:57:55
# 28.1929,  5.567620,  3.827,  0.1005,  0.2770,  34.4711,  21 Dec 2017 22:04:55
# 28.1893,  5.567269,  3.859,  0.0993,  0.2858,  34.4713,  21 Dec 2017 22:11:55
# 28.1880,  5.567123,  3.836,  0.0954,  0.2882,  34.4712,  21 Dec 2017 22:18:55
# 28.1851,  5.566904,  3.780,  0.0993,  0.2833,  34.4718,  21 Dec 2017 22:25:55
# 28.1826,  5.566626,  3.765,  0.0991,  0.2907,  34.4717,  21 Dec 2017 22:32:55
# 28.1789,  5.566246,  3.733,  0.0981,  0.2833,  34.4717,  21 Dec 2017 22:39:55
# 28.1771,  5.566086,  3.733,  0.0980,  0.2832,  34.4719,  21 Dec 2017 22:46:55
# 28.1717,  5.565538,  3.715,  0.0980,  0.2856,  34.4720,  21 Dec 2017 22:53:55
# 28.1682,  5.565194,  3.711,  0.1030,  0.2820,  34.4722,  21 Dec 2017 23:00:55
# 28.1659,  5.564975,  3.691,  0.0980,  0.2773,  34.4724,  21 Dec 2017 23:07:55
# 28.1633,  5.564741,  3.680,  0.1019,  0.2748,  34.4727,  21 Dec 2017 23:14:55
# 28.1601,  5.564457,  3.641,  0.0979,  0.2710,  34.4730,  21 Dec 2017 23:21:55
# 28.1542,  5.563901,  3.669,  0.0993,  0.2747,  34.4734,  21 Dec 2017 23:28:55
# 28.1526,  5.563668,  3.623,  0.0993,  0.2712,  34.4730,  21 Dec 2017 23:35:55
# 28.1517,  5.563551,  3.592,  0.1019,  0.2735,  34.4729,  21 Dec 2017 23:42:55
# 28.1471,  5.563208,  3.592,  0.0992,  0.2723,  34.4738,  21 Dec 2017 23:49:55
# 28.1455,  5.563018,  3.601,  0.1006,  0.2711,  34.4736,  21 Dec 2017 23:56:55
# 28.1383,  5.562368,  3.551,  0.0967,  0.2721,  34.4744,  22 Dec 2017 00:03:55
# 28.1338,  5.561959,  3.554,  0.0981,  0.2734,  34.4748,  22 Dec 2017 00:10:55
# 28.1317,  5.561674,  3.552,  0.0967,  0.2746,  34.4744,  22 Dec 2017 00:17:55
# 28.1245,  5.560980,  3.554,  0.0979,  0.2759,  34.4748,  22 Dec 2017 00:24:55
# 28.1197,  5.560571,  3.519,  0.0980,  0.2759,  34.4754,  22 Dec 2017 00:31:55
# 28.1135,  5.560031,  3.496,  0.0969,  0.2747,  34.4762,  22 Dec 2017 00:38:55
# 28.1114,  5.559717,  3.539,  0.0968,  0.2796,  34.4755,  22 Dec 2017 00:45:55
# 28.1111,  5.559666,  3.505,  0.0943,  0.2710,  34.4754,  22 Dec 2017 00:52:55
# 28.1047,  5.559271,  3.491,  0.0955,  0.2722,  34.4773,  22 Dec 2017 00:59:55
# 28.1023,  5.558789,  3.485,  0.0956,  0.2734,  34.4757,  22 Dec 2017 01:06:55
# 28.1007,  5.558753,  3.500,  0.0969,  0.2699,  34.4766,  22 Dec 2017 01:13:55
# 28.1002,  5.558680,  3.509,  0.0944,  0.2721,  34.4765,  22 Dec 2017 01:20:55
# 28.1004,  5.558695,  3.537,  0.0932,  0.2736,  34.4764,  22 Dec 2017 01:27:55
# 28.1062,  5.559198,  3.516,  0.0955,  0.2698,  34.4757,  22 Dec 2017 01:34:55
# 28.1077,  5.559359,  3.523,  0.0944,  0.2760,  34.4757,  22 Dec 2017 01:41:55
# 28.1120,  5.559790,  3.489,  0.0944,  0.2686,  34.4756,  22 Dec 2017 01:48:55
# 28.1171,  5.560272,  3.549,  0.0943,  0.2858,  34.4753,  22 Dec 2017 01:55:55
# 28.1216,  5.560754,  3.554,  0.0930,  0.2711,  34.4753,  22 Dec 2017 02:02:55
# 28.1244,  5.560980,  3.546,  0.0930,  0.2711,  34.4749,  22 Dec 2017 02:09:55
# 28.1314,  5.561623,  3.522,  0.0943,  0.2699,  34.4742,  22 Dec 2017 02:16:55
# 28.1322,  5.561776,  3.528,  0.0954,  0.2674,  34.4747,  22 Dec 2017 02:23:55
# 28.1378,  5.562156,  3.565,  0.0931,  0.2712,  34.4732,  22 Dec 2017 02:30:55
# 28.1415,  5.562609,  3.576,  0.0967,  0.2748,  34.4737,  22 Dec 2017 02:37:55
# 28.1414,  5.562696,  3.609,  0.0945,  0.2723,  34.4744,  22 Dec 2017 02:44:55
# 28.1580,  5.564091,  3.581,  0.0943,  0.2735,  34.4720,  22 Dec 2017 02:51:55
# 28.1561,  5.564106,  3.587,  0.0968,  0.2673,  34.4735,  22 Dec 2017 02:58:55
# 28.1639,  5.564771,  3.617,  0.0929,  0.2685,  34.4724,  22 Dec 2017 03:05:55
# 28.1613,  5.564625,  3.664,  0.0932,  0.2686,  34.4733,  22 Dec 2017 03:12:55
# 28.1505,  5.563646,  3.644,  0.0944,  0.2711,  34.4743,  22 Dec 2017 03:19:55
# 28.1500,  5.563478,  3.702,  0.0942,  0.2686,  34.4735,  22 Dec 2017 03:26:55
# 28.1482,  5.563339,  3.690,  0.0931,  0.2711,  34.4739,  22 Dec 2017 03:33:55
# 28.1483,  5.563303,  3.701,  0.0958,  0.2662,  34.4736,  22 Dec 2017 03:40:55
# 28.1463,  5.563193,  3.771,  0.0932,  0.2697,  34.4743,  22 Dec 2017 03:47:55
# 28.1469,  5.563200,  3.728,  0.0945,  0.2722,  34.4739,  22 Dec 2017 03:54:55
# 28.1451,  5.563062,  3.811,  0.0944,  0.2723,  34.4742,  22 Dec 2017 04:01:55
# 28.1476,  5.563281,  3.777,  0.0958,  0.2761,  34.4739,  22 Dec 2017 04:08:55
# 28.1537,  5.563858,  3.780,  0.0945,  0.2773,  34.4735,  22 Dec 2017 04:15:55
# 28.1504,  5.563609,  3.812,  0.0919,  0.2722,  34.4741,  22 Dec 2017 04:22:55
# 28.1460,  5.563215,  3.834,  0.0945,  0.2734,  34.4746,  22 Dec 2017 04:29:55
# 28.1362,  5.562346,  3.905,  0.0955,  0.2760,  34.4757,  22 Dec 2017 04:36:55
# 28.1335,  5.562032,  3.869,  0.0954,  0.2698,  34.4754,  22 Dec 2017 04:43:55
# 28.1232,  5.561039,  3.909,  0.0919,  0.2722,  34.4760,  22 Dec 2017 04:50:55
# 28.1193,  5.560644,  3.903,  0.0943,  0.2734,  34.4761,  22 Dec 2017 04:57:55
# 28.1089,  5.559746,  3.963,  0.0932,  0.2734,  34.4775,  22 Dec 2017 05:04:55
# 28.0914,  5.558045,  3.956,  0.0918,  0.2722,  34.4784,  22 Dec 2017 05:11:55
# 28.0580,  5.554862,  3.971,  0.0931,  0.2746,  34.4806,  22 Dec 2017 05:18:55
# 28.0477,  5.553753,  4.031,  0.0917,  0.2722,  34.4803,  22 Dec 2017 05:25:55
# 28.0437,  5.553366,  3.952,  0.0919,  0.2710,  34.4806,  22 Dec 2017 05:32:55
# 28.0306,  5.552279,  4.005,  0.0955,  0.2712,  34.4825,  22 Dec 2017 05:39:55
# 28.0193,  5.551075,  4.051,  0.0919,  0.2699,  34.4823,  22 Dec 2017 05:46:55
# 27.9995,  5.549170,  4.040,  0.0944,  0.2721,  34.4835,  22 Dec 2017 05:53:55
# 27.9758,  5.546982,  4.071,  0.0920,  0.2699,  34.4855,  22 Dec 2017 06:00:55
# 27.9604,  5.545428,  4.069,  0.0943,  0.2710,  34.4859,  22 Dec 2017 06:07:55
# 27.9524,  5.544531,  4.076,  0.0919,  0.2697,  34.4855,  22 Dec 2017 06:14:55
# 27.9384,  5.543291,  4.048,  0.0943,  0.2712,  34.4871,  22 Dec 2017 06:21:55
# 27.9372,  5.543065,  4.069,  0.0919,  0.2698,  34.4864,  22 Dec 2017 06:28:55
# 27.9504,  5.544247,  4.128,  0.0968,  0.2723,  34.4850,  22 Dec 2017 06:35:55
# 27.9634,  5.545414,  4.106,  0.0969,  0.2721,  34.4836,  22 Dec 2017 06:42:55
# 27.9740,  5.546449,  4.157,  0.0969,  0.2684,  34.4831,  22 Dec 2017 06:49:55
# 28.0000,  5.549024,  4.144,  0.0980,  0.2711,  34.4821,  22 Dec 2017 06:56:55
# 28.0202,  5.550973,  4.126,  0.0968,  0.2685,  34.4809,  22 Dec 2017 07:03:55
# 28.0406,  5.553045,  4.117,  0.0956,  0.2758,  34.4805,  22 Dec 2017 07:10:55
# 28.0491,  5.553943,  4.158,  0.0981,  0.2735,  34.4806,  22 Dec 2017 07:17:55
# 28.0521,  5.554162,  4.201,  0.0955,  0.2686,  34.4799,  22 Dec 2017 07:24:55
# 28.0585,  5.554811,  4.101,  0.0943,  0.2711,  34.4798,  22 Dec 2017 07:31:55
# 28.0658,  5.555483,  4.119,  0.0980,  0.2698,  34.4792,  22 Dec 2017 07:38:55
# 28.0732,  5.556264,  4.129,  0.0956,  0.2673,  34.4792,  22 Dec 2017 07:45:55
# 28.0811,  5.557081,  4.133,  0.0981,  0.2685,  34.4791,  22 Dec 2017 07:52:55
# 28.0910,  5.558082,  4.081,  0.0981,  0.2747,  34.4789,  22 Dec 2017 07:59:55
# 28.0989,  5.558943,  4.107,  0.0957,  0.2660,  34.4791,  22 Dec 2017 08:06:55
# 28.0994,  5.559009,  4.126,  0.0956,  0.2662,  34.4792,  22 Dec 2017 08:13:55
# 28.1087,  5.559907,  4.138,  0.0980,  0.2711,  34.4786,  22 Dec 2017 08:20:55
# 28.1181,  5.560776,  4.146,  0.1006,  0.2685,  34.4779,  22 Dec 2017 08:27:55
# 28.1202,  5.561039,  4.107,  0.0932,  0.2688,  34.4782,  22 Dec 2017 08:34:55
# 28.1244,  5.561528,  4.099,  0.0956,  0.2760,  34.4786,  22 Dec 2017 08:41:55
# 28.1320,  5.562266,  4.056,  0.0980,  0.2685,  34.4781,  22 Dec 2017 08:48:55
# 28.1400,  5.563157,  4.068,  0.0956,  0.2747,  34.4785,  22 Dec 2017 08:55:55
# 28.1451,  5.563748,  4.072,  0.0956,  0.2711,  34.4789,  22 Dec 2017 09:02:55
# 28.1493,  5.564194,  4.047,  0.0969,  0.2699,  34.4790,  22 Dec 2017 09:09:55
# 28.1558,  5.564932,  4.002,  0.0957,  0.2748,  34.4793,  22 Dec 2017 09:16:55
# 28.1668,  5.566130,  4.060,  0.0945,  0.2712,  34.4797,  22 Dec 2017 09:23:55
# 28.1722,  5.566707,  3.972,  0.0906,  0.2846,  34.4798,  22 Dec 2017 09:30:55
# 28.1759,  5.567094,  3.984,  0.0955,  0.2760,  34.4798,  22 Dec 2017 09:37:55
# 28.1780,  5.567423,  4.013,  0.0891,  0.2880,  34.4805,  22 Dec 2017 09:44:55
# 28.1861,  5.568205,  3.904,  0.0956,  0.2771,  34.4801,  22 Dec 2017 09:51:55
# 28.1913,  5.568840,  3.928,  0.0942,  0.2721,  34.4807,  22 Dec 2017 09:58:55
# 28.1977,  5.569593,  3.903,  0.0918,  0.2734,  34.4813,  22 Dec 2017 10:05:55
# 28.2015,  5.570221,  3.868,  0.0944,  0.2733,  34.4829,  22 Dec 2017 10:12:55
# 28.2130,  5.571486,  3.866,  0.0894,  0.2722,  34.4834,  22 Dec 2017 10:19:55
# 28.2207,  5.572451,  3.848,  0.0906,  0.2696,  34.4845,  22 Dec 2017 10:26:55
# 28.2295,  5.573320,  3.819,  0.0893,  0.2734,  34.4841,  22 Dec 2017 10:33:55
# 28.2380,  5.574417,  3.831,  0.0894,  0.2833,  34.4855,  22 Dec 2017 10:40:55
# 28.2544,  5.575857,  3.778,  0.0906,  0.2711,  34.4836,  22 Dec 2017 10:47:55
# 28.2597,  5.576603,  3.770,  0.0906,  0.2733,  34.4849,  22 Dec 2017 10:54:55
# 28.2696,  5.577751,  3.728,  0.0869,  0.2773,  34.4857,  22 Dec 2017 11:01:55
# 28.2869,  5.579125,  3.716,  0.0905,  0.2724,  34.4826,  22 Dec 2017 11:08:55
# 28.2875,  5.579535,  3.676,  0.0870,  0.2785,  34.4851,  22 Dec 2017 11:15:55
# 28.2897,  5.579864,  3.651,  0.0880,  0.2821,  34.4858,  22 Dec 2017 11:22:55
# 28.2996,  5.580844,  3.638,  0.0929,  0.2758,  34.4854,  22 Dec 2017 11:29:55
# 28.3029,  5.581583,  3.640,  0.0881,  0.2796,  34.4881,  22 Dec 2017 11:36:55
# 28.3151,  5.582665,  3.621,  0.0906,  0.2760,  34.4868,  22 Dec 2017 11:43:55
# 28.3213,  5.583265,  3.598,  0.0906,  0.2747,  34.4865,  22 Dec 2017 11:50:55
# 28.3195,  5.583558,  3.557,  0.0892,  0.2846,  34.4898,  22 Dec 2017 11:57:55
# 28.3348,  5.584984,  3.561,  0.0907,  0.2773,  34.4885,  22 Dec 2017 12:04:55
# 28.3449,  5.586089,  3.543,  0.0919,  0.2750,  34.4889,  22 Dec 2017 12:11:55
# 28.3530,  5.587106,  3.527,  0.0931,  0.2723,  34.4901,  22 Dec 2017 12:18:55
# 28.3549,  5.587882,  3.535,  0.0893,  0.2760,  34.4941,  22 Dec 2017 12:25:55
# 28.3634,  5.588863,  3.499,  0.0919,  0.2750,  34.4947,  22 Dec 2017 12:32:55
# 28.3780,  5.590253,  3.504,  0.0893,  0.2735,  34.4937,  22 Dec 2017 12:39:55
# 28.4113,  5.593145,  3.500,  0.0892,  0.2734,  34.4896,  22 Dec 2017 12:46:55
# 28.4292,  5.595260,  3.490,  0.0905,  0.2722,  34.4912,  22 Dec 2017 12:53:55
# 28.4216,  5.595202,  3.452,  0.0896,  0.2734,  34.4964,  22 Dec 2017 13:00:55
# 28.4611,  5.598834,  3.458,  0.0893,  0.2735,  34.4929,  22 Dec 2017 13:07:55
# 28.4825,  5.600409,  3.445,  0.0860,  0.2734,  34.4882,  22 Dec 2017 13:14:55
# 28.5082,  5.603947,  3.442,  0.0881,  0.2734,  34.4940,  22 Dec 2017 13:21:55
# 28.5177,  5.604900,  3.429,  0.0892,  0.2784,  34.4938,  22 Dec 2017 13:28:55
# 28.4953,  5.603486,  3.439,  0.0895,  0.2770,  34.5002,  22 Dec 2017 13:35:55
# 28.5667,  5.609737,  3.437,  0.0906,  0.2796,  34.4916,  22 Dec 2017 13:42:55
# 28.5456,  5.607692,  3.428,  0.0944,  0.2746,  34.4928,  22 Dec 2017 13:49:55
# 28.5533,  5.609444,  3.419,  0.0881,  0.2721,  34.4993,  22 Dec 2017 13:56:55
