# 28.4334,  5.683395,  3.726,  0.0774,  0.2844,  35.1007,  04 Nov 2017 14:05:55
# 28.4488,  5.684884,  3.751,  0.0869,  0.2857,  35.0997,  04 Nov 2017 14:12:55
# 28.4605,  5.686351,  3.788,  0.0837,  0.2822,  35.1012,  04 Nov 2017 14:19:55
# 28.4662,  5.686632,  3.804,  0.0799,  0.2846,  35.0990,  04 Nov 2017 14:26:55
# 28.4924,  5.689463,  3.844,  0.0826,  0.2918,  35.0992,  04 Nov 2017 14:33:55
# 28.4964,  5.689862,  3.898,  0.0850,  0.2856,  35.0990,  04 Nov 2017 14:40:55
# 28.5109,  5.691234,  3.905,  0.0836,  0.2869,  35.0978,  04 Nov 2017 14:47:55
# 28.5340,  5.693624,  3.898,  0.0825,  0.2833,  35.0973,  04 Nov 2017 14:54:55
# 28.5496,  5.695040,  3.946,  0.0824,  0.2858,  35.0956,  04 Nov 2017 15:01:55
# 28.5690,  5.697247,  3.987,  0.0835,  0.2882,  35.0965,  04 Nov 2017 15:08:55
# 28.5967,  5.700140,  3.970,  0.0837,  0.2870,  35.0962,  04 Nov 2017 15:15:55
# 28.6140,  5.702155,  3.993,  0.0837,  0.2931,  35.0974,  04 Nov 2017 15:22:55
# 28.6805,  5.709133,  4.034,  0.0836,  0.2870,  35.0966,  04 Nov 2017 15:29:55
# 28.7017,  5.711674,  4.062,  0.0836,  0.2834,  35.0986,  04 Nov 2017 15:36:55
# 28.7212,  5.713913,  4.086,  0.0835,  0.2808,  35.0996,  04 Nov 2017 15:43:55
# 28.7355,  5.715509,  4.115,  0.0859,  0.2858,  35.1001,  04 Nov 2017 15:50:55
# 28.7260,  5.714349,  4.128,  0.0860,  0.2966,  35.0991,  04 Nov 2017 15:57:55
# 28.7158,  5.713130,  4.160,  0.0849,  0.2859,  35.0982,  04 Nov 2017 16:04:55
# 28.6810,  5.709820,  4.186,  0.0835,  0.2882,  35.1009,  04 Nov 2017 16:11:55
# 28.6722,  5.708860,  4.210,  0.0849,  0.2834,  35.1008,  04 Nov 2017 16:18:55
# 28.6489,  5.706386,  4.163,  0.0848,  0.2808,  35.1008,  04 Nov 2017 16:25:55
# 28.6370,  5.705035,  4.239,  0.0861,  0.2921,  35.1003,  04 Nov 2017 16:32:55
# 28.6005,  5.701439,  4.262,  0.0861,  0.2857,  35.1023,  04 Nov 2017 16:39:55
# 28.5609,  5.697431,  4.273,  0.0860,  0.2893,  35.1038,  04 Nov 2017 16:46:55
# 28.5358,  5.694775,  4.257,  0.0894,  0.2882,  35.1039,  04 Nov 2017 16:53:55
# 28.5198,  5.693093,  4.315,  0.0869,  0.2821,  35.1040,  04 Nov 2017 17:00:55
# 28.5035,  5.691308,  4.280,  0.0861,  0.2871,  35.1037,  04 Nov 2017 17:07:55
# 28.4915,  5.689973,  4.300,  0.0895,  0.2845,  35.1033,  04 Nov 2017 17:14:55
# 28.4563,  5.686514,  4.311,  0.0895,  0.2834,  35.1053,  04 Nov 2017 17:21:55
# 28.4269,  5.683336,  4.358,  0.0919,  0.2883,  35.1049,  04 Nov 2017 17:28:55
# 28.3934,  5.679570,  4.314,  0.0907,  0.2906,  35.1036,  04 Nov 2017 17:35:55
# 28.3662,  5.676652,  4.323,  0.0893,  0.2893,  35.1034,  04 Nov 2017 17:42:55
# 28.3356,  5.673233,  4.302,  0.0882,  0.2919,  35.1023,  04 Nov 2017 17:49:55
# 28.3108,  5.670692,  4.283,  0.0882,  0.2832,  35.1030,  04 Nov 2017 17:56:55
# 28.2876,  5.668063,  4.281,  0.0881,  0.2831,  35.1019,  04 Nov 2017 18:03:55
# 28.2491,  5.664081,  4.257,  0.0906,  0.2895,  35.1026,  04 Nov 2017 18:10:55
# 28.2255,  5.661527,  4.321,  0.0943,  0.2844,  35.1023,  04 Nov 2017 18:17:55
# 28.2096,  5.659775,  4.307,  0.0930,  0.2931,  35.1019,  04 Nov 2017 18:24:55
# 28.1853,  5.657318,  4.311,  0.0919,  0.2895,  35.1028,  04 Nov 2017 18:31:55
# 28.1750,  5.656133,  4.256,  0.0957,  0.2956,  35.1022,  04 Nov 2017 18:38:55
# 28.1545,  5.654007,  4.242,  0.0932,  0.2908,  35.1026,  04 Nov 2017 18:45:55
# 28.1441,  5.652860,  4.241,  0.0931,  0.2906,  35.1023,  04 Nov 2017 18:52:55
# 28.1337,  5.651845,  4.236,  0.0918,  0.2956,  35.1029,  04 Nov 2017 18:59:55
# 28.1226,  5.650632,  4.212,  0.0943,  0.2870,  35.1027,  04 Nov 2017 19:06:55
# 28.1077,  5.649043,  4.184,  0.0943,  0.3140,  35.1026,  04 Nov 2017 19:13:55
# 28.0921,  5.647375,  4.173,  0.0954,  0.2895,  35.1026,  04 Nov 2017 19:20:55
# 28.0781,  5.645875,  4.174,  0.0968,  0.2932,  35.1025,  04 Nov 2017 19:27:55
# 28.0619,  5.644081,  4.147,  0.0930,  0.2906,  35.1020,  04 Nov 2017 19:34:55
# 28.0442,  5.642185,  4.117,  0.1031,  0.2893,  35.1019,  04 Nov 2017 19:41:55
# 28.0248,  5.640128,  4.098,  0.0956,  0.2980,  35.1019,  04 Nov 2017 19:48:55
# 28.0110,  5.638636,  4.105,  0.0970,  0.2869,  35.1017,  04 Nov 2017 19:55:55
# 27.9985,  5.637395,  4.070,  0.0980,  0.2920,  35.1024,  04 Nov 2017 20:02:55
# 27.9920,  5.636587,  4.035,  0.0992,  0.2884,  35.1016,  04 Nov 2017 20:09:55
# 27.9853,  5.635860,  4.069,  0.0968,  0.2869,  35.1014,  04 Nov 2017 20:16:55
# 27.9755,  5.634861,  4.039,  0.0932,  0.2921,  35.1018,  04 Nov 2017 20:23:55
# 27.9666,  5.633935,  3.992,  0.0968,  0.2811,  35.1019,  04 Nov 2017 20:30:55
# 27.9603,  5.633252,  3.984,  0.0944,  0.2898,  35.1018,  04 Nov 2017 20:37:55
# 27.9519,  5.632379,  3.972,  0.0943,  0.2859,  35.1019,  04 Nov 2017 20:44:55
# 27.9415,  5.631336,  3.914,  0.0958,  0.2871,  35.1024,  04 Nov 2017 20:51:55
# 27.9294,  5.630036,  3.863,  0.0945,  0.2907,  35.1023,  04 Nov 2017 20:58:55
# 27.9218,  5.629141,  3.905,  0.0932,  0.2968,  35.1017,  04 Nov 2017 21:05:55
# 27.9153,  5.628436,  3.794,  0.0945,  0.2884,  35.1016,  04 Nov 2017 21:12:55
# 27.9040,  5.627276,  3.844,  0.0956,  0.2858,  35.1018,  04 Nov 2017 21:19:55
# 27.8899,  5.625845,  3.814,  0.0944,  0.2871,  35.1023,  04 Nov 2017 21:26:55
# 27.8786,  5.624590,  3.744,  0.0943,  0.2918,  35.1020,  04 Nov 2017 21:33:55
# 27.8705,  5.623665,  3.771,  0.0933,  0.2869,  35.1016,  04 Nov 2017 21:40:55
# 27.8601,  5.622572,  3.721,  0.0954,  0.2821,  35.1016,  04 Nov 2017 21:47:55
# 27.8513,  5.621618,  3.721,  0.0942,  0.2821,  35.1015,  04 Nov 2017 21:54:55
# 27.8412,  5.620576,  3.710,  0.0931,  0.2831,  35.1017,  04 Nov 2017 22:01:55
# 27.8306,  5.619454,  3.656,  0.0919,  0.2932,  35.1018,  04 Nov 2017 22:08:55
# 27.8231,  5.618647,  3.685,  0.0919,  0.2822,  35.1017,  04 Nov 2017 22:15:55
# 27.8159,  5.617840,  3.642,  0.0918,  0.2857,  35.1014,  04 Nov 2017 22:22:55
# 27.8059,  5.616967,  3.623,  0.0919,  0.2847,  35.1027,  04 Nov 2017 22:29:55
# 27.7960,  5.615830,  3.586,  0.0931,  0.2896,  35.1021,  04 Nov 2017 22:36:55
# 27.7953,  5.615684,  3.619,  0.0918,  0.2821,  35.1016,  04 Nov 2017 22:43:55
# 27.7865,  5.614796,  3.571,  0.0918,  0.2848,  35.1019,  04 Nov 2017 22:50:55
# 27.7817,  5.614320,  3.599,  0.0920,  0.2836,  35.1022,  04 Nov 2017 22:57:55
# 27.7794,  5.613997,  3.570,  0.0942,  0.2835,  35.1016,  04 Nov 2017 23:04:55
# 27.7745,  5.613513,  3.536,  0.0957,  0.2847,  35.1019,  04 Nov 2017 23:11:55
# 27.7742,  5.613418,  3.573,  0.0917,  0.2956,  35.1014,  04 Nov 2017 23:18:55
# 27.7667,  5.612765,  3.543,  0.0919,  0.2821,  35.1024,  04 Nov 2017 23:25:55
# 27.7664,  5.612611,  3.579,  0.0932,  0.2847,  35.1016,  04 Nov 2017 23:32:55
# 27.7650,  5.612479,  3.547,  0.0896,  0.2859,  35.1017,  04 Nov 2017 23:39:55
# 27.7624,  5.612215,  3.562,  0.0932,  0.2844,  35.1018,  04 Nov 2017 23:46:55
# 27.7643,  5.612384,  3.528,  0.0919,  0.2846,  35.1016,  04 Nov 2017 23:53:55
# 27.7564,  5.611673,  3.565,  0.0893,  0.2834,  35.1024,  05 Nov 2017 00:00:55
# 27.7574,  5.611695,  3.537,  0.0906,  0.2882,  35.1018,  05 Nov 2017 00:07:55
# 27.7542,  5.611394,  3.569,  0.0904,  0.2821,  35.1021,  05 Nov 2017 00:14:55
# 27.7503,  5.611050,  3.609,  0.0893,  0.2908,  35.1026,  05 Nov 2017 00:21:55
# 27.7515,  5.611116,  3.586,  0.0893,  0.2872,  35.1022,  05 Nov 2017 00:28:55
# 27.7498,  5.610976,  3.577,  0.0893,  0.2846,  35.1024,  05 Nov 2017 00:35:55
# 27.7469,  5.610690,  3.598,  0.0893,  0.2884,  35.1026,  05 Nov 2017 00:42:55
# 27.7492,  5.610866,  3.594,  0.0906,  0.2847,  35.1021,  05 Nov 2017 00:49:55
# 27.7513,  5.611130,  3.643,  0.0861,  0.2786,  35.1024,  05 Nov 2017 00:56:55
# 27.7547,  5.611460,  3.600,  0.0893,  0.2821,  35.1022,  05 Nov 2017 01:03:55
# 27.7529,  5.611358,  3.620,  0.0894,  0.2858,  35.1028,  05 Nov 2017 01:10:55
# 27.7546,  5.611504,  3.705,  0.0862,  0.2786,  35.1026,  05 Nov 2017 01:17:55
# 27.7569,  5.611746,  3.657,  0.0906,  0.2832,  35.1025,  05 Nov 2017 01:24:55
# 27.7608,  5.612039,  3.702,  0.0881,  0.2810,  35.1017,  05 Nov 2017 01:31:55
# 27.7641,  5.612377,  3.738,  0.0882,  0.2810,  35.1016,  05 Nov 2017 01:38:55
# 27.7672,  5.612743,  3.728,  0.0882,  0.2844,  35.1018,  05 Nov 2017 01:45:55
# 27.7655,  5.612597,  3.745,  0.0893,  0.2834,  35.1021,  05 Nov 2017 01:52:55
# 27.7604,  5.612047,  3.807,  0.0869,  0.2822,  35.1020,  05 Nov 2017 01:59:55
# 27.7583,  5.611842,  3.847,  0.0869,  0.2797,  35.1021,  05 Nov 2017 02:06:55
# 27.7541,  5.611358,  3.840,  0.0871,  0.2832,  35.1019,  05 Nov 2017 02:13:55
# 27.7472,  5.610595,  3.826,  0.0863,  0.2845,  35.1016,  05 Nov 2017 02:20:55
# 27.7464,  5.610639,  3.897,  0.0860,  0.2845,  35.1026,  05 Nov 2017 02:27:55
# 27.7364,  5.609525,  3.871,  0.0861,  0.2784,  35.1021,  05 Nov 2017 02:34:55
# 27.7235,  5.608206,  3.968,  0.0869,  0.2823,  35.1025,  05 Nov 2017 02:41:55
# 27.7136,  5.607114,  3.942,  0.0862,  0.2785,  35.1022,  05 Nov 2017 02:48:55
# 27.7048,  5.606212,  3.993,  0.0870,  0.2847,  35.1024,  05 Nov 2017 02:55:55
# 27.6962,  5.605458,  4.039,  0.0848,  0.2810,  35.1035,  05 Nov 2017 03:02:55
# 27.6856,  5.604336,  4.050,  0.0851,  0.2809,  35.1036,  05 Nov 2017 03:09:55
# 27.6863,  5.604307,  4.067,  0.0870,  0.2822,  35.1028,  05 Nov 2017 03:16:55
# 27.6795,  5.603582,  4.141,  0.0861,  0.2845,  35.1028,  05 Nov 2017 03:23:55
# 27.6731,  5.602944,  4.144,  0.0861,  0.2799,  35.1031,  05 Nov 2017 03:30:55
# 27.6662,  5.602263,  4.180,  0.0848,  0.2872,  35.1034,  05 Nov 2017 03:37:55
# 27.6631,  5.601919,  4.207,  0.0895,  0.2857,  35.1032,  05 Nov 2017 03:44:55
# 27.6560,  5.601128,  4.215,  0.0869,  0.2858,  35.1030,  05 Nov 2017 03:51:55
# 27.6536,  5.600673,  4.278,  0.0883,  0.2846,  35.1016,  05 Nov 2017 03:58:55
# 27.6464,  5.600000,  4.322,  0.0882,  0.2858,  35.1022,  05 Nov 2017 04:05:55
# 27.6464,  5.599926,  4.294,  0.0869,  0.2857,  35.1017,  05 Nov 2017 04:12:55
# 27.6467,  5.599838,  4.365,  0.0895,  0.2834,  35.1008,  05 Nov 2017 04:19:55
# 27.6433,  5.599450,  4.365,  0.0906,  0.2797,  35.1006,  05 Nov 2017 04:26:55
# 27.6402,  5.599003,  4.377,  0.0916,  0.2870,  35.0998,  05 Nov 2017 04:33:55
# 27.6381,  5.598637,  4.323,  0.0908,  0.2835,  35.0988,  05 Nov 2017 04:40:55
# 27.6295,  5.597575,  4.335,  0.0943,  0.2847,  35.0977,  05 Nov 2017 04:47:55
# 27.6211,  5.596579,  4.387,  0.0970,  0.2846,  35.0970,  05 Nov 2017 04:54:55
# 27.6158,  5.595935,  4.493,  0.0930,  0.2846,  35.0964,  05 Nov 2017 05:01:55
# 27.6093,  5.595393,  4.410,  0.0955,  0.2822,  35.0974,  05 Nov 2017 05:08:55
# 27.6088,  5.595137,  4.459,  0.0967,  0.2896,  35.0959,  05 Nov 2017 05:15:55
# 27.6096,  5.595195,  4.459,  0.0956,  0.2822,  35.0958,  05 Nov 2017 05:22:55
# 27.6106,  5.595400,  4.480,  0.0906,  0.2858,  35.0965,  05 Nov 2017 05:29:55
# 27.6122,  5.595591,  4.457,  0.0944,  0.2860,  35.0967,  05 Nov 2017 05:36:55
# 27.6150,  5.596001,  4.466,  0.0931,  0.2845,  35.0974,  05 Nov 2017 05:43:55
# 27.6185,  5.596433,  4.483,  0.0931,  0.2882,  35.0979,  05 Nov 2017 05:50:55
# 27.6219,  5.596784,  4.492,  0.0931,  0.2844,  35.0978,  05 Nov 2017 05:57:55
# 27.6233,  5.596997,  4.439,  0.0955,  0.2883,  35.0983,  05 Nov 2017 06:04:55
# 27.6238,  5.597004,  4.412,  0.0955,  0.2933,  35.0979,  05 Nov 2017 06:11:55
# 27.6221,  5.596814,  4.497,  0.0957,  0.2895,  35.0979,  05 Nov 2017 06:18:55
# 27.6190,  5.596411,  4.474,  0.0967,  0.2882,  35.0973,  05 Nov 2017 06:25:55
# 27.6174,  5.596133,  4.476,  0.1006,  0.2908,  35.0966,  05 Nov 2017 06:32:55
# 27.6122,  5.595576,  4.451,  0.1007,  0.2882,  35.0966,  05 Nov 2017 06:39:55
# 27.6101,  5.595298,  4.435,  0.1006,  0.2943,  35.0962,  05 Nov 2017 06:46:55
# 27.6080,  5.595020,  4.430,  0.0980,  0.2871,  35.0958,  05 Nov 2017 06:53:55
# 27.6048,  5.594741,  4.466,  0.0943,  0.2933,  35.0962,  05 Nov 2017 07:00:55
# 27.6041,  5.594617,  4.496,  0.0955,  0.2871,  35.0958,  05 Nov 2017 07:07:55
# 27.6028,  5.594448,  4.394,  0.0981,  0.2860,  35.0956,  05 Nov 2017 07:14:55
# 27.6001,  5.594236,  4.400,  0.0980,  0.2907,  35.0962,  05 Nov 2017 07:21:55
# 27.6010,  5.594243,  4.393,  0.0945,  0.2872,  35.0955,  05 Nov 2017 07:28:55
# 27.5999,  5.594200,  4.291,  0.0943,  0.2897,  35.0960,  05 Nov 2017 07:35:55
# 27.6013,  5.594273,  4.264,  0.0932,  0.2834,  35.0955,  05 Nov 2017 07:42:55
# 27.6014,  5.594221,  4.260,  0.0945,  0.2844,  35.0951,  05 Nov 2017 07:49:55
# 27.6048,  5.594507,  4.241,  0.0906,  0.2895,  35.0946,  05 Nov 2017 07:56:55
# 27.6086,  5.594902,  4.219,  0.0933,  0.2845,  35.0945,  05 Nov 2017 08:03:55
# 27.6087,  5.595012,  4.230,  0.0919,  0.2846,  35.0952,  05 Nov 2017 08:10:55
# 27.6133,  5.595525,  4.156,  0.0894,  0.2895,  35.0954,  05 Nov 2017 08:17:55
# 27.6187,  5.596176,  4.161,  0.0906,  0.2821,  35.0960,  05 Nov 2017 08:24:55
# 27.6263,  5.596982,  4.161,  0.0880,  0.2847,  35.0960,  05 Nov 2017 08:31:55
# 27.6368,  5.598088,  4.168,  0.0870,  0.2833,  35.0959,  05 Nov 2017 08:38:55
# 27.6461,  5.599194,  4.094,  0.0869,  0.2822,  35.0968,  05 Nov 2017 08:45:55
# 27.6566,  5.600285,  4.050,  0.0880,  0.2846,  35.0967,  05 Nov 2017 08:52:55
# 27.6710,  5.601904,  4.051,  0.0870,  0.2846,  35.0973,  05 Nov 2017 08:59:55
# 27.6857,  5.603391,  3.970,  0.0825,  0.2833,  35.0968,  05 Nov 2017 09:06:55
# 27.6985,  5.604776,  3.995,  0.0881,  0.2821,  35.0970,  05 Nov 2017 09:13:55
# 27.7102,  5.606278,  3.968,  0.0800,  0.2834,  35.0988,  05 Nov 2017 09:20:55
# 27.7289,  5.608118,  3.921,  0.0823,  0.3055,  35.0979,  05 Nov 2017 09:27:55
# 27.7476,  5.610280,  3.885,  0.0799,  0.2858,  35.0991,  05 Nov 2017 09:34:55
# 27.7643,  5.612135,  3.856,  0.0850,  0.2869,  35.0997,  05 Nov 2017 09:41:55
# 27.7820,  5.614026,  3.840,  0.0847,  0.2884,  35.0998,  05 Nov 2017 09:48:55
# 27.8019,  5.616300,  3.809,  0.0812,  0.2871,  35.1009,  05 Nov 2017 09:55:55
# 27.8240,  5.618669,  3.730,  0.0809,  0.2896,  35.1011,  05 Nov 2017 10:02:55
# 27.8453,  5.620972,  3.740,  0.0812,  0.2945,  35.1014,  05 Nov 2017 10:09:55
# 27.8722,  5.623805,  3.725,  0.0835,  0.2859,  35.1012,  05 Nov 2017 10:16:55
# 27.8927,  5.625867,  3.679,  0.0848,  0.2982,  35.1005,  05 Nov 2017 10:23:55
# 27.9209,  5.628817,  3.680,  0.0811,  0.2833,  35.1001,  05 Nov 2017 10:30:55
# 27.9429,  5.631615,  3.672,  0.0799,  0.2919,  35.1034,  05 Nov 2017 10:37:55
# 27.9696,  5.634266,  3.665,  0.0837,  0.2883,  35.1021,  05 Nov 2017 10:44:55
# 27.9892,  5.636410,  3.616,  0.0838,  0.2895,  35.1025,  05 Nov 2017 10:51:55
# 28.0283,  5.640164,  3.575,  0.0837,  0.2883,  35.0997,  05 Nov 2017 10:58:55
# 28.0524,  5.642751,  3.559,  0.0838,  0.2882,  35.0999,  05 Nov 2017 11:05:55
# 28.0769,  5.645404,  3.549,  0.0774,  0.2848,  35.1003,  05 Nov 2017 11:12:55
# 28.0979,  5.647727,  3.514,  0.0811,  0.2883,  35.1009,  05 Nov 2017 11:19:55
# 28.1281,  5.651190,  3.510,  0.0800,  0.2918,  35.1027,  05 Nov 2017 11:26:55
# 28.1349,  5.652595,  3.539,  0.0823,  0.2809,  35.1074,  05 Nov 2017 11:33:55
# 28.1798,  5.656729,  3.460,  0.0835,  0.2931,  35.1030,  05 Nov 2017 11:40:55
# 28.2020,  5.658848,  3.470,  0.0861,  0.2882,  35.1013,  05 Nov 2017 11:47:55
# 28.2348,  5.662718,  3.474,  0.0835,  0.2906,  35.1040,  05 Nov 2017 11:54:55
# 28.2432,  5.664257,  3.455,  0.0788,  0.2882,  35.1085,  05 Nov 2017 12:01:55
# 28.2647,  5.666524,  3.448,  0.0712,  0.2870,  35.1084,  05 Nov 2017 12:08:55
# 28.2921,  5.669543,  3.449,  0.0824,  0.2871,  35.1091,  05 Nov 2017 12:15:55
# 28.3004,  5.670000,  3.443,  0.0800,  0.2869,  35.1061,  05 Nov 2017 12:22:55
# 28.3370,  5.674051,  3.462,  0.0723,  0.2908,  35.1072,  05 Nov 2017 12:29:55
# 28.3407,  5.674706,  3.453,  0.0787,  0.2858,  35.1090,  05 Nov 2017 12:36:55
# 28.3692,  5.677602,  3.436,  0.0861,  0.2931,  35.1080,  05 Nov 2017 12:43:55
# 28.3361,  5.675466,  3.438,  0.0834,  0.2870,  35.1177,  05 Nov 2017 12:50:55
# 28.3343,  5.674220,  3.487,  0.0773,  0.2796,  35.1103,  05 Nov 2017 12:57:55
# 28.3283,  5.672209,  3.458,  0.0836,  0.2811,  35.1008,  05 Nov 2017 13:04:55
# 28.2899,  5.668615,  3.445,  0.0774,  0.2797,  35.1043,  05 Nov 2017 13:11:55
# 28.2845,  5.667651,  3.473,  0.0773,  0.2759,  35.1015,  05 Nov 2017 13:18:55
# 28.3130,  5.670714,  3.508,  0.0798,  0.2858,  35.1017,  05 Nov 2017 13:25:55
# 28.3096,  5.670515,  3.518,  0.0848,  0.2858,  35.1028,  05 Nov 2017 13:32:55
# 28.3085,  5.669956,  3.589,  0.0835,  0.2832,  35.0998,  05 Nov 2017 13:39:55
# 28.3270,  5.671856,  3.560,  0.0836,  0.2845,  35.0993,  05 Nov 2017 13:46:55
# 28.3315,  5.672209,  3.570,  0.0838,  0.2882,  35.0984,  05 Nov 2017 13:53:55
