# 30.0698,  5.812233,  3.512,  0.0837,  0.3310,  34.7902,  08 Oct 2017 14:00:55
# 30.0537,  5.809561,  3.579,  0.0760,  0.3283,  34.7837,  08 Oct 2017 14:07:55
# 30.0592,  5.809695,  3.549,  0.0749,  0.3226,  34.7806,  08 Oct 2017 14:14:55
# 30.0486,  5.809092,  3.492,  0.0799,  0.3320,  34.7842,  08 Oct 2017 14:21:55
# 30.0660,  5.811191,  3.536,  0.0797,  0.3238,  34.7859,  08 Oct 2017 14:28:55
# 30.0423,  5.809025,  3.554,  0.0761,  0.3262,  34.7883,  08 Oct 2017 14:35:55
# 30.0370,  5.808326,  3.547,  0.0762,  0.3265,  34.7874,  08 Oct 2017 14:42:55
# 30.0540,  5.809047,  3.570,  0.0786,  0.3309,  34.7800,  08 Oct 2017 14:49:55
# 30.0497,  5.808727,  3.565,  0.0823,  0.3262,  34.7810,  08 Oct 2017 14:56:55
# 30.0516,  5.809182,  3.583,  0.0774,  0.3333,  34.7827,  08 Oct 2017 15:03:55
# 30.0776,  5.811370,  3.656,  0.0799,  0.3270,  34.7787,  08 Oct 2017 15:10:55
# 30.0452,  5.808497,  3.627,  0.0797,  0.3331,  34.7826,  08 Oct 2017 15:17:55
# 30.0536,  5.809524,  3.664,  0.0870,  0.3429,  34.7835,  08 Oct 2017 15:24:55
# 30.0397,  5.807462,  3.673,  0.0749,  0.3284,  34.7796,  08 Oct 2017 15:31:55
# 30.0415,  5.807745,  3.717,  0.0811,  0.3285,  34.7802,  08 Oct 2017 15:38:55
# 30.0508,  5.808683,  3.745,  0.0809,  0.3284,  34.7799,  08 Oct 2017 15:45:55
# 30.0475,  5.808184,  3.788,  0.0761,  0.3251,  34.7788,  08 Oct 2017 15:52:55
# 30.0597,  5.809859,  3.805,  0.0810,  0.3250,  34.7814,  08 Oct 2017 15:59:55
# 30.0516,  5.809025,  3.757,  0.0748,  0.3269,  34.7816,  08 Oct 2017 16:06:55
# 30.0276,  5.806503,  3.770,  0.0810,  0.3249,  34.7818,  08 Oct 2017 16:13:55
# 30.0301,  5.806771,  3.818,  0.0810,  0.3295,  34.7817,  08 Oct 2017 16:20:55
# 30.0273,  5.806570,  3.801,  0.0812,  0.3264,  34.7824,  08 Oct 2017 16:27:55
# 30.0091,  5.805230,  3.883,  0.0823,  0.3249,  34.7864,  08 Oct 2017 16:34:55
# 30.0199,  5.805751,  3.855,  0.0835,  0.3214,  34.7822,  08 Oct 2017 16:41:55
# 30.0198,  5.805654,  3.879,  0.0822,  0.3201,  34.7816,  08 Oct 2017 16:48:55
# 30.0447,  5.808348,  3.901,  0.0798,  0.3238,  34.7819,  08 Oct 2017 16:55:55
# 30.0580,  5.810030,  3.916,  0.0880,  0.3270,  34.7837,  08 Oct 2017 17:02:55
# 30.0572,  5.809933,  3.918,  0.0786,  0.3269,  34.7836,  08 Oct 2017 17:09:55
# 30.0270,  5.806890,  3.979,  0.0812,  0.3268,  34.7847,  08 Oct 2017 17:16:55
# 30.0161,  5.805714,  4.035,  0.0824,  0.3252,  34.7846,  08 Oct 2017 17:23:55
# 29.9715,  5.801161,  3.969,  0.0811,  0.3271,  34.7859,  08 Oct 2017 17:30:55
# 29.8995,  5.793391,  4.088,  0.0822,  0.3251,  34.7851,  08 Oct 2017 17:37:55
# 29.8785,  5.791027,  4.114,  0.0835,  0.3265,  34.7842,  08 Oct 2017 17:44:55
# 29.8490,  5.788003,  4.137,  0.0822,  0.3262,  34.7849,  08 Oct 2017 17:51:55
# 29.7941,  5.782156,  4.177,  0.0835,  0.3309,  34.7849,  08 Oct 2017 17:58:55
# 29.7707,  5.779579,  4.080,  0.0822,  0.3265,  34.7842,  08 Oct 2017 18:05:55
# 29.7454,  5.777003,  4.129,  0.0836,  0.3265,  34.7850,  08 Oct 2017 18:12:55
# 29.7246,  5.774887,  4.097,  0.0822,  0.3271,  34.7857,  08 Oct 2017 18:19:55
# 29.7082,  5.773224,  4.137,  0.0822,  0.3295,  34.7862,  08 Oct 2017 18:26:55
# 29.6928,  5.771733,  4.177,  0.0822,  0.3320,  34.7872,  08 Oct 2017 18:33:55
# 29.6841,  5.770723,  4.093,  0.0810,  0.3297,  34.7866,  08 Oct 2017 18:40:55
# 29.6807,  5.770382,  4.207,  0.0809,  0.3369,  34.7867,  08 Oct 2017 18:47:55
# 29.6800,  5.770360,  4.232,  0.0837,  0.3333,  34.7870,  08 Oct 2017 18:54:55
# 29.6796,  5.770338,  4.203,  0.0860,  0.3307,  34.7872,  08 Oct 2017 19:01:55
# 29.6819,  5.770560,  4.255,  0.0848,  0.3370,  34.7871,  08 Oct 2017 19:08:55
# 29.6855,  5.770924,  4.269,  0.0848,  0.3320,  34.7869,  08 Oct 2017 19:15:55
# 29.6868,  5.771013,  4.199,  0.0861,  0.3308,  34.7866,  08 Oct 2017 19:22:55
# 29.6852,  5.770798,  4.244,  0.0869,  0.3371,  34.7863,  08 Oct 2017 19:29:55
# 29.6819,  5.770345,  4.224,  0.0906,  0.3321,  34.7856,  08 Oct 2017 19:36:55
# 29.6768,  5.769595,  4.239,  0.0880,  0.3359,  34.7842,  08 Oct 2017 19:43:55
# 29.6719,  5.768779,  4.249,  0.0848,  0.3311,  34.7822,  08 Oct 2017 19:50:55
# 29.6690,  5.768245,  4.288,  0.0882,  0.3345,  34.7806,  08 Oct 2017 19:57:55
# 29.6638,  5.767547,  4.206,  0.0881,  0.3307,  34.7796,  08 Oct 2017 20:04:55
# 29.6609,  5.767006,  4.280,  0.0859,  0.3322,  34.7781,  08 Oct 2017 20:11:55
# 29.6571,  5.766368,  4.186,  0.0880,  0.3333,  34.7764,  08 Oct 2017 20:18:55
# 29.6517,  5.765678,  4.198,  0.0880,  0.3252,  34.7757,  08 Oct 2017 20:25:55
# 29.6501,  5.765129,  4.243,  0.0893,  0.3281,  34.7731,  08 Oct 2017 20:32:55
# 29.6477,  5.764572,  4.199,  0.0867,  0.3358,  34.7710,  08 Oct 2017 20:39:55
# 29.6387,  5.763282,  4.151,  0.0868,  0.3370,  34.7688,  08 Oct 2017 20:46:55
# 29.6296,  5.762058,  4.127,  0.0882,  0.3320,  34.7670,  08 Oct 2017 20:53:55
# 29.6241,  5.761398,  4.115,  0.0859,  0.3284,  34.7665,  08 Oct 2017 21:00:55
# 29.6157,  5.760353,  4.193,  0.0869,  0.3226,  34.7654,  08 Oct 2017 21:07:55
# 29.6099,  5.759522,  4.118,  0.0869,  0.3272,  34.7640,  08 Oct 2017 21:14:55
# 29.6007,  5.758299,  4.144,  0.0893,  0.3252,  34.7623,  08 Oct 2017 21:21:55
# 29.5897,  5.756905,  4.092,  0.0903,  0.3264,  34.7608,  08 Oct 2017 21:28:55
# 29.5778,  5.755252,  4.108,  0.0868,  0.3295,  34.7581,  08 Oct 2017 21:35:55
# 29.5664,  5.753554,  4.096,  0.0861,  0.3294,  34.7548,  08 Oct 2017 21:42:55
# 29.5529,  5.751109,  4.013,  0.0861,  0.3264,  34.7479,  08 Oct 2017 21:49:55
# 29.5472,  5.750019,  3.990,  0.0858,  0.3250,  34.7446,  08 Oct 2017 21:56:55
# 29.5420,  5.748908,  3.984,  0.0858,  0.3285,  34.7408,  08 Oct 2017 22:03:55
# 29.5364,  5.747552,  4.075,  0.0860,  0.3264,  34.7356,  08 Oct 2017 22:10:55
# 29.5363,  5.746359,  3.969,  0.0860,  0.3263,  34.7276,  08 Oct 2017 22:17:55
# 29.5372,  5.745574,  4.026,  0.0867,  0.3251,  34.7215,  08 Oct 2017 22:24:55
# 29.5367,  5.744907,  3.961,  0.0848,  0.3263,  34.7174,  08 Oct 2017 22:31:55
# 29.5293,  5.743330,  3.878,  0.0859,  0.3295,  34.7120,  08 Oct 2017 22:38:55
# 29.5195,  5.741797,  3.879,  0.0847,  0.3307,  34.7086,  08 Oct 2017 22:45:55
# 29.5133,  5.740767,  3.850,  0.0822,  0.3294,  34.7061,  08 Oct 2017 22:52:55
# 29.5058,  5.739605,  3.821,  0.0836,  0.3262,  34.7036,  08 Oct 2017 22:59:55
# 29.4955,  5.738287,  3.816,  0.0836,  0.3250,  34.7021,  08 Oct 2017 23:06:55
# 29.4879,  5.737340,  3.826,  0.0824,  0.3271,  34.7011,  08 Oct 2017 23:13:55
# 29.4770,  5.736000,  3.734,  0.0837,  0.3283,  34.6999,  08 Oct 2017 23:20:55
# 29.4644,  5.734497,  3.803,  0.0867,  0.3265,  34.6987,  08 Oct 2017 23:27:55
# 29.4553,  5.733587,  3.705,  0.0835,  0.3263,  34.6991,  08 Oct 2017 23:34:55
# 29.4475,  5.732699,  3.695,  0.0848,  0.3264,  34.6986,  08 Oct 2017 23:41:55
# 29.4453,  5.732677,  3.676,  0.0835,  0.3249,  34.7001,  08 Oct 2017 23:48:55
# 29.4362,  5.732122,  3.720,  0.0836,  0.3239,  34.7029,  08 Oct 2017 23:55:55
# 29.4299,  5.731745,  3.709,  0.0836,  0.3284,  34.7049,  09 Oct 2017 00:02:55
# 29.4219,  5.731249,  3.654,  0.0861,  0.3283,  34.7072,  09 Oct 2017 00:09:55
# 29.4152,  5.730709,  3.613,  0.0848,  0.3251,  34.7084,  09 Oct 2017 00:16:55
# 29.4061,  5.730028,  3.628,  0.0848,  0.3491,  34.7103,  09 Oct 2017 00:23:55
# 29.4011,  5.729703,  3.629,  0.0838,  0.3249,  34.7117,  09 Oct 2017 00:30:55
# 29.3922,  5.729030,  3.616,  0.0835,  0.3251,  34.7136,  09 Oct 2017 00:37:55
# 29.3877,  5.728889,  3.608,  0.0835,  0.3238,  34.7159,  09 Oct 2017 00:44:55
# 29.3841,  5.728801,  3.641,  0.0848,  0.3273,  34.7178,  09 Oct 2017 00:51:55
# 29.3828,  5.728845,  3.583,  0.0822,  0.3251,  34.7191,  09 Oct 2017 00:58:55
# 29.3744,  5.728187,  3.574,  0.0848,  0.3271,  34.7207,  09 Oct 2017 01:05:55
# 29.3808,  5.728949,  3.595,  0.0823,  0.3241,  34.7212,  09 Oct 2017 01:12:55
# 29.3861,  5.729873,  3.630,  0.1069,  0.3273,  34.7237,  09 Oct 2017 01:19:55
# 29.3920,  5.731116,  3.560,  0.0822,  0.3239,  34.7280,  09 Oct 2017 01:26:55
# 29.3907,  5.731235,  3.563,  0.0823,  0.3251,  34.7297,  09 Oct 2017 01:33:55
# 29.3931,  5.731908,  3.547,  0.0823,  0.3239,  34.7326,  09 Oct 2017 01:40:55
# 29.3861,  5.731930,  3.575,  0.0797,  0.3264,  34.7378,  09 Oct 2017 01:47:55
# 29.3828,  5.731486,  3.568,  0.0810,  0.3358,  34.7372,  09 Oct 2017 01:54:55
# 29.3824,  5.731383,  3.599,  0.0848,  0.3240,  34.7367,  09 Oct 2017 02:01:55
# 29.3905,  5.732804,  3.550,  0.0834,  0.3272,  34.7406,  09 Oct 2017 02:08:55
# 29.3927,  5.733514,  3.610,  0.0835,  0.3228,  34.7439,  09 Oct 2017 02:15:55
# 29.3970,  5.734432,  3.634,  0.0836,  0.3345,  34.7470,  09 Oct 2017 02:22:55
# 29.4002,  5.735224,  3.621,  0.0824,  0.3239,  34.7501,  09 Oct 2017 02:29:55
# 29.4042,  5.736238,  3.673,  0.0835,  0.3273,  34.7541,  09 Oct 2017 02:36:55
# 29.4045,  5.736793,  3.621,  0.0835,  0.3228,  34.7577,  09 Oct 2017 02:43:55
# 29.4020,  5.736949,  3.649,  0.0812,  0.3250,  34.7605,  09 Oct 2017 02:50:55
# 29.3965,  5.736571,  3.705,  0.0799,  0.3239,  34.7619,  09 Oct 2017 02:57:55
# 29.3959,  5.736875,  3.703,  0.0835,  0.3224,  34.7645,  09 Oct 2017 03:04:55
# 29.3951,  5.736823,  3.715,  0.0836,  0.3239,  34.7647,  09 Oct 2017 03:11:55
# 29.3905,  5.736771,  3.735,  0.0823,  0.3370,  34.7677,  09 Oct 2017 03:18:55
# 29.3912,  5.736786,  3.734,  0.0837,  0.3238,  34.7672,  09 Oct 2017 03:25:55
# 29.3873,  5.735876,  3.771,  0.0822,  0.3249,  34.7638,  09 Oct 2017 03:32:55
# 29.3849,  5.734928,  3.754,  0.0823,  0.3227,  34.7591,  09 Oct 2017 03:39:55
# 29.3835,  5.734699,  3.786,  0.0836,  0.3215,  34.7586,  09 Oct 2017 03:46:55
# 29.3826,  5.734662,  3.792,  0.0812,  0.3249,  34.7590,  09 Oct 2017 03:53:55
# 29.3835,  5.734617,  3.809,  0.0836,  0.3226,  34.7580,  09 Oct 2017 04:00:55
# 29.3805,  5.734173,  3.843,  0.0848,  0.3265,  34.7571,  09 Oct 2017 04:07:55
# 29.3785,  5.733862,  3.899,  0.0838,  0.3239,  34.7564,  09 Oct 2017 04:14:55
# 29.3733,  5.733159,  3.901,  0.0835,  0.3227,  34.7554,  09 Oct 2017 04:21:55
# 29.3623,  5.731990,  3.972,  0.0834,  0.3265,  34.7553,  09 Oct 2017 04:28:55
# 29.3534,  5.731036,  3.976,  0.0848,  0.3443,  34.7553,  09 Oct 2017 04:35:55
# 29.3455,  5.730007,  3.982,  0.0837,  0.3263,  34.7540,  09 Oct 2017 04:42:55
# 29.3428,  5.729793,  4.046,  0.0797,  0.3239,  34.7544,  09 Oct 2017 04:49:55
# 29.3397,  5.729608,  3.991,  0.0837,  0.3237,  34.7554,  09 Oct 2017 04:56:55
# 29.3382,  5.729541,  3.994,  0.0822,  0.3227,  34.7560,  09 Oct 2017 05:03:55
# 29.3367,  5.729401,  4.107,  0.0823,  0.3240,  34.7562,  09 Oct 2017 05:10:55
# 29.3327,  5.729001,  4.082,  0.0835,  0.3240,  34.7563,  09 Oct 2017 05:17:55
# 29.3298,  5.728787,  4.115,  0.0860,  0.3213,  34.7569,  09 Oct 2017 05:24:55
# 29.3273,  5.728469,  4.130,  0.0850,  0.3249,  34.7566,  09 Oct 2017 05:31:55
# 29.3265,  5.728469,  4.173,  0.0836,  0.3226,  34.7571,  09 Oct 2017 05:38:55
# 29.3276,  5.728573,  4.290,  0.0838,  0.3241,  34.7570,  09 Oct 2017 05:45:55
# 29.3271,  5.728587,  4.188,  0.0838,  0.3239,  34.7575,  09 Oct 2017 05:52:55
# 29.3275,  5.728521,  4.219,  0.0848,  0.3265,  34.7568,  09 Oct 2017 05:59:55
# 29.3254,  5.728336,  4.208,  0.0943,  0.3395,  34.7571,  09 Oct 2017 06:06:55
# 29.3323,  5.729016,  4.225,  0.0848,  0.3271,  34.7567,  09 Oct 2017 06:13:55
# 29.3393,  5.729845,  4.226,  0.0836,  0.3272,  34.7573,  09 Oct 2017 06:20:55
# 29.3442,  5.730437,  4.245,  0.0811,  0.3239,  34.7578,  09 Oct 2017 06:27:55
# 29.3478,  5.730910,  4.286,  0.0861,  0.3542,  34.7584,  09 Oct 2017 06:34:55
# 29.3522,  5.731443,  4.316,  0.0847,  0.3368,  34.7588,  09 Oct 2017 06:41:55
# 29.3539,  5.731687,  4.360,  0.0850,  0.3270,  34.7593,  09 Oct 2017 06:48:55
# 29.3589,  5.732227,  4.317,  0.0867,  0.3272,  34.7593,  09 Oct 2017 06:55:55
# 29.3651,  5.732634,  4.340,  0.0868,  0.3252,  34.7576,  09 Oct 2017 07:02:55
# 29.3624,  5.730207,  4.293,  0.0858,  0.3270,  34.7430,  09 Oct 2017 07:09:55
# 29.3639,  5.730348,  4.422,  0.0870,  0.3308,  34.7429,  09 Oct 2017 07:16:55
# 29.3643,  5.730385,  4.360,  0.0861,  0.3296,  34.7428,  09 Oct 2017 07:23:55
# 29.3651,  5.730399,  4.335,  0.0835,  0.3266,  34.7424,  09 Oct 2017 07:30:55
# 29.3640,  5.729763,  4.420,  0.0860,  0.3239,  34.7388,  09 Oct 2017 07:37:55
# 29.3672,  5.728764,  4.348,  0.0836,  0.3216,  34.7297,  09 Oct 2017 07:44:55
# 29.3697,  5.728823,  4.318,  0.0861,  0.3239,  34.7283,  09 Oct 2017 07:51:55
# 29.3706,  5.728757,  4.408,  0.0869,  0.3239,  34.7271,  09 Oct 2017 07:58:55
# 29.3752,  5.729563,  4.381,  0.0813,  0.3282,  34.7293,  09 Oct 2017 08:05:55
# 29.3830,  5.731043,  4.344,  0.0824,  0.3236,  34.7338,  09 Oct 2017 08:12:55
# 29.3895,  5.732501,  4.366,  0.0823,  0.3272,  34.7390,  09 Oct 2017 08:19:55
# 29.4005,  5.734484,  4.315,  0.0774,  0.3227,  34.7447,  09 Oct 2017 08:26:55
# 29.4082,  5.735705,  4.375,  0.0786,  0.3239,  34.7474,  09 Oct 2017 08:33:55
# 29.4125,  5.736571,  4.294,  0.0812,  0.3285,  34.7502,  09 Oct 2017 08:40:55
# 29.4177,  5.737674,  4.270,  0.0826,  0.3225,  34.7540,  09 Oct 2017 08:47:55
# 29.4273,  5.739222,  4.317,  0.0848,  0.3334,  34.7575,  09 Oct 2017 08:54:55
# 29.4334,  5.740110,  4.254,  0.0822,  0.3252,  34.7592,  09 Oct 2017 09:01:55
# 29.4407,  5.741050,  4.359,  0.0823,  0.3252,  34.7604,  09 Oct 2017 09:08:55
# 29.4481,  5.742080,  4.258,  0.0824,  0.3201,  34.7621,  09 Oct 2017 09:15:55
# 29.4467,  5.742161,  4.210,  0.0800,  0.3333,  34.7636,  09 Oct 2017 09:22:55
# 29.4481,  5.742354,  4.198,  0.0798,  0.3239,  34.7640,  09 Oct 2017 09:29:55
# 29.4467,  5.742435,  4.160,  0.0776,  0.3225,  34.7655,  09 Oct 2017 09:36:55
# 29.4466,  5.742465,  4.282,  0.0799,  0.3227,  34.7658,  09 Oct 2017 09:43:55
# 29.4457,  5.742613,  4.203,  0.0773,  0.3263,  34.7675,  09 Oct 2017 09:50:55
# 29.4506,  5.743072,  4.181,  0.0812,  0.3240,  34.7671,  09 Oct 2017 09:57:55
# 29.4602,  5.744227,  4.164,  0.0811,  0.3251,  34.7680,  09 Oct 2017 10:04:55
# 29.4628,  5.744649,  4.175,  0.0798,  0.3265,  34.7689,  09 Oct 2017 10:11:55
# 29.4781,  5.746723,  4.074,  0.0823,  0.3284,  34.7720,  09 Oct 2017 10:18:55
# 29.4851,  5.746901,  4.063,  0.0786,  0.3226,  34.7682,  09 Oct 2017 10:25:55
# 29.4974,  5.748479,  4.079,  0.0749,  0.3238,  34.7701,  09 Oct 2017 10:32:55
# 29.5095,  5.750005,  4.054,  0.0798,  0.3296,  34.7718,  09 Oct 2017 10:39:55
# 29.5237,  5.751346,  4.011,  0.0775,  0.3270,  34.7706,  09 Oct 2017 10:46:55
# 29.5305,  5.751746,  3.994,  0.0810,  0.3250,  34.7684,  09 Oct 2017 10:53:55
# 29.5538,  5.754503,  3.929,  0.0823,  0.3214,  34.7704,  09 Oct 2017 11:00:55
# 29.5806,  5.757565,  3.971,  0.0760,  0.3201,  34.7719,  09 Oct 2017 11:07:55
# 29.6034,  5.760234,  3.912,  0.0762,  0.3272,  34.7736,  09 Oct 2017 11:14:55
# 29.6247,  5.762281,  3.914,  0.0761,  0.3239,  34.7721,  09 Oct 2017 11:21:55
# 29.6433,  5.764253,  3.893,  0.0811,  0.3265,  34.7721,  09 Oct 2017 11:28:55
# 29.6547,  5.765551,  3.846,  0.0787,  0.3264,  34.7727,  09 Oct 2017 11:35:55
# 29.6708,  5.767243,  3.857,  0.0813,  0.3263,  34.7726,  09 Oct 2017 11:42:55
# 29.6751,  5.767814,  3.809,  0.0812,  0.3308,  34.7734,  09 Oct 2017 11:49:55
# 29.6816,  5.768423,  3.795,  0.0786,  0.3227,  34.7729,  09 Oct 2017 11:56:55
# 29.6839,  5.768801,  3.786,  0.0798,  0.3284,  34.7738,  09 Oct 2017 12:03:55
# 29.6980,  5.770151,  3.807,  0.0824,  0.3250,  34.7728,  09 Oct 2017 12:10:55
# 29.7048,  5.770938,  3.748,  0.0786,  0.3333,  34.7733,  09 Oct 2017 12:17:55
# 29.7107,  5.771546,  3.687,  0.0851,  0.3284,  34.7731,  09 Oct 2017 12:24:55
# 29.7147,  5.772177,  3.665,  0.0799,  0.3418,  34.7745,  09 Oct 2017 12:31:55
# 29.7177,  5.772741,  3.640,  0.0798,  0.3272,  34.7762,  09 Oct 2017 12:38:55
# 29.7187,  5.772764,  3.646,  0.0800,  0.3284,  34.7756,  09 Oct 2017 12:45:55
# 29.7126,  5.772125,  3.649,  0.0800,  0.3227,  34.7757,  09 Oct 2017 12:52:55
# 29.6930,  5.770137,  3.591,  0.0824,  0.3228,  34.7763,  09 Oct 2017 12:59:55
# 29.6868,  5.769573,  3.628,  0.0800,  0.3214,  34.7770,  09 Oct 2017 13:06:55
# 29.6872,  5.769484,  3.579,  0.0800,  0.3319,  34.7761,  09 Oct 2017 13:13:55
# 29.6783,  5.768274,  3.576,  0.0812,  0.3371,  34.7743,  09 Oct 2017 13:20:55
# 29.6772,  5.767940,  3.592,  0.0823,  0.3188,  34.7728,  09 Oct 2017 13:27:55
# 29.6932,  5.769031,  3.594,  0.0761,  0.3190,  34.7687,  09 Oct 2017 13:34:55
# 29.7084,  5.770396,  3.547,  0.0798,  0.3239,  34.7670,  09 Oct 2017 13:41:55
# 29.6893,  5.768229,  3.565,  0.0748,  0.3202,  34.7660,  09 Oct 2017 13:48:55
# 29.6952,  5.768274,  3.597,  0.0835,  0.3295,  34.7621,  09 Oct 2017 13:55:55
