# 29.3902,  5.726160,  4.221,  0.0761,  0.3200,  34.6953,  15 Oct 2017 14:00:55
# 29.4082,  5.727950,  4.208,  0.0812,  0.3201,  34.6945,  15 Oct 2017 14:07:55
# 29.4148,  5.728874,  4.167,  0.0822,  0.3226,  34.6960,  15 Oct 2017 14:14:55
# 29.4154,  5.729370,  4.243,  0.0811,  0.3201,  34.6990,  15 Oct 2017 14:21:55
# 29.4128,  5.729814,  4.307,  0.0810,  0.3165,  34.7038,  15 Oct 2017 14:28:55
# 29.4147,  5.730583,  4.256,  0.0823,  0.3167,  34.7078,  15 Oct 2017 14:35:55
# 29.4143,  5.731538,  4.278,  0.0822,  0.3130,  34.7145,  15 Oct 2017 14:42:55
# 29.4011,  5.731916,  4.175,  0.0822,  0.3203,  34.7267,  15 Oct 2017 14:49:55
# 29.3963,  5.732412,  4.157,  0.0860,  0.7082,  34.7336,  15 Oct 2017 14:56:55
# 29.3878,  5.732826,  4.204,  0.0809,  0.3175,  34.7425,  15 Oct 2017 15:03:55
# 29.3790,  5.733529,  4.177,  0.0823,  0.3201,  34.7537,  15 Oct 2017 15:10:55
# 29.3668,  5.733323,  4.206,  0.0835,  0.3114,  34.7611,  15 Oct 2017 15:17:55
# 29.3599,  5.733049,  4.249,  0.0848,  0.3152,  34.7642,  15 Oct 2017 15:24:55
# 29.3438,  5.731673,  4.140,  0.0849,  0.3152,  34.7666,  15 Oct 2017 15:31:55
# 29.3397,  5.731221,  4.183,  0.0849,  0.3090,  34.7664,  15 Oct 2017 15:38:55
# 29.3373,  5.730740,  4.181,  0.0836,  0.3091,  34.7648,  15 Oct 2017 15:45:55
# 29.3327,  5.729919,  4.199,  0.0825,  0.3116,  34.7625,  15 Oct 2017 15:52:55
# 29.3271,  5.729002,  4.080,  0.0847,  0.3114,  34.7604,  15 Oct 2017 15:59:55
# 29.3288,  5.729298,  4.078,  0.0835,  0.3127,  34.7612,  15 Oct 2017 16:06:55
# 29.3214,  5.728676,  4.138,  0.0835,  0.3140,  34.7623,  15 Oct 2017 16:13:55
# 29.3171,  5.728632,  4.205,  0.0825,  0.3130,  34.7651,  15 Oct 2017 16:20:55
# 29.3176,  5.728957,  4.066,  0.0860,  0.3225,  34.7670,  15 Oct 2017 16:27:55
# 29.3088,  5.728750,  4.098,  0.0848,  0.3153,  34.7719,  15 Oct 2017 16:34:55
# 29.3100,  5.729120,  4.044,  0.0848,  0.3203,  34.7736,  15 Oct 2017 16:41:55
# 29.3048,  5.729091,  4.037,  0.0810,  0.3333,  34.7772,  15 Oct 2017 16:48:55
# 29.3054,  5.729046,  4.037,  0.0848,  0.3140,  34.7764,  15 Oct 2017 16:55:55
# 29.3036,  5.728395,  4.077,  0.0848,  0.3117,  34.7733,  15 Oct 2017 17:02:55
# 29.3025,  5.727685,  3.952,  0.0836,  0.3067,  34.7692,  15 Oct 2017 17:09:55
# 29.3040,  5.726731,  3.957,  0.0848,  0.3165,  34.7617,  15 Oct 2017 17:16:55
# 29.3011,  5.725717,  3.983,  0.0867,  0.3116,  34.7568,  15 Oct 2017 17:23:55
# 29.3020,  5.725355,  3.931,  0.0835,  0.3115,  34.7537,  15 Oct 2017 17:30:55
# 29.3002,  5.724881,  3.872,  0.0859,  0.3140,  34.7518,  15 Oct 2017 17:37:55
# 29.2953,  5.723942,  3.885,  0.0835,  0.3102,  34.7489,  15 Oct 2017 17:44:55
# 29.2918,  5.722966,  3.878,  0.0849,  0.3079,  34.7448,  15 Oct 2017 17:51:55
# 29.2840,  5.721376,  3.856,  0.0858,  0.3091,  34.7395,  15 Oct 2017 17:58:55
# 29.2771,  5.720090,  3.856,  0.0868,  0.3066,  34.7357,  15 Oct 2017 18:05:55
# 29.2650,  5.718308,  3.785,  0.0822,  0.3079,  34.7323,  15 Oct 2017 18:12:55
# 29.2578,  5.717296,  3.776,  0.0861,  0.3284,  34.7306,  15 Oct 2017 18:19:55
# 29.2442,  5.715707,  3.821,  0.0859,  0.3091,  34.7296,  15 Oct 2017 18:26:55
# 29.2333,  5.714502,  3.767,  0.0859,  0.3104,  34.7292,  15 Oct 2017 18:33:55
# 29.2260,  5.713571,  3.751,  0.0824,  0.3178,  34.7282,  15 Oct 2017 18:40:55
# 29.2112,  5.712167,  3.725,  0.0860,  0.3079,  34.7293,  15 Oct 2017 18:47:55
# 29.2012,  5.711259,  3.730,  0.0836,  0.3117,  34.7303,  15 Oct 2017 18:54:55
# 29.1871,  5.709870,  3.654,  0.0836,  0.3176,  34.7310,  15 Oct 2017 19:01:55
# 29.1747,  5.708725,  3.609,  0.0835,  0.3092,  34.7322,  15 Oct 2017 19:08:55
# 29.1632,  5.707721,  3.646,  0.0860,  0.3143,  34.7336,  15 Oct 2017 19:15:55
# 29.1474,  5.706118,  3.619,  0.0860,  0.3091,  34.7341,  15 Oct 2017 19:22:55
# 29.1382,  5.705239,  3.660,  0.0860,  0.3201,  34.7348,  15 Oct 2017 19:29:55
# 29.1286,  5.704316,  3.608,  0.0868,  0.3129,  34.7354,  15 Oct 2017 19:36:55
# 29.1166,  5.703224,  3.578,  0.0860,  0.3104,  34.7366,  15 Oct 2017 19:43:55
# 29.1082,  5.702338,  3.643,  0.0835,  0.3079,  34.7367,  15 Oct 2017 19:50:55
# 29.1048,  5.702146,  3.577,  0.0848,  0.3066,  34.7378,  15 Oct 2017 19:57:55
# 29.0917,  5.701016,  3.597,  0.0851,  0.3079,  34.7395,  15 Oct 2017 20:04:55
# 29.0865,  5.700492,  3.549,  0.0848,  0.3092,  34.7397,  15 Oct 2017 20:11:55
# 29.0752,  5.699451,  3.534,  0.0848,  0.3079,  34.7408,  15 Oct 2017 20:18:55
# 29.0731,  5.699392,  3.592,  0.0849,  0.3101,  34.7419,  15 Oct 2017 20:25:55
# 29.0743,  5.699533,  3.527,  0.0869,  0.3078,  34.7421,  15 Oct 2017 20:32:55
# 29.0766,  5.699976,  3.555,  0.0835,  0.3114,  34.7434,  15 Oct 2017 20:39:55
# 29.0775,  5.700411,  3.519,  0.0848,  0.3140,  34.7457,  15 Oct 2017 20:46:55
# 29.0825,  5.701120,  3.545,  0.0848,  0.3079,  34.7470,  15 Oct 2017 20:53:55
# 29.0837,  5.701814,  3.543,  0.0837,  0.3092,  34.7509,  15 Oct 2017 21:00:55
# 29.0805,  5.701939,  3.551,  0.0858,  0.3117,  34.7540,  15 Oct 2017 21:07:55
# 29.0796,  5.701866,  3.526,  0.0835,  0.3104,  34.7542,  15 Oct 2017 21:14:55
# 29.0775,  5.701969,  3.548,  0.0822,  0.3067,  34.7564,  15 Oct 2017 21:21:55
# 29.0746,  5.701984,  3.511,  0.0835,  0.3117,  34.7587,  15 Oct 2017 21:28:55
# 29.0709,  5.701807,  3.536,  0.0849,  0.3052,  34.7601,  15 Oct 2017 21:35:55
# 29.0688,  5.701615,  3.548,  0.0848,  0.3093,  34.7603,  15 Oct 2017 21:42:55
# 29.0596,  5.701334,  3.556,  0.0835,  0.3117,  34.7651,  15 Oct 2017 21:49:55
# 29.0566,  5.701298,  3.558,  0.0847,  0.3080,  34.7670,  15 Oct 2017 21:56:55
# 29.0511,  5.701143,  3.590,  0.0835,  0.3079,  34.7699,  15 Oct 2017 22:03:55
# 29.0450,  5.701054,  3.557,  0.0836,  0.3065,  34.7738,  15 Oct 2017 22:10:55
# 29.0338,  5.700597,  3.544,  0.0835,  0.3103,  34.7788,  15 Oct 2017 22:17:55
# 29.0340,  5.700530,  3.598,  0.0860,  0.3054,  34.7782,  15 Oct 2017 22:24:55
# 29.0303,  5.700397,  3.623,  0.0835,  0.3066,  34.7800,  15 Oct 2017 22:31:55
# 29.0276,  5.700397,  3.648,  0.0858,  0.3078,  34.7819,  15 Oct 2017 22:38:55
# 29.0178,  5.699844,  3.650,  0.0848,  0.3114,  34.7852,  15 Oct 2017 22:45:55
# 29.0084,  5.699224,  3.670,  0.0860,  0.3104,  34.7879,  15 Oct 2017 22:52:55
# 29.0003,  5.698707,  3.665,  0.0812,  0.3117,  34.7902,  15 Oct 2017 22:59:55
# 28.9891,  5.697859,  3.735,  0.0848,  0.3091,  34.7924,  15 Oct 2017 23:06:55
# 28.9851,  5.697401,  3.735,  0.0824,  0.3091,  34.7922,  15 Oct 2017 23:13:55
# 28.9795,  5.697003,  3.725,  0.0848,  0.3141,  34.7936,  15 Oct 2017 23:20:55
# 28.9758,  5.696678,  3.717,  0.0871,  0.3055,  34.7941,  15 Oct 2017 23:27:55
# 28.9722,  5.696376,  3.756,  0.0860,  0.3080,  34.7946,  15 Oct 2017 23:34:55
# 28.9707,  5.696154,  3.803,  0.0861,  0.3142,  34.7941,  15 Oct 2017 23:41:55
# 28.9679,  5.695852,  3.832,  0.0860,  0.3104,  34.7941,  15 Oct 2017 23:48:55
# 28.9667,  5.695770,  3.802,  0.0823,  0.3153,  34.7944,  15 Oct 2017 23:55:55
# 28.9664,  5.695719,  3.845,  0.0836,  0.3066,  34.7942,  16 Oct 2017 00:02:55
# 28.9642,  5.695638,  3.856,  0.0862,  0.3151,  34.7953,  16 Oct 2017 00:09:55
# 28.9603,  5.695372,  3.841,  0.0824,  0.3066,  34.7963,  16 Oct 2017 00:16:55
# 28.9541,  5.694981,  3.954,  0.0835,  0.3103,  34.7981,  16 Oct 2017 00:23:55
# 28.9487,  5.694465,  3.913,  0.0848,  0.3066,  34.7985,  16 Oct 2017 00:30:55
# 28.9355,  5.693063,  3.947,  0.0835,  0.3092,  34.7985,  16 Oct 2017 00:37:55
# 28.9291,  5.692392,  3.993,  0.0861,  0.3139,  34.7985,  16 Oct 2017 00:44:55
# 28.9329,  5.693033,  3.947,  0.0847,  0.3065,  34.8002,  16 Oct 2017 00:51:55
# 28.9368,  5.693638,  4.049,  0.0868,  0.3066,  34.8015,  16 Oct 2017 00:58:55
# 28.9438,  5.694546,  4.030,  0.0860,  0.3394,  34.8027,  16 Oct 2017 01:05:55
# 28.9474,  5.695085,  4.021,  0.0880,  0.3091,  34.8037,  16 Oct 2017 01:12:55
# 28.9535,  5.695985,  4.036,  0.0882,  0.3117,  34.8055,  16 Oct 2017 01:19:55
# 28.9545,  5.696435,  4.024,  0.0869,  0.3166,  34.8078,  16 Oct 2017 01:26:55
# 28.9532,  5.696937,  4.050,  0.0862,  0.3091,  34.8122,  16 Oct 2017 01:33:55
# 28.9454,  5.697107,  4.100,  0.0906,  0.3117,  34.8190,  16 Oct 2017 01:40:55
# 28.9378,  5.696546,  4.059,  0.0906,  0.3091,  34.8208,  16 Oct 2017 01:47:55
# 28.9299,  5.696421,  4.061,  0.0919,  0.3066,  34.8257,  16 Oct 2017 01:54:55
# 28.9243,  5.696310,  4.190,  0.0943,  0.3079,  34.8289,  16 Oct 2017 02:01:55
# 28.9175,  5.696399,  4.169,  0.0941,  0.3127,  34.8346,  16 Oct 2017 02:08:55
# 28.9147,  5.696465,  4.208,  0.0954,  0.3082,  34.8370,  16 Oct 2017 02:15:55
# 28.9116,  5.696716,  4.158,  0.0968,  0.3093,  34.8410,  16 Oct 2017 02:22:55
# 28.9059,  5.696687,  4.141,  0.0970,  0.3103,  34.8450,  16 Oct 2017 02:29:55
# 28.9031,  5.696532,  4.245,  0.0954,  0.3102,  34.8460,  16 Oct 2017 02:36:55
# 28.8922,  5.695957,  4.142,  0.1017,  0.3091,  34.8500,  16 Oct 2017 02:43:55
# 28.8927,  5.695883,  4.142,  0.1006,  0.3166,  34.8491,  16 Oct 2017 02:50:55
# 28.8925,  5.695905,  4.154,  0.0992,  0.3166,  34.8494,  16 Oct 2017 02:57:55
# 28.8924,  5.695986,  4.170,  0.1004,  0.3102,  34.8501,  16 Oct 2017 03:04:55
# 28.8933,  5.696163,  4.222,  0.1018,  0.3102,  34.8506,  16 Oct 2017 03:11:55
# 28.8896,  5.696060,  4.142,  0.1018,  0.3116,  34.8526,  16 Oct 2017 03:18:55
# 28.8834,  5.695654,  4.171,  0.1016,  0.3116,  34.8543,  16 Oct 2017 03:25:55
# 28.8748,  5.695093,  4.170,  0.1018,  0.3130,  34.8568,  16 Oct 2017 03:32:55
# 28.8666,  5.694429,  4.198,  0.1006,  0.3091,  34.8581,  16 Oct 2017 03:39:55
# 28.8618,  5.694112,  4.111,  0.1003,  0.3116,  34.8595,  16 Oct 2017 03:46:55
# 28.8531,  5.693552,  4.128,  0.0954,  0.3103,  34.8620,  16 Oct 2017 03:53:55
# 28.8456,  5.693028,  4.160,  0.1005,  0.3103,  34.8639,  16 Oct 2017 04:00:55
# 28.8332,  5.692017,  4.123,  0.1017,  0.3079,  34.8660,  16 Oct 2017 04:07:55
# 28.8271,  5.691567,  4.139,  0.0992,  0.3296,  34.8673,  16 Oct 2017 04:14:55
# 28.8160,  5.690667,  4.205,  0.0993,  0.3104,  34.8692,  16 Oct 2017 04:21:55
# 28.8071,  5.689834,  4.053,  0.0992,  0.3078,  34.8700,  16 Oct 2017 04:28:55
# 28.8002,  5.689266,  4.072,  0.1006,  0.3127,  34.8712,  16 Oct 2017 04:35:55
# 28.7949,  5.688728,  4.126,  0.1005,  0.3102,  34.8713,  16 Oct 2017 04:42:55
# 28.7925,  5.688514,  4.047,  0.1005,  0.3091,  34.8716,  16 Oct 2017 04:49:55
# 28.7871,  5.688049,  4.069,  0.0982,  0.3091,  34.8723,  16 Oct 2017 04:56:55
# 28.7844,  5.687769,  4.087,  0.0979,  0.3129,  34.8723,  16 Oct 2017 05:03:55
# 28.7811,  5.687459,  4.076,  0.0943,  0.3079,  34.8727,  16 Oct 2017 05:10:55
# 28.7780,  5.687135,  4.105,  0.0968,  0.3066,  34.8727,  16 Oct 2017 05:17:55
# 28.7736,  5.686744,  3.997,  0.0967,  0.3056,  34.8732,  16 Oct 2017 05:24:55
# 28.7715,  5.686464,  3.967,  0.0981,  0.3115,  34.8728,  16 Oct 2017 05:31:55
# 28.7688,  5.686235,  4.027,  0.0967,  0.3092,  34.8732,  16 Oct 2017 05:38:55
# 28.7669,  5.685992,  4.049,  0.0954,  0.3079,  34.8729,  16 Oct 2017 05:45:55
# 28.7641,  5.685756,  3.955,  0.0944,  0.3079,  34.8734,  16 Oct 2017 05:52:55
# 28.7593,  5.685225,  3.915,  0.0955,  0.3055,  34.8732,  16 Oct 2017 05:59:55
# 28.7558,  5.684915,  3.915,  0.0942,  0.3117,  34.8736,  16 Oct 2017 06:06:55
# 28.7521,  5.684517,  3.914,  0.0943,  0.3054,  34.8736,  16 Oct 2017 06:13:55
# 28.7491,  5.684222,  3.899,  0.0931,  0.3093,  34.8737,  16 Oct 2017 06:20:55
# 28.7428,  5.683669,  3.872,  0.0943,  0.3104,  34.8745,  16 Oct 2017 06:27:55
# 28.7380,  5.683212,  3.819,  0.0929,  0.3054,  34.8750,  16 Oct 2017 06:34:55
# 28.7316,  5.682645,  3.880,  0.0954,  0.3140,  34.8757,  16 Oct 2017 06:41:55
# 28.7251,  5.682048,  3.835,  0.0933,  0.3080,  34.8764,  16 Oct 2017 06:48:55
# 28.7216,  5.681620,  3.764,  0.0931,  0.3080,  34.8760,  16 Oct 2017 06:55:55
# 28.7125,  5.680728,  3.754,  0.0943,  0.3066,  34.8765,  16 Oct 2017 07:02:55
# 28.7061,  5.680072,  3.746,  0.0931,  0.3079,  34.8767,  16 Oct 2017 07:09:55
# 28.7032,  5.679733,  3.736,  0.0943,  0.3027,  34.8764,  16 Oct 2017 07:16:55
# 28.6996,  5.679313,  3.734,  0.0942,  0.3053,  34.8761,  16 Oct 2017 07:23:55
# 28.6966,  5.678982,  3.719,  0.0905,  0.3066,  34.8761,  16 Oct 2017 07:30:55
# 28.6909,  5.678414,  3.710,  0.0905,  0.3103,  34.8763,  16 Oct 2017 07:37:55
# 28.6874,  5.678053,  3.728,  0.0882,  0.3042,  34.8764,  16 Oct 2017 07:44:55
# 28.6831,  5.677552,  3.694,  0.0904,  0.3043,  34.8761,  16 Oct 2017 07:51:55
# 28.6790,  5.677139,  3.642,  0.0870,  0.3006,  34.8763,  16 Oct 2017 07:58:55
# 28.6709,  5.676285,  3.690,  0.0882,  0.3030,  34.8763,  16 Oct 2017 08:05:55
# 28.6711,  5.676137,  3.677,  0.0905,  0.2995,  34.8751,  16 Oct 2017 08:12:55
# 28.6695,  5.676108,  3.656,  0.0881,  0.3005,  34.8761,  16 Oct 2017 08:19:55
# 28.6678,  5.675843,  3.650,  0.0880,  0.3055,  34.8755,  16 Oct 2017 08:26:55
# 28.6627,  5.675305,  3.660,  0.0880,  0.3017,  34.8755,  16 Oct 2017 08:33:55
# 28.6645,  5.675408,  3.638,  0.0861,  0.2992,  34.8749,  16 Oct 2017 08:40:55
# 28.6665,  5.675666,  3.613,  0.0848,  0.2981,  34.8752,  16 Oct 2017 08:47:55
# 28.6768,  5.676815,  3.657,  0.0869,  0.2982,  34.8756,  16 Oct 2017 08:54:55
# 28.7027,  5.679682,  3.679,  0.0821,  0.2991,  34.8764,  16 Oct 2017 09:01:55
# 28.7140,  5.680750,  3.588,  0.0809,  0.2967,  34.8756,  16 Oct 2017 09:08:55
# 28.7309,  5.682895,  3.592,  0.0822,  0.2979,  34.8780,  16 Oct 2017 09:15:55
# 28.7431,  5.684208,  3.601,  0.0799,  0.3005,  34.8782,  16 Oct 2017 09:22:55
# 28.7638,  5.686368,  3.590,  0.0847,  0.3066,  34.8779,  16 Oct 2017 09:29:55
# 28.7695,  5.687253,  3.604,  0.0812,  0.3030,  34.8799,  16 Oct 2017 09:36:55
# 28.7869,  5.688971,  3.611,  0.0774,  0.3094,  34.8790,  16 Oct 2017 09:43:55
# 28.8156,  5.691449,  3.593,  0.0823,  0.3028,  34.8751,  16 Oct 2017 09:50:55
# 28.8367,  5.694245,  3.594,  0.0797,  0.3005,  34.8790,  16 Oct 2017 09:57:55
# 28.8443,  5.695728,  3.616,  0.0774,  0.3054,  34.8836,  16 Oct 2017 10:04:55
# 28.8542,  5.696710,  3.627,  0.0789,  0.2993,  34.8831,  16 Oct 2017 10:11:55
# 28.8622,  5.697293,  3.603,  0.0786,  0.3080,  34.8813,  16 Oct 2017 10:18:55
# 28.8899,  5.700274,  3.615,  0.0799,  0.3030,  34.8816,  16 Oct 2017 10:25:55
# 28.9065,  5.702113,  3.643,  0.0787,  0.3005,  34.8821,  16 Oct 2017 10:32:55
# 28.9206,  5.703419,  3.637,  0.0810,  0.3005,  34.8808,  16 Oct 2017 10:39:55
# 28.9340,  5.705007,  3.678,  0.0799,  0.3067,  34.8819,  16 Oct 2017 10:46:55
# 28.9508,  5.706823,  3.685,  0.0760,  0.3043,  34.8822,  16 Oct 2017 10:53:55
# 28.9620,  5.708049,  3.683,  0.0809,  0.3031,  34.8824,  16 Oct 2017 11:00:55
# 28.9873,  5.711056,  3.723,  0.0784,  0.3066,  34.8846,  16 Oct 2017 11:07:55
# 29.0029,  5.713331,  3.695,  0.0810,  0.3104,  34.8889,  16 Oct 2017 11:14:55
# 29.0349,  5.716028,  3.714,  0.0868,  0.3103,  34.8841,  16 Oct 2017 11:21:55
# 29.0402,  5.716871,  3.781,  0.0785,  0.3078,  34.8860,  16 Oct 2017 11:28:55
# 29.0585,  5.719399,  3.761,  0.0824,  0.3091,  34.8900,  16 Oct 2017 11:35:55
# 29.0687,  5.720648,  3.804,  0.0797,  0.3029,  34.8911,  16 Oct 2017 11:42:55
# 29.0828,  5.721668,  3.748,  0.0774,  0.3017,  34.8879,  16 Oct 2017 11:49:55
# 29.1050,  5.724515,  3.815,  0.0738,  0.3042,  34.8912,  16 Oct 2017 11:56:55
# 29.1590,  5.729774,  3.838,  0.0786,  0.3053,  34.8879,  16 Oct 2017 12:03:55
# 29.1524,  5.728909,  3.881,  0.0774,  0.3116,  34.8868,  16 Oct 2017 12:10:55
# 29.1695,  5.730721,  3.866,  0.0809,  0.3017,  34.8868,  16 Oct 2017 12:17:55
# 29.1897,  5.733733,  3.912,  0.0776,  0.3068,  34.8927,  16 Oct 2017 12:24:55
# 29.1960,  5.734325,  3.931,  0.0763,  0.3103,  34.8921,  16 Oct 2017 12:31:55
# 29.2197,  5.736656,  3.952,  0.0775,  0.3104,  34.8909,  16 Oct 2017 12:38:55
# 29.2434,  5.739284,  3.931,  0.0823,  0.3017,  34.8916,  16 Oct 2017 12:45:55
# 29.2629,  5.741209,  4.036,  0.0797,  0.3103,  34.8906,  16 Oct 2017 12:52:55
# 29.2832,  5.743512,  3.969,  0.0761,  0.3053,  34.8916,  16 Oct 2017 12:59:55
# 29.3057,  5.746578,  4.031,  0.0797,  0.3090,  34.8962,  16 Oct 2017 13:06:55
# 29.3097,  5.747060,  4.025,  0.0797,  0.3091,  34.8965,  16 Oct 2017 13:13:55
# 29.3120,  5.747845,  4.035,  0.0774,  0.3117,  34.9003,  16 Oct 2017 13:20:55
# 29.3134,  5.748771,  4.085,  0.0811,  0.3066,  34.9056,  16 Oct 2017 13:27:55
# 29.3364,  5.751409,  4.066,  0.0799,  0.3067,  34.9069,  16 Oct 2017 13:34:55
# 29.3531,  5.753588,  4.094,  0.0798,  0.3114,  34.9096,  16 Oct 2017 13:41:55
# 29.3620,  5.754870,  4.073,  0.0824,  0.3115,  34.9119,  16 Oct 2017 13:48:55
# 29.3697,  5.755834,  4.152,  0.0822,  0.3127,  34.9129,  16 Oct 2017 13:55:55
