# 29.4175,  5.663595,  4.105,  0.0798,  0.2821,  34.2491,  14 Nov 2017 14:04:55
# 29.4159,  5.662439,  4.123,  0.0822,  0.2785,  34.2424,  14 Nov 2017 14:11:55
# 29.4105,  5.661622,  4.101,  0.0786,  0.2807,  34.2406,  14 Nov 2017 14:18:55
# 29.4180,  5.662123,  4.111,  0.0824,  0.2757,  34.2387,  14 Nov 2017 14:25:55
# 29.4063,  5.660680,  4.122,  0.0848,  0.2783,  34.2372,  14 Nov 2017 14:32:55
# 29.4061,  5.660452,  4.105,  0.0835,  0.2857,  34.2358,  14 Nov 2017 14:39:55
# 29.3960,  5.659150,  4.144,  0.0850,  0.2772,  34.2341,  14 Nov 2017 14:46:55
# 29.3949,  5.658929,  4.083,  0.0822,  0.2845,  34.2334,  14 Nov 2017 14:53:55
# 29.3955,  5.658988,  4.056,  0.0835,  0.2782,  34.2334,  14 Nov 2017 15:00:55
# 29.3995,  5.658899,  4.104,  0.0835,  0.2782,  34.2299,  14 Nov 2017 15:07:55
# 29.3994,  5.659164,  4.093,  0.0800,  0.2796,  34.2318,  14 Nov 2017 15:14:55
# 29.4078,  5.659863,  4.128,  0.0881,  0.2832,  34.2305,  14 Nov 2017 15:21:55
# 29.4096,  5.660128,  4.079,  0.0823,  0.2820,  34.2311,  14 Nov 2017 15:28:55
# 29.4130,  5.660518,  4.116,  0.0823,  0.2809,  34.2313,  14 Nov 2017 15:35:55
# 29.4146,  5.660430,  4.081,  0.0823,  0.2734,  34.2296,  14 Nov 2017 15:42:55
# 29.4117,  5.660018,  4.076,  0.0861,  0.2805,  34.2289,  14 Nov 2017 15:49:55
# 29.4028,  5.659319,  4.063,  0.0868,  0.2795,  34.2304,  14 Nov 2017 15:56:55
# 29.3977,  5.658693,  4.034,  0.0835,  0.2773,  34.2298,  14 Nov 2017 16:03:55
# 29.3949,  5.658296,  4.120,  0.0860,  0.2771,  34.2291,  14 Nov 2017 16:10:55
# 29.3914,  5.657840,  4.050,  0.0849,  0.2771,  34.2285,  14 Nov 2017 16:17:55
# 29.3848,  5.657134,  4.100,  0.0859,  0.2782,  34.2284,  14 Nov 2017 16:24:55
# 29.3790,  5.656626,  4.039,  0.0835,  0.2784,  34.2291,  14 Nov 2017 16:31:55
# 29.3732,  5.655971,  4.024,  0.0861,  0.2819,  34.2287,  14 Nov 2017 16:38:55
# 29.3706,  5.655559,  4.032,  0.0835,  0.2748,  34.2278,  14 Nov 2017 16:45:55
# 29.3607,  5.654397,  3.978,  0.0868,  0.2834,  34.2269,  14 Nov 2017 16:52:55
# 29.3536,  5.653573,  3.983,  0.0848,  0.2748,  34.2264,  14 Nov 2017 16:59:55
# 29.3488,  5.652904,  3.990,  0.0859,  0.2772,  34.2253,  14 Nov 2017 17:06:55
# 29.3417,  5.652051,  3.974,  0.0836,  0.2747,  34.2245,  14 Nov 2017 17:13:55
# 29.3363,  5.651367,  3.947,  0.0880,  0.2773,  34.2237,  14 Nov 2017 17:20:55
# 29.3259,  5.650153,  3.916,  0.0848,  0.2760,  34.2228,  14 Nov 2017 17:27:55
# 29.3217,  5.649580,  3.934,  0.0837,  0.2759,  34.2219,  14 Nov 2017 17:34:55
# 29.3142,  5.648661,  3.928,  0.0870,  0.2758,  34.2210,  14 Nov 2017 17:41:55
# 29.2998,  5.646867,  3.925,  0.0835,  0.2784,  34.2190,  14 Nov 2017 17:48:55
# 29.2945,  5.646095,  3.868,  0.0849,  0.2882,  34.2175,  14 Nov 2017 17:55:55
# 29.2798,  5.644287,  3.851,  0.0861,  0.2784,  34.2157,  14 Nov 2017 18:02:55
# 29.2663,  5.642626,  3.805,  0.0904,  0.2796,  34.2140,  14 Nov 2017 18:09:55
# 29.2577,  5.641663,  3.816,  0.0869,  0.2735,  34.2136,  14 Nov 2017 18:16:55
# 29.2474,  5.640487,  3.781,  0.0861,  0.2797,  34.2129,  14 Nov 2017 18:23:55
# 29.2399,  5.639576,  3.819,  0.0849,  0.2757,  34.2120,  14 Nov 2017 18:30:55
# 29.2235,  5.637843,  3.772,  0.0835,  0.2760,  34.2119,  14 Nov 2017 18:37:55
# 29.2128,  5.636682,  3.766,  0.0848,  0.2830,  34.2116,  14 Nov 2017 18:44:55
# 29.1976,  5.635081,  3.734,  0.0850,  0.2809,  34.2115,  14 Nov 2017 18:51:55
# 29.1871,  5.633898,  3.702,  0.0858,  0.2810,  34.2109,  14 Nov 2017 18:58:55
# 29.1841,  5.633443,  3.693,  0.0861,  0.2881,  34.2099,  14 Nov 2017 19:05:55
# 29.1731,  5.632378,  3.663,  0.0861,  0.2783,  34.2105,  14 Nov 2017 19:12:55
# 29.1669,  5.631673,  3.654,  0.0861,  0.2795,  34.2102,  14 Nov 2017 19:19:55
# 29.1607,  5.631005,  3.629,  0.0869,  0.2798,  34.2100,  14 Nov 2017 19:26:55
# 29.1494,  5.629786,  3.646,  0.0870,  0.2895,  34.2098,  14 Nov 2017 19:33:55
# 29.1418,  5.628927,  3.621,  0.0881,  0.2786,  34.2093,  14 Nov 2017 19:40:55
# 29.1341,  5.628083,  3.592,  0.0837,  0.2774,  34.2090,  14 Nov 2017 19:47:55
# 29.1185,  5.626520,  3.626,  0.0861,  0.2845,  34.2095,  14 Nov 2017 19:54:55
# 29.1155,  5.626028,  3.641,  0.0894,  0.2759,  34.2083,  14 Nov 2017 20:01:55
# 29.1057,  5.624956,  3.617,  0.0848,  0.2771,  34.2080,  14 Nov 2017 20:08:55
# 29.0936,  5.623760,  3.583,  0.0848,  0.2811,  34.2084,  14 Nov 2017 20:15:55
# 29.0842,  5.622740,  3.563,  0.0861,  0.2795,  34.2082,  14 Nov 2017 20:22:55
# 29.0746,  5.621647,  3.562,  0.0869,  0.2773,  34.2076,  14 Nov 2017 20:29:55
# 29.0660,  5.620715,  3.563,  0.0836,  0.2808,  34.2073,  14 Nov 2017 20:36:55
# 29.0579,  5.619739,  3.541,  0.0868,  0.3480,  34.2064,  14 Nov 2017 20:43:55
# 29.0514,  5.619006,  3.545,  0.0861,  0.2783,  34.2060,  14 Nov 2017 20:50:55
# 29.0427,  5.618074,  3.546,  0.0835,  0.2785,  34.2059,  14 Nov 2017 20:57:55
# 29.0294,  5.616805,  3.549,  0.0870,  0.2798,  34.2067,  14 Nov 2017 21:04:55
# 29.0251,  5.616189,  3.539,  0.0880,  0.2808,  34.2055,  14 Nov 2017 21:11:55
# 29.0137,  5.615067,  3.546,  0.0870,  0.2882,  34.2060,  14 Nov 2017 21:18:55
# 29.0180,  5.615353,  3.560,  0.0861,  0.2833,  34.2049,  14 Nov 2017 21:25:55
# 29.0114,  5.614693,  3.556,  0.0859,  0.2808,  34.2051,  14 Nov 2017 21:32:55
# 28.9982,  5.613461,  3.554,  0.0883,  0.2807,  34.2061,  14 Nov 2017 21:39:55
# 28.9866,  5.612098,  3.539,  0.0868,  0.2785,  34.2051,  14 Nov 2017 21:46:55
# 28.9734,  5.610800,  3.548,  0.0848,  0.2785,  34.2055,  14 Nov 2017 21:53:55
# 28.9558,  5.609121,  3.586,  0.0869,  0.2747,  34.2066,  14 Nov 2017 22:00:55
# 28.9480,  5.608366,  3.587,  0.0859,  0.2747,  34.2070,  14 Nov 2017 22:07:55
# 28.9438,  5.607934,  3.623,  0.0861,  0.2747,  34.2071,  14 Nov 2017 22:14:55
# 28.9439,  5.608007,  3.659,  0.0871,  0.2748,  34.2075,  14 Nov 2017 22:21:55
# 28.9347,  5.607040,  3.614,  0.0869,  0.2796,  34.2075,  14 Nov 2017 22:28:55
# 28.9371,  5.607216,  3.656,  0.0860,  0.2773,  34.2069,  14 Nov 2017 22:35:55
# 28.9386,  5.607289,  3.689,  0.0861,  0.2723,  34.2064,  14 Nov 2017 22:42:55
# 28.9497,  5.608007,  3.688,  0.0868,  0.2785,  34.2033,  14 Nov 2017 22:49:55
# 28.9578,  5.608748,  3.724,  0.0867,  0.2748,  34.2026,  14 Nov 2017 22:56:55
# 28.9603,  5.608982,  3.687,  0.0867,  0.2896,  34.2024,  14 Nov 2017 23:03:55
# 28.9651,  5.609363,  3.750,  0.0861,  0.2747,  34.2016,  14 Nov 2017 23:10:55
# 28.9688,  5.609576,  3.766,  0.0867,  0.2760,  34.2004,  14 Nov 2017 23:17:55
# 28.9754,  5.610045,  3.722,  0.0823,  0.2561,  34.1989,  14 Nov 2017 23:24:55
# 28.9812,  5.610470,  3.787,  0.0870,  0.2832,  34.1976,  14 Nov 2017 23:31:55
# 28.9843,  5.610499,  3.767,  0.0870,  0.2723,  34.1956,  14 Nov 2017 23:38:55
# 28.9842,  5.610521,  3.762,  0.0860,  0.2710,  34.1959,  14 Nov 2017 23:45:55
# 28.9789,  5.609913,  3.830,  0.0861,  0.2748,  34.1955,  14 Nov 2017 23:52:55
# 28.9727,  5.609268,  3.835,  0.0848,  0.2712,  34.1955,  14 Nov 2017 23:59:55
# 28.9642,  5.608403,  3.851,  0.0859,  0.2712,  34.1956,  15 Nov 2017 00:06:55
# 28.9533,  5.607340,  3.877,  0.0849,  0.2746,  34.1961,  15 Nov 2017 00:13:55
# 28.9501,  5.606893,  3.915,  0.0849,  0.2759,  34.1953,  15 Nov 2017 00:20:55
# 28.9514,  5.606944,  3.945,  0.0849,  0.2773,  34.1948,  15 Nov 2017 00:27:55
# 28.9540,  5.607128,  3.934,  0.0835,  0.2711,  34.1942,  15 Nov 2017 00:34:55
# 28.9518,  5.606945,  4.008,  0.0869,  0.2710,  34.1945,  15 Nov 2017 00:41:55
# 28.9383,  5.605787,  3.980,  0.0861,  0.2747,  34.1962,  15 Nov 2017 00:48:55
# 28.9322,  5.605142,  4.044,  0.0859,  0.2723,  34.1961,  15 Nov 2017 00:55:55
# 28.9296,  5.604768,  4.046,  0.0871,  0.3382,  34.1954,  15 Nov 2017 01:02:55
# 28.9308,  5.604775,  4.027,  0.0861,  0.2785,  34.1946,  15 Nov 2017 01:09:55
# 28.9325,  5.604856,  4.071,  0.0861,  0.2734,  34.1939,  15 Nov 2017 01:16:55
# 28.9327,  5.604797,  4.096,  0.0850,  0.2760,  34.1933,  15 Nov 2017 01:23:55
# 28.9361,  5.605054,  4.078,  0.0882,  0.2723,  34.1927,  15 Nov 2017 01:30:55
# 28.9392,  5.605391,  4.097,  0.0869,  0.2724,  34.1928,  15 Nov 2017 01:37:55
# 28.9405,  5.605420,  4.113,  0.0849,  0.2709,  34.1920,  15 Nov 2017 01:44:55
# 28.9456,  5.605970,  4.120,  0.0868,  0.2710,  34.1922,  15 Nov 2017 01:51:55
# 28.9527,  5.606659,  4.156,  0.0860,  0.2721,  34.1918,  15 Nov 2017 01:58:55
# 28.9554,  5.606952,  4.174,  0.0871,  0.2696,  34.1919,  15 Nov 2017 02:05:55
# 28.9598,  5.607384,  4.235,  0.0870,  0.2796,  34.1917,  15 Nov 2017 02:12:55
# 28.9666,  5.608066,  4.193,  0.0905,  0.2735,  34.1915,  15 Nov 2017 02:19:55
# 28.9719,  5.608572,  4.172,  0.0882,  0.2710,  34.1912,  15 Nov 2017 02:26:55
# 28.9749,  5.608872,  4.118,  0.0869,  0.2712,  34.1911,  15 Nov 2017 02:33:55
# 28.9786,  5.609261,  4.272,  0.0861,  0.2734,  34.1911,  15 Nov 2017 02:40:55
# 28.9833,  5.609693,  4.218,  0.0861,  0.2736,  34.1907,  15 Nov 2017 02:47:55
# 28.9862,  5.609994,  4.180,  0.0868,  0.2772,  34.1907,  15 Nov 2017 02:54:55
# 28.9863,  5.609964,  4.197,  0.0883,  0.2723,  34.1904,  15 Nov 2017 03:01:55
# 28.9867,  5.609957,  4.198,  0.0868,  0.2721,  34.1901,  15 Nov 2017 03:08:55
# 28.9858,  5.609876,  4.208,  0.0881,  0.2746,  34.1902,  15 Nov 2017 03:15:55
# 28.9856,  5.609818,  4.169,  0.0860,  0.2710,  34.1899,  15 Nov 2017 03:22:55
# 28.9845,  5.609656,  4.206,  0.0848,  0.2722,  34.1896,  15 Nov 2017 03:29:55
# 28.9841,  5.609605,  4.223,  0.0869,  0.2723,  34.1895,  15 Nov 2017 03:36:55
# 28.9855,  5.609634,  4.179,  0.0894,  0.2747,  34.1887,  15 Nov 2017 03:43:55
# 28.9853,  5.609539,  4.237,  0.0870,  0.2759,  34.1882,  15 Nov 2017 03:50:55
# 28.9825,  5.609268,  4.210,  0.0849,  0.2747,  34.1883,  15 Nov 2017 03:57:55
# 28.9807,  5.608989,  4.167,  0.0869,  0.2758,  34.1877,  15 Nov 2017 04:04:55
# 28.9771,  5.608615,  4.181,  0.0861,  0.2759,  34.1878,  15 Nov 2017 04:11:55
# 28.9741,  5.608278,  4.178,  0.0861,  0.2772,  34.1876,  15 Nov 2017 04:18:55
# 28.9729,  5.608132,  4.174,  0.0881,  0.2747,  34.1874,  15 Nov 2017 04:25:55
# 28.9710,  5.607897,  4.191,  0.0880,  0.2785,  34.1872,  15 Nov 2017 04:32:55
# 28.9664,  5.607428,  4.183,  0.0869,  0.2735,  34.1872,  15 Nov 2017 04:39:55
# 28.9632,  5.607047,  4.162,  0.0862,  0.2748,  34.1869,  15 Nov 2017 04:46:55
# 28.9540,  5.606131,  4.114,  0.0867,  0.2723,  34.1873,  15 Nov 2017 04:53:55
# 28.9486,  5.605618,  4.141,  0.0860,  0.2758,  34.1876,  15 Nov 2017 05:00:55
# 28.9423,  5.604951,  4.159,  0.0860,  0.2724,  34.1875,  15 Nov 2017 05:07:55
# 28.9269,  5.603493,  4.091,  0.0859,  0.2810,  34.1885,  15 Nov 2017 05:14:55
# 28.9235,  5.603046,  4.109,  0.0835,  0.2759,  34.1879,  15 Nov 2017 05:21:55
# 28.9177,  5.602475,  4.061,  0.0860,  0.2796,  34.1881,  15 Nov 2017 05:28:55
# 28.9110,  5.601771,  4.047,  0.0848,  0.2749,  34.1881,  15 Nov 2017 05:35:55
# 28.9068,  5.601332,  3.969,  0.0849,  0.2724,  34.1881,  15 Nov 2017 05:42:55
# 28.9031,  5.600936,  3.983,  0.0869,  0.2832,  34.1881,  15 Nov 2017 05:49:55
# 28.8988,  5.600533,  3.970,  0.0860,  0.2795,  34.1884,  15 Nov 2017 05:56:55
# 28.8959,  5.600248,  3.968,  0.0849,  0.2786,  34.1885,  15 Nov 2017 06:03:55
# 28.8894,  5.599603,  3.942,  0.0861,  0.2735,  34.1888,  15 Nov 2017 06:10:55
# 28.8864,  5.599273,  3.888,  0.0869,  0.2748,  34.1886,  15 Nov 2017 06:17:55
# 28.8849,  5.599083,  3.945,  0.0850,  0.2735,  34.1884,  15 Nov 2017 06:24:55
# 28.8812,  5.598768,  3.875,  0.0848,  0.2721,  34.1889,  15 Nov 2017 06:31:55
# 28.8775,  5.598490,  3.920,  0.0849,  0.2734,  34.1896,  15 Nov 2017 06:38:55
# 28.8741,  5.598190,  3.845,  0.0869,  0.2747,  34.1900,  15 Nov 2017 06:45:55
# 28.8705,  5.597955,  3.850,  0.0835,  0.2710,  34.1910,  15 Nov 2017 06:52:55
# 28.8683,  5.597692,  3.805,  0.0918,  0.2710,  34.1908,  15 Nov 2017 06:59:55
# 28.8649,  5.597384,  3.833,  0.0849,  0.2747,  34.1910,  15 Nov 2017 07:06:55
# 28.8612,  5.597069,  3.787,  0.0893,  0.2773,  34.1916,  15 Nov 2017 07:13:55
# 28.8599,  5.596996,  3.817,  0.0850,  0.2723,  34.1920,  15 Nov 2017 07:20:55
# 28.8595,  5.596989,  3.790,  0.0836,  0.2722,  34.1922,  15 Nov 2017 07:27:55
# 28.8589,  5.596908,  3.698,  0.0848,  0.2698,  34.1922,  15 Nov 2017 07:34:55
# 28.8556,  5.596659,  3.706,  0.0834,  0.2773,  34.1928,  15 Nov 2017 07:41:55
# 28.8536,  5.596366,  3.712,  0.0880,  0.2747,  34.1922,  15 Nov 2017 07:48:55
# 28.8528,  5.596410,  3.692,  0.0849,  0.2747,  34.1931,  15 Nov 2017 07:55:55
# 28.8520,  5.596256,  3.674,  0.0836,  0.2710,  34.1926,  15 Nov 2017 08:02:55
# 28.8522,  5.596271,  3.677,  0.0880,  0.2712,  34.1926,  15 Nov 2017 08:09:55
# 28.8505,  5.596102,  3.620,  0.0848,  0.2711,  34.1927,  15 Nov 2017 08:16:55
# 28.8460,  5.595619,  3.642,  0.0822,  0.2722,  34.1926,  15 Nov 2017 08:23:55
# 28.8465,  5.595692,  3.612,  0.0848,  0.2723,  34.1927,  15 Nov 2017 08:30:55
# 28.8452,  5.595868,  3.597,  0.0837,  0.2721,  34.1949,  15 Nov 2017 08:37:55
# 28.8541,  5.596483,  3.598,  0.0869,  0.2711,  34.1927,  15 Nov 2017 08:44:55
# 28.8660,  5.597721,  3.558,  0.0860,  0.2721,  34.1927,  15 Nov 2017 08:51:55
# 28.8674,  5.597948,  3.599,  0.0823,  0.2710,  34.1932,  15 Nov 2017 08:58:55
# 28.8758,  5.598797,  3.584,  0.0798,  0.2710,  34.1930,  15 Nov 2017 09:05:55
# 28.8781,  5.599413,  3.592,  0.0809,  0.2699,  34.1956,  15 Nov 2017 09:12:55
# 28.8814,  5.600006,  3.579,  0.0838,  0.2686,  34.1974,  15 Nov 2017 09:19:55
# 28.8946,  5.601229,  3.595,  0.0823,  0.2711,  34.1963,  15 Nov 2017 09:26:55
# 28.9070,  5.602709,  3.547,  0.0823,  0.2712,  34.1976,  15 Nov 2017 09:33:55
# 28.9149,  5.603215,  3.547,  0.0835,  0.2732,  34.1954,  15 Nov 2017 09:40:55
# 28.9295,  5.604900,  3.532,  0.0838,  0.2737,  34.1965,  15 Nov 2017 09:47:55
# 28.9435,  5.606768,  3.538,  0.0809,  0.2747,  34.1993,  15 Nov 2017 09:54:55
# 28.9558,  5.607875,  3.571,  0.0813,  0.2697,  34.1981,  15 Nov 2017 10:01:55
# 28.9571,  5.608293,  3.553,  0.0785,  0.2770,  34.2000,  15 Nov 2017 10:08:55
# 28.9799,  5.610609,  3.568,  0.0848,  0.2721,  34.1996,  15 Nov 2017 10:15:55
# 29.0051,  5.613153,  3.491,  0.0774,  0.2783,  34.1990,  15 Nov 2017 10:22:55
# 29.0250,  5.615969,  3.562,  0.0822,  0.2698,  34.2041,  15 Nov 2017 10:29:55
# 29.0652,  5.619717,  3.579,  0.0813,  0.2784,  34.2010,  15 Nov 2017 10:36:55
# 29.0719,  5.620165,  3.621,  0.0812,  0.2673,  34.1993,  15 Nov 2017 10:43:55
# 29.1093,  5.624053,  3.572,  0.0761,  0.2699,  34.1992,  15 Nov 2017 10:50:55
# 29.1325,  5.627158,  3.609,  0.0761,  0.2711,  34.2038,  15 Nov 2017 10:57:55
# 29.1585,  5.629713,  3.611,  0.0798,  0.2724,  34.2027,  15 Nov 2017 11:04:55
# 29.1763,  5.631218,  3.597,  0.0752,  0.2613,  34.2004,  15 Nov 2017 11:11:55
# 29.1916,  5.632517,  3.628,  0.0822,  0.2747,  34.1983,  15 Nov 2017 11:18:55
# 29.2169,  5.635198,  3.613,  0.0797,  0.2747,  34.1985,  15 Nov 2017 11:25:55
# 29.2446,  5.638107,  3.623,  0.0761,  0.2746,  34.1987,  15 Nov 2017 11:32:55
# 29.2581,  5.639289,  3.668,  0.0773,  0.2783,  34.1971,  15 Nov 2017 11:39:55
# 29.2779,  5.641619,  3.668,  0.0835,  0.2723,  34.1989,  15 Nov 2017 11:46:55
# 29.3132,  5.644742,  3.625,  0.0785,  0.2721,  34.1951,  15 Nov 2017 11:53:55
# 29.3301,  5.646697,  3.740,  0.0761,  0.2794,  34.1963,  15 Nov 2017 12:00:55
# 29.3297,  5.645866,  3.706,  0.0811,  0.2758,  34.1909,  15 Nov 2017 12:07:55
# 29.3536,  5.648814,  3.730,  0.0836,  0.2710,  34.1940,  15 Nov 2017 12:14:55
# 29.3810,  5.651748,  3.748,  0.0786,  0.2795,  34.1945,  15 Nov 2017 12:21:55
# 29.3934,  5.653447,  3.785,  0.0836,  0.2821,  34.1972,  15 Nov 2017 12:28:55
# 29.3969,  5.653528,  3.791,  0.0797,  0.2733,  34.1953,  15 Nov 2017 12:35:55
# 29.4177,  5.656250,  3.823,  0.0835,  0.2808,  34.1990,  15 Nov 2017 12:42:55
# 29.4426,  5.657912,  3.799,  0.0811,  0.2745,  34.1926,  15 Nov 2017 12:49:55
# 29.4532,  5.659781,  3.765,  0.0810,  0.2711,  34.1978,  15 Nov 2017 12:56:55
# 29.4833,  5.662401,  3.863,  0.0809,  0.2856,  34.1942,  15 Nov 2017 13:03:55
# 29.5095,  5.665640,  3.868,  0.0822,  0.2757,  34.1976,  15 Nov 2017 13:10:55
# 29.5181,  5.666472,  3.881,  0.0810,  0.2783,  34.1971,  15 Nov 2017 13:17:55
# 29.5376,  5.668453,  3.927,  0.0810,  0.2772,  34.1967,  15 Nov 2017 13:24:55
# 29.5519,  5.670360,  3.919,  0.0774,  0.2747,  34.1995,  15 Nov 2017 13:31:55
# 29.5778,  5.672842,  3.916,  0.0824,  0.2783,  34.1980,  15 Nov 2017 13:38:55
# 29.5882,  5.673976,  3.918,  0.0847,  0.2868,  34.1982,  15 Nov 2017 13:45:55
# 29.6036,  5.675383,  3.930,  0.0810,  0.2758,  34.1969,  15 Nov 2017 13:52:55
# 29.6360,  5.678817,  3.981,  0.0822,  0.2772,  34.1972,  15 Nov 2017 13:59:55
