# 29.4206,  5.764332,  3.775,  0.0810,  0.3067,  34.9340,  26 Oct 2017 14:01:55
# 29.4304,  5.765949,  3.788,  0.0799,  0.3165,  34.9380,  26 Oct 2017 14:08:55
# 29.4333,  5.766810,  3.786,  0.0822,  0.3114,  34.9418,  26 Oct 2017 14:15:55
# 29.4488,  5.768531,  3.850,  0.0761,  0.3141,  34.9422,  26 Oct 2017 14:22:55
# 29.4466,  5.768642,  3.790,  0.0784,  0.3187,  34.9446,  26 Oct 2017 14:29:55
# 29.4475,  5.769377,  3.795,  0.0786,  0.3091,  34.9489,  26 Oct 2017 14:36:55
# 29.4672,  5.771195,  3.750,  0.0822,  0.3104,  34.9471,  26 Oct 2017 14:43:55
# 29.4775,  5.772353,  3.743,  0.0785,  0.3140,  34.9475,  26 Oct 2017 14:50:55
# 29.4869,  5.773481,  3.824,  0.0800,  0.3115,  34.9483,  26 Oct 2017 14:57:55
# 29.4957,  5.774824,  3.792,  0.0809,  0.3407,  34.9511,  26 Oct 2017 15:04:55
# 29.5034,  5.775411,  3.775,  0.0823,  0.3090,  34.9495,  26 Oct 2017 15:11:55
# 29.5116,  5.776049,  3.741,  0.0784,  0.3114,  34.9479,  26 Oct 2017 15:18:55
# 29.5441,  5.779413,  3.765,  0.0797,  0.3078,  34.9472,  26 Oct 2017 15:25:55
# 29.5543,  5.780868,  3.757,  0.0824,  0.3140,  34.9497,  26 Oct 2017 15:32:55
# 29.5790,  5.783587,  3.779,  0.0823,  0.3090,  34.9503,  26 Oct 2017 15:39:55
# 29.5986,  5.785451,  3.771,  0.0868,  0.3117,  34.9488,  26 Oct 2017 15:46:55
# 29.6245,  5.788133,  3.795,  0.0835,  0.3116,  34.9482,  26 Oct 2017 15:53:55
# 29.6263,  5.788505,  3.777,  0.0823,  0.3102,  34.9494,  26 Oct 2017 16:00:55
# 29.6448,  5.790325,  3.798,  0.0823,  0.3151,  34.9484,  26 Oct 2017 16:07:55
# 29.6558,  5.791463,  3.785,  0.0836,  0.3151,  34.9482,  26 Oct 2017 16:14:55
# 29.6672,  5.792630,  3.793,  0.0811,  0.3117,  34.9478,  26 Oct 2017 16:21:55
# 29.6804,  5.794198,  3.810,  0.0811,  0.3127,  34.9489,  26 Oct 2017 16:28:55
# 29.6921,  5.795521,  3.781,  0.0835,  0.3079,  34.9494,  26 Oct 2017 16:35:55
# 29.7142,  5.797745,  3.821,  0.0810,  0.3116,  34.9485,  26 Oct 2017 16:42:55
# 29.7076,  5.797611,  3.816,  0.0822,  0.3091,  34.9524,  26 Oct 2017 16:49:55
# 29.7045,  5.796748,  3.797,  0.0824,  0.3115,  34.9488,  26 Oct 2017 16:56:55
# 29.6961,  5.795581,  3.786,  0.0822,  0.3078,  34.9469,  26 Oct 2017 17:03:55
# 29.6968,  5.795529,  3.770,  0.0810,  0.3091,  34.9461,  26 Oct 2017 17:10:55
# 29.6976,  5.795306,  3.776,  0.0836,  0.3164,  34.9440,  26 Oct 2017 17:17:55
# 29.6941,  5.794413,  3.785,  0.0848,  0.3117,  34.9405,  26 Oct 2017 17:24:55
# 29.6954,  5.794755,  3.848,  0.0833,  0.3067,  34.9418,  26 Oct 2017 17:31:55
# 29.6901,  5.793663,  3.808,  0.0859,  0.3091,  34.9382,  26 Oct 2017 17:38:55
# 29.6833,  5.792778,  3.822,  0.0822,  0.3101,  34.9371,  26 Oct 2017 17:45:55
# 29.6676,  5.790883,  3.795,  0.0848,  0.3115,  34.9356,  26 Oct 2017 17:52:55
# 29.6591,  5.789515,  3.869,  0.0823,  0.3042,  34.9325,  26 Oct 2017 17:59:55
# 29.6554,  5.789255,  3.785,  0.0835,  0.3103,  34.9334,  26 Oct 2017 18:06:55
# 29.6570,  5.789552,  3.834,  0.0861,  0.3102,  34.9343,  26 Oct 2017 18:13:55
# 29.6549,  5.789374,  3.856,  0.0862,  0.3177,  34.9346,  26 Oct 2017 18:20:55
# 29.6423,  5.788059,  3.866,  0.0848,  0.3117,  34.9348,  26 Oct 2017 18:27:55
# 29.6164,  5.784998,  3.855,  0.0868,  0.3127,  34.9328,  26 Oct 2017 18:34:55
# 29.5809,  5.781113,  3.865,  0.0849,  0.3102,  34.9320,  26 Oct 2017 18:41:55
# 29.5729,  5.780289,  3.945,  0.0834,  0.3102,  34.9322,  26 Oct 2017 18:48:55
# 29.5416,  5.777467,  3.938,  0.0835,  0.3129,  34.9357,  26 Oct 2017 18:55:55
# 29.5212,  5.775388,  3.905,  0.0835,  0.3128,  34.9363,  26 Oct 2017 19:02:55
# 29.4615,  5.769584,  3.938,  0.0824,  0.3104,  34.9401,  26 Oct 2017 19:09:55
# 29.4284,  5.765793,  3.905,  0.0837,  0.3127,  34.9383,  26 Oct 2017 19:16:55
# 29.4110,  5.763746,  3.940,  0.0848,  0.3165,  34.9370,  26 Oct 2017 19:23:55
# 29.3907,  5.761684,  3.965,  0.0823,  0.3140,  34.9377,  26 Oct 2017 19:30:55
# 29.3491,  5.758377,  3.968,  0.0848,  0.3104,  34.9453,  26 Oct 2017 19:37:55
# 29.3382,  5.756724,  3.961,  0.0835,  0.3091,  34.9419,  26 Oct 2017 19:44:55
# 29.2805,  5.751329,  4.002,  0.0848,  0.3119,  34.9471,  26 Oct 2017 19:51:55
# 29.2111,  5.744002,  3.957,  0.0860,  0.3225,  34.9475,  26 Oct 2017 19:58:55
# 29.1679,  5.739737,  3.979,  0.0859,  0.3333,  34.9498,  26 Oct 2017 20:05:55
# 29.1355,  5.736835,  4.056,  0.0848,  0.3128,  34.9535,  26 Oct 2017 20:12:55
# 29.0597,  5.729391,  4.012,  0.0836,  0.3116,  34.9578,  26 Oct 2017 20:19:55
# 28.9962,  5.722447,  4.023,  0.0848,  0.3215,  34.9565,  26 Oct 2017 20:26:55
# 28.9399,  5.716873,  4.139,  0.0867,  0.3149,  34.9593,  26 Oct 2017 20:33:55
# 28.8674,  5.709543,  3.982,  0.0859,  0.3115,  34.9619,  26 Oct 2017 20:40:55
# 28.8025,  5.702609,  4.085,  0.0848,  0.3094,  34.9616,  26 Oct 2017 20:47:55
# 28.7364,  5.696173,  4.075,  0.0867,  0.3067,  34.9657,  26 Oct 2017 20:54:55
# 28.6800,  5.690596,  4.114,  0.0850,  0.3104,  34.9686,  26 Oct 2017 21:01:55
# 28.6537,  5.687742,  4.107,  0.0868,  0.3092,  34.9681,  26 Oct 2017 21:08:55
# 28.6164,  5.684004,  4.116,  0.0850,  0.3081,  34.9697,  26 Oct 2017 21:15:55
# 28.5951,  5.681947,  4.120,  0.0861,  0.3092,  34.9711,  26 Oct 2017 21:22:55
# 28.5811,  5.680849,  4.105,  0.0849,  0.3066,  34.9738,  26 Oct 2017 21:29:55
# 28.5649,  5.679419,  4.103,  0.0835,  0.3079,  34.9758,  26 Oct 2017 21:36:55
# 28.5592,  5.679117,  4.086,  0.0848,  0.3079,  34.9779,  26 Oct 2017 21:43:55
# 28.5477,  5.678130,  4.101,  0.0849,  0.3066,  34.9795,  26 Oct 2017 21:50:55
# 28.5357,  5.677179,  4.131,  0.0859,  0.3091,  34.9818,  26 Oct 2017 21:57:55
# 28.5241,  5.676347,  4.058,  0.0858,  0.3093,  34.9846,  26 Oct 2017 22:04:55
# 28.5212,  5.676030,  4.120,  0.0869,  0.3165,  34.9845,  26 Oct 2017 22:11:55
# 28.5075,  5.674844,  4.128,  0.0848,  0.3092,  34.9864,  26 Oct 2017 22:18:55
# 28.4818,  5.672678,  4.110,  0.0869,  0.3116,  34.9903,  26 Oct 2017 22:25:55
# 28.4632,  5.671102,  4.136,  0.0835,  0.3053,  34.9930,  26 Oct 2017 22:32:55
# 28.4292,  5.667958,  4.063,  0.0836,  0.3092,  34.9963,  26 Oct 2017 22:39:55
# 28.3904,  5.664512,  4.124,  0.0860,  0.3079,  35.0009,  26 Oct 2017 22:46:55
# 28.3738,  5.662024,  4.080,  0.0861,  0.3129,  34.9959,  26 Oct 2017 22:53:55
# 28.2996,  5.655586,  4.120,  0.0862,  0.3043,  35.0059,  26 Oct 2017 23:00:55
# 28.2587,  5.651512,  4.125,  0.0850,  0.3080,  35.0078,  26 Oct 2017 23:07:55
# 28.1959,  5.645079,  4.146,  0.0931,  0.3333,  35.0094,  26 Oct 2017 23:14:55
# 28.1246,  5.638201,  4.108,  0.0868,  0.3128,  35.0142,  26 Oct 2017 23:21:55
# 28.0717,  5.632413,  4.091,  0.0869,  0.3105,  35.0130,  26 Oct 2017 23:28:55
# 27.9947,  5.625065,  4.157,  0.0894,  0.3114,  35.0187,  26 Oct 2017 23:35:55
# 27.9643,  5.621770,  4.040,  0.0893,  0.3080,  35.0182,  26 Oct 2017 23:42:55
# 27.8861,  5.614487,  4.072,  0.0905,  0.3081,  35.0253,  26 Oct 2017 23:49:55
# 27.8841,  5.613636,  4.056,  0.0907,  0.3104,  35.0208,  26 Oct 2017 23:56:55
# 27.8454,  5.610088,  4.031,  0.0880,  0.3104,  35.0247,  27 Oct 2017 00:03:55
# 27.8331,  5.608798,  4.022,  0.0905,  0.3068,  35.0248,  27 Oct 2017 00:10:55
# 27.7934,  5.604928,  4.059,  0.0906,  0.3067,  35.0272,  27 Oct 2017 00:17:55
# 27.7354,  5.599456,  4.094,  0.0918,  0.3056,  35.0318,  27 Oct 2017 00:24:55
# 27.7361,  5.598914,  4.051,  0.0930,  0.3079,  35.0276,  27 Oct 2017 00:31:55
# 27.6863,  5.594432,  4.053,  0.0894,  0.3043,  35.0331,  27 Oct 2017 00:38:55
# 27.6583,  5.591789,  4.054,  0.0893,  0.3069,  35.0354,  27 Oct 2017 00:45:55
# 27.6231,  5.588415,  4.055,  0.0905,  0.3056,  35.0379,  27 Oct 2017 00:52:55
# 27.5975,  5.586154,  4.022,  0.0906,  0.3079,  35.0411,  27 Oct 2017 00:59:55
# 27.5868,  5.584266,  3.967,  0.0919,  0.3066,  35.0357,  27 Oct 2017 01:06:55
# 27.5444,  5.580763,  3.991,  0.0931,  0.3055,  35.0427,  27 Oct 2017 01:13:55
# 27.5393,  5.579563,  3.986,  0.0929,  0.3067,  35.0380,  27 Oct 2017 01:20:55
# 27.5120,  5.577436,  3.968,  0.0932,  0.3079,  35.0435,  27 Oct 2017 01:27:55
# 27.5115,  5.577158,  3.926,  0.0932,  0.3080,  35.0419,  27 Oct 2017 01:34:55
# 27.4958,  5.575739,  3.933,  0.0918,  0.3080,  35.0436,  27 Oct 2017 01:41:55
# 27.5027,  5.575790,  4.024,  0.0906,  0.3018,  35.0387,  27 Oct 2017 01:48:55
# 27.4910,  5.575111,  3.973,  0.0919,  0.3080,  35.0427,  27 Oct 2017 01:55:55
# 27.4855,  5.574445,  3.941,  0.0919,  0.3043,  35.0422,  27 Oct 2017 02:02:55
# 27.4832,  5.574328,  3.949,  0.0905,  0.3067,  35.0431,  27 Oct 2017 02:09:55
# 27.4795,  5.573853,  3.912,  0.0904,  0.3055,  35.0425,  27 Oct 2017 02:16:55
# 27.4709,  5.573173,  3.939,  0.0880,  0.3065,  35.0441,  27 Oct 2017 02:23:55
# 27.4563,  5.571682,  3.947,  0.0893,  0.3056,  35.0444,  27 Oct 2017 02:30:55
# 27.4401,  5.570294,  3.964,  0.0893,  0.3130,  35.0468,  27 Oct 2017 02:37:55
# 27.4330,  5.569336,  3.914,  0.0880,  0.3104,  35.0453,  27 Oct 2017 02:44:55
# 27.4180,  5.567904,  3.971,  0.0880,  0.3192,  35.0464,  27 Oct 2017 02:51:55
# 27.4170,  5.567824,  3.973,  0.0893,  0.3044,  35.0466,  27 Oct 2017 02:58:55
# 27.4165,  5.567707,  3.948,  0.0861,  0.3068,  35.0461,  27 Oct 2017 03:05:55
# 27.4067,  5.566867,  3.887,  0.0848,  0.3079,  35.0475,  27 Oct 2017 03:12:55
# 27.3961,  5.565778,  3.937,  0.0869,  0.3055,  35.0478,  27 Oct 2017 03:19:55
# 27.3875,  5.564843,  3.968,  0.0860,  0.3106,  35.0476,  27 Oct 2017 03:26:55
# 27.3828,  5.564478,  3.940,  0.0893,  0.3154,  35.0485,  27 Oct 2017 03:33:55
# 27.3770,  5.563996,  3.904,  0.0893,  0.3018,  35.0495,  27 Oct 2017 03:40:55
# 27.3732,  5.563594,  3.883,  0.0869,  0.3056,  35.0495,  27 Oct 2017 03:47:55
# 27.3672,  5.563120,  3.929,  0.0881,  0.3055,  35.0506,  27 Oct 2017 03:54:55
# 27.3549,  5.561973,  3.924,  0.0860,  0.3043,  35.0517,  27 Oct 2017 04:01:55
# 27.3578,  5.562053,  3.902,  0.0870,  0.3042,  35.0501,  27 Oct 2017 04:08:55
# 27.3443,  5.560943,  3.931,  0.0895,  0.3056,  35.0523,  27 Oct 2017 04:15:55
# 27.3460,  5.560965,  3.955,  0.0881,  0.3054,  35.0512,  27 Oct 2017 04:22:55
# 27.3487,  5.560965,  3.970,  0.0850,  0.3095,  35.0492,  27 Oct 2017 04:29:55
# 27.3400,  5.560352,  3.891,  0.0919,  0.3019,  35.0514,  27 Oct 2017 04:36:55
# 27.3359,  5.559994,  3.927,  0.0861,  0.3056,  35.0519,  27 Oct 2017 04:43:55
# 27.3283,  5.559278,  3.945,  0.0861,  0.3069,  35.0526,  27 Oct 2017 04:50:55
# 27.3277,  5.559220,  3.921,  0.0860,  0.3043,  35.0526,  27 Oct 2017 04:57:55
# 27.3168,  5.558212,  3.947,  0.0894,  0.3030,  35.0536,  27 Oct 2017 05:04:55
# 27.3216,  5.558504,  3.932,  0.0869,  0.3041,  35.0521,  27 Oct 2017 05:11:55
# 27.3071,  5.557132,  3.969,  0.0869,  0.3055,  35.0532,  27 Oct 2017 05:18:55
# 27.3062,  5.556993,  3.948,  0.0868,  0.3008,  35.0530,  27 Oct 2017 05:25:55
# 27.3002,  5.556460,  3.945,  0.0862,  0.3043,  35.0537,  27 Oct 2017 05:32:55
# 27.2851,  5.555081,  3.965,  0.0862,  0.2993,  35.0552,  27 Oct 2017 05:39:55
# 27.2808,  5.554606,  3.959,  0.0869,  0.3033,  35.0550,  27 Oct 2017 05:46:55
# 27.2735,  5.553913,  3.964,  0.0863,  0.3007,  35.0556,  27 Oct 2017 05:53:55
# 27.2703,  5.553621,  4.015,  0.0849,  0.3030,  35.0559,  27 Oct 2017 06:00:55
# 27.2734,  5.553876,  3.998,  0.0867,  0.3056,  35.0554,  27 Oct 2017 06:07:55
# 27.2703,  5.553701,  3.944,  0.0883,  0.3018,  35.0565,  27 Oct 2017 06:14:55
# 27.2713,  5.553738,  4.002,  0.0880,  0.3068,  35.0560,  27 Oct 2017 06:21:55
# 27.2723,  5.553767,  4.028,  0.0882,  0.3117,  35.0555,  27 Oct 2017 06:28:55
# 27.2752,  5.554073,  4.028,  0.0895,  0.3056,  35.0554,  27 Oct 2017 06:35:55
# 27.2860,  5.555015,  3.985,  0.0919,  0.3006,  35.0541,  27 Oct 2017 06:42:55
# 27.2938,  5.555869,  4.105,  0.0867,  0.2992,  35.0542,  27 Oct 2017 06:49:55
# 27.2972,  5.556241,  3.997,  0.0882,  0.3018,  35.0543,  27 Oct 2017 06:56:55
# 27.3026,  5.556818,  4.093,  0.0906,  0.3008,  35.0543,  27 Oct 2017 07:03:55
# 27.3044,  5.557110,  4.020,  0.0867,  0.3008,  35.0551,  27 Oct 2017 07:10:55
# 27.3184,  5.558453,  4.124,  0.0870,  0.2992,  35.0541,  27 Oct 2017 07:17:55
# 27.3278,  5.559417,  4.078,  0.0905,  0.2994,  35.0539,  27 Oct 2017 07:24:55
# 27.3348,  5.560228,  4.077,  0.0881,  0.3043,  35.0544,  27 Oct 2017 07:31:55
# 27.3471,  5.561498,  4.092,  0.0867,  0.3030,  35.0541,  27 Oct 2017 07:38:55
# 27.3585,  5.562630,  4.093,  0.0869,  0.3005,  35.0536,  27 Oct 2017 07:45:55
# 27.3723,  5.564077,  4.110,  0.0869,  0.2981,  35.0535,  27 Oct 2017 07:52:55
# 27.3835,  5.565355,  4.161,  0.0880,  0.3008,  35.0541,  27 Oct 2017 07:59:55
# 27.3945,  5.566392,  4.182,  0.0837,  0.2993,  35.0533,  27 Oct 2017 08:06:55
# 27.4026,  5.567284,  4.126,  0.0861,  0.3055,  35.0536,  27 Oct 2017 08:13:55
# 27.4071,  5.567948,  4.124,  0.0848,  0.3041,  35.0549,  27 Oct 2017 08:20:55
# 27.4064,  5.568138,  4.136,  0.0824,  0.2994,  35.0568,  27 Oct 2017 08:27:55
# 27.4054,  5.568270,  4.181,  0.0835,  0.3043,  35.0584,  27 Oct 2017 08:34:55
# 27.4013,  5.568241,  4.134,  0.0823,  0.2995,  35.0613,  27 Oct 2017 08:41:55
# 27.4027,  5.568621,  4.146,  0.0835,  0.3020,  35.0629,  27 Oct 2017 08:48:55
# 27.3972,  5.568489,  4.223,  0.0836,  0.2981,  35.0661,  27 Oct 2017 08:55:55
# 27.3965,  5.568270,  4.106,  0.0836,  0.2969,  35.0651,  27 Oct 2017 09:02:55
# 27.3938,  5.568497,  4.126,  0.0835,  0.3056,  35.0687,  27 Oct 2017 09:09:55
# 27.3965,  5.568899,  4.165,  0.0836,  0.3005,  35.0695,  27 Oct 2017 09:16:55
# 27.3949,  5.569279,  4.143,  0.0811,  0.3018,  35.0734,  27 Oct 2017 09:23:55
# 27.3945,  5.569454,  4.238,  0.0811,  0.3019,  35.0750,  27 Oct 2017 09:30:55
# 27.4039,  5.570448,  4.271,  0.0835,  0.2980,  35.0749,  27 Oct 2017 09:37:55
# 27.4136,  5.571442,  4.241,  0.0811,  0.3056,  35.0747,  27 Oct 2017 09:44:55
# 27.4175,  5.571800,  4.261,  0.0809,  0.3006,  35.0743,  27 Oct 2017 09:51:55
# 27.4262,  5.572882,  4.213,  0.0826,  0.3080,  35.0754,  27 Oct 2017 09:58:55
# 27.4380,  5.574534,  4.167,  0.0836,  0.3017,  35.0783,  27 Oct 2017 10:05:55
# 27.4559,  5.576683,  4.169,  0.0774,  0.3068,  35.0802,  27 Oct 2017 10:12:55
# 27.4715,  5.577992,  4.174,  0.0836,  0.3028,  35.0777,  27 Oct 2017 10:19:55
# 27.4792,  5.579038,  4.143,  0.0823,  0.3030,  35.0793,  27 Oct 2017 10:26:55
# 27.4974,  5.581276,  4.192,  0.0811,  0.3030,  35.0815,  27 Oct 2017 10:33:55
# 27.5155,  5.583134,  4.179,  0.0851,  0.3141,  35.0811,  27 Oct 2017 10:40:55
# 27.5383,  5.586009,  4.250,  0.0748,  0.3068,  35.0843,  27 Oct 2017 10:47:55
# 27.5527,  5.587363,  4.159,  0.0787,  0.3081,  35.0832,  27 Oct 2017 10:54:55
# 27.5724,  5.588709,  4.223,  0.0787,  0.3056,  35.0779,  27 Oct 2017 11:01:55
# 27.5825,  5.589734,  4.210,  0.0799,  0.3043,  35.0775,  27 Oct 2017 11:08:55
# 27.5836,  5.589961,  4.196,  0.0838,  0.3091,  35.0783,  27 Oct 2017 11:15:55
# 27.6003,  5.591512,  4.180,  0.0848,  0.3017,  35.0768,  27 Oct 2017 11:22:55
# 27.6074,  5.592588,  4.175,  0.0749,  0.3056,  35.0791,  27 Oct 2017 11:29:55
# 27.6135,  5.592896,  4.221,  0.0787,  0.3079,  35.0767,  27 Oct 2017 11:36:55
# 27.6311,  5.595166,  4.205,  0.0797,  0.3080,  35.0796,  27 Oct 2017 11:43:55
# 27.6565,  5.597897,  4.086,  0.0775,  0.3105,  35.0799,  27 Oct 2017 11:50:55
# 27.6675,  5.599303,  4.122,  0.0809,  0.3179,  35.0816,  27 Oct 2017 11:57:55
# 27.6941,  5.601786,  4.132,  0.0787,  0.3130,  35.0791,  27 Oct 2017 12:04:55
# 27.7204,  5.604644,  4.137,  0.0787,  0.3153,  35.0796,  27 Oct 2017 12:11:55
# 27.7532,  5.608220,  4.075,  0.0895,  0.3141,  35.0803,  27 Oct 2017 12:18:55
# 27.7700,  5.609642,  4.094,  0.0823,  0.3127,  35.0778,  27 Oct 2017 12:25:55
# 27.7855,  5.611555,  4.098,  0.0822,  0.3082,  35.0797,  27 Oct 2017 12:32:55
# 27.7987,  5.613058,  4.066,  0.0787,  0.3041,  35.0804,  27 Oct 2017 12:39:55
# 27.8159,  5.614561,  4.130,  0.0822,  0.3066,  35.0782,  27 Oct 2017 12:46:55
# 27.8298,  5.615969,  4.048,  0.0861,  0.3017,  35.0777,  27 Oct 2017 12:53:55
# 27.8521,  5.618962,  4.051,  0.0848,  0.3092,  35.0821,  27 Oct 2017 13:00:55
# 27.8740,  5.621082,  4.003,  0.0811,  0.3018,  35.0807,  27 Oct 2017 13:07:55
# 27.8871,  5.622168,  4.058,  0.0822,  0.3095,  35.0786,  27 Oct 2017 13:14:55
# 27.9042,  5.623569,  4.061,  0.0835,  0.3116,  35.0756,  27 Oct 2017 13:21:55
# 27.9220,  5.625514,  4.066,  0.0823,  0.3068,  35.0760,  27 Oct 2017 13:28:55
# 27.9463,  5.628112,  4.000,  0.0809,  0.3104,  35.0762,  27 Oct 2017 13:35:55
# 27.9624,  5.630021,  4.026,  0.0823,  0.3092,  35.0775,  27 Oct 2017 13:42:55
# 27.9946,  5.633252,  4.025,  0.0836,  0.3103,  35.0762,  27 Oct 2017 13:49:55
# 28.0158,  5.635727,  4.054,  0.0837,  0.3080,  35.0778,  27 Oct 2017 13:56:55
