# 26.7274,  5.451950,  3.536,  0.0930,  0.2821,  34.7379,  07 Dec 2017 14:01:55
# 26.7406,  5.453565,  3.510,  0.0930,  0.2821,  34.7396,  07 Dec 2017 14:08:55
# 26.7503,  5.454572,  3.497,  0.0906,  0.2811,  34.7395,  07 Dec 2017 14:15:55
# 26.7573,  5.455412,  3.517,  0.0943,  0.2834,  34.7403,  07 Dec 2017 14:22:55
# 26.7626,  5.455803,  3.562,  0.0893,  0.2773,  34.7392,  07 Dec 2017 14:29:55
# 26.7216,  5.451748,  3.526,  0.0932,  0.2822,  34.7409,  07 Dec 2017 14:36:55
# 26.7290,  5.452450,  3.525,  0.0929,  0.2797,  34.7403,  07 Dec 2017 14:43:55
# 26.7307,  5.452798,  3.521,  0.0906,  0.2748,  34.7416,  07 Dec 2017 14:50:55
# 26.7192,  5.452885,  3.489,  0.0943,  0.2724,  34.7508,  07 Dec 2017 14:57:55
# 26.7366,  5.455318,  3.528,  0.0894,  0.2773,  34.7552,  07 Dec 2017 15:04:55
# 26.7415,  5.456223,  3.562,  0.0955,  0.2786,  34.7580,  07 Dec 2017 15:11:55
# 26.7349,  5.456550,  3.531,  0.0955,  0.2785,  34.7653,  07 Dec 2017 15:18:55
# 26.7161,  5.456086,  3.508,  0.0918,  0.2747,  34.7761,  07 Dec 2017 15:25:55
# 26.7173,  5.456550,  3.593,  0.0930,  0.2737,  34.7785,  07 Dec 2017 15:32:55
# 26.7031,  5.456340,  3.528,  0.0931,  0.2836,  34.7877,  07 Dec 2017 15:39:55
# 26.6940,  5.456029,  3.584,  0.0944,  0.2774,  34.7923,  07 Dec 2017 15:46:55
# 26.6970,  5.456644,  3.586,  0.0918,  0.2748,  34.7944,  07 Dec 2017 15:53:55
# 26.6902,  5.456666,  3.587,  0.0932,  0.2749,  34.7997,  07 Dec 2017 16:00:55
# 26.6922,  5.457036,  3.611,  0.0906,  0.2749,  34.8008,  07 Dec 2017 16:07:55
# 26.6873,  5.457101,  3.625,  0.0944,  0.2760,  34.8050,  07 Dec 2017 16:14:55
# 26.6908,  5.457347,  3.628,  0.0944,  0.2775,  34.8041,  07 Dec 2017 16:21:55
# 26.6960,  5.457847,  3.637,  0.0956,  0.2747,  34.8039,  07 Dec 2017 16:28:55
# 26.6955,  5.458014,  3.672,  0.0943,  0.2748,  34.8054,  07 Dec 2017 16:35:55
# 26.6925,  5.457920,  3.674,  0.0918,  0.2760,  34.8070,  07 Dec 2017 16:42:55
# 26.6949,  5.458340,  3.749,  0.0954,  0.2771,  34.8082,  07 Dec 2017 16:49:55
# 26.6958,  5.458586,  3.747,  0.0931,  0.2762,  34.8092,  07 Dec 2017 16:56:55
# 26.6951,  5.458992,  3.802,  0.0931,  0.2750,  34.8127,  07 Dec 2017 17:03:55
# 26.7181,  5.460789,  3.764,  0.0930,  0.2734,  34.8083,  07 Dec 2017 17:10:55
# 26.7458,  5.463564,  3.755,  0.0929,  0.2748,  34.8074,  07 Dec 2017 17:17:55
# 26.7500,  5.464042,  3.802,  0.0918,  0.2760,  34.8076,  07 Dec 2017 17:24:55
# 26.7578,  5.465129,  3.878,  0.0931,  0.2970,  34.8095,  07 Dec 2017 17:31:55
# 26.7701,  5.466376,  3.858,  0.0919,  0.2761,  34.8092,  07 Dec 2017 17:38:55
# 26.8047,  5.469609,  3.901,  0.0932,  0.2759,  34.8064,  07 Dec 2017 17:45:55
# 26.8007,  5.469334,  3.907,  0.0944,  0.2760,  34.8074,  07 Dec 2017 17:52:55
# 26.7953,  5.469501,  3.895,  0.0945,  0.2760,  34.8126,  07 Dec 2017 17:59:55
# 26.7981,  5.469617,  3.866,  0.0917,  0.2811,  34.8114,  07 Dec 2017 18:06:55
# 26.7647,  5.467362,  3.988,  0.0943,  0.2869,  34.8203,  07 Dec 2017 18:13:55
# 26.7687,  5.467275,  3.988,  0.0919,  0.2772,  34.8167,  07 Dec 2017 18:20:55
# 26.7416,  5.464796,  4.003,  0.0919,  0.2786,  34.8193,  07 Dec 2017 18:27:55
# 26.7068,  5.461948,  4.001,  0.0918,  0.2797,  34.8250,  07 Dec 2017 18:34:55
# 26.6692,  5.458268,  4.012,  0.0956,  0.2797,  34.8269,  07 Dec 2017 18:41:55
# 26.6150,  5.453032,  4.030,  0.0945,  0.2835,  34.8301,  07 Dec 2017 18:48:55
# 26.5840,  5.449810,  4.026,  0.0980,  0.2834,  34.8303,  07 Dec 2017 18:55:55
# 26.5713,  5.448348,  4.013,  0.0946,  0.2824,  34.8294,  07 Dec 2017 19:02:55
# 26.5404,  5.445793,  4.118,  0.0955,  0.2872,  34.8342,  07 Dec 2017 19:09:55
# 26.5045,  5.441994,  4.092,  0.0967,  0.2847,  34.8340,  07 Dec 2017 19:16:55
# 26.4722,  5.438645,  4.098,  0.1004,  0.2846,  34.8343,  07 Dec 2017 19:23:55
# 26.4585,  5.437169,  4.110,  0.0993,  0.2882,  34.8340,  07 Dec 2017 19:30:55
# 26.4397,  5.435094,  4.129,  0.1032,  0.2824,  34.8332,  07 Dec 2017 19:37:55
# 26.4276,  5.433749,  4.123,  0.1017,  0.2808,  34.8327,  07 Dec 2017 19:44:55
# 26.4208,  5.432997,  4.159,  0.1006,  0.2821,  34.8323,  07 Dec 2017 19:51:55
# 26.4066,  5.431595,  4.136,  0.1033,  0.2836,  34.8330,  07 Dec 2017 19:58:55
# 26.3981,  5.430720,  4.175,  0.1031,  0.2811,  34.8331,  07 Dec 2017 20:05:55
# 26.3896,  5.429853,  4.183,  0.1067,  0.2821,  34.8333,  07 Dec 2017 20:12:55
# 26.3848,  5.429195,  4.189,  0.1030,  0.2847,  34.8321,  07 Dec 2017 20:19:55
# 26.3791,  5.428501,  4.214,  0.1055,  0.2810,  34.8314,  07 Dec 2017 20:26:55
# 26.3740,  5.427967,  4.177,  0.1030,  0.2844,  34.8314,  07 Dec 2017 20:33:55
# 26.3719,  5.427743,  4.218,  0.1067,  0.2798,  34.8314,  07 Dec 2017 20:40:55
# 26.3688,  5.427432,  4.212,  0.1080,  0.2798,  34.8315,  07 Dec 2017 20:47:55
# 26.3666,  5.427287,  4.216,  0.1055,  0.2808,  34.8321,  07 Dec 2017 20:54:55
# 26.3659,  5.427244,  4.221,  0.1044,  0.2795,  34.8323,  07 Dec 2017 21:01:55
# 26.3649,  5.427179,  4.310,  0.1054,  0.2822,  34.8326,  07 Dec 2017 21:08:55
# 26.3645,  5.427186,  4.172,  0.1044,  0.2824,  34.8330,  07 Dec 2017 21:15:55
# 26.3639,  5.427179,  4.231,  0.1041,  0.2860,  34.8334,  07 Dec 2017 21:22:55
# 26.3645,  5.427266,  4.208,  0.1055,  0.2823,  34.8336,  07 Dec 2017 21:29:55
# 26.3651,  5.427396,  4.288,  0.1019,  0.2834,  34.8340,  07 Dec 2017 21:36:55
# 26.3654,  5.426976,  4.169,  0.1018,  0.2882,  34.8308,  07 Dec 2017 21:43:55
# 26.3643,  5.425206,  4.238,  0.1055,  0.2860,  34.8188,  07 Dec 2017 21:50:55
# 26.3659,  5.425524,  4.220,  0.1056,  0.2848,  34.8199,  07 Dec 2017 21:57:55
# 26.3656,  5.425733,  4.213,  0.1056,  0.2847,  34.8216,  07 Dec 2017 22:04:55
# 26.3653,  5.425690,  4.183,  0.1031,  0.2822,  34.8216,  07 Dec 2017 22:11:55
# 26.3640,  5.425640,  4.162,  0.1030,  0.2834,  34.8222,  07 Dec 2017 22:18:55
# 26.3616,  5.425307,  4.166,  0.1067,  0.2823,  34.8216,  07 Dec 2017 22:25:55
# 26.3561,  5.424317,  4.144,  0.1057,  0.2872,  34.8186,  07 Dec 2017 22:32:55
# 26.3487,  5.422410,  4.087,  0.1079,  0.2835,  34.8104,  07 Dec 2017 22:39:55
# 26.3425,  5.420380,  4.158,  0.1103,  0.2810,  34.8005,  07 Dec 2017 22:46:55
# 26.3346,  5.418163,  4.157,  0.1118,  0.2860,  34.7904,  07 Dec 2017 22:53:55
# 26.3305,  5.417080,  4.159,  0.1091,  0.2847,  34.7856,  07 Dec 2017 23:00:55
# 26.3252,  5.416733,  4.044,  0.1092,  0.2808,  34.7872,  07 Dec 2017 23:07:55
# 26.3181,  5.417130,  4.075,  0.1093,  0.2797,  34.7954,  07 Dec 2017 23:14:55
# 26.3148,  5.417441,  4.025,  0.1108,  0.2783,  34.8002,  07 Dec 2017 23:21:55
# 26.3122,  5.418228,  4.106,  0.1094,  0.2821,  34.8078,  07 Dec 2017 23:28:55
# 26.3050,  5.418806,  4.039,  0.1068,  0.2799,  34.8175,  07 Dec 2017 23:35:55
# 26.3025,  5.418792,  4.027,  0.1105,  0.2860,  34.8192,  07 Dec 2017 23:42:55
# 26.3004,  5.418871,  4.019,  0.1080,  0.2823,  34.8214,  07 Dec 2017 23:49:55
# 26.2958,  5.418878,  3.955,  0.1080,  0.2920,  34.8250,  07 Dec 2017 23:56:55
# 26.2941,  5.418958,  4.028,  0.1106,  0.2847,  34.8269,  08 Dec 2017 00:03:55
# 26.2905,  5.418886,  4.055,  0.1091,  0.2811,  34.8290,  08 Dec 2017 00:10:55
# 26.2880,  5.418871,  3.927,  0.1055,  0.2786,  34.8308,  08 Dec 2017 00:17:55
# 26.2866,  5.418857,  3.914,  0.1215,  0.2810,  34.8318,  08 Dec 2017 00:24:55
# 26.2856,  5.418900,  3.891,  0.1057,  0.2786,  34.8329,  08 Dec 2017 00:31:55
# 26.2837,  5.418814,  3.956,  0.1066,  0.2811,  34.8337,  08 Dec 2017 00:38:55
# 26.2825,  5.418922,  3.934,  0.1042,  0.2799,  34.8354,  08 Dec 2017 00:45:55
# 26.2832,  5.419052,  3.932,  0.1030,  0.2798,  34.8358,  08 Dec 2017 00:52:55
# 26.2812,  5.419095,  3.951,  0.1057,  0.2784,  34.8376,  08 Dec 2017 00:59:55
# 26.2793,  5.419038,  3.915,  0.1030,  0.2822,  34.8386,  08 Dec 2017 01:06:55
# 26.2785,  5.418886,  3.825,  0.1030,  0.2809,  34.8382,  08 Dec 2017 01:13:55
# 26.2774,  5.418763,  3.827,  0.1029,  0.2811,  34.8381,  08 Dec 2017 01:20:55
# 26.2773,  5.418713,  3.832,  0.1029,  0.2762,  34.8378,  08 Dec 2017 01:27:55
# 26.2758,  5.418749,  3.769,  0.1031,  0.2870,  34.8393,  08 Dec 2017 01:34:55
# 26.2759,  5.418821,  3.825,  0.1019,  0.2811,  34.8397,  08 Dec 2017 01:41:55
# 26.2755,  5.419009,  3.832,  0.1042,  0.2810,  34.8413,  08 Dec 2017 01:48:55
# 26.2754,  5.419059,  3.783,  0.1031,  0.2772,  34.8418,  08 Dec 2017 01:55:55
# 26.2769,  5.419312,  3.734,  0.1018,  0.2835,  34.8425,  08 Dec 2017 02:02:55
# 26.2768,  5.419391,  3.763,  0.1032,  0.2798,  34.8431,  08 Dec 2017 02:09:55
# 26.2780,  5.419558,  3.769,  0.1032,  0.2783,  34.8434,  08 Dec 2017 02:16:55
# 26.2774,  5.419514,  3.746,  0.1030,  0.2844,  34.8436,  08 Dec 2017 02:23:55
# 26.2791,  5.419702,  3.707,  0.0993,  0.2799,  34.8437,  08 Dec 2017 02:30:55
# 26.2812,  5.420013,  3.789,  0.1003,  0.2810,  34.8443,  08 Dec 2017 02:37:55
# 26.2811,  5.419911,  3.712,  0.1041,  0.2787,  34.8437,  08 Dec 2017 02:44:55
# 26.2815,  5.419962,  3.722,  0.1015,  0.2811,  34.8437,  08 Dec 2017 02:51:55
# 26.2810,  5.419933,  3.720,  0.1042,  0.2773,  34.8439,  08 Dec 2017 02:58:55
# 26.2820,  5.420020,  3.733,  0.1006,  0.2822,  34.8438,  08 Dec 2017 03:05:55
# 26.2817,  5.419998,  3.748,  0.0995,  0.2872,  34.8439,  08 Dec 2017 03:12:55
# 26.2812,  5.419933,  3.765,  0.0968,  0.2834,  34.8437,  08 Dec 2017 03:19:55
# 26.2801,  5.419861,  3.764,  0.0967,  0.2763,  34.8440,  08 Dec 2017 03:26:55
# 26.2794,  5.419702,  3.765,  0.0980,  0.2824,  34.8434,  08 Dec 2017 03:33:55
# 26.2807,  5.419767,  3.783,  0.0993,  0.2761,  34.8429,  08 Dec 2017 03:40:55
# 26.2818,  5.419796,  3.770,  0.0969,  0.2786,  34.8423,  08 Dec 2017 03:47:55
# 26.2810,  5.419796,  3.783,  0.0980,  0.2786,  34.8429,  08 Dec 2017 03:54:55
# 26.2840,  5.419955,  3.798,  0.0981,  0.2748,  34.8417,  08 Dec 2017 04:01:55
# 26.2883,  5.420236,  3.787,  0.0956,  0.2786,  34.8406,  08 Dec 2017 04:08:55
# 26.2910,  5.420395,  3.895,  0.0981,  0.2785,  34.8396,  08 Dec 2017 04:15:55
# 26.2983,  5.420829,  3.846,  0.0969,  0.2785,  34.8372,  08 Dec 2017 04:22:55
# 26.3020,  5.421204,  3.895,  0.0967,  0.2833,  34.8372,  08 Dec 2017 04:29:55
# 26.3073,  5.421652,  3.887,  0.0968,  0.2847,  34.8364,  08 Dec 2017 04:36:55
# 26.3151,  5.422324,  3.898,  0.0980,  0.2786,  34.8353,  08 Dec 2017 04:43:55
# 26.3247,  5.423111,  3.916,  0.0980,  0.2785,  34.8337,  08 Dec 2017 04:50:55
# 26.3288,  5.423559,  3.926,  0.0981,  0.2834,  34.8339,  08 Dec 2017 04:57:55
# 26.3291,  5.423638,  3.977,  0.0931,  0.2786,  34.8342,  08 Dec 2017 05:04:55
# 26.3312,  5.423414,  3.961,  0.0993,  0.2786,  34.8310,  08 Dec 2017 05:11:55
# 26.3346,  5.423674,  3.970,  0.0967,  0.2762,  34.8303,  08 Dec 2017 05:18:55
# 26.3355,  5.423812,  3.982,  0.0945,  0.2773,  34.8306,  08 Dec 2017 05:25:55
# 26.3370,  5.422518,  4.053,  0.0968,  0.2775,  34.8201,  08 Dec 2017 05:32:55
# 26.3395,  5.421442,  4.042,  0.0943,  0.2749,  34.8104,  08 Dec 2017 05:39:55
# 26.3421,  5.420936,  4.005,  0.0982,  0.2749,  34.8048,  08 Dec 2017 05:46:55
# 26.3439,  5.421312,  4.060,  0.0955,  0.2786,  34.8062,  08 Dec 2017 05:53:55
# 26.3503,  5.421825,  4.079,  0.1005,  0.2735,  34.8050,  08 Dec 2017 06:00:55
# 26.3567,  5.422265,  4.089,  0.1004,  0.2760,  34.8034,  08 Dec 2017 06:07:55
# 26.3661,  5.422677,  4.158,  0.0980,  0.2763,  34.7992,  08 Dec 2017 06:14:55
# 26.3722,  5.422829,  4.194,  0.0993,  0.2858,  34.7957,  08 Dec 2017 06:21:55
# 26.3771,  5.422503,  4.115,  0.0993,  0.2762,  34.7896,  08 Dec 2017 06:28:55
# 26.3810,  5.421441,  4.118,  0.0990,  0.2775,  34.7790,  08 Dec 2017 06:35:55
# 26.3829,  5.419859,  4.169,  0.0991,  0.2735,  34.7661,  08 Dec 2017 06:42:55
# 26.3843,  5.418335,  4.189,  0.1018,  0.2760,  34.7541,  08 Dec 2017 06:49:55
# 26.3823,  5.417743,  4.135,  0.0991,  0.2773,  34.7513,  08 Dec 2017 06:56:55
# 26.3795,  5.418111,  4.205,  0.0993,  0.2737,  34.7561,  08 Dec 2017 07:03:55
# 26.3769,  5.418863,  4.156,  0.1005,  0.2786,  34.7635,  08 Dec 2017 07:10:55
# 26.3750,  5.419888,  4.249,  0.1017,  0.2747,  34.7723,  08 Dec 2017 07:17:55
# 26.3754,  5.421174,  4.230,  0.1031,  0.2735,  34.7813,  08 Dec 2017 07:24:55
# 26.3793,  5.422279,  4.292,  0.1043,  0.2747,  34.7864,  08 Dec 2017 07:31:55
# 26.3872,  5.423999,  4.200,  0.1044,  0.2882,  34.7928,  08 Dec 2017 07:38:55
# 26.3937,  5.425112,  4.324,  0.1031,  0.2822,  34.7959,  08 Dec 2017 07:45:55
# 26.4071,  5.426708,  4.346,  0.1042,  0.2771,  34.7973,  08 Dec 2017 07:52:55
# 26.4245,  5.428385,  4.257,  0.1042,  0.2759,  34.7963,  08 Dec 2017 07:59:55
# 26.4514,  5.430727,  4.304,  0.1018,  0.2798,  34.7928,  08 Dec 2017 08:06:55
# 26.4708,  5.432548,  4.281,  0.1019,  0.2747,  34.7913,  08 Dec 2017 08:13:55
# 26.4836,  5.434052,  4.376,  0.1017,  0.2773,  34.7925,  08 Dec 2017 08:20:55
# 26.4943,  5.435158,  4.303,  0.1019,  0.2787,  34.7924,  08 Dec 2017 08:27:55
# 26.5001,  5.436200,  4.380,  0.1032,  0.2784,  34.7955,  08 Dec 2017 08:34:55
# 26.4993,  5.436583,  4.287,  0.0956,  0.2786,  34.7989,  08 Dec 2017 08:41:55
# 26.5012,  5.436966,  4.321,  0.1005,  0.2797,  34.8002,  08 Dec 2017 08:48:55
# 26.5033,  5.437574,  4.344,  0.1005,  0.2763,  34.8030,  08 Dec 2017 08:55:55
# 26.5065,  5.438116,  4.300,  0.0983,  0.2847,  34.8045,  08 Dec 2017 09:02:55
# 26.5068,  5.438796,  4.342,  0.0967,  0.2760,  34.8092,  08 Dec 2017 09:09:55
# 26.5105,  5.439361,  4.346,  0.0980,  0.2761,  34.8105,  08 Dec 2017 09:16:55
# 26.5133,  5.440091,  4.314,  0.0968,  0.2773,  34.8136,  08 Dec 2017 09:23:55
# 26.5185,  5.440576,  4.351,  0.0980,  0.2763,  34.8131,  08 Dec 2017 09:30:55
# 26.5234,  5.441393,  4.274,  0.1006,  0.2995,  34.8154,  08 Dec 2017 09:37:55
# 26.5314,  5.442710,  4.361,  0.0968,  0.2736,  34.8188,  08 Dec 2017 09:44:55
# 26.5362,  5.443506,  4.316,  0.0967,  0.2784,  34.8210,  08 Dec 2017 09:51:55
# 26.5423,  5.444353,  4.342,  0.0954,  0.2761,  34.8224,  08 Dec 2017 09:58:55
# 26.5479,  5.445207,  4.262,  0.0943,  0.2749,  34.8243,  08 Dec 2017 10:05:55
# 26.5497,  5.445612,  4.336,  0.0980,  0.2785,  34.8259,  08 Dec 2017 10:12:55
# 26.5539,  5.446169,  4.267,  0.0969,  0.2773,  34.8268,  08 Dec 2017 10:19:55
# 26.5545,  5.446314,  4.257,  0.0955,  0.2785,  34.8274,  08 Dec 2017 10:26:55
# 26.5603,  5.447161,  4.245,  0.0931,  0.2785,  34.8291,  08 Dec 2017 10:33:55
# 26.5699,  5.448036,  4.197,  0.0917,  0.2761,  34.8282,  08 Dec 2017 10:40:55
# 26.5759,  5.448883,  4.216,  0.0905,  0.2785,  34.8297,  08 Dec 2017 10:47:55
# 26.5873,  5.450114,  4.190,  0.0932,  0.2810,  34.8300,  08 Dec 2017 10:54:55
# 26.6054,  5.451975,  4.191,  0.0931,  0.2810,  34.8297,  08 Dec 2017 11:01:55
# 26.6320,  5.454741,  4.122,  0.0880,  0.2749,  34.8296,  08 Dec 2017 11:08:55
# 26.6502,  5.456435,  4.177,  0.0942,  0.2797,  34.8280,  08 Dec 2017 11:15:55
# 26.6681,  5.458369,  4.061,  0.0955,  0.2797,  34.8285,  08 Dec 2017 11:22:55
# 26.6904,  5.460456,  4.115,  0.0955,  0.2712,  34.8266,  08 Dec 2017 11:29:55
# 26.7143,  5.462688,  4.103,  0.0906,  0.2811,  34.8247,  08 Dec 2017 11:36:55
# 26.7343,  5.464789,  4.095,  0.0918,  0.2786,  34.8247,  08 Dec 2017 11:43:55
# 26.7547,  5.466775,  4.058,  0.0892,  0.2761,  34.8236,  08 Dec 2017 11:50:55
# 26.7663,  5.468037,  4.043,  0.0943,  0.2772,  34.8239,  08 Dec 2017 11:57:55
# 26.7775,  5.469385,  3.947,  0.0931,  0.2773,  34.8252,  08 Dec 2017 12:04:55
# 26.7927,  5.471104,  3.981,  0.0880,  0.2821,  34.8261,  08 Dec 2017 12:11:55
# 26.8069,  5.472605,  3.899,  0.0893,  0.2772,  34.8262,  08 Dec 2017 12:18:55
# 26.8217,  5.474374,  3.961,  0.0930,  0.2760,  34.8277,  08 Dec 2017 12:25:55
# 26.8333,  5.475564,  3.876,  0.0944,  0.2932,  34.8275,  08 Dec 2017 12:32:55
# 26.8427,  5.476812,  3.845,  0.0906,  0.2774,  34.8294,  08 Dec 2017 12:39:55
# 26.8425,  5.476884,  3.879,  0.0967,  0.2836,  34.8301,  08 Dec 2017 12:46:55
# 26.8520,  5.478183,  3.877,  0.0967,  0.2748,  34.8322,  08 Dec 2017 12:53:55
# 26.8720,  5.479961,  3.821,  0.0932,  0.2773,  34.8300,  08 Dec 2017 13:00:55
# 26.8850,  5.481448,  3.774,  0.0918,  0.2760,  34.8309,  08 Dec 2017 13:07:55
# 26.9005,  5.483234,  3.783,  0.0932,  0.2772,  34.8320,  08 Dec 2017 13:14:55
# 26.9135,  5.484671,  3.780,  0.0918,  0.2760,  34.8325,  08 Dec 2017 13:21:55
# 26.9268,  5.485876,  3.773,  0.0919,  0.2773,  34.8311,  08 Dec 2017 13:28:55
# 26.9409,  5.487444,  3.763,  0.0930,  0.2773,  34.8317,  08 Dec 2017 13:35:55
# 26.9665,  5.490015,  3.688,  0.0883,  0.2784,  34.8309,  08 Dec 2017 13:42:55
# 26.9756,  5.491242,  3.663,  0.0907,  0.2772,  34.8329,  08 Dec 2017 13:49:55
# 26.9897,  5.492688,  3.685,  0.0944,  0.2908,  34.8326,  08 Dec 2017 13:56:55
