# 28.7102,  5.651820,  4.280,  0.0849,  0.2969,  34.6781,  30 Nov 2017 14:01:55
# 28.7061,  5.651327,  4.261,  0.0835,  0.2918,  34.6777,  30 Nov 2017 14:08:55
# 28.7072,  5.651437,  4.254,  0.0906,  0.2955,  34.6776,  30 Nov 2017 14:15:55
# 28.7129,  5.652077,  4.299,  0.0868,  0.3079,  34.6779,  30 Nov 2017 14:22:55
# 28.7133,  5.651967,  4.326,  0.0869,  0.2908,  34.6769,  30 Nov 2017 14:29:55
# 28.7149,  5.652210,  4.330,  0.0848,  0.2991,  34.6773,  30 Nov 2017 14:36:55
# 28.7062,  5.651268,  4.337,  0.0869,  0.3005,  34.6772,  30 Nov 2017 14:43:55
# 28.7089,  5.651562,  4.360,  0.0871,  0.2992,  34.6773,  30 Nov 2017 14:50:55
# 28.7034,  5.650989,  4.367,  0.0882,  0.3006,  34.6773,  30 Nov 2017 14:57:55
# 28.6957,  5.650231,  4.342,  0.0861,  0.2992,  34.6777,  30 Nov 2017 15:04:55
# 28.6950,  5.650114,  4.277,  0.0906,  0.2992,  34.6774,  30 Nov 2017 15:11:55
# 28.6850,  5.649276,  4.312,  0.0868,  0.2992,  34.6789,  30 Nov 2017 15:18:55
# 28.6864,  5.649305,  4.362,  0.0894,  0.2967,  34.6780,  30 Nov 2017 15:25:55
# 28.6799,  5.648643,  4.360,  0.0895,  0.2992,  34.6782,  30 Nov 2017 15:32:55
# 28.6718,  5.647857,  4.340,  0.0868,  0.2954,  34.6787,  30 Nov 2017 15:39:55
# 28.6687,  5.647511,  4.231,  0.0880,  0.2966,  34.6786,  30 Nov 2017 15:46:55
# 28.6607,  5.646820,  4.302,  0.0890,  0.3041,  34.6796,  30 Nov 2017 15:53:55
# 28.6586,  5.646563,  4.374,  0.0906,  0.3017,  34.6794,  30 Nov 2017 16:00:55
# 28.6569,  5.646357,  4.426,  0.0880,  0.2955,  34.6792,  30 Nov 2017 16:07:55
# 28.6560,  5.646239,  4.276,  0.0880,  0.3014,  34.6790,  30 Nov 2017 16:14:55
# 28.6498,  5.645784,  4.251,  0.0894,  0.3005,  34.6804,  30 Nov 2017 16:21:55
# 28.6364,  5.644284,  4.296,  0.0906,  0.3041,  34.6798,  30 Nov 2017 16:28:55
# 28.6298,  5.643527,  4.197,  0.0880,  0.3040,  34.6794,  30 Nov 2017 16:35:55
# 28.6223,  5.642792,  4.199,  0.0906,  0.2991,  34.6798,  30 Nov 2017 16:42:55
# 28.6168,  5.642138,  4.252,  0.0919,  0.2991,  34.6793,  30 Nov 2017 16:49:55
# 28.6115,  5.641594,  4.250,  0.0930,  0.3017,  34.6794,  30 Nov 2017 16:56:55
# 28.6045,  5.640882,  4.133,  0.0918,  0.3004,  34.6796,  30 Nov 2017 17:03:55
# 28.5985,  5.640338,  4.236,  0.0943,  0.2991,  34.6802,  30 Nov 2017 17:10:55
# 28.5867,  5.639250,  4.162,  0.0906,  0.2954,  34.6813,  30 Nov 2017 17:17:55
# 28.5811,  5.638663,  4.118,  0.0929,  0.3005,  34.6813,  30 Nov 2017 17:24:55
# 28.5733,  5.637840,  4.142,  0.0944,  0.3005,  34.6813,  30 Nov 2017 17:31:55
# 28.5655,  5.637017,  4.049,  0.0918,  0.2967,  34.6814,  30 Nov 2017 17:38:55
# 28.5510,  5.635820,  4.141,  0.0907,  0.3043,  34.6836,  30 Nov 2017 17:45:55
# 28.5367,  5.634101,  4.027,  0.0930,  0.3003,  34.6822,  30 Nov 2017 17:52:55
# 28.5205,  5.632515,  4.102,  0.0931,  0.3114,  34.6830,  30 Nov 2017 17:59:55
# 28.5059,  5.631061,  4.003,  0.0931,  0.2955,  34.6836,  30 Nov 2017 18:06:55
# 28.4957,  5.629945,  4.022,  0.0906,  0.2956,  34.6833,  30 Nov 2017 18:13:55
# 28.4821,  5.628602,  3.970,  0.0931,  0.2979,  34.6839,  30 Nov 2017 18:20:55
# 28.4678,  5.627082,  3.906,  0.0932,  0.3017,  34.6839,  30 Nov 2017 18:27:55
# 28.4544,  5.625739,  3.923,  0.0941,  0.2968,  34.6843,  30 Nov 2017 18:34:55
# 28.4366,  5.624037,  3.938,  0.0945,  0.3079,  34.6855,  30 Nov 2017 18:41:55
# 28.4221,  5.622496,  3.899,  0.0941,  0.2993,  34.6855,  30 Nov 2017 18:48:55
# 28.4086,  5.621131,  3.918,  0.0944,  0.2969,  34.6858,  30 Nov 2017 18:55:55
# 28.3918,  5.619510,  3.888,  0.0931,  0.2992,  34.6869,  30 Nov 2017 19:02:55
# 28.3823,  5.618358,  3.856,  0.0957,  0.2944,  34.6858,  30 Nov 2017 19:09:55
# 28.3677,  5.616986,  3.785,  0.0968,  0.2954,  34.6870,  30 Nov 2017 19:16:55
# 28.3466,  5.614860,  3.799,  0.0970,  0.3142,  34.6877,  30 Nov 2017 19:23:55
# 28.3359,  5.613686,  3.818,  0.0981,  0.3006,  34.6874,  30 Nov 2017 19:30:55
# 28.3225,  5.612454,  3.786,  0.0955,  0.2931,  34.6886,  30 Nov 2017 19:37:55
# 28.3092,  5.611062,  3.766,  0.0967,  0.2944,  34.6887,  30 Nov 2017 19:44:55
# 28.2995,  5.609955,  3.750,  0.0967,  0.2919,  34.6881,  30 Nov 2017 19:51:55
# 28.2910,  5.609126,  3.723,  0.0968,  0.2956,  34.6886,  30 Nov 2017 19:58:55
# 28.2829,  5.608357,  3.744,  0.0929,  0.2943,  34.6891,  30 Nov 2017 20:05:55
# 28.2777,  5.607785,  3.698,  0.0956,  0.2908,  34.6890,  30 Nov 2017 20:12:55
# 28.2677,  5.606884,  3.697,  0.0931,  0.2920,  34.6900,  30 Nov 2017 20:19:55
# 28.2629,  5.606334,  3.711,  0.0944,  0.2896,  34.6897,  30 Nov 2017 20:26:55
# 28.2596,  5.606077,  3.654,  0.0944,  0.2944,  34.6904,  30 Nov 2017 20:33:55
# 28.2487,  5.604993,  3.658,  0.0956,  0.2931,  34.6908,  30 Nov 2017 20:40:55
# 28.2439,  5.604502,  3.689,  0.0932,  0.3030,  34.6909,  30 Nov 2017 20:47:55
# 28.2348,  5.603667,  3.694,  0.0967,  0.2993,  34.6917,  30 Nov 2017 20:54:55
# 28.2313,  5.603256,  3.664,  0.0929,  0.2932,  34.6915,  30 Nov 2017 21:01:55
# 28.2299,  5.603161,  3.706,  0.0906,  0.2905,  34.6918,  30 Nov 2017 21:08:55
# 28.2270,  5.602890,  3.645,  0.0930,  0.2906,  34.6921,  30 Nov 2017 21:15:55
# 28.2228,  5.602458,  3.723,  0.0943,  0.2908,  34.6921,  30 Nov 2017 21:22:55
# 28.2225,  5.602458,  3.724,  0.0931,  0.2896,  34.6924,  30 Nov 2017 21:29:55
# 28.2203,  5.602231,  3.687,  0.0967,  0.2906,  34.6924,  30 Nov 2017 21:36:55
# 28.2131,  5.601527,  3.730,  0.0918,  0.2906,  34.6928,  30 Nov 2017 21:43:55
# 28.2093,  5.601147,  3.697,  0.0917,  0.2982,  34.6929,  30 Nov 2017 21:50:55
# 28.2076,  5.601044,  3.714,  0.0919,  0.2908,  34.6935,  30 Nov 2017 21:57:55
# 28.2159,  5.601747,  3.775,  0.0956,  0.2895,  34.6922,  30 Nov 2017 22:04:55
# 28.2097,  5.601366,  3.751,  0.0906,  0.2920,  34.6941,  30 Nov 2017 22:11:55
# 28.2094,  5.601264,  3.797,  0.0930,  0.2906,  34.6936,  30 Nov 2017 22:18:55
# 28.2060,  5.600949,  3.745,  0.0906,  0.2894,  34.6939,  30 Nov 2017 22:25:55
# 28.1997,  5.600421,  3.763,  0.0893,  0.2992,  34.6949,  30 Nov 2017 22:32:55
# 28.1970,  5.600121,  3.781,  0.0906,  0.3433,  34.6948,  30 Nov 2017 22:39:55
# 28.1876,  5.599308,  3.802,  0.0920,  0.2895,  34.6960,  30 Nov 2017 22:46:55
# 28.1778,  5.598393,  3.773,  0.0905,  0.2882,  34.6968,  30 Nov 2017 22:53:55
# 28.1773,  5.598312,  3.817,  0.0919,  0.2908,  34.6966,  30 Nov 2017 23:00:55
# 28.1736,  5.598078,  3.882,  0.0931,  0.2882,  34.6977,  30 Nov 2017 23:07:55
# 28.1792,  5.598664,  3.905,  0.0893,  0.2882,  34.6977,  30 Nov 2017 23:14:55
# 28.1751,  5.598466,  3.936,  0.0918,  0.3043,  34.6992,  30 Nov 2017 23:21:55
# 28.1664,  5.597734,  3.894,  0.0893,  0.2981,  34.7005,  30 Nov 2017 23:28:55
# 28.1695,  5.598202,  3.869,  0.0906,  0.3252,  34.7016,  30 Nov 2017 23:35:55
# 28.1720,  5.598591,  3.943,  0.0895,  0.2932,  34.7024,  30 Nov 2017 23:42:55
# 28.1751,  5.599081,  3.942,  0.0882,  0.2932,  34.7035,  30 Nov 2017 23:49:55
# 28.1800,  5.599689,  4.011,  0.0881,  0.2908,  34.7041,  30 Nov 2017 23:56:55
# 28.1829,  5.600078,  4.015,  0.0932,  0.3043,  34.7047,  01 Dec 2017 00:03:55
# 28.1840,  5.600246,  4.007,  0.0931,  0.2955,  34.7052,  01 Dec 2017 00:10:55
# 28.1913,  5.600986,  4.080,  0.0931,  0.2934,  34.7049,  01 Dec 2017 00:17:55
# 28.1993,  5.601931,  4.081,  0.0945,  0.2931,  34.7056,  01 Dec 2017 00:24:55
# 28.2107,  5.603030,  4.121,  0.0955,  0.3044,  34.7049,  01 Dec 2017 00:31:55
# 28.2219,  5.604173,  4.154,  0.0954,  0.2968,  34.7046,  01 Dec 2017 00:38:55
# 28.2247,  5.604532,  4.170,  0.0932,  0.2932,  34.7051,  01 Dec 2017 00:45:55
# 28.2317,  5.605309,  4.250,  0.0967,  0.2920,  34.7053,  01 Dec 2017 00:52:55
# 28.2369,  5.605968,  4.264,  0.0981,  0.2981,  34.7061,  01 Dec 2017 00:59:55
# 28.2407,  5.606489,  4.282,  0.0944,  0.2957,  34.7070,  01 Dec 2017 01:06:55
# 28.2441,  5.607009,  4.202,  0.0956,  0.2956,  34.7081,  01 Dec 2017 01:13:55
# 28.2487,  5.607588,  4.278,  0.0954,  0.2969,  34.7087,  01 Dec 2017 01:20:55
# 28.2525,  5.608050,  4.273,  0.0980,  0.2993,  34.7091,  01 Dec 2017 01:27:55
# 28.2552,  5.608460,  4.411,  0.0979,  0.3030,  34.7100,  01 Dec 2017 01:34:55
# 28.2601,  5.609017,  4.406,  0.0992,  0.2956,  34.7103,  01 Dec 2017 01:41:55
# 28.2645,  5.609530,  4.380,  0.1019,  0.3068,  34.7106,  01 Dec 2017 01:48:55
# 28.2683,  5.610036,  4.406,  0.1018,  0.2957,  34.7113,  01 Dec 2017 01:55:55
# 28.2667,  5.609956,  4.442,  0.1031,  0.3043,  34.7120,  01 Dec 2017 02:02:55
# 28.2667,  5.610065,  4.419,  0.1019,  0.3006,  34.7127,  01 Dec 2017 02:09:55
# 28.2635,  5.610000,  4.442,  0.1031,  0.3093,  34.7146,  01 Dec 2017 02:16:55
# 28.2567,  5.609699,  4.483,  0.1080,  0.2980,  34.7175,  01 Dec 2017 02:23:55
# 28.2505,  5.609223,  4.398,  0.1080,  0.2954,  34.7188,  01 Dec 2017 02:30:55
# 28.2408,  5.608629,  4.438,  0.1066,  0.3018,  34.7218,  01 Dec 2017 02:37:55
# 28.2328,  5.608087,  4.427,  0.1067,  0.3031,  34.7238,  01 Dec 2017 02:44:55
# 28.2255,  5.607588,  4.495,  0.1090,  0.2945,  34.7257,  01 Dec 2017 02:51:55
# 28.2169,  5.606966,  4.576,  0.1094,  0.3054,  34.7277,  01 Dec 2017 02:58:55
# 28.2100,  5.606511,  4.483,  0.1115,  0.3043,  34.7296,  01 Dec 2017 03:05:55
# 28.2026,  5.606072,  4.571,  0.1092,  0.3030,  34.7319,  01 Dec 2017 03:12:55
# 28.1942,  5.605493,  4.471,  0.1117,  0.3017,  34.7341,  01 Dec 2017 03:19:55
# 28.1887,  5.605178,  4.579,  0.1104,  0.3080,  34.7359,  01 Dec 2017 03:26:55
# 28.1819,  5.604672,  4.474,  0.1118,  0.3272,  34.7374,  01 Dec 2017 03:33:55
# 28.1799,  5.604533,  4.535,  0.1106,  0.3067,  34.7379,  01 Dec 2017 03:40:55
# 28.1770,  5.604291,  4.460,  0.1118,  0.3153,  34.7384,  01 Dec 2017 03:47:55
# 28.1698,  5.603639,  4.492,  0.1130,  0.3043,  34.7391,  01 Dec 2017 03:54:55
# 28.1638,  5.603038,  4.482,  0.1117,  0.3114,  34.7393,  01 Dec 2017 04:01:55
# 28.1580,  5.602525,  4.500,  0.1105,  0.3005,  34.7400,  01 Dec 2017 04:08:55
# 28.1516,  5.602071,  4.536,  0.1104,  0.2994,  34.7416,  01 Dec 2017 04:15:55
# 28.1449,  5.601522,  4.460,  0.1093,  0.3043,  34.7427,  01 Dec 2017 04:22:55
# 28.1402,  5.601229,  4.454,  0.1118,  0.3092,  34.7441,  01 Dec 2017 04:29:55
# 28.1358,  5.600892,  4.491,  0.1106,  0.3055,  34.7449,  01 Dec 2017 04:36:55
# 28.1294,  5.600496,  4.366,  0.1117,  0.3410,  34.7469,  01 Dec 2017 04:43:55
# 28.1232,  5.600145,  4.365,  0.1082,  0.3030,  34.7490,  01 Dec 2017 04:50:55
# 28.1176,  5.599727,  4.440,  0.1082,  0.3017,  34.7503,  01 Dec 2017 04:57:55
# 28.1109,  5.599281,  4.342,  0.1080,  0.3007,  34.7521,  01 Dec 2017 05:04:55
# 28.1056,  5.598936,  4.352,  0.1068,  0.2981,  34.7536,  01 Dec 2017 05:11:55
# 28.0997,  5.598526,  4.321,  0.1056,  0.3043,  34.7551,  01 Dec 2017 05:18:55
# 28.0933,  5.597999,  4.277,  0.1080,  0.2968,  34.7561,  01 Dec 2017 05:25:55
# 28.0870,  5.597508,  4.247,  0.1054,  0.2968,  34.7573,  01 Dec 2017 05:32:55
# 28.0836,  5.597127,  4.234,  0.1055,  0.2953,  34.7572,  01 Dec 2017 05:39:55
# 28.0782,  5.596512,  4.200,  0.1044,  0.3055,  34.7569,  01 Dec 2017 05:46:55
# 28.0715,  5.595905,  4.254,  0.1019,  0.2980,  34.7575,  01 Dec 2017 05:53:55
# 28.0626,  5.595077,  4.241,  0.1031,  0.2934,  34.7583,  01 Dec 2017 06:00:55
# 28.0573,  5.594594,  4.163,  0.1018,  0.3165,  34.7588,  01 Dec 2017 06:07:55
# 28.0543,  5.594308,  4.115,  0.1019,  0.2981,  34.7591,  01 Dec 2017 06:14:55
# 28.0498,  5.593942,  4.125,  0.1032,  0.2969,  34.7598,  01 Dec 2017 06:21:55
# 28.0454,  5.593657,  4.151,  0.1044,  0.2943,  34.7611,  01 Dec 2017 06:28:55
# 28.0435,  5.593598,  4.068,  0.1031,  0.2943,  34.7621,  01 Dec 2017 06:35:55
# 28.0403,  5.593357,  4.022,  0.1032,  0.2895,  34.7628,  01 Dec 2017 06:42:55
# 28.0346,  5.593020,  4.070,  0.1005,  0.2994,  34.7646,  01 Dec 2017 06:49:55
# 28.0324,  5.592793,  4.011,  0.1019,  0.2920,  34.7647,  01 Dec 2017 06:56:55
# 28.0282,  5.592493,  3.943,  0.1019,  0.2895,  34.7657,  01 Dec 2017 07:03:55
# 28.0238,  5.592141,  3.976,  0.0981,  0.2906,  34.7664,  01 Dec 2017 07:10:55
# 28.0198,  5.591893,  3.946,  0.0980,  0.2884,  34.7676,  01 Dec 2017 07:17:55
# 28.0140,  5.591395,  3.905,  0.0968,  0.2884,  34.7684,  01 Dec 2017 07:24:55
# 28.0088,  5.590919,  3.864,  0.0981,  0.2920,  34.7690,  01 Dec 2017 07:31:55
# 28.0078,  5.590839,  3.873,  0.0967,  0.2870,  34.7692,  01 Dec 2017 07:38:55
# 28.0089,  5.590897,  3.941,  0.0958,  0.2870,  34.7687,  01 Dec 2017 07:45:55
# 28.0114,  5.591256,  3.849,  0.0969,  0.2882,  34.7694,  01 Dec 2017 07:52:55
# 28.0147,  5.591710,  3.822,  0.0967,  0.2857,  34.7702,  01 Dec 2017 07:59:55
# 28.0129,  5.591505,  3.817,  0.0895,  0.2946,  34.7701,  01 Dec 2017 08:06:55
# 28.0128,  5.591585,  3.790,  0.0943,  0.2906,  34.7707,  01 Dec 2017 08:13:55
# 28.0142,  5.591761,  3.778,  0.0894,  0.2846,  34.7709,  01 Dec 2017 08:20:55
# 28.0204,  5.592420,  3.693,  0.0905,  0.2858,  34.7710,  01 Dec 2017 08:27:55
# 28.0226,  5.592705,  3.734,  0.0903,  0.2884,  34.7714,  01 Dec 2017 08:34:55
# 28.0266,  5.593335,  3.695,  0.0837,  0.2882,  34.7728,  01 Dec 2017 08:41:55
# 28.0342,  5.594125,  3.658,  0.0861,  0.2895,  34.7727,  01 Dec 2017 08:48:55
# 28.0438,  5.595246,  3.711,  0.0894,  0.2894,  34.7735,  01 Dec 2017 08:55:55
# 28.0528,  5.596307,  3.669,  0.0860,  0.2846,  34.7743,  01 Dec 2017 09:02:55
# 28.0577,  5.597237,  3.631,  0.0835,  0.2931,  34.7772,  01 Dec 2017 09:09:55
# 28.0700,  5.598270,  3.628,  0.0860,  0.2857,  34.7753,  01 Dec 2017 09:16:55
# 28.0820,  5.599889,  3.632,  0.0894,  0.2798,  34.7779,  01 Dec 2017 09:23:55
# 28.0937,  5.600885,  3.678,  0.0859,  0.2832,  34.7762,  01 Dec 2017 09:30:55
# 28.1065,  5.602511,  3.577,  0.0824,  0.2895,  34.7781,  01 Dec 2017 09:37:55
# 28.1152,  5.603258,  3.656,  0.0851,  0.2847,  34.7769,  01 Dec 2017 09:44:55
# 28.1280,  5.605405,  3.588,  0.0836,  0.2846,  34.7825,  01 Dec 2017 09:51:55
# 28.1552,  5.607890,  3.597,  0.0787,  0.3005,  34.7798,  01 Dec 2017 09:58:55
# 28.1655,  5.609678,  3.580,  0.0849,  0.2969,  34.7847,  01 Dec 2017 10:05:55
# 28.1866,  5.611643,  3.604,  0.0798,  0.2897,  34.7829,  01 Dec 2017 10:12:55
# 28.2014,  5.613417,  3.599,  0.0823,  0.2821,  34.7844,  01 Dec 2017 10:19:55
# 28.2260,  5.615705,  3.626,  0.0785,  0.2869,  34.7822,  01 Dec 2017 10:26:55
# 28.2425,  5.617311,  3.609,  0.0811,  0.2882,  34.7813,  01 Dec 2017 10:33:55
# 28.2542,  5.618331,  3.637,  0.0859,  0.2870,  34.7798,  01 Dec 2017 10:40:55
# 28.2657,  5.619915,  3.633,  0.0812,  0.2870,  34.7824,  01 Dec 2017 10:47:55
# 28.2837,  5.621617,  3.658,  0.0823,  0.2895,  34.7810,  01 Dec 2017 10:54:55
# 28.3042,  5.623474,  3.692,  0.0835,  0.2944,  34.7788,  01 Dec 2017 11:01:55
# 28.3276,  5.625976,  3.688,  0.0894,  0.3252,  34.7790,  01 Dec 2017 11:08:55
# 28.3418,  5.627782,  3.687,  0.0835,  0.2882,  34.7812,  01 Dec 2017 11:15:55
# 28.3620,  5.629529,  3.729,  0.0774,  0.2920,  34.7785,  01 Dec 2017 11:22:55
# 28.3678,  5.630660,  3.692,  0.0861,  0.2897,  34.7821,  01 Dec 2017 11:29:55
# 28.3880,  5.632650,  3.708,  0.0812,  0.2934,  34.7811,  01 Dec 2017 11:36:55
# 28.4034,  5.633868,  3.724,  0.0786,  0.2868,  34.7783,  01 Dec 2017 11:43:55
# 28.4221,  5.635741,  3.798,  0.0823,  0.2884,  34.7775,  01 Dec 2017 11:50:55
# 28.4367,  5.637534,  3.792,  0.0861,  0.2895,  34.7793,  01 Dec 2017 11:57:55
# 28.4453,  5.638643,  3.816,  0.0824,  0.2921,  34.7807,  01 Dec 2017 12:04:55
# 28.4455,  5.638658,  3.825,  0.0810,  0.2933,  34.7806,  01 Dec 2017 12:11:55
# 28.4709,  5.640884,  3.830,  0.0823,  0.2919,  34.7775,  01 Dec 2017 12:18:55
# 28.4839,  5.642478,  3.873,  0.0836,  0.2845,  34.7790,  01 Dec 2017 12:25:55
# 28.5058,  5.644705,  3.960,  0.0822,  0.2907,  34.7784,  01 Dec 2017 12:32:55
# 28.5412,  5.648344,  3.896,  0.0822,  0.2919,  34.7777,  01 Dec 2017 12:39:55
# 28.5559,  5.650043,  4.032,  0.0835,  0.2905,  34.7787,  01 Dec 2017 12:46:55
# 28.5710,  5.651638,  3.973,  0.0861,  0.2869,  34.7787,  01 Dec 2017 12:53:55
# 28.5777,  5.652403,  4.004,  0.0847,  0.2918,  34.7790,  01 Dec 2017 13:00:55
# 28.5791,  5.652160,  4.084,  0.0871,  0.2906,  34.7763,  01 Dec 2017 13:07:55
# 28.5789,  5.652175,  3.988,  0.0824,  0.2956,  34.7766,  01 Dec 2017 13:14:55
# 28.6006,  5.654301,  4.093,  0.0823,  0.2980,  34.7754,  01 Dec 2017 13:21:55
# 28.5967,  5.654389,  4.086,  0.0836,  0.2906,  34.7789,  01 Dec 2017 13:28:55
# 28.6159,  5.655809,  4.118,  0.0871,  0.2992,  34.7747,  01 Dec 2017 13:35:55
# 28.6169,  5.655816,  4.107,  0.0871,  0.2919,  34.7740,  01 Dec 2017 13:42:55
# 28.6088,  5.655308,  4.180,  0.0848,  0.2969,  34.7763,  01 Dec 2017 13:49:55
# 28.6090,  5.654867,  4.158,  0.0871,  0.2967,  34.7732,  01 Dec 2017 13:56:55
