# 28.1222,  5.598452,  3.463,  0.0942,  0.2881,  34.7382,  31 Jan 2018 14:06:55
# 28.1242,  5.598782,  3.479,  0.0954,  0.2882,  34.7390,  31 Jan 2018 14:13:55
# 28.1417,  5.600679,  3.501,  0.0920,  0.2880,  34.7394,  31 Jan 2018 14:20:55
# 28.1425,  5.600972,  3.503,  0.0942,  0.2856,  34.7409,  31 Jan 2018 14:27:55
# 28.1603,  5.603162,  3.536,  0.0954,  0.2856,  34.7431,  31 Jan 2018 14:34:55
# 28.1682,  5.603470,  3.607,  0.0906,  0.2869,  34.7394,  31 Jan 2018 14:41:55
# 28.1917,  5.605705,  3.633,  0.0993,  0.2845,  34.7377,  31 Jan 2018 14:48:55
# 28.2101,  5.607236,  3.627,  0.0979,  0.2869,  34.7348,  31 Jan 2018 14:55:55
# 28.2081,  5.607148,  3.632,  0.1006,  0.2880,  34.7357,  31 Jan 2018 15:02:55
# 28.2122,  5.607955,  3.707,  0.1043,  0.2893,  34.7383,  31 Jan 2018 15:09:55
# 28.2499,  5.611451,  3.704,  0.1019,  0.2881,  34.7350,  31 Jan 2018 15:16:55
# 28.2504,  5.611598,  3.723,  0.0993,  0.2856,  34.7356,  31 Jan 2018 15:23:55
# 28.2476,  5.610989,  3.784,  0.0980,  0.2832,  34.7334,  31 Jan 2018 15:30:55
# 28.3177,  5.618410,  3.802,  0.1019,  0.2868,  34.7336,  31 Jan 2018 15:37:55
# 28.3414,  5.621198,  3.844,  0.1019,  0.2881,  34.7356,  31 Jan 2018 15:44:55
# 28.3737,  5.624691,  3.838,  0.1006,  0.2894,  34.7362,  31 Jan 2018 15:51:55
# 28.4110,  5.628632,  3.883,  0.1006,  0.2867,  34.7362,  31 Jan 2018 15:58:55
# 28.4665,  5.634462,  3.870,  0.1019,  0.2905,  34.7361,  31 Jan 2018 16:05:55
# 28.5414,  5.642713,  3.914,  0.0993,  0.2894,  34.7384,  31 Jan 2018 16:12:55
# 28.6024,  5.649725,  3.939,  0.1030,  0.2881,  34.7424,  31 Jan 2018 16:19:55
# 28.6287,  5.652763,  3.951,  0.1020,  0.2893,  34.7442,  31 Jan 2018 16:26:55
# 28.6794,  5.657875,  3.969,  0.1003,  0.2905,  34.7426,  31 Jan 2018 16:33:55
# 28.6908,  5.659501,  4.054,  0.1054,  0.2895,  34.7455,  31 Jan 2018 16:40:55
# 28.7125,  5.662128,  4.014,  0.1006,  0.2905,  34.7478,  31 Jan 2018 16:47:55
# 28.7280,  5.663623,  4.060,  0.1019,  0.2894,  34.7467,  31 Jan 2018 16:54:55
# 28.7373,  5.665065,  4.048,  0.1019,  0.2882,  34.7499,  31 Jan 2018 17:01:55
# 28.7329,  5.664550,  4.095,  0.1019,  0.2993,  34.7496,  31 Jan 2018 17:08:55
# 28.7280,  5.664035,  4.061,  0.1019,  0.2967,  34.7496,  31 Jan 2018 17:15:55
# 28.7306,  5.664432,  4.080,  0.1019,  0.2966,  34.7504,  31 Jan 2018 17:22:55
# 28.7349,  5.664881,  4.068,  0.1021,  0.2956,  34.7504,  31 Jan 2018 17:29:55
# 28.7349,  5.664985,  4.120,  0.1032,  0.2942,  34.7511,  31 Jan 2018 17:36:55
# 28.7174,  5.663336,  4.125,  0.1019,  0.3005,  34.7525,  31 Jan 2018 17:43:55
# 28.6773,  5.659156,  4.071,  0.1118,  0.3114,  34.7529,  31 Jan 2018 17:50:55
# 28.6348,  5.654425,  4.108,  0.1032,  0.2981,  34.7512,  31 Jan 2018 17:57:55
# 28.5776,  5.648491,  4.135,  0.1007,  0.2992,  34.7520,  31 Jan 2018 18:04:55
# 28.5117,  5.641920,  4.161,  0.1032,  0.3054,  34.7547,  31 Jan 2018 18:11:55
# 28.4648,  5.636982,  4.138,  0.1044,  0.2966,  34.7548,  31 Jan 2018 18:18:55
# 28.4123,  5.631819,  4.072,  0.1054,  0.2956,  34.7574,  31 Jan 2018 18:25:55
# 28.3683,  5.627385,  4.142,  0.1080,  0.2979,  34.7588,  31 Jan 2018 18:32:55
# 28.3307,  5.623246,  4.100,  0.1080,  0.2932,  34.7577,  31 Jan 2018 18:39:55
# 28.2877,  5.619086,  4.077,  0.1080,  0.2992,  34.7603,  31 Jan 2018 18:46:55
# 28.2592,  5.616336,  4.096,  0.1067,  0.3040,  34.7620,  31 Jan 2018 18:53:55
# 28.2228,  5.612559,  4.074,  0.1080,  0.3029,  34.7625,  31 Jan 2018 19:00:55
# 28.1982,  5.609803,  4.102,  0.1079,  0.3029,  34.7613,  31 Jan 2018 19:07:55
# 28.1826,  5.608109,  4.055,  0.1081,  0.3005,  34.7611,  31 Jan 2018 19:14:55
# 28.1610,  5.605933,  4.092,  0.1080,  0.3006,  34.7617,  31 Jan 2018 19:21:55
# 28.1463,  5.604482,  4.031,  0.1079,  0.3005,  34.7625,  31 Jan 2018 19:28:55
# 28.1337,  5.603097,  3.985,  0.1128,  0.2992,  34.7621,  31 Jan 2018 19:35:55
# 28.1270,  5.602460,  4.030,  0.1093,  0.3006,  34.7625,  31 Jan 2018 19:42:55
# 28.1144,  5.601141,  3.963,  0.1093,  0.3079,  34.7626,  31 Jan 2018 19:49:55
# 28.1009,  5.599742,  3.945,  0.1105,  0.2981,  34.7627,  31 Jan 2018 19:56:55
# 28.0813,  5.597816,  3.914,  0.1117,  0.2992,  34.7637,  31 Jan 2018 20:03:55
# 28.0610,  5.595729,  3.922,  0.1106,  0.3030,  34.7641,  31 Jan 2018 20:10:55
# 28.0420,  5.593701,  3.875,  0.1118,  0.2992,  34.7639,  31 Jan 2018 20:17:55
# 28.0238,  5.591753,  3.846,  0.1117,  0.2992,  34.7637,  31 Jan 2018 20:24:55
# 28.0015,  5.589594,  3.878,  0.1094,  0.3005,  34.7651,  31 Jan 2018 20:31:55
# 27.9781,  5.586989,  3.812,  0.1119,  0.2953,  34.7641,  31 Jan 2018 20:38:55
# 27.9519,  5.584479,  3.777,  0.1093,  0.2968,  34.7659,  31 Jan 2018 20:45:55
# 27.9442,  5.583514,  3.744,  0.1080,  0.2955,  34.7648,  31 Jan 2018 20:52:55
# 27.9165,  5.580771,  3.759,  0.1119,  0.2956,  34.7660,  31 Jan 2018 20:59:55
# 27.9006,  5.579176,  3.718,  0.1081,  0.2930,  34.7667,  31 Jan 2018 21:06:55
# 27.8919,  5.578226,  3.690,  0.1082,  0.2969,  34.7664,  31 Jan 2018 21:13:55
# 27.8713,  5.575908,  3.671,  0.1131,  0.2969,  34.7653,  31 Jan 2018 21:20:55
# 27.8491,  5.573780,  3.601,  0.1131,  0.2979,  34.7668,  31 Jan 2018 21:27:55
# 27.8349,  5.572362,  3.609,  0.1128,  0.2956,  34.7674,  31 Jan 2018 21:34:55
# 27.8296,  5.571858,  3.582,  0.1117,  0.2955,  34.7678,  31 Jan 2018 21:41:55
# 27.8211,  5.571054,  3.617,  0.1093,  0.2895,  34.7684,  31 Jan 2018 21:48:55
# 27.7999,  5.568935,  3.538,  0.1106,  0.2930,  34.7692,  31 Jan 2018 21:55:55
# 27.7995,  5.568760,  3.519,  0.1106,  0.2931,  34.7683,  31 Jan 2018 22:02:55
# 27.7996,  5.568577,  3.526,  0.1105,  0.3005,  34.7669,  31 Jan 2018 22:09:55
# 27.7767,  5.566487,  3.499,  0.1080,  0.2956,  34.7692,  31 Jan 2018 22:16:55
# 27.7595,  5.564814,  3.480,  0.1081,  0.2955,  34.7701,  31 Jan 2018 22:23:55
# 27.7481,  5.563697,  3.452,  0.1068,  0.2931,  34.7707,  31 Jan 2018 22:30:55
# 27.7471,  5.563434,  3.450,  0.1093,  0.2942,  34.7696,  31 Jan 2018 22:37:55
# 27.7306,  5.561937,  3.433,  0.1093,  0.2920,  34.7713,  31 Jan 2018 22:44:55
# 27.7303,  5.561674,  3.431,  0.1093,  0.3017,  34.7697,  31 Jan 2018 22:51:55
# 27.7081,  5.559673,  3.423,  0.1093,  0.2956,  34.7720,  31 Jan 2018 22:58:55
# 27.7001,  5.558928,  3.397,  0.1081,  0.2956,  34.7728,  31 Jan 2018 23:05:55
# 27.6919,  5.558088,  3.387,  0.1080,  0.2980,  34.7729,  31 Jan 2018 23:12:55
# 27.6789,  5.556920,  3.387,  0.1056,  0.3079,  34.7743,  31 Jan 2018 23:19:55
# 27.6788,  5.556709,  3.376,  0.1069,  0.2943,  34.7730,  31 Jan 2018 23:26:55
# 27.6697,  5.555665,  3.353,  0.1091,  0.3003,  34.7723,  31 Jan 2018 23:33:55
# 27.6620,  5.555037,  3.343,  0.1092,  0.2894,  34.7736,  31 Jan 2018 23:40:55
# 27.6521,  5.553884,  3.356,  0.1093,  0.2930,  34.7728,  31 Jan 2018 23:47:55
# 27.6577,  5.554278,  3.372,  0.1119,  0.2981,  34.7714,  31 Jan 2018 23:54:55
# 27.6531,  5.553774,  3.350,  0.1104,  0.2919,  34.7713,  01 Feb 2018 00:01:55
# 27.6519,  5.553548,  3.358,  0.1055,  0.2908,  34.7706,  01 Feb 2018 00:08:55
# 27.6453,  5.553008,  3.346,  0.1106,  0.2969,  34.7717,  01 Feb 2018 00:15:55
# 27.6537,  5.553555,  3.349,  0.1080,  0.2907,  34.7693,  01 Feb 2018 00:22:55
# 27.6494,  5.553190,  3.350,  0.1054,  0.2907,  34.7699,  01 Feb 2018 00:29:55
# 27.6584,  5.554059,  3.383,  0.1078,  0.2896,  34.7693,  01 Feb 2018 00:36:55
# 27.6625,  5.554614,  3.382,  0.1092,  0.2931,  34.7702,  01 Feb 2018 00:43:55
# 27.6677,  5.555095,  3.391,  0.1080,  0.2882,  34.7698,  01 Feb 2018 00:50:55
# 27.6774,  5.555964,  3.390,  0.1093,  0.2954,  34.7687,  01 Feb 2018 00:57:55
# 27.6825,  5.556548,  3.432,  0.1054,  0.2906,  34.7690,  01 Feb 2018 01:04:55
# 27.6843,  5.556796,  3.433,  0.1054,  0.2943,  34.7694,  01 Feb 2018 01:11:55
# 27.6866,  5.557001,  3.461,  0.1080,  0.2944,  34.7692,  01 Feb 2018 01:18:55
# 27.7055,  5.558651,  3.463,  0.1043,  0.3251,  34.7668,  01 Feb 2018 01:25:55
# 27.7164,  5.559826,  3.479,  0.1054,  0.2882,  34.7669,  01 Feb 2018 01:32:55
# 27.7470,  5.562681,  3.506,  0.1091,  0.2869,  34.7644,  01 Feb 2018 01:39:55
# 27.7403,  5.562455,  3.536,  0.1056,  0.2893,  34.7678,  01 Feb 2018 01:46:55
# 27.7564,  5.563667,  3.556,  0.1044,  0.2896,  34.7643,  01 Feb 2018 01:53:55
# 27.7543,  5.563646,  3.597,  0.1044,  0.2868,  34.7657,  01 Feb 2018 02:00:55
# 27.7578,  5.564047,  3.593,  0.1044,  0.2895,  34.7660,  01 Feb 2018 02:07:55
# 27.7610,  5.564303,  3.632,  0.1054,  0.2895,  34.7654,  01 Feb 2018 02:14:55
# 27.7703,  5.565340,  3.692,  0.1043,  0.3041,  34.7658,  01 Feb 2018 02:21:55
# 27.7706,  5.565494,  3.721,  0.1054,  0.2918,  34.7667,  01 Feb 2018 02:28:55
# 27.7788,  5.566327,  3.734,  0.1016,  0.2932,  34.7664,  01 Feb 2018 02:35:55
# 27.7981,  5.567941,  3.782,  0.1044,  0.2882,  34.7635,  01 Feb 2018 02:42:55
# 27.7995,  5.568212,  3.797,  0.1031,  0.2882,  34.7644,  01 Feb 2018 02:49:55
# 27.7888,  5.567269,  3.807,  0.1044,  0.2879,  34.7657,  01 Feb 2018 02:56:55
# 27.8044,  5.568518,  3.830,  0.1030,  0.2892,  34.7628,  01 Feb 2018 03:03:55
# 27.8014,  5.568350,  3.869,  0.1044,  0.2882,  34.7639,  01 Feb 2018 03:10:55
# 27.8057,  5.568752,  3.842,  0.1044,  0.2856,  34.7636,  01 Feb 2018 03:17:55
# 27.8024,  5.568475,  3.955,  0.1045,  0.2895,  34.7640,  01 Feb 2018 03:24:55
# 27.7981,  5.567992,  3.915,  0.1042,  0.2882,  34.7638,  01 Feb 2018 03:31:55
# 27.7812,  5.566466,  3.944,  0.1044,  0.2843,  34.7656,  01 Feb 2018 03:38:55
# 27.7692,  5.565121,  3.945,  0.1045,  0.2882,  34.7650,  01 Feb 2018 03:45:55
# 27.7532,  5.563602,  4.078,  0.1032,  0.2870,  34.7661,  01 Feb 2018 03:52:55
# 27.7294,  5.561382,  4.044,  0.1041,  0.2893,  34.7682,  01 Feb 2018 03:59:55
# 27.7042,  5.558928,  4.053,  0.1019,  0.2858,  34.7695,  01 Feb 2018 04:06:55
# 27.6783,  5.556534,  4.076,  0.1032,  0.2857,  34.7719,  01 Feb 2018 04:13:55
# 27.6302,  5.551629,  4.155,  0.1030,  0.2907,  34.7729,  01 Feb 2018 04:20:55
# 27.6029,  5.548973,  4.145,  0.0993,  0.2908,  34.7745,  01 Feb 2018 04:27:55
# 27.5820,  5.546690,  4.141,  0.1031,  0.2893,  34.7738,  01 Feb 2018 04:34:55
# 27.5826,  5.546690,  4.151,  0.1032,  0.2906,  34.7734,  01 Feb 2018 04:41:55
# 27.5671,  5.545078,  4.180,  0.1032,  0.2893,  34.7735,  01 Feb 2018 04:48:55
# 27.5478,  5.543094,  4.217,  0.1069,  0.2895,  34.7738,  01 Feb 2018 04:55:55
# 27.5476,  5.542905,  4.263,  0.1042,  0.2881,  34.7726,  01 Feb 2018 05:02:55
# 27.5414,  5.542161,  4.199,  0.1044,  0.2918,  34.7720,  01 Feb 2018 05:09:55
# 27.5377,  5.541650,  4.271,  0.1054,  0.2980,  34.7711,  01 Feb 2018 05:16:55
# 27.5412,  5.541760,  4.296,  0.1070,  0.2956,  34.7693,  01 Feb 2018 05:23:55
# 27.5456,  5.542088,  4.281,  0.1069,  0.2908,  34.7683,  01 Feb 2018 05:30:55
# 27.5573,  5.543065,  4.260,  0.1080,  0.2907,  34.7665,  01 Feb 2018 05:37:55
# 27.5630,  5.543575,  4.280,  0.1093,  0.2969,  34.7659,  01 Feb 2018 05:44:55
# 27.5715,  5.544305,  4.285,  0.1093,  0.2895,  34.7647,  01 Feb 2018 05:51:55
# 27.5750,  5.544633,  4.272,  0.1082,  0.2969,  34.7645,  01 Feb 2018 05:58:55
# 27.5834,  5.545143,  4.334,  0.1093,  0.3017,  34.7619,  01 Feb 2018 06:05:55
# 27.5850,  5.545216,  4.264,  0.1105,  0.2894,  34.7612,  01 Feb 2018 06:12:55
# 27.5800,  5.544640,  4.331,  0.1118,  0.2930,  34.7608,  01 Feb 2018 06:19:55
# 27.5724,  5.543896,  4.265,  0.1105,  0.2993,  34.7612,  01 Feb 2018 06:26:55
# 27.5622,  5.542977,  4.316,  0.1167,  0.2944,  34.7623,  01 Feb 2018 06:33:55
# 27.5564,  5.542365,  4.251,  0.1118,  0.3019,  34.7623,  01 Feb 2018 06:40:55
# 27.5462,  5.541453,  4.287,  0.1144,  0.2943,  34.7634,  01 Feb 2018 06:47:55
# 27.5397,  5.540899,  4.285,  0.1130,  0.2967,  34.7643,  01 Feb 2018 06:54:55
# 27.5328,  5.540287,  4.277,  0.1167,  0.2980,  34.7651,  01 Feb 2018 07:01:55
# 27.5259,  5.539696,  4.240,  0.1131,  0.2918,  34.7661,  01 Feb 2018 07:08:55
# 27.5191,  5.539142,  4.215,  0.1131,  0.2942,  34.7672,  01 Feb 2018 07:15:55
# 27.5136,  5.538712,  4.205,  0.1129,  0.2943,  34.7683,  01 Feb 2018 07:22:55
# 27.5084,  5.538377,  4.216,  0.1157,  0.3017,  34.7698,  01 Feb 2018 07:29:55
# 27.5063,  5.538085,  4.146,  0.1155,  0.2955,  34.7693,  01 Feb 2018 07:36:55
# 27.5094,  5.538617,  4.162,  0.1157,  0.2968,  34.7708,  01 Feb 2018 07:43:55
# 27.5116,  5.538996,  4.135,  0.1143,  0.2930,  34.7718,  01 Feb 2018 07:50:55
# 27.5127,  5.539295,  4.099,  0.1143,  0.3005,  34.7731,  01 Feb 2018 07:57:55
# 27.5107,  5.539171,  4.075,  0.1142,  0.2943,  34.7737,  01 Feb 2018 08:04:55
# 27.5091,  5.539113,  4.070,  0.1093,  0.2955,  34.7745,  01 Feb 2018 08:11:55
# 27.5102,  5.539237,  4.035,  0.1129,  0.2932,  34.7745,  01 Feb 2018 08:18:55
# 27.5138,  5.539806,  4.038,  0.1068,  0.2994,  34.7759,  01 Feb 2018 08:25:55
# 27.5216,  5.540688,  4.000,  0.1080,  0.2944,  34.7764,  01 Feb 2018 08:32:55
# 27.5250,  5.541169,  4.004,  0.1070,  0.2943,  34.7772,  01 Feb 2018 08:39:55
# 27.5273,  5.541570,  3.944,  0.1044,  0.2956,  34.7784,  01 Feb 2018 08:46:55
# 27.5337,  5.542183,  3.953,  0.1069,  0.2955,  34.7780,  01 Feb 2018 08:53:55
# 27.5309,  5.542008,  3.910,  0.1044,  0.2943,  34.7788,  01 Feb 2018 09:00:55
# 27.5406,  5.543349,  3.892,  0.1005,  0.2930,  34.7811,  01 Feb 2018 09:07:55
# 27.5486,  5.544298,  3.846,  0.1042,  0.2993,  34.7819,  01 Feb 2018 09:14:55
# 27.5602,  5.545618,  3.819,  0.1006,  0.2895,  34.7826,  01 Feb 2018 09:21:55
# 27.5709,  5.546675,  3.771,  0.1032,  0.2945,  34.7821,  01 Feb 2018 09:28:55
# 27.5810,  5.547959,  3.734,  0.0980,  0.2943,  34.7837,  01 Feb 2018 09:35:55
# 27.5912,  5.549265,  3.711,  0.0967,  0.2882,  34.7854,  01 Feb 2018 09:42:55
# 27.6093,  5.550965,  3.691,  0.0958,  0.2968,  34.7839,  01 Feb 2018 09:49:55
# 27.6177,  5.552031,  3.684,  0.0932,  0.2943,  34.7851,  01 Feb 2018 09:56:55
# 27.6328,  5.553862,  3.606,  0.0929,  0.3005,  34.7869,  01 Feb 2018 10:03:55
# 27.6454,  5.555388,  3.599,  0.0954,  0.2968,  34.7883,  01 Feb 2018 10:10:55
# 27.6666,  5.557885,  3.573,  0.0944,  0.2908,  34.7902,  01 Feb 2018 10:17:55
# 27.6840,  5.559922,  3.544,  0.0969,  0.2980,  34.7917,  01 Feb 2018 10:24:55
# 27.7052,  5.561944,  3.487,  0.0943,  0.2895,  34.7902,  01 Feb 2018 10:31:55
# 27.7207,  5.563741,  3.487,  0.0893,  0.2992,  34.7914,  01 Feb 2018 10:38:55
# 27.7351,  5.565765,  3.489,  0.0955,  0.2944,  34.7950,  01 Feb 2018 10:45:55
# 27.7645,  5.568643,  3.426,  0.0941,  0.3006,  34.7934,  01 Feb 2018 10:52:55
# 27.7866,  5.571033,  3.409,  0.0955,  0.2932,  34.7938,  01 Feb 2018 10:59:55
# 27.7970,  5.572502,  3.393,  0.1018,  0.3053,  34.7965,  01 Feb 2018 11:06:55
# 27.8141,  5.574512,  3.358,  0.0956,  0.2955,  34.7979,  01 Feb 2018 11:13:55
# 27.8493,  5.577400,  3.332,  0.0905,  0.2956,  34.7922,  01 Feb 2018 11:20:55
# 27.8577,  5.578687,  3.320,  0.0942,  0.2907,  34.7950,  01 Feb 2018 11:27:55
# 27.8887,  5.581912,  3.297,  0.0906,  0.3018,  34.7948,  01 Feb 2018 11:34:55
# 27.9250,  5.586206,  3.286,  0.0880,  0.3017,  34.7980,  01 Feb 2018 11:41:55
# 27.9617,  5.589865,  3.289,  0.0919,  0.3054,  34.7966,  01 Feb 2018 11:48:55
# 27.9717,  5.591176,  3.271,  0.0932,  0.2992,  34.7984,  01 Feb 2018 11:55:55
# 27.9681,  5.590949,  3.234,  0.0945,  0.3066,  34.7995,  01 Feb 2018 12:02:55
# 28.0199,  5.596278,  3.240,  0.0931,  0.2954,  34.7985,  01 Feb 2018 12:09:55
# 28.0457,  5.599244,  3.241,  0.0970,  0.2954,  34.8003,  01 Feb 2018 12:16:55
# 28.0553,  5.600783,  3.252,  0.0880,  0.3102,  34.8039,  01 Feb 2018 12:23:55
# 28.0945,  5.604094,  3.207,  0.0861,  0.2904,  34.7981,  01 Feb 2018 12:30:55
# 28.1210,  5.607208,  3.232,  0.0904,  0.2967,  34.8004,  01 Feb 2018 12:37:55
# 28.1300,  5.608345,  3.240,  0.0944,  0.3079,  34.8017,  01 Feb 2018 12:44:55
# 28.0797,  5.604886,  3.209,  0.0919,  0.3007,  34.8146,  01 Feb 2018 12:51:55
# 28.1695,  5.612780,  3.217,  0.0967,  0.2979,  34.8036,  01 Feb 2018 12:58:55
# 28.1992,  5.615221,  3.216,  0.0930,  0.2908,  34.7987,  01 Feb 2018 13:05:55
# 28.2490,  5.620062,  3.214,  0.1004,  0.2943,  34.7958,  01 Feb 2018 13:12:55
# 28.2503,  5.620767,  3.223,  0.1032,  0.3017,  34.7998,  01 Feb 2018 13:19:55
# 28.2539,  5.621808,  3.236,  0.0943,  0.3628,  34.8043,  01 Feb 2018 13:26:55
# 28.2847,  5.624384,  3.237,  0.0981,  0.2956,  34.7997,  01 Feb 2018 13:33:55
# 28.2953,  5.625242,  3.257,  0.0894,  0.2969,  34.7978,  01 Feb 2018 13:40:55
# 28.3305,  5.628347,  3.279,  0.0980,  0.2942,  34.7935,  01 Feb 2018 13:47:55
# 28.3099,  5.625345,  3.305,  0.0979,  0.3055,  34.7878,  01 Feb 2018 13:54:55
