# 28.8438,  5.661508,  3.687,  -999.0,  -999.0,  34.6479,  16 Mar 2018 14:03:55
# 28.8796,  5.664643,  3.759,  -999.0,  -999.0,  34.6435,  16 Mar 2018 14:10:55
# 28.9112,  5.667102,  3.740,  -999.0,  -999.0,  34.6374,  16 Mar 2018 14:17:55
# 28.9478,  5.671358,  3.772,  -999.0,  -999.0,  34.6402,  16 Mar 2018 14:24:55
# 28.9814,  5.674422,  3.771,  -999.0,  -999.0,  34.6369,  16 Mar 2018 14:31:55
# 29.0243,  5.678998,  3.858,  -999.0,  -999.0,  34.6371,  16 Mar 2018 14:38:55
# 29.1028,  5.686317,  3.833,  -999.0,  -999.0,  34.6306,  16 Mar 2018 14:45:55
# 29.1703,  5.694520,  3.919,  -999.0,  -999.0,  34.6379,  16 Mar 2018 14:52:55
# 29.2422,  5.703103,  3.910,  -999.0,  -999.0,  34.6447,  16 Mar 2018 14:59:55
# 29.3246,  5.712195,  3.916,  -999.0,  -999.0,  34.6474,  16 Mar 2018 15:06:55
# 29.3652,  5.718292,  3.932,  -999.0,  -999.0,  34.6597,  16 Mar 2018 15:13:55
# 29.4260,  5.723222,  3.954,  -999.0,  -999.0,  34.6494,  16 Mar 2018 15:20:55
# 29.4685,  5.728533,  4.009,  -999.0,  -999.0,  34.6550,  16 Mar 2018 15:27:55
# 29.4908,  5.730693,  4.008,  -999.0,  -999.0,  34.6536,  16 Mar 2018 15:34:55
# 29.4980,  5.731536,  4.050,  -999.0,  -999.0,  34.6542,  16 Mar 2018 15:41:55
# 29.4873,  5.731137,  4.053,  -999.0,  -999.0,  34.6592,  16 Mar 2018 15:48:55
# 29.4772,  5.729406,  4.056,  -999.0,  -999.0,  34.6546,  16 Mar 2018 15:55:55
# 29.4549,  5.727068,  4.091,  -999.0,  -999.0,  34.6548,  16 Mar 2018 16:02:55
# 29.4364,  5.724591,  4.100,  -999.0,  -999.0,  34.6512,  16 Mar 2018 16:09:55
# 29.3798,  5.718772,  4.081,  -999.0,  -999.0,  34.6524,  16 Mar 2018 16:16:55
# 29.3099,  5.711094,  4.111,  -999.0,  -999.0,  34.6504,  16 Mar 2018 16:23:55
# 29.2456,  5.704469,  4.147,  -999.0,  -999.0,  34.6515,  16 Mar 2018 16:30:55
# 29.1674,  5.695730,  4.150,  -999.0,  -999.0,  34.6483,  16 Mar 2018 16:37:55
# 29.0865,  5.686665,  4.112,  -999.0,  -999.0,  34.6446,  16 Mar 2018 16:44:55
# 28.9994,  5.678586,  4.169,  -999.0,  -999.0,  34.6523,  16 Mar 2018 16:51:55
# 28.9382,  5.671189,  4.200,  -999.0,  -999.0,  34.6459,  16 Mar 2018 16:58:55
# 28.8724,  5.664540,  4.251,  -999.0,  -999.0,  34.6478,  16 Mar 2018 17:05:55
# 28.8109,  5.657534,  4.208,  -999.0,  -999.0,  34.6443,  16 Mar 2018 17:12:55
# 28.7584,  5.652091,  4.151,  -999.0,  -999.0,  34.6449,  16 Mar 2018 17:19:55
# 28.7325,  5.649245,  4.186,  -999.0,  -999.0,  34.6441,  16 Mar 2018 17:26:55
# 28.6954,  5.645386,  4.187,  -999.0,  -999.0,  34.6444,  16 Mar 2018 17:33:55
# 28.6418,  5.640286,  4.167,  -999.0,  -999.0,  34.6483,  16 Mar 2018 17:40:55
# 28.5999,  5.636047,  4.194,  -999.0,  -999.0,  34.6495,  16 Mar 2018 17:47:55
# 28.5477,  5.630569,  4.207,  -999.0,  -999.0,  34.6496,  16 Mar 2018 17:54:55
# 28.5103,  5.625885,  4.149,  -999.0,  -999.0,  34.6444,  16 Mar 2018 18:01:55
# 28.4626,  5.619596,  4.192,  -999.0,  -999.0,  34.6356,  16 Mar 2018 18:08:55
# 28.4262,  5.615064,  4.108,  -999.0,  -999.0,  34.6308,  16 Mar 2018 18:15:55
# 28.3991,  5.612373,  4.145,  -999.0,  -999.0,  34.6319,  16 Mar 2018 18:22:55
# 28.3732,  5.609807,  4.164,  -999.0,  -999.0,  34.6330,  16 Mar 2018 18:29:55
# 28.3527,  5.607769,  4.114,  -999.0,  -999.0,  34.6338,  16 Mar 2018 18:36:55
# 28.3323,  5.605541,  4.162,  -999.0,  -999.0,  34.6332,  16 Mar 2018 18:43:55
# 28.3094,  5.602405,  4.128,  -999.0,  -999.0,  34.6282,  16 Mar 2018 18:50:55
# 28.2907,  5.599438,  4.126,  -999.0,  -999.0,  34.6212,  16 Mar 2018 18:57:55
# 28.2680,  5.595073,  4.052,  -999.0,  -999.0,  34.6075,  16 Mar 2018 19:04:55
# 28.2587,  5.593221,  4.028,  -999.0,  -999.0,  34.6013,  16 Mar 2018 19:11:55
# 28.2453,  5.591017,  4.052,  -999.0,  -999.0,  34.5958,  16 Mar 2018 19:18:55
# 28.2324,  5.589641,  4.023,  -999.0,  -999.0,  34.5956,  16 Mar 2018 19:25:55
# 28.2190,  5.588339,  3.961,  -999.0,  -999.0,  34.5964,  16 Mar 2018 19:32:55
# 28.2135,  5.587958,  3.971,  -999.0,  -999.0,  34.5978,  16 Mar 2018 19:39:55
# 28.2015,  5.587161,  3.955,  -999.0,  -999.0,  34.6010,  16 Mar 2018 19:46:55
# 28.1894,  5.586253,  3.911,  -999.0,  -999.0,  34.6036,  16 Mar 2018 19:53:55
# 28.1764,  5.585492,  3.910,  -999.0,  -999.0,  34.6078,  16 Mar 2018 20:00:55
# 28.1663,  5.584732,  3.888,  -999.0,  -999.0,  34.6099,  16 Mar 2018 20:07:55
# 28.1606,  5.583919,  3.882,  -999.0,  -999.0,  34.6084,  16 Mar 2018 20:14:55
# 28.1534,  5.583056,  3.851,  -999.0,  -999.0,  34.6076,  16 Mar 2018 20:21:55
# 28.1478,  5.582442,  3.800,  -999.0,  -999.0,  34.6075,  16 Mar 2018 20:28:55
# 28.1449,  5.582156,  3.807,  -999.0,  -999.0,  34.6076,  16 Mar 2018 20:35:55
# 28.1385,  5.581754,  3.783,  -999.0,  -999.0,  34.6095,  16 Mar 2018 20:42:55
# 28.1351,  5.581944,  3.756,  -999.0,  -999.0,  34.6134,  16 Mar 2018 20:49:55
# 28.1301,  5.581988,  3.751,  -999.0,  -999.0,  34.6173,  16 Mar 2018 20:56:55
# 28.1228,  5.579399,  3.708,  -999.0,  -999.0,  34.6046,  16 Mar 2018 21:03:55
# 28.1143,  5.576320,  3.675,  -999.0,  -999.0,  34.5893,  16 Mar 2018 21:10:55
# 28.1069,  5.575874,  3.638,  -999.0,  -999.0,  34.5917,  16 Mar 2018 21:17:55
# 28.1028,  5.575816,  3.672,  -999.0,  -999.0,  34.5942,  16 Mar 2018 21:24:55
# 28.0964,  5.575545,  3.661,  -999.0,  -999.0,  34.5970,  16 Mar 2018 21:31:55
# 28.0880,  5.575085,  3.626,  -999.0,  -999.0,  34.6000,  16 Mar 2018 21:38:55
# 28.0823,  5.574580,  3.614,  -999.0,  -999.0,  34.6006,  16 Mar 2018 21:45:55
# 28.0786,  5.574295,  3.570,  -999.0,  -999.0,  34.6014,  16 Mar 2018 21:52:55
# 28.0751,  5.574054,  3.560,  -999.0,  -999.0,  34.6023,  16 Mar 2018 21:59:55
# 28.0732,  5.573616,  3.592,  -999.0,  -999.0,  34.6006,  16 Mar 2018 22:06:55
# 28.0722,  5.573594,  3.540,  -999.0,  -999.0,  34.6012,  16 Mar 2018 22:13:55
# 28.0690,  5.572855,  3.517,  -999.0,  -999.0,  34.5984,  16 Mar 2018 22:20:55
# 28.0587,  5.571086,  3.537,  -999.0,  -999.0,  34.5935,  16 Mar 2018 22:27:55
# 28.0582,  5.570494,  3.481,  -999.0,  -999.0,  34.5898,  16 Mar 2018 22:34:55
# 28.0558,  5.569742,  3.495,  -999.0,  -999.0,  34.5863,  16 Mar 2018 22:41:55
# 28.0551,  5.568484,  3.475,  -999.0,  -999.0,  34.5780,  16 Mar 2018 22:48:55
# 28.0528,  5.567418,  3.485,  -999.0,  -999.0,  34.5722,  16 Mar 2018 22:55:55
# 28.0516,  5.566870,  3.464,  -999.0,  -999.0,  34.5693,  16 Mar 2018 23:02:55
# 28.0420,  5.564539,  3.459,  -999.0,  -999.0,  34.5600,  16 Mar 2018 23:09:55
# 28.0390,  5.563429,  3.449,  -999.0,  -999.0,  34.5545,  16 Mar 2018 23:16:55
# 28.0389,  5.562647,  3.444,  -999.0,  -999.0,  34.5491,  16 Mar 2018 23:23:55
# 28.0359,  5.562223,  3.466,  -999.0,  -999.0,  34.5483,  16 Mar 2018 23:30:55
# 28.0342,  5.561814,  3.470,  -999.0,  -999.0,  34.5467,  16 Mar 2018 23:37:55
# 28.0396,  5.562990,  3.488,  -999.0,  -999.0,  34.5509,  16 Mar 2018 23:44:55
# 28.0370,  5.563765,  3.484,  -999.0,  -999.0,  34.5583,  16 Mar 2018 23:51:55
# 28.0391,  5.564546,  3.479,  -999.0,  -999.0,  34.5622,  16 Mar 2018 23:58:55
# 28.0370,  5.564999,  3.492,  -999.0,  -999.0,  34.5669,  17 Mar 2018 00:05:55
# 28.0444,  5.566629,  3.475,  -999.0,  -999.0,  34.5729,  17 Mar 2018 00:12:55
# 28.0543,  5.569457,  3.499,  -999.0,  -999.0,  34.5854,  17 Mar 2018 00:19:55
# 28.0605,  5.571569,  3.534,  -999.0,  -999.0,  34.5956,  17 Mar 2018 00:26:55
# 28.0733,  5.574230,  3.537,  -999.0,  -999.0,  34.6048,  17 Mar 2018 00:33:55
# 28.0833,  5.577096,  3.550,  -999.0,  -999.0,  34.6175,  17 Mar 2018 00:40:55
# 28.0772,  5.574975,  3.574,  -999.0,  -999.0,  34.6072,  17 Mar 2018 00:47:55
# 28.0792,  5.575275,  3.587,  -999.0,  -999.0,  34.6078,  17 Mar 2018 00:54:55
# 28.0849,  5.576152,  3.579,  -999.0,  -999.0,  34.6098,  17 Mar 2018 01:01:55
# 28.0871,  5.576767,  3.591,  -999.0,  -999.0,  34.6124,  17 Mar 2018 01:08:55
# 28.0854,  5.576467,  3.638,  -999.0,  -999.0,  34.6116,  17 Mar 2018 01:15:55
# 28.0838,  5.576657,  3.656,  -999.0,  -999.0,  34.6140,  17 Mar 2018 01:22:55
# 28.0856,  5.576986,  3.689,  -999.0,  -999.0,  34.6150,  17 Mar 2018 01:29:55
# 28.0857,  5.577308,  3.702,  -999.0,  -999.0,  34.6172,  17 Mar 2018 01:36:55
# 28.0828,  5.577257,  3.709,  -999.0,  -999.0,  34.6189,  17 Mar 2018 01:43:55
# 28.0782,  5.576877,  3.726,  -999.0,  -999.0,  34.6197,  17 Mar 2018 01:50:55
# 28.0720,  5.576299,  3.751,  -999.0,  -999.0,  34.6202,  17 Mar 2018 01:57:55
# 28.0678,  5.575955,  3.809,  -999.0,  -999.0,  34.6209,  17 Mar 2018 02:04:55
# 28.0619,  5.575458,  3.838,  -999.0,  -999.0,  34.6217,  17 Mar 2018 02:11:55
# 28.0570,  5.575137,  3.789,  -999.0,  -999.0,  34.6231,  17 Mar 2018 02:18:55
# 28.0468,  5.574201,  3.855,  -999.0,  -999.0,  34.6240,  17 Mar 2018 02:25:55
# 28.0331,  5.572739,  3.871,  -999.0,  -999.0,  34.6238,  17 Mar 2018 02:32:55
# 28.0162,  5.570525,  3.847,  -999.0,  -999.0,  34.6208,  17 Mar 2018 02:39:55
# 28.0021,  5.568668,  3.915,  -999.0,  -999.0,  34.6181,  17 Mar 2018 02:46:55
# 27.9904,  5.567251,  3.931,  -999.0,  -999.0,  34.6168,  17 Mar 2018 02:53:55
# 27.9741,  5.565490,  3.917,  -999.0,  -999.0,  34.6164,  17 Mar 2018 03:00:55
# 27.9599,  5.563971,  4.026,  -999.0,  -999.0,  34.6162,  17 Mar 2018 03:07:55
# 27.9465,  5.562050,  4.005,  -999.0,  -999.0,  34.6126,  17 Mar 2018 03:14:55
# 27.9499,  5.562802,  3.988,  -999.0,  -999.0,  34.6153,  17 Mar 2018 03:21:55
# 27.9508,  5.563233,  4.059,  -999.0,  -999.0,  34.6177,  17 Mar 2018 03:28:55
# 27.9418,  5.562488,  4.068,  -999.0,  -999.0,  34.6191,  17 Mar 2018 03:35:55
# 27.9428,  5.562240,  4.052,  -999.0,  -999.0,  34.6166,  17 Mar 2018 03:42:55
# 27.9554,  5.561721,  4.121,  -999.0,  -999.0,  34.6037,  17 Mar 2018 03:49:55
# 27.9709,  5.561115,  4.092,  -999.0,  -999.0,  34.5880,  17 Mar 2018 03:56:55
# 27.9841,  5.561889,  4.126,  -999.0,  -999.0,  34.5838,  17 Mar 2018 04:03:55
# 28.0235,  5.564905,  4.135,  -999.0,  -999.0,  34.5760,  17 Mar 2018 04:10:55
# 28.0543,  5.566950,  4.108,  -999.0,  -999.0,  34.5677,  17 Mar 2018 04:17:55
# 28.0722,  5.566796,  4.142,  -999.0,  -999.0,  34.5535,  17 Mar 2018 04:24:55
# 28.0835,  5.565810,  4.171,  -999.0,  -999.0,  34.5383,  17 Mar 2018 04:31:55
# 28.0945,  5.564392,  4.177,  -999.0,  -999.0,  34.5203,  17 Mar 2018 04:38:55
# 28.1042,  5.564268,  4.182,  -999.0,  -999.0,  34.5124,  17 Mar 2018 04:45:55
# 28.1118,  5.564385,  4.186,  -999.0,  -999.0,  34.5077,  17 Mar 2018 04:52:55
# 28.1160,  5.564640,  4.267,  -999.0,  -999.0,  34.5063,  17 Mar 2018 04:59:55
# 28.1187,  5.565093,  4.220,  -999.0,  -999.0,  34.5075,  17 Mar 2018 05:06:55
# 28.1203,  5.565743,  4.213,  -999.0,  -999.0,  34.5109,  17 Mar 2018 05:13:55
# 28.1255,  5.567665,  4.257,  -999.0,  -999.0,  34.5205,  17 Mar 2018 05:20:55
# 28.1285,  5.570303,  4.268,  -999.0,  -999.0,  34.5367,  17 Mar 2018 05:27:55
# 28.1308,  5.572094,  4.267,  -999.0,  -999.0,  34.5476,  17 Mar 2018 05:34:55
# 28.1383,  5.575720,  4.234,  -999.0,  -999.0,  34.5674,  17 Mar 2018 05:41:55
# 28.1429,  5.577768,  4.194,  -999.0,  -999.0,  34.5783,  17 Mar 2018 05:48:55
# 28.1475,  5.579172,  4.249,  -999.0,  -999.0,  34.5847,  17 Mar 2018 05:55:55
# 28.1498,  5.580233,  4.231,  -999.0,  -999.0,  34.5905,  17 Mar 2018 06:02:55
# 28.1528,  5.581227,  4.292,  -999.0,  -999.0,  34.5952,  17 Mar 2018 06:09:55
# 28.1582,  5.582808,  4.217,  -999.0,  -999.0,  34.6023,  17 Mar 2018 06:16:55
# 28.1601,  5.583554,  4.243,  -999.0,  -999.0,  34.6061,  17 Mar 2018 06:23:55
# 28.1640,  5.584834,  4.202,  -999.0,  -999.0,  34.6122,  17 Mar 2018 06:30:55
# 28.1700,  5.586451,  4.223,  -999.0,  -999.0,  34.6191,  17 Mar 2018 06:37:55
# 28.1780,  5.588003,  4.187,  -999.0,  -999.0,  34.6240,  17 Mar 2018 06:44:55
# 28.1824,  5.589218,  4.175,  -999.0,  -999.0,  34.6293,  17 Mar 2018 06:51:55
# 28.1876,  5.590652,  4.150,  -999.0,  -999.0,  34.6355,  17 Mar 2018 06:58:55
# 28.1898,  5.591626,  4.217,  -999.0,  -999.0,  34.6407,  17 Mar 2018 07:05:55
# 28.1915,  5.592534,  4.101,  -999.0,  -999.0,  34.6458,  17 Mar 2018 07:12:55
# 28.1930,  5.593185,  4.076,  -999.0,  -999.0,  34.6492,  17 Mar 2018 07:19:55
# 28.1942,  5.593588,  4.102,  -999.0,  -999.0,  34.6512,  17 Mar 2018 07:26:55
# 28.1966,  5.594196,  4.046,  -999.0,  -999.0,  34.6537,  17 Mar 2018 07:33:55
# 28.1973,  5.594518,  4.059,  -999.0,  -999.0,  34.6553,  17 Mar 2018 07:40:55
# 28.1977,  5.594650,  3.994,  -999.0,  -999.0,  34.6560,  17 Mar 2018 07:47:55
# 28.1986,  5.594870,  4.047,  -999.0,  -999.0,  34.6569,  17 Mar 2018 07:54:55
# 28.1991,  5.594928,  4.009,  -999.0,  -999.0,  34.6569,  17 Mar 2018 08:01:55
# 28.1983,  5.594913,  3.942,  -999.0,  -999.0,  34.6574,  17 Mar 2018 08:08:55
# 28.1999,  5.595228,  3.909,  -999.0,  -999.0,  34.6585,  17 Mar 2018 08:15:55
# 28.2044,  5.595887,  3.911,  -999.0,  -999.0,  34.6598,  17 Mar 2018 08:22:55
# 28.2047,  5.596312,  3.878,  -999.0,  -999.0,  34.6625,  17 Mar 2018 08:29:55
# 28.2082,  5.596942,  3.868,  -999.0,  -999.0,  34.6643,  17 Mar 2018 08:36:55
# 28.2115,  5.597183,  3.822,  -999.0,  -999.0,  34.6636,  17 Mar 2018 08:43:55
# 28.2135,  5.597301,  3.813,  -999.0,  -999.0,  34.6630,  17 Mar 2018 08:50:55
# 28.2172,  5.597703,  3.788,  -999.0,  -999.0,  34.6631,  17 Mar 2018 08:57:55
# 28.2217,  5.598201,  3.778,  -999.0,  -999.0,  34.6632,  17 Mar 2018 09:04:55
# 28.2238,  5.597894,  3.738,  -999.0,  -999.0,  34.6595,  17 Mar 2018 09:11:55
# 28.2317,  5.598838,  3.712,  -999.0,  -999.0,  34.6604,  17 Mar 2018 09:18:55
# 28.2350,  5.599322,  3.722,  -999.0,  -999.0,  34.6613,  17 Mar 2018 09:25:55
# 28.2370,  5.599161,  3.644,  -999.0,  -999.0,  34.6588,  17 Mar 2018 09:32:55
# 28.2356,  5.598882,  3.620,  -999.0,  -999.0,  34.6578,  17 Mar 2018 09:39:55
# 28.2481,  5.600179,  3.624,  -999.0,  -999.0,  34.6577,  17 Mar 2018 09:46:55
# 28.2537,  5.601439,  3.633,  -999.0,  -999.0,  34.6624,  17 Mar 2018 09:53:55
# 28.2652,  5.602713,  3.616,  -999.0,  -999.0,  34.6629,  17 Mar 2018 10:00:55
# 28.2743,  5.603856,  3.564,  -999.0,  -999.0,  34.6642,  17 Mar 2018 10:07:55
# 28.2909,  5.606465,  3.549,  -999.0,  -999.0,  34.6702,  17 Mar 2018 10:14:55
# 28.2971,  5.607909,  3.506,  -999.0,  -999.0,  34.6757,  17 Mar 2018 10:21:55
# 28.3128,  5.608092,  3.527,  -999.0,  -999.0,  34.6654,  17 Mar 2018 10:28:55
# 28.3167,  5.608708,  3.488,  -999.0,  -999.0,  34.6669,  17 Mar 2018 10:35:55
# 28.3279,  5.609837,  3.454,  -999.0,  -999.0,  34.6666,  17 Mar 2018 10:42:55
# 28.3524,  5.615204,  3.461,  -999.0,  -999.0,  34.6860,  17 Mar 2018 10:49:55
# 28.3631,  5.613356,  3.461,  -999.0,  -999.0,  34.6652,  17 Mar 2018 10:56:55
# 28.3699,  5.615314,  3.391,  -999.0,  -999.0,  34.6739,  17 Mar 2018 11:03:55
# 28.3843,  5.618387,  3.398,  -999.0,  -999.0,  34.6847,  17 Mar 2018 11:10:55
# 28.4243,  5.621688,  3.387,  -999.0,  -999.0,  34.6784,  17 Mar 2018 11:17:55
# 28.4446,  5.624051,  3.371,  -999.0,  -999.0,  34.6799,  17 Mar 2018 11:24:55
# 28.4372,  5.623280,  3.386,  -999.0,  -999.0,  34.6800,  17 Mar 2018 11:31:55
# 28.4571,  5.626040,  3.365,  -999.0,  -999.0,  34.6846,  17 Mar 2018 11:38:55
# 28.4802,  5.626612,  3.374,  -999.0,  -999.0,  34.6717,  17 Mar 2018 11:45:55
# 28.4809,  5.628697,  3.374,  -999.0,  -999.0,  34.6856,  17 Mar 2018 11:52:55
# 28.4956,  5.629086,  3.387,  -999.0,  -999.0,  34.6776,  17 Mar 2018 11:59:55
# 28.4848,  5.627199,  3.397,  -999.0,  -999.0,  34.6724,  17 Mar 2018 12:06:55
# 28.4628,  5.623647,  3.394,  -999.0,  -999.0,  34.6638,  17 Mar 2018 12:13:55
# 28.4672,  5.623456,  3.392,  -999.0,  -999.0,  34.6593,  17 Mar 2018 12:20:55
# 28.4640,  5.621452,  3.380,  -999.0,  -999.0,  34.6477,  17 Mar 2018 12:27:55
# 28.4594,  5.620411,  3.393,  -999.0,  -999.0,  34.6438,  17 Mar 2018 12:34:55
# 28.4594,  5.618899,  3.413,  -999.0,  -999.0,  34.6333,  17 Mar 2018 12:41:55
# 28.4533,  5.616948,  3.402,  -999.0,  -999.0,  34.6243,  17 Mar 2018 12:48:55
# 28.4570,  5.617476,  3.425,  -999.0,  -999.0,  34.6252,  17 Mar 2018 12:55:55
# 28.4534,  5.616258,  3.429,  -999.0,  -999.0,  34.6194,  17 Mar 2018 13:02:55
# 28.4766,  5.619214,  3.447,  -999.0,  -999.0,  34.6230,  17 Mar 2018 13:09:55
# 28.5256,  5.624416,  3.480,  -999.0,  -999.0,  34.6233,  17 Mar 2018 13:16:55
# 28.5589,  5.628908,  3.459,  -999.0,  -999.0,  34.6301,  17 Mar 2018 13:23:55
# 28.5380,  5.626082,  3.497,  -999.0,  -999.0,  34.6258,  17 Mar 2018 13:30:55
# 28.5265,  5.622464,  3.516,  -999.0,  -999.0,  34.6091,  17 Mar 2018 13:37:55
# 28.5326,  5.624005,  3.557,  -999.0,  -999.0,  34.6153,  17 Mar 2018 13:44:55
# 28.5321,  5.623301,  3.591,  -999.0,  -999.0,  34.6108,  17 Mar 2018 13:51:55
# 28.5621,  5.627323,  3.579,  -999.0,  -999.0,  34.6167,  17 Mar 2018 13:58:55
