# 30.3153,  5.73472,    3.779, 0.1315, 0.2244,  34.0949, 25 Sep 2018 14:02:05
# 30.3300,  5.73701,    3.850, 0.1229, 0.2244,  34.0999, 25 Sep 2018 14:09:05
# 30.3432,  5.73805,    3.823, 0.1291, 0.2244,  34.0976, 25 Sep 2018 14:16:05
# 30.3928,  5.74307,    3.844, 0.1291, 0.2243,  34.0965, 25 Sep 2018 14:23:05
# 30.4055,  5.74419,    3.919, 0.1266, 0.2281,  34.0951, 25 Sep 2018 14:30:05
# 30.4277,  5.74581,    3.938, 0.1292, 0.2343,  34.0904, 25 Sep 2018 14:37:05
# 30.4318,  5.74530,    3.891, 0.1303, 0.2292,  34.0841, 25 Sep 2018 14:44:05
# 30.4607,  5.74835,    3.928, 0.1328, 0.2268,  34.0842, 25 Sep 2018 14:51:05
# 30.5047,  5.75338,    3.957, 0.1315, 0.2318,  34.0871, 25 Sep 2018 14:58:05
# 30.5280,  5.75619,    4.045, 0.1341, 0.2317,  34.0895, 25 Sep 2018 15:05:05
# 30.5228,  5.75551,    3.985, 0.1304, 0.2280,  34.0886, 25 Sep 2018 15:12:05
# 30.4978,  5.75139,    4.045, 0.1353, 0.2293,  34.0785, 25 Sep 2018 15:19:05
# 30.4981,  5.75055,    4.097, 0.1312, 0.2293,  34.0728, 25 Sep 2018 15:26:05
# 30.4792,  5.74766,    4.018, 0.1329, 0.2378,  34.0667, 25 Sep 2018 15:33:05
# 30.4421,  5.74173,    4.082, 0.1341, 0.2317,  34.0530, 25 Sep 2018 15:40:05
# 30.4141,  5.73741,    4.078, 0.1402, 0.2280,  34.0437, 25 Sep 2018 15:47:05
# 30.3698,  5.73010,    4.112, 0.1352, 0.2282,  34.0257, 25 Sep 2018 15:54:05
# 30.3322,  5.72392,    4.139, 0.1302, 0.2329,  34.0107, 25 Sep 2018 16:01:05
# 30.3081,  5.71982,    4.114, 0.1377, 0.2367,  34.0001, 25 Sep 2018 16:08:05
# 30.2827,  5.71562,    4.156, 0.1341, 0.2377,  33.9897, 25 Sep 2018 16:15:05
# 30.2734,  5.71376,    4.215, 0.1365, 0.2357,  33.9838, 25 Sep 2018 16:22:05
# 30.2520,  5.71073,    4.290, 0.1329, 0.2293,  33.9784, 25 Sep 2018 16:29:05
# 30.2296,  5.70821,    4.257, 0.1353, 0.2355,  33.9771, 25 Sep 2018 16:36:05
# 30.1823,  5.70300,    4.266, 0.1402, 0.2341,  33.9753, 25 Sep 2018 16:43:05
# 30.1669,  5.70128,    4.271, 0.1315, 0.2378,  33.9745, 25 Sep 2018 16:50:05
# 30.1474,  5.69935,    4.289, 0.1389, 0.2366,  33.9752, 25 Sep 2018 16:57:05
# 30.1189,  5.69699,    4.291, 0.1341, 0.2307,  33.9793, 25 Sep 2018 17:04:05
# 30.0938,  5.69485,    4.254, 0.1329, 0.2340,  33.9826, 25 Sep 2018 17:11:05
# 30.0584,  5.69210,    4.330, 0.1363, 0.2390,  33.9888, 25 Sep 2018 17:18:05
# 30.0431,  5.69070,    4.282, 0.1313, 0.2317,  33.9902, 25 Sep 2018 17:25:05
# 30.0356,  5.68988,    4.294, 0.1365, 0.2281,  33.9899, 25 Sep 2018 17:32:05
# 30.0186,  5.68815,    4.340, 0.1352, 0.2329,  33.9902, 25 Sep 2018 17:39:05
# 30.0096,  5.68713,    4.327, 0.1353, 0.2317,  33.9896, 25 Sep 2018 17:46:05
# 29.9949,  5.68522,    4.367, 0.1365, 0.2319,  33.9871, 25 Sep 2018 17:53:05
# 29.9805,  5.68332,    4.374, 0.1326, 0.2368,  33.9844, 25 Sep 2018 18:00:05
# 29.9672,  5.68130,    4.299, 0.1352, 0.2380,  33.9802, 25 Sep 2018 18:07:05
# 29.9490,  5.67882,    4.330, 0.1350, 0.2367,  33.9762, 25 Sep 2018 18:14:05
# 29.9377,  5.67702,    4.362, 0.1352, 0.2332,  33.9720, 25 Sep 2018 18:21:05
# 29.9296,  5.67569,    4.334, 0.1342, 0.2365,  33.9688, 25 Sep 2018 18:28:05
# 29.9155,  5.67378,    4.273, 0.1327, 0.2403,  33.9658, 25 Sep 2018 18:35:05
# 29.9012,  5.67182,    4.233, 0.1340, 0.2379,  33.9626, 25 Sep 2018 18:42:05
# 29.8963,  5.67119,    4.256, 0.1328, 0.2391,  33.9618, 25 Sep 2018 18:49:05
# 29.8850,  5.66979,    4.227, 0.1315, 0.2342,  33.9603, 25 Sep 2018 18:56:05
# 29.8784,  5.66906,    4.314, 0.1341, 0.2367,  33.9600, 25 Sep 2018 19:03:05
# 29.8701,  5.66817,    4.186, 0.1302, 0.2416,  33.9598, 25 Sep 2018 19:10:05
# 29.8544,  5.66645,    4.215, 0.1315, 0.2367,  33.9593, 25 Sep 2018 19:17:05
# 29.8376,  5.66489,    4.200, 0.1315, 0.2485,  33.9605, 25 Sep 2018 19:24:05
# 29.8295,  5.66384,    4.177, 0.1342, 0.2355,  33.9591, 25 Sep 2018 19:31:05
# 29.8180,  5.66252,    4.125, 0.1328, 0.2367,  33.9583, 25 Sep 2018 19:38:05
# 29.8074,  5.66150,    4.194, 0.1328, 0.2393,  33.9589, 25 Sep 2018 19:45:05
# 29.7981,  5.66043,    4.098, 0.1340, 0.2380,  33.9582, 25 Sep 2018 19:52:05
# 29.7914,  5.65963,    4.110, 0.1340, 0.2366,  33.9576, 25 Sep 2018 19:59:05
# 29.7842,  5.65890,    4.101, 0.1328, 0.2342,  33.9576, 25 Sep 2018 20:06:05
# 29.7793,  5.65845,    4.032, 0.1353, 0.2358,  33.9581, 25 Sep 2018 20:13:05
# 29.7795,  5.65848,    4.010, 0.1587, 0.4066,  33.9581, 25 Sep 2018 20:20:05
# 29.7816,  5.65889,    4.023, 0.1327, 0.2635,  33.9594, 25 Sep 2018 20:27:05
# 29.7812,  5.65952,    4.075, 0.1327, 0.2319,  33.9639, 25 Sep 2018 20:34:05
# 29.7797,  5.66003,    4.002, 0.1340, 0.2366,  33.9685, 25 Sep 2018 20:41:05
# 29.7763,  5.66030,    3.950, 0.1352, 0.2357,  33.9727, 25 Sep 2018 20:48:05
# 29.7715,  5.66030,    3.974, 0.1339, 0.2319,  33.9760, 25 Sep 2018 20:55:05
# 29.7663,  5.66020,    3.913, 0.1340, 0.2318,  33.9791, 25 Sep 2018 21:02:05
# 29.7612,  5.65986,    3.927, 0.1328, 0.2341,  33.9804, 25 Sep 2018 21:09:05
# 29.7511,  5.65921,    3.917, 0.1352, 0.2293,  33.9831, 25 Sep 2018 21:16:05
# 29.7436,  5.65875,    3.854, 0.1338, 0.2366,  33.9852, 25 Sep 2018 21:23:05
# 29.7326,  5.65789,    3.817, 0.1304, 0.2331,  33.9872, 25 Sep 2018 21:30:05
# 29.7220,  5.65709,    3.826, 0.1328, 0.2341,  33.9892, 25 Sep 2018 21:37:05
# 29.7114,  5.65629,    3.801, 0.1328, 0.2318,  33.9914, 25 Sep 2018 21:44:05
# 29.6963,  5.65511,    3.755, 0.1340, 0.2307,  33.9939, 25 Sep 2018 21:51:05
# 29.6832,  5.65409,    3.713, 0.1327, 0.2319,  33.9963, 25 Sep 2018 21:58:05
# 29.6722,  5.65313,    3.694, 0.1353, 0.2331,  33.9976, 25 Sep 2018 22:05:05
# 29.6590,  5.65204,    3.700, 0.1352, 0.2307,  33.9995, 25 Sep 2018 22:12:05
# 29.6574,  5.65173,    3.669, 0.1341, 0.2306,  33.9986, 25 Sep 2018 22:19:05
# 29.6515,  5.65107,    3.693, 0.1440, 0.2744,  33.9982, 25 Sep 2018 22:26:05
# 29.6442,  5.65029,    3.639, 0.1341, 0.2305,  33.9981, 25 Sep 2018 22:33:05
# 29.6336,  5.64929,    3.590, 0.1353, 0.2308,  33.9988, 25 Sep 2018 22:40:05
# 29.6285,  5.64866,    3.606, 0.1353, 0.2354,  33.9981, 25 Sep 2018 22:47:05
# 29.6249,  5.64823,    3.593, 0.1353, 0.2318,  33.9978, 25 Sep 2018 22:54:05
# 29.6121,  5.64701,    3.560, 0.1341, 0.2306,  33.9985, 25 Sep 2018 23:01:05
# 29.6068,  5.64638,    3.563, 0.1328, 0.2317,  33.9980, 25 Sep 2018 23:08:05
# 29.5995,  5.64566,    3.559, 0.1340, 0.2319,  33.9983, 25 Sep 2018 23:15:05
# 29.5958,  5.64518,    3.547, 0.1341, 0.2295,  33.9976, 25 Sep 2018 23:22:05
# 29.5895,  5.64449,    3.555, 0.1315, 0.2283,  33.9974, 25 Sep 2018 23:29:05
# 29.5825,  5.64373,    3.567, 0.1376, 0.5891,  33.9972, 25 Sep 2018 23:36:05
# 29.5760,  5.64302,    3.537, 0.1341, 0.2319,  33.9970, 25 Sep 2018 23:43:05
# 29.5722,  5.64254,    3.540, 0.1353, 0.2329,  33.9964, 25 Sep 2018 23:50:05
# 29.5630,  5.64153,    3.549, 0.1364, 0.2343,  33.9960, 25 Sep 2018 23:57:05
# 29.5592,  5.64100,    3.544, 0.1340, 0.3271,  33.9951, 26 Sep 2018 00:04:05
# 29.5572,  5.64071,    3.504, 0.1342, 0.2306,  33.9946, 26 Sep 2018 00:11:05
# 29.5573,  5.64052,    3.517, 0.1327, 0.2306,  33.9932, 26 Sep 2018 00:18:05
# 29.5564,  5.64033,    3.541, 0.1328, 0.2284,  33.9926, 26 Sep 2018 00:25:05
# 29.5602,  5.64066,    3.570, 0.1366, 0.2281,  33.9920, 26 Sep 2018 00:32:05
# 29.5629,  5.64092,    3.532, 0.1340, 0.2282,  33.9920, 26 Sep 2018 00:39:05
# 29.5623,  5.64094,    3.550, 0.1352, 0.2293,  33.9926, 26 Sep 2018 00:46:05
# 29.5628,  5.64099,    3.532, 0.1353, 0.2306,  33.9925, 26 Sep 2018 00:53:05
# 29.5596,  5.64077,    3.594, 0.1353, 0.2280,  33.9933, 26 Sep 2018 01:00:05
# 29.5617,  5.64105,    3.566, 0.1341, 0.2343,  33.9937, 26 Sep 2018 01:07:05
# 29.5654,  5.64152,    3.555, 0.1352, 0.2317,  33.9942, 26 Sep 2018 01:14:05
# 29.5718,  5.64215,    3.596, 0.1341, 0.2344,  33.9940, 26 Sep 2018 01:21:05
# 29.5829,  5.64327,    3.568, 0.1328, 0.2292,  33.9938, 26 Sep 2018 01:28:05
# 29.5809,  5.64331,    3.622, 0.1364, 0.2403,  33.9954, 26 Sep 2018 01:35:05
# 29.5791,  5.64326,    3.631, 0.1342, 0.2296,  33.9964, 26 Sep 2018 01:42:05
# 29.5799,  5.64330,    3.641, 0.1328, 0.2306,  33.9961, 26 Sep 2018 01:49:05
# 29.5642,  5.64178,    3.643, 0.1328, 0.2284,  33.9968, 26 Sep 2018 01:56:05
# 29.5663,  5.64191,    3.689, 0.1328, 0.2293,  33.9962, 26 Sep 2018 02:03:05
# 29.5605,  5.64141,    3.697, 0.1364, 0.2281,  33.9970, 26 Sep 2018 02:10:05
# 29.5611,  5.64144,    3.785, 0.1341, 0.2319,  33.9967, 26 Sep 2018 02:17:05
# 29.5589,  5.64134,    3.739, 0.1315, 0.2318,  33.9976, 26 Sep 2018 02:24:05
# 29.5564,  5.64105,    3.783, 0.1353, 0.2316,  33.9974, 26 Sep 2018 02:31:05
# 29.5457,  5.64005,    3.796, 0.1339, 0.2282,  33.9981, 26 Sep 2018 02:38:05
# 29.5262,  5.63812,    3.838, 0.1329, 0.2281,  33.9988, 26 Sep 2018 02:45:05
# 29.5031,  5.63585,    3.845, 0.1315, 0.2283,  33.9997, 26 Sep 2018 02:52:05
# 29.4842,  5.63402,    3.835, 0.1328, 0.2294,  34.0006, 26 Sep 2018 02:59:05
# 29.4755,  5.63269,    3.959, 0.1328, 0.2319,  33.9977, 26 Sep 2018 03:06:05
# 29.4751,  5.63237,    3.947, 0.1315, 0.2282,  33.9958, 26 Sep 2018 03:13:05
# 29.4640,  5.63095,    4.034, 0.1328, 0.2307,  33.9940, 26 Sep 2018 03:20:05
# 29.4508,  5.62957,    3.973, 0.1314, 0.2282,  33.9940, 26 Sep 2018 03:27:05
# 29.4483,  5.62910,    3.985, 0.1329, 0.2282,  33.9925, 26 Sep 2018 03:34:05
# 29.4456,  5.62850,    3.987, 0.1341, 0.2306,  33.9903, 26 Sep 2018 03:41:05
# 29.4397,  5.62780,    4.026, 0.1328, 0.2284,  33.9897, 26 Sep 2018 03:48:05
# 29.4380,  5.62701,    4.036, 0.1327, 0.2319,  33.9856, 26 Sep 2018 03:55:05
# 29.4288,  5.62610,    4.099, 0.1364, 0.2306,  33.9859, 26 Sep 2018 04:02:05
# 29.4516,  5.62695,    4.098, 0.1326, 0.2307,  33.9756, 26 Sep 2018 04:09:05
# 29.4689,  5.62767,    4.107, 0.1290, 0.2330,  33.9682, 26 Sep 2018 04:16:05
# 29.4820,  5.62793,    4.178, 0.1315, 0.2379,  33.9607, 26 Sep 2018 04:23:05
# 29.4909,  5.62815,    4.159, 0.1341, 0.2318,  33.9559, 26 Sep 2018 04:30:05
# 29.5014,  5.62793,    4.167, 0.1314, 0.2306,  33.9470, 26 Sep 2018 04:37:05
# 29.5031,  5.62721,    4.231, 0.1328, 0.2293,  33.9409, 26 Sep 2018 04:44:05
# 29.5163,  5.62722,    4.275, 0.1341, 0.2330,  33.9317, 26 Sep 2018 04:51:05
# 29.5305,  5.62749,    4.234, 0.1316, 0.2357,  33.9235, 26 Sep 2018 04:58:05
# 29.5441,  5.62782,    4.248, 0.1326, 0.2317,  33.9161, 26 Sep 2018 05:05:05
# 29.5542,  5.62814,    4.195, 0.1315, 0.2330,  33.9112, 26 Sep 2018 05:12:05
# 29.5644,  5.62857,    4.244, 0.1402, 0.2696,  33.9069, 26 Sep 2018 05:19:05
# 29.5720,  5.62892,    4.231, 0.1315, 0.2366,  33.9039, 26 Sep 2018 05:26:05
# 29.5797,  5.62932,    4.311, 0.1314, 0.2292,  33.9012, 26 Sep 2018 05:33:05
# 29.5813,  5.62928,    4.321, 0.1315, 0.2367,  33.8998, 26 Sep 2018 05:40:05
# 29.5881,  5.62970,    4.242, 0.1328, 0.2342,  33.8979, 26 Sep 2018 05:47:05
# 29.5944,  5.63017,    4.343, 0.1328, 0.2403,  33.8966, 26 Sep 2018 05:54:05
# 29.5976,  5.63033,    4.294, 0.1302, 0.2329,  33.8955, 26 Sep 2018 06:01:05
# 29.6011,  5.63061,    4.238, 0.1303, 0.2319,  33.8949, 26 Sep 2018 06:08:05
# 29.6053,  5.63102,    4.305, 0.1327, 0.2329,  33.8948, 26 Sep 2018 06:15:05
# 29.6085,  5.63135,    4.385, 0.1353, 0.2318,  33.8947, 26 Sep 2018 06:22:05
# 29.6082,  5.63114,    4.222, 0.1339, 0.2307,  33.8935, 26 Sep 2018 06:29:05
# 29.6052,  5.63075,    4.243, 0.1355, 0.2367,  33.8930, 26 Sep 2018 06:36:05
# 29.6034,  5.63028,    4.259, 0.1339, 0.2318,  33.8911, 26 Sep 2018 06:43:05
# 29.5996,  5.62972,    4.283, 0.1315, 0.2283,  33.8900, 26 Sep 2018 06:50:05
# 29.6003,  5.62959,    4.288, 0.1327, 0.2306,  33.8886, 26 Sep 2018 06:57:05
# 29.5979,  5.62948,    4.256, 0.1365, 0.2293,  33.8896, 26 Sep 2018 07:04:05
# 29.5969,  5.62919,    4.290, 0.1362, 0.2329,  33.8882, 26 Sep 2018 07:11:05
# 29.5934,  5.62887,    4.247, 0.1339, 0.2331,  33.8886, 26 Sep 2018 07:18:05
# 29.5911,  5.62867,    4.218, 0.1365, 0.2293,  33.8888, 26 Sep 2018 07:25:05
# 29.5889,  5.62850,    4.245, 0.1365, 0.2355,  33.8892, 26 Sep 2018 07:32:05
# 29.5908,  5.62865,    4.228, 0.1366, 0.2357,  33.8889, 26 Sep 2018 07:39:05
# 29.5879,  5.62845,    4.197, 0.1316, 0.2357,  33.8896, 26 Sep 2018 07:46:05
# 29.5886,  5.62869,    4.169, 0.1328, 0.2339,  33.8907, 26 Sep 2018 07:53:05
# 29.5925,  5.62924,    4.142, 0.1315, 0.2306,  33.8918, 26 Sep 2018 08:00:05
# 29.5946,  5.62970,    4.130, 0.1276, 0.2293,  33.8934, 26 Sep 2018 08:07:05
# 29.5982,  5.63035,    4.157, 0.1316, 0.2319,  33.8953, 26 Sep 2018 08:14:05
# 29.6019,  5.63099,    4.050, 0.1265, 0.2332,  33.8971, 26 Sep 2018 08:21:05
# 29.6037,  5.63156,    4.082, 0.1265, 0.2330,  33.8996, 26 Sep 2018 08:28:05
# 29.6064,  5.63194,    4.098, 0.1240, 0.2294,  33.9002, 26 Sep 2018 08:35:05
# 29.6086,  5.63229,    4.091, 0.1229, 0.2306,  33.9011, 26 Sep 2018 08:42:05
# 29.6149,  5.63301,    3.994, 0.1254, 0.2319,  33.9016, 26 Sep 2018 08:49:05
# 29.6228,  5.63376,    3.998, 0.1229, 0.2319,  33.9011, 26 Sep 2018 08:56:05
# 29.6408,  5.63522,    3.961, 0.1217, 0.2291,  33.8983, 26 Sep 2018 09:03:05
# 29.6530,  5.63631,    3.953, 0.1229, 0.2269,  33.8972, 26 Sep 2018 09:10:05
# 29.6695,  5.63759,    3.994, 0.1205, 0.2280,  33.8942, 26 Sep 2018 09:17:05
# 29.6841,  5.63883,    3.853, 0.1181, 0.2355,  33.8924, 26 Sep 2018 09:24:05
# 29.7037,  5.64054,    3.881, 0.1205, 0.2341,  33.8901, 26 Sep 2018 09:31:05
# 29.7175,  5.64174,    3.842, 0.1167, 0.2340,  33.8886, 26 Sep 2018 09:38:05
# 29.7399,  5.64367,    3.877, 0.1180, 0.2318,  33.8859, 26 Sep 2018 09:45:05
# 29.7689,  5.64651,    3.880, 0.1144, 0.2271,  33.8847, 26 Sep 2018 09:52:05
# 29.7859,  5.64838,    3.772, 0.1191, 0.2306,  33.8855, 26 Sep 2018 09:59:05
# 29.8076,  5.65016,    3.774, 0.1192, 0.2305,  33.8823, 26 Sep 2018 10:06:05
# 29.8253,  5.65233,    3.727, 0.1180, 0.2295,  33.8845, 26 Sep 2018 10:13:05
# 29.8473,  5.65447,    3.774, 0.1192, 0.2307,  33.8836, 26 Sep 2018 10:20:05
# 29.8626,  5.65649,    3.727, 0.1192, 0.2390,  33.8864, 26 Sep 2018 10:27:05
# 29.8944,  5.65971,    3.677, 0.1193, 0.2280,  33.8859, 26 Sep 2018 10:34:05
# 29.9144,  5.66189,    3.694, 0.1180, 0.2307,  33.8866, 26 Sep 2018 10:41:05
# 29.9314,  5.66332,    3.682, 0.1154, 0.2356,  33.8843, 26 Sep 2018 10:48:05
# 29.9539,  5.66632,    3.683, 0.1230, 0.2391,  33.8888, 26 Sep 2018 10:55:05
# 29.9774,  5.66855,    3.627, 0.1143, 0.2258,  33.8873, 26 Sep 2018 11:02:05
# 29.9783,  5.66862,    3.628, 0.1215, 0.2294,  33.8872, 26 Sep 2018 11:09:05
# 29.9950,  5.67095,    3.552, 0.1204, 0.2305,  33.8912, 26 Sep 2018 11:16:05
# 30.0305,  5.67456,    3.563, 0.1128, 0.2306,  33.8907, 26 Sep 2018 11:23:05
# 30.0511,  5.67683,    3.528, 0.1167, 0.2281,  33.8915, 26 Sep 2018 11:30:05
# 30.0750,  5.67968,    3.576, 0.1166, 0.2499,  33.8940, 26 Sep 2018 11:37:05
# 30.0931,  5.68202,    3.548, 0.1205, 0.2508,  33.8971, 26 Sep 2018 11:44:05
# 30.1235,  5.68524,    3.544, 0.1177, 0.2319,  33.8974, 26 Sep 2018 11:51:05
# 30.1512,  5.68755,    3.514, 0.1215, 0.2280,  33.8936, 26 Sep 2018 11:58:05
# 30.1701,  5.68998,    3.493, 0.1192, 0.2243,  33.8967, 26 Sep 2018 12:05:05
# 30.1858,  5.69176,    3.514, 0.1006, 0.2465,  33.8977, 26 Sep 2018 12:12:05
# 30.2075,  5.69368,    3.537, 0.1180, 0.2292,  33.8954, 26 Sep 2018 12:19:05
# 30.2432,  5.69719,    3.489, 0.1218, 0.2234,  33.8941, 26 Sep 2018 12:26:05
# 30.2539,  5.69842,    3.516, 0.1216, 0.2319,  33.8948, 26 Sep 2018 12:33:05
# 30.2706,  5.70030,    3.569, 0.1155, 0.2317,  33.8957, 26 Sep 2018 12:40:05
# 30.2722,  5.70084,    3.500, 0.1267, 0.2269,  33.8983, 26 Sep 2018 12:47:05
# 30.2733,  5.70145,    3.522, 0.1218, 0.2269,  33.9016, 26 Sep 2018 12:54:05
# 30.2926,  5.70256,    3.531, 0.1227, 0.2282,  33.8955, 26 Sep 2018 13:01:05
# 30.2835,  5.70223,    3.543, 0.1240, 0.2245,  33.8997, 26 Sep 2018 13:08:05
# 30.3053,  5.70414,    3.570, 0.1228, 0.2258,  33.8973, 26 Sep 2018 13:15:05
# 30.2775,  5.70142,    3.540, 0.1263, 0.2294,  33.8984, 26 Sep 2018 13:22:05
# 30.2659,  5.70046,    3.582, 0.1128, 0.2256,  33.9001, 26 Sep 2018 13:29:05
# 30.2700,  5.70062,    3.599, 0.1276, 0.2280,  33.8982, 26 Sep 2018 13:36:05
# 30.2926,  5.70290,    3.625, 0.1278, 0.2232,  33.8978, 26 Sep 2018 13:43:05
# 30.2899,  5.70295,    3.627, 0.1254, 0.2268,  33.9000, 26 Sep 2018 13:50:05
# 30.2925,  5.70259,    3.600, 0.1278, 0.2268,  33.8958, 26 Sep 2018 13:57:05
