# 29.4270,  5.59285,    3.889, 0.1268, 0.2184,  33.7612, 02 Sep 2018 14:05:05
# 29.4323,  5.59468,    3.920, 0.1243, 0.2185,  33.7699, 02 Sep 2018 14:12:05
# 29.4503,  5.59855,    3.916, 0.1267, 0.2220,  33.7836, 02 Sep 2018 14:19:05
# 29.4672,  5.60111,    3.880, 0.1243, 0.2161,  33.7891, 02 Sep 2018 14:26:05
# 29.4891,  5.60609,    3.853, 0.1243, 0.2207,  33.8075, 02 Sep 2018 14:33:05
# 29.5134,  5.61209,    3.837, 0.1266, 0.2207,  33.8311, 02 Sep 2018 14:40:05
# 29.5314,  5.61639,    3.869, 0.1254, 0.2160,  33.8477, 02 Sep 2018 14:47:05
# 29.5644,  5.62466,    3.811, 0.1242, 0.2160,  33.8806, 02 Sep 2018 14:54:05
# 29.5872,  5.63020,    3.829, 0.1265, 0.2136,  33.9021, 02 Sep 2018 15:01:05
# 29.6136,  5.63622,    3.812, 0.1241, 0.2160,  33.9244, 02 Sep 2018 15:08:05
# 29.6396,  5.64267,    3.798, 0.1268, 0.2137,  33.9497, 02 Sep 2018 15:15:05
# 29.6692,  5.64894,    3.759, 0.1265, 0.2171,  33.9713, 02 Sep 2018 15:22:05
# 29.7031,  5.65573,    3.761, 0.1227, 0.2172,  33.9934, 02 Sep 2018 15:29:05
# 29.7295,  5.66130,    3.805, 0.1241, 0.2136,  34.0124, 02 Sep 2018 15:36:05
# 29.7504,  5.66522,    3.719, 0.1266, 0.2160,  34.0242, 02 Sep 2018 15:43:05
# 29.7710,  5.66882,    3.766, 0.1254, 0.2159,  34.0341, 02 Sep 2018 15:50:05
# 29.7835,  5.67170,    3.750, 0.1277, 0.2210,  34.0447, 02 Sep 2018 15:57:05
# 29.7996,  5.67455,    3.840, 0.1241, 0.2245,  34.0525, 02 Sep 2018 16:04:05
# 29.8086,  5.67759,    3.795, 0.1292, 0.2172,  34.0668, 02 Sep 2018 16:11:05
# 29.8172,  5.67970,    3.791, 0.1279, 0.2146,  34.0750, 02 Sep 2018 16:18:05
# 29.8227,  5.68269,    3.723, 0.1143, 0.2076,  34.0914, 02 Sep 2018 16:25:05
# 29.8310,  5.68408,    3.715, 0.1291, 0.2148,  34.0949, 02 Sep 2018 16:32:05
# 29.8320,  5.68638,    3.699, 0.1304, 0.2125,  34.1097, 02 Sep 2018 16:39:05
# 29.8329,  5.68739,    3.753, 0.1279, 0.2125,  34.1159, 02 Sep 2018 16:46:05
# 29.8261,  5.68851,    3.716, 0.1241, 0.2136,  34.1282, 02 Sep 2018 16:53:05
# 29.8323,  5.68888,    3.713, 0.1292, 0.2160,  34.1264, 02 Sep 2018 17:00:05
# 29.8318,  5.68957,    3.731, 0.1289, 0.2207,  34.1314, 02 Sep 2018 17:07:05
# 29.8320,  5.68974,    3.703, 0.1266, 0.2123,  34.1324, 02 Sep 2018 17:14:05
# 29.8423,  5.69009,    3.765, 0.1291, 0.2111,  34.1275, 02 Sep 2018 17:21:05
# 29.8376,  5.69005,    3.701, 0.1267, 0.2147,  34.1305, 02 Sep 2018 17:28:05
# 29.8272,  5.68972,    3.725, 0.1303, 0.2099,  34.1357, 02 Sep 2018 17:35:05
# 29.8172,  5.68879,    3.724, 0.1305, 0.2184,  34.1364, 02 Sep 2018 17:42:05
# 29.8204,  5.68858,    3.722, 0.1291, 0.2136,  34.1328, 02 Sep 2018 17:49:05
# 29.8144,  5.68785,    3.743, 0.1267, 0.2206,  34.1321, 02 Sep 2018 17:56:05
# 29.8130,  5.68759,    3.796, 0.1267, 0.2160,  34.1313, 02 Sep 2018 18:03:05
# 29.8001,  5.68601,    3.737, 0.1279, 0.2124,  34.1297, 02 Sep 2018 18:10:05
# 29.7865,  5.68402,    3.766, 0.1266, 0.2125,  34.1259, 02 Sep 2018 18:17:05
# 29.7722,  5.68220,    3.730, 0.1254, 0.2111,  34.1238, 02 Sep 2018 18:24:05
# 29.7558,  5.68026,    3.711, 0.1241, 0.2197,  34.1222, 02 Sep 2018 18:31:05
# 29.7574,  5.68029,    3.778, 0.1242, 0.2125,  34.1213, 02 Sep 2018 18:38:05
# 29.7515,  5.67964,    3.831, 0.1255, 0.2135,  34.1210, 02 Sep 2018 18:45:05
# 29.7307,  5.67770,    3.825, 0.1241, 0.2235,  34.1226, 02 Sep 2018 18:52:05
# 29.7195,  5.67654,    3.823, 0.1217, 0.2135,  34.1226, 02 Sep 2018 18:59:05
# 29.7142,  5.67589,    3.805, 0.1253, 0.2135,  34.1220, 02 Sep 2018 19:06:05
# 29.7067,  5.67520,    3.839, 0.1205, 0.2184,  34.1226, 02 Sep 2018 19:13:05
# 29.6921,  5.67422,    3.799, 0.1205, 0.2206,  34.1263, 02 Sep 2018 19:20:05
# 29.6825,  5.67430,    3.780, 0.1216, 0.2171,  34.1337, 02 Sep 2018 19:27:05
# 29.6740,  5.67481,    3.852, 0.1230, 0.2159,  34.1431, 02 Sep 2018 19:34:05
# 29.6692,  5.67495,    3.823, 0.1265, 0.2173,  34.1474, 02 Sep 2018 19:41:05
# 29.6628,  5.67479,    3.876, 0.1228, 0.2161,  34.1509, 02 Sep 2018 19:48:05
# 29.6551,  5.67450,    3.896, 0.1229, 0.2186,  34.1543, 02 Sep 2018 19:55:05
# 29.6526,  5.67443,    3.852, 0.1241, 0.2146,  34.1557, 02 Sep 2018 20:02:05
# 29.6514,  5.67596,    3.881, 0.1218, 0.2184,  34.1669, 02 Sep 2018 20:09:05
# 29.6519,  5.67673,    3.845, 0.1254, 0.2270,  34.1718, 02 Sep 2018 20:16:05
# 29.6514,  5.67720,    3.867, 0.1266, 0.2428,  34.1753, 02 Sep 2018 20:23:05
# 29.6449,  5.67139,    3.918, 0.1240, 0.2197,  34.1405, 02 Sep 2018 20:30:05
# 29.6384,  5.66449,    3.954, 0.1243, 0.2148,  34.0983, 02 Sep 2018 20:37:05
# 29.6227,  5.65078,    3.914, 0.1254, 0.2150,  34.0165, 02 Sep 2018 20:44:05
# 29.6125,  5.63938,    4.019, 0.1215, 0.2223,  33.9464, 02 Sep 2018 20:51:05
# 29.6045,  5.63127,    3.929, 0.1217, 0.2135,  33.8971, 02 Sep 2018 20:58:05
# 29.5980,  5.62621,    3.897, 0.1228, 0.2110,  33.8674, 02 Sep 2018 21:05:05
# 29.5954,  5.62342,    3.926, 0.1218, 0.2148,  33.8503, 02 Sep 2018 21:12:05
# 29.5844,  5.61623,    3.953, 0.1229, 0.2134,  33.8093, 02 Sep 2018 21:19:05
# 29.5728,  5.60778,    3.983, 0.1241, 0.2124,  33.7602, 02 Sep 2018 21:26:05
# 29.5506,  5.59172,    3.937, 0.1228, 0.2196,  33.6670, 02 Sep 2018 21:33:05
# 29.5322,  5.57833,    3.994, 0.1314, 0.2149,  33.5891, 02 Sep 2018 21:40:05
# 29.5066,  5.56022,    4.003, 0.1228, 0.2294,  33.4842, 02 Sep 2018 21:47:05
# 29.4922,  5.54950,    4.018, 0.1256, 0.2148,  33.4215, 02 Sep 2018 21:54:05
# 29.4842,  5.54562,    4.088, 0.1242, 0.2171,  33.4008, 02 Sep 2018 22:01:05
# 29.4821,  5.54579,    3.983, 0.1243, 0.2232,  33.4035, 02 Sep 2018 22:08:05
# 29.4826,  5.54928,    4.033, 0.1241, 0.2209,  33.4267, 02 Sep 2018 22:15:05
# 29.4972,  5.56463,    4.051, 0.1268, 0.2173,  33.5206, 02 Sep 2018 22:22:05
# 29.5020,  5.57343,    4.055, 0.1254, 0.2197,  33.5769, 02 Sep 2018 22:29:05
# 29.4957,  5.57393,    4.093, 0.1254, 0.2197,  33.5847, 02 Sep 2018 22:36:05
# 29.4888,  5.57456,    4.082, 0.1254, 0.2258,  33.5938, 02 Sep 2018 22:43:05
# 29.4871,  5.57584,    4.079, 0.1254, 0.2197,  33.6036, 02 Sep 2018 22:50:05
# 29.4863,  5.57621,    4.025, 0.1256, 0.2270,  33.6067, 02 Sep 2018 22:57:05
# 29.4882,  5.57858,    4.059, 0.1279, 0.2161,  33.6215, 02 Sep 2018 23:04:05
# 29.4966,  5.58437,    4.092, 0.1227, 0.2160,  33.6548, 02 Sep 2018 23:11:05
# 29.5257,  5.60376,    4.022, 0.1228, 0.2149,  33.7659, 02 Sep 2018 23:18:05
# 29.5336,  5.61150,    4.052, 0.1254, 0.2158,  33.8129, 02 Sep 2018 23:25:05
# 29.5377,  5.61663,    4.031, 0.1241, 0.2184,  33.8448, 02 Sep 2018 23:32:05
# 29.5293,  5.61762,    4.093, 0.1265, 0.2149,  33.8575, 02 Sep 2018 23:39:05
# 29.5229,  5.61830,    4.071, 0.1241, 0.2308,  33.8665, 02 Sep 2018 23:46:05
# 29.5143,  5.61790,    4.133, 0.1242, 0.2184,  33.8699, 02 Sep 2018 23:53:05
# 29.5051,  5.61697,    4.086, 0.1229, 0.2186,  33.8700, 03 Sep 2018 00:00:05
# 29.4982,  5.61729,    4.139, 0.1254, 0.2260,  33.8770, 03 Sep 2018 00:07:05
# 29.4945,  5.62029,    4.034, 0.1254, 0.2161,  33.9001, 03 Sep 2018 00:14:05
# 29.4904,  5.62156,    4.056, 0.1254, 0.2161,  33.9116, 03 Sep 2018 00:21:05
# 29.4816,  5.62050,    3.956, 0.1279, 0.2186,  33.9106, 03 Sep 2018 00:28:05
# 29.4772,  5.62168,    4.004, 0.1254, 0.2234,  33.9217, 03 Sep 2018 00:35:05
# 29.4722,  5.62288,    4.012, 0.1253, 0.2245,  33.9334, 03 Sep 2018 00:42:05
# 29.4612,  5.62234,    4.034, 0.1240, 0.2224,  33.9375, 03 Sep 2018 00:49:05
# 29.4493,  5.62045,    3.935, 0.1241, 0.2173,  33.9330, 03 Sep 2018 00:56:05
# 29.4427,  5.62014,    3.926, 0.1254, 0.2136,  33.9356, 03 Sep 2018 01:03:05
# 29.4401,  5.62019,    3.941, 0.1254, 0.2183,  33.9377, 03 Sep 2018 01:10:05
# 29.4394,  5.62078,    3.941, 0.1292, 0.2258,  33.9422, 03 Sep 2018 01:17:05
# 29.4322,  5.61996,    3.905, 0.1254, 0.2197,  33.9418, 03 Sep 2018 01:24:05
# 29.4250,  5.61891,    3.911, 0.1254, 0.2197,  33.9398, 03 Sep 2018 01:31:05
# 29.4215,  5.61953,    3.884, 0.1279, 0.2220,  33.9464, 03 Sep 2018 01:38:05
# 29.4214,  5.61997,    3.873, 0.1278, 0.2232,  33.9495, 03 Sep 2018 01:45:05
# 29.4221,  5.62132,    3.882, 0.1279, 0.2258,  33.9582, 03 Sep 2018 01:52:05
# 29.4224,  5.62229,    3.831, 0.1292, 0.2246,  33.9646, 03 Sep 2018 01:59:05
# 29.4198,  5.62226,    3.829, 0.1254, 0.2209,  33.9662, 03 Sep 2018 02:06:05
# 29.4218,  5.62250,    3.825, 0.1254, 0.2222,  33.9665, 03 Sep 2018 02:13:05
# 29.4241,  5.62344,    3.828, 0.1254, 0.2199,  33.9712, 03 Sep 2018 02:20:05
# 29.4273,  5.62545,    3.819, 0.1266, 0.2210,  33.9826, 03 Sep 2018 02:27:05
# 29.4343,  5.62799,    3.821, 0.1217, 0.2198,  33.9949, 03 Sep 2018 02:34:05
# 29.4326,  5.62849,    3.809, 0.1242, 0.2184,  33.9996, 03 Sep 2018 02:41:05
# 29.4327,  5.62982,    3.808, 0.1266, 0.2161,  34.0085, 03 Sep 2018 02:48:05
# 29.4377,  5.63146,    3.825, 0.1255, 0.2185,  34.0161, 03 Sep 2018 02:55:05
# 29.4445,  5.63298,    3.804, 0.1241, 0.2184,  34.0217, 03 Sep 2018 03:02:05
# 29.4535,  5.63517,    3.772, 0.1254, 0.2477,  34.0301, 03 Sep 2018 03:09:05
# 29.4550,  5.63617,    3.766, 0.1240, 0.2160,  34.0359, 03 Sep 2018 03:16:05
# 29.4546,  5.63607,    3.793, 0.1254, 0.2148,  34.0355, 03 Sep 2018 03:23:05
# 29.4578,  5.63783,    3.747, 0.1205, 0.2270,  34.0452, 03 Sep 2018 03:30:05
# 29.4555,  5.63809,    3.778, 0.1254, 0.2174,  34.0486, 03 Sep 2018 03:37:05
# 29.4533,  5.63839,    3.744, 0.1231, 0.2332,  34.0522, 03 Sep 2018 03:44:05
# 29.4495,  5.63828,    3.780, 0.1241, 0.2185,  34.0542, 03 Sep 2018 03:51:05
# 29.4389,  5.63702,    3.749, 0.1241, 0.2136,  34.0531, 03 Sep 2018 03:58:05
# 29.4336,  5.63647,    3.758, 0.1266, 0.2135,  34.0531, 03 Sep 2018 04:05:05
# 29.4273,  5.63604,    3.727, 0.1228, 0.2124,  34.0547, 03 Sep 2018 04:12:05
# 29.4209,  5.63558,    3.755, 0.1241, 0.2161,  34.0561, 03 Sep 2018 04:19:05
# 29.4170,  5.63562,    3.758, 0.1242, 0.2173,  34.0591, 03 Sep 2018 04:26:05
# 29.4152,  5.63569,    3.718, 0.1254, 0.2123,  34.0609, 03 Sep 2018 04:33:05
# 29.4139,  5.63547,    3.753, 0.1229, 0.2197,  34.0603, 03 Sep 2018 04:40:05
# 29.4078,  5.63476,    3.765, 0.1254, 0.2149,  34.0598, 03 Sep 2018 04:47:05
# 29.4012,  5.63349,    3.731, 0.1255, 0.2161,  34.0558, 03 Sep 2018 04:54:05
# 29.4007,  5.63336,    3.735, 0.1253, 0.2137,  34.0553, 03 Sep 2018 05:01:05
# 29.3986,  5.63262,    3.709, 0.1266, 0.2197,  34.0517, 03 Sep 2018 05:08:05
# 29.3935,  5.63032,    3.724, 0.1241, 0.2123,  34.0397, 03 Sep 2018 05:15:05
# 29.3853,  5.62820,    3.727, 0.1230, 0.2148,  34.0311, 03 Sep 2018 05:22:05
# 29.3787,  5.62597,    3.745, 0.1229, 0.2161,  34.0205, 03 Sep 2018 05:29:05
# 29.3711,  5.62347,    3.702, 0.1229, 0.2123,  34.0089, 03 Sep 2018 05:36:05
# 29.3666,  5.62180,    3.680, 0.1229, 0.2125,  34.0008, 03 Sep 2018 05:43:05
# 29.3653,  5.61942,    3.770, 0.1241, 0.2208,  33.9854, 03 Sep 2018 05:50:05
# 29.3635,  5.61639,    3.739, 0.1216, 0.2198,  33.9661, 03 Sep 2018 05:57:05
# 29.3575,  5.61361,    3.738, 0.1242, 0.2124,  33.9514, 03 Sep 2018 06:04:05
# 29.3549,  5.61069,    3.725, 0.1241, 0.2136,  33.9334, 03 Sep 2018 06:11:05
# 29.3531,  5.60971,    3.758, 0.1155, 0.2356,  33.9279, 03 Sep 2018 06:18:05
# 29.3516,  5.60884,    3.715, 0.1266, 0.2113,  33.9231, 03 Sep 2018 06:25:05
# 29.3503,  5.60826,    3.714, 0.1254, 0.2097,  33.9201, 03 Sep 2018 06:32:05
# 29.3477,  5.60757,    3.740, 0.1267, 0.2124,  33.9172, 03 Sep 2018 06:39:05
# 29.3471,  5.60754,    3.787, 0.1255, 0.2112,  33.9174, 03 Sep 2018 06:46:05
# 29.3465,  5.60872,    3.768, 0.1241, 0.2124,  33.9258, 03 Sep 2018 06:53:05
# 29.3432,  5.60828,    3.812, 0.1254, 0.2196,  33.9252, 03 Sep 2018 07:00:05
# 29.3391,  5.60776,    3.846, 0.1277, 0.2158,  33.9245, 03 Sep 2018 07:07:05
# 29.3365,  5.60806,    3.907, 0.1264, 0.2100,  33.9284, 03 Sep 2018 07:14:05
# 29.3310,  5.60706,    3.854, 0.1280, 0.2123,  33.9255, 03 Sep 2018 07:21:05
# 29.3247,  5.60697,    3.822, 0.1279, 0.2086,  33.9294, 03 Sep 2018 07:28:05
# 29.3174,  5.60654,    3.843, 0.1291, 0.2126,  33.9316, 03 Sep 2018 07:35:05
# 29.3117,  5.60542,    3.901, 0.1279, 0.2087,  33.9280, 03 Sep 2018 07:42:05
# 29.3038,  5.60362,    3.871, 0.1305, 0.2111,  33.9213, 03 Sep 2018 07:49:05
# 29.2929,  5.60107,    3.965, 0.1279, 0.2125,  33.9116, 03 Sep 2018 07:56:05
# 29.2871,  5.59948,    3.915, 0.1291, 0.2112,  33.9049, 03 Sep 2018 08:03:05
# 29.2858,  5.59942,    3.915, 0.1266, 0.2037,  33.9054, 03 Sep 2018 08:10:05
# 29.2848,  5.59959,    3.911, 0.1315, 0.2074,  33.9072, 03 Sep 2018 08:17:05
# 29.2874,  5.60062,    3.933, 0.1329, 0.2099,  33.9124, 03 Sep 2018 08:24:05
# 29.2863,  5.60051,    3.922, 0.1316, 0.2099,  33.9124, 03 Sep 2018 08:31:05
# 29.2927,  5.60217,    3.940, 0.1317, 0.2124,  33.9192, 03 Sep 2018 08:38:05
# 29.3024,  5.60491,    4.018, 0.1290, 0.2075,  33.9310, 03 Sep 2018 08:45:05
# 29.3159,  5.60858,    4.012, 0.1241, 0.2087,  33.9465, 03 Sep 2018 08:52:05
# 29.3216,  5.61033,    4.033, 0.1243, 0.2112,  33.9543, 03 Sep 2018 08:59:05
# 29.3397,  5.61439,    4.029, 0.1180, 0.2075,  33.9692, 03 Sep 2018 09:06:05
# 29.3500,  5.61615,    4.089, 0.1157, 0.2085,  33.9739, 03 Sep 2018 09:13:05
# 29.3638,  5.61893,    4.068, 0.1156, 0.2112,  33.9831, 03 Sep 2018 09:20:05
# 29.3882,  5.62335,    4.069, 0.1142, 0.2148,  33.9959, 03 Sep 2018 09:27:05
# 29.4135,  5.62777,    4.148, 0.1156, 0.2086,  34.0080, 03 Sep 2018 09:34:05
# 29.4322,  5.63140,    4.070, 0.1180, 0.2088,  34.0196, 03 Sep 2018 09:41:05
# 29.4501,  5.63380,    4.105, 0.1206, 0.2112,  34.0232, 03 Sep 2018 09:48:05
# 29.4690,  5.63652,    4.141, 0.1192, 0.2457,  34.0283, 03 Sep 2018 09:55:05
# 29.4922,  5.64011,    4.153, 0.1169, 0.2113,  34.0362, 03 Sep 2018 10:02:05
# 29.5180,  5.64388,    4.118, 0.1144, 0.2148,  34.0436, 03 Sep 2018 10:09:05
# 29.5319,  5.64561,    4.177, 0.1194, 0.2112,  34.0455, 03 Sep 2018 10:16:05
# 29.5530,  5.64864,    4.128, 0.1131, 0.2147,  34.0512, 03 Sep 2018 10:23:05
# 29.5670,  5.65049,    4.125, 0.1154, 0.2161,  34.0539, 03 Sep 2018 10:30:05
# 29.5735,  5.65132,    4.179, 0.1142, 0.2124,  34.0549, 03 Sep 2018 10:37:05
# 29.5850,  5.65278,    4.168, 0.1193, 0.2112,  34.0566, 03 Sep 2018 10:44:05
# 29.5968,  5.65450,    4.142, 0.1168, 0.2161,  34.0599, 03 Sep 2018 10:51:05
# 29.6194,  5.65687,    4.260, 0.1131, 0.2111,  34.0600, 03 Sep 2018 10:58:05
# 29.6234,  5.65758,    4.189, 0.1166, 0.2220,  34.0621, 03 Sep 2018 11:05:05
# 29.6339,  5.65864,    4.165, 0.1193, 0.2124,  34.0618, 03 Sep 2018 11:12:05
# 29.6384,  5.66000,    4.229, 0.1218, 0.2135,  34.0678, 03 Sep 2018 11:19:05
# 29.6453,  5.66115,    4.240, 0.1215, 0.2135,  34.0708, 03 Sep 2018 11:26:05
# 29.6523,  5.66233,    4.126, 0.1230, 0.2113,  34.0738, 03 Sep 2018 11:33:05
# 29.6605,  5.66363,    4.185, 0.1217, 0.2161,  34.0769, 03 Sep 2018 11:40:05
# 29.6727,  5.66531,    4.138, 0.1166, 0.2136,  34.0796, 03 Sep 2018 11:47:05
# 29.6845,  5.66634,    4.142, 0.1192, 0.2171,  34.0782, 03 Sep 2018 11:54:05
# 29.6804,  5.66606,    4.210, 0.1192, 0.2113,  34.0793, 03 Sep 2018 12:01:05
# 29.6850,  5.66661,    4.178, 0.1205, 0.2185,  34.0797, 03 Sep 2018 12:08:05
# 29.6881,  5.66641,    4.150, 0.1228, 0.2148,  34.0761, 03 Sep 2018 12:15:05
# 29.6874,  5.66499,    4.188, 0.1257, 0.2123,  34.0670, 03 Sep 2018 12:22:05
# 29.6939,  5.66416,    4.169, 0.1266, 0.2146,  34.0568, 03 Sep 2018 12:29:05
# 29.6985,  5.66357,    4.139, 0.1227, 0.2148,  34.0496, 03 Sep 2018 12:36:05
# 29.7043,  5.66221,    4.163, 0.1253, 0.2148,  34.0363, 03 Sep 2018 12:43:05
# 29.7069,  5.66137,    4.152, 0.1266, 0.2087,  34.0288, 03 Sep 2018 12:50:05
# 29.7073,  5.66035,    4.109, 0.1279, 0.2136,  34.0216, 03 Sep 2018 12:57:05
# 29.7081,  5.66011,    4.155, 0.1266, 0.2148,  34.0194, 03 Sep 2018 13:04:05
# 29.6997,  5.65739,    4.121, 0.1280, 0.2171,  34.0069, 03 Sep 2018 13:11:05
# 29.6901,  5.65535,    4.117, 0.1279, 0.2391,  33.9999, 03 Sep 2018 13:18:05
# 29.6760,  5.65174,    4.153, 0.1279, 0.2135,  33.9854, 03 Sep 2018 13:25:05
# 29.6607,  5.64845,    4.159, 0.1292, 0.2159,  33.9739, 03 Sep 2018 13:32:05
# 29.6469,  5.64444,    4.070, 0.1268, 0.2196,  33.9565, 03 Sep 2018 13:39:05
# 29.6287,  5.64097,    4.082, 0.1315, 0.2148,  33.9458, 03 Sep 2018 13:46:05
# 29.6117,  5.63852,    4.108, 0.1291, 0.2158,  33.9411, 03 Sep 2018 13:53:05
