# 29.3748,  5.67897,    3.494, 0.1056, 0.1815,  34.3846, 15 Jul 2018 14:05:05
# 29.3782,  5.67956,    3.559, 0.1057, 0.1807,  34.3862, 15 Jul 2018 14:12:05
# 29.3888,  5.68064,    3.539, 0.1057, 0.1843,  34.3859, 15 Jul 2018 14:19:05
# 29.3863,  5.68031,    3.513, 0.1044, 0.1829,  34.3854, 15 Jul 2018 14:26:05
# 29.3997,  5.68177,    3.583, 0.1031, 0.1817,  34.3858, 15 Jul 2018 14:33:05
# 29.4039,  5.68231,    3.574, 0.1054, 0.1843,  34.3864, 15 Jul 2018 14:40:05
# 29.4133,  5.68349,    3.565, 0.1069, 0.1769,  34.3878, 15 Jul 2018 14:47:05
# 29.4247,  5.68474,    3.607, 0.1044, 0.1792,  34.3881, 15 Jul 2018 14:54:05
# 29.4346,  5.68576,    3.608, 0.1032, 0.1805,  34.3880, 15 Jul 2018 15:01:05
# 29.4383,  5.68607,    3.602, 0.1032, 0.1781,  34.3875, 15 Jul 2018 15:08:05
# 29.4434,  5.68635,    3.687, 0.1057, 0.1808,  34.3856, 15 Jul 2018 15:15:05
# 29.4398,  5.68598,    3.671, 0.1019, 0.1878,  34.3857, 15 Jul 2018 15:22:05
# 29.4455,  5.68639,    3.699, 0.1032, 0.1817,  34.3844, 15 Jul 2018 15:29:05
# 29.4445,  5.68649,    3.694, 0.1057, 0.1805,  34.3858, 15 Jul 2018 15:36:05
# 29.4340,  5.68546,    3.755, 0.1069, 0.1807,  34.3863, 15 Jul 2018 15:43:05
# 29.4308,  5.68495,    3.774, 0.1070, 0.1830,  34.3851, 15 Jul 2018 15:50:05
# 29.4281,  5.68480,    3.749, 0.1055, 0.1806,  34.3860, 15 Jul 2018 15:57:05
# 29.4302,  5.68498,    3.781, 0.1070, 0.1845,  34.3858, 15 Jul 2018 16:04:05
# 29.4266,  5.68461,    3.829, 0.1056, 0.1793,  34.3858, 15 Jul 2018 16:11:05
# 29.4323,  5.68531,    3.830, 0.0980, 0.1757,  34.3864, 15 Jul 2018 16:18:05
# 29.4475,  5.68697,    3.831, 0.1067, 0.1817,  34.3869, 15 Jul 2018 16:25:05
# 29.4528,  5.68764,    3.882, 0.1055, 0.1805,  34.3877, 15 Jul 2018 16:32:05
# 29.4454,  5.68693,    3.887, 0.1069, 0.1791,  34.3882, 15 Jul 2018 16:39:05
# 29.4336,  5.68573,    3.947, 0.1032, 0.1817,  34.3883, 15 Jul 2018 16:46:05
# 29.4147,  5.68382,    4.000, 0.1045, 0.1806,  34.3889, 15 Jul 2018 16:53:05
# 29.4218,  5.68457,    3.962, 0.1080, 0.1831,  34.3889, 15 Jul 2018 17:00:05
# 29.4073,  5.68304,    4.041, 0.1053, 0.1843,  34.3888, 15 Jul 2018 17:07:05
# 29.4062,  5.68290,    3.978, 0.1067, 0.1841,  34.3887, 15 Jul 2018 17:14:05
# 29.3928,  5.68169,    3.988, 0.1056, 0.1806,  34.3900, 15 Jul 2018 17:21:05
# 29.3599,  5.67844,    4.049, 0.1069, 0.1793,  34.3914, 15 Jul 2018 17:28:05
# 29.3378,  5.67606,    4.032, 0.1068, 0.1817,  34.3910, 15 Jul 2018 17:35:05
# 29.3134,  5.67332,    4.095, 0.1081, 0.1942,  34.3898, 15 Jul 2018 17:42:05
# 29.2825,  5.67016,    4.111, 0.1083, 0.1807,  34.3904, 15 Jul 2018 17:49:05
# 29.2523,  5.66691,    4.110, 0.1093, 0.1855,  34.3899, 15 Jul 2018 17:56:05
# 29.2296,  5.66479,    4.110, 0.1032, 0.1867,  34.3916, 15 Jul 2018 18:03:05
# 29.2227,  5.66396,    4.179, 0.1067, 0.1830,  34.3909, 15 Jul 2018 18:10:05
# 29.1970,  5.66148,    4.126, 0.1067, 0.1843,  34.3923, 15 Jul 2018 18:17:05
# 29.1878,  5.66048,    4.185, 0.1070, 0.1893,  34.3922, 15 Jul 2018 18:24:05
# 29.1734,  5.65904,    4.176, 0.1118, 0.1976,  34.3927, 15 Jul 2018 18:31:05
# 29.1611,  5.65783,    4.128, 0.1081, 0.1881,  34.3932, 15 Jul 2018 18:38:05
# 29.1462,  5.65647,    4.168, 0.1056, 0.1868,  34.3945, 15 Jul 2018 18:45:05
# 29.1362,  5.65554,    4.219, 0.1118, 0.1942,  34.3954, 15 Jul 2018 18:52:05
# 29.1218,  5.65422,    4.217, 0.1081, 0.1967,  34.3966, 15 Jul 2018 18:59:05
# 29.1127,  5.65339,    4.224, 0.1069, 0.2195,  34.3975, 15 Jul 2018 19:06:05
# 29.1058,  5.65275,    4.178, 0.1068, 0.1917,  34.3981, 15 Jul 2018 19:13:05
# 29.1010,  5.65235,    4.185, 0.1081, 0.1915,  34.3988, 15 Jul 2018 19:20:05
# 29.0963,  5.65187,    4.246, 0.1106, 0.1904,  34.3989, 15 Jul 2018 19:27:05
# 29.0930,  5.65143,    4.230, 0.1069, 0.1916,  34.3982, 15 Jul 2018 19:34:05
# 29.0893,  5.65107,    4.216, 0.1080, 0.1941,  34.3985, 15 Jul 2018 19:41:05
# 29.0855,  5.65060,    4.255, 0.1056, 0.2014,  34.3980, 15 Jul 2018 19:48:05
# 29.0818,  5.65027,    4.212, 0.1080, 0.1978,  34.3984, 15 Jul 2018 19:55:05
# 29.0771,  5.64977,    4.170, 0.1080, 0.1941,  34.3983, 15 Jul 2018 20:02:05
# 29.0755,  5.64957,    4.222, 0.1082, 0.1975,  34.3981, 15 Jul 2018 20:09:05
# 29.0715,  5.64923,    4.180, 0.1093, 0.1916,  34.3986, 15 Jul 2018 20:16:05
# 29.0673,  5.64886,    4.137, 0.1106, 0.1892,  34.3991, 15 Jul 2018 20:23:05
# 29.0630,  5.64839,    4.178, 0.1106, 0.1890,  34.3990, 15 Jul 2018 20:30:05
# 29.0615,  5.64827,    4.145, 0.1081, 0.1978,  34.3993, 15 Jul 2018 20:37:05
# 29.0610,  5.64822,    4.136, 0.1081, 0.1904,  34.3993, 15 Jul 2018 20:44:05
# 29.0586,  5.64794,    4.105, 0.1107, 0.1915,  34.3990, 15 Jul 2018 20:51:05
# 29.0566,  5.64776,    4.114, 0.1106, 0.1904,  34.3993, 15 Jul 2018 20:58:05
# 29.0543,  5.64754,    4.094, 0.1118, 0.2013,  34.3994, 15 Jul 2018 21:05:05
# 29.0521,  5.64727,    4.036, 0.1094, 0.1979,  34.3992, 15 Jul 2018 21:12:05
# 29.0492,  5.64697,    4.091, 0.1093, 0.1940,  34.3993, 15 Jul 2018 21:19:05
# 29.0464,  5.64670,    4.010, 0.1082, 0.1904,  34.3994, 15 Jul 2018 21:26:05
# 29.0439,  5.64648,    3.998, 0.1082, 0.1856,  34.3997, 15 Jul 2018 21:33:05
# 29.0416,  5.64621,    4.013, 0.1106, 0.1903,  34.3995, 15 Jul 2018 21:40:05
# 29.0399,  5.64599,    3.990, 0.1093, 0.1978,  34.3992, 15 Jul 2018 21:47:05
# 29.0369,  5.64564,    3.943, 0.1080, 0.1940,  34.3989, 15 Jul 2018 21:54:05
# 29.0346,  5.64529,    3.891, 0.1106, 0.1866,  34.3983, 15 Jul 2018 22:01:05
# 29.0342,  5.64513,    3.910, 0.1093, 0.1951,  34.3974, 15 Jul 2018 22:08:05
# 29.0311,  5.64469,    3.864, 0.1093, 0.1866,  34.3967, 15 Jul 2018 22:15:05
# 29.0282,  5.64433,    3.867, 0.1054, 0.1867,  34.3963, 15 Jul 2018 22:22:05
# 29.0233,  5.64383,    3.834, 0.1057, 0.1878,  34.3964, 15 Jul 2018 22:29:05
# 29.0204,  5.64353,    3.778, 0.1070, 0.1881,  34.3964, 15 Jul 2018 22:36:05
# 29.0191,  5.64345,    3.763, 0.1093, 0.1852,  34.3968, 15 Jul 2018 22:43:05
# 29.0186,  5.64339,    3.748, 0.1068, 0.1868,  34.3967, 15 Jul 2018 22:50:05
# 29.0160,  5.64314,    3.679, 0.1082, 0.1913,  34.3969, 15 Jul 2018 22:57:05
# 29.0118,  5.64280,    3.697, 0.1070, 0.1868,  34.3976, 15 Jul 2018 23:04:05
# 29.0081,  5.64245,    3.662, 0.1069, 0.1854,  34.3979, 15 Jul 2018 23:11:05
# 29.0063,  5.64225,    3.665, 0.1043, 0.1820,  34.3979, 15 Jul 2018 23:18:05
# 29.0017,  5.64191,    3.627, 0.1054, 0.2039,  34.3988, 15 Jul 2018 23:25:05
# 28.9994,  5.64164,    3.615, 0.1057, 0.1844,  34.3986, 15 Jul 2018 23:32:05
# 28.9939,  5.64111,    3.575, 0.1067, 0.1928,  34.3990, 15 Jul 2018 23:39:05
# 28.9894,  5.64073,    3.599, 0.1080, 0.1855,  34.3996, 15 Jul 2018 23:46:05
# 28.9856,  5.64034,    3.576, 0.1044, 0.2062,  34.3996, 15 Jul 2018 23:53:05
# 28.9836,  5.64012,    3.538, 0.1068, 0.1901,  34.3996, 16 Jul 2018 00:00:05
# 28.9810,  5.63987,    3.512, 0.1068, 0.1865,  34.3997, 16 Jul 2018 00:07:05
# 28.9786,  5.63959,    3.508, 0.1033, 0.1830,  34.3996, 16 Jul 2018 00:14:05
# 28.9755,  5.63930,    3.469, 0.1043, 0.1940,  34.3998, 16 Jul 2018 00:21:05
# 28.9717,  5.63891,    3.450, 0.1081, 0.2111,  34.3998, 16 Jul 2018 00:28:05
# 28.9672,  5.63848,    3.402, 0.1118, 0.2782,  34.4002, 16 Jul 2018 00:35:05
# 28.9638,  5.63821,    3.448, 0.1129, 0.2172,  34.4007, 16 Jul 2018 00:42:05
# 28.9610,  5.63785,    3.388, 0.1093, 0.1950,  34.4003, 16 Jul 2018 00:49:05
# 28.9555,  5.63733,    3.381, 0.1068, 0.1879,  34.4007, 16 Jul 2018 00:56:05
# 28.9502,  5.63682,    3.356, 0.1044, 0.1866,  34.4010, 16 Jul 2018 01:03:05
# 28.9470,  5.63651,    3.359, 0.1056, 0.1816,  34.4012, 16 Jul 2018 01:10:05
# 28.9428,  5.63612,    3.328, 0.1044, 0.1829,  34.4015, 16 Jul 2018 01:17:05
# 28.9393,  5.63584,    3.356, 0.1054, 0.1805,  34.4021, 16 Jul 2018 01:24:05
# 28.9334,  5.63521,    3.324, 0.1043, 0.1854,  34.4021, 16 Jul 2018 01:31:05
# 28.9283,  5.63471,    3.302, 0.1081, 0.1842,  34.4023, 16 Jul 2018 01:38:05
# 28.9283,  5.63472,    3.308, 0.1055, 0.1829,  34.4024, 16 Jul 2018 01:45:05
# 28.9243,  5.63439,    3.316, 0.1055, 0.1794,  34.4030, 16 Jul 2018 01:52:05
# 28.9226,  5.63422,    3.313, 0.1031, 0.1853,  34.4031, 16 Jul 2018 01:59:05
# 28.9160,  5.63359,    3.297, 0.1043, 0.1817,  34.4035, 16 Jul 2018 02:06:05
# 28.9112,  5.63322,    3.309, 0.1044, 0.1793,  34.4044, 16 Jul 2018 02:13:05
# 28.9103,  5.63313,    3.291, 0.1019, 0.1842,  34.4044, 16 Jul 2018 02:20:05
# 28.9103,  5.63314,    3.274, 0.1056, 0.1818,  34.4045, 16 Jul 2018 02:27:05
# 28.9102,  5.63319,    3.309, 0.1043, 0.1843,  34.4049, 16 Jul 2018 02:34:05
# 28.9104,  5.63330,    3.306, 0.1032, 0.1818,  34.4055, 16 Jul 2018 02:41:05
# 28.9112,  5.63333,    3.346, 0.1019, 0.1780,  34.4051, 16 Jul 2018 02:48:05
# 28.9107,  5.63328,    3.313, 0.1019, 0.1817,  34.4052, 16 Jul 2018 02:55:05
# 28.9151,  5.63370,    3.336, 0.1031, 0.1806,  34.4049, 16 Jul 2018 03:02:05
# 28.9216,  5.63437,    3.339, 0.1044, 0.1781,  34.4048, 16 Jul 2018 03:09:05
# 28.9251,  5.63475,    3.355, 0.1019, 0.1830,  34.4049, 16 Jul 2018 03:16:05
# 28.9273,  5.63506,    3.377, 0.1044, 0.1769,  34.4055, 16 Jul 2018 03:23:05
# 28.9369,  5.63610,    3.445, 0.1031, 0.1818,  34.4056, 16 Jul 2018 03:30:05
# 28.9379,  5.63618,    3.427, 0.1044, 0.1868,  34.4055, 16 Jul 2018 03:37:05
# 28.9391,  5.63643,    3.439, 0.1044, 0.1892,  34.4063, 16 Jul 2018 03:44:05
# 28.9363,  5.63616,    3.453, 0.1020, 0.1843,  34.4065, 16 Jul 2018 03:51:05
# 28.9370,  5.63624,    3.482, 0.1055, 0.1855,  34.4065, 16 Jul 2018 03:58:05
# 28.9310,  5.63571,    3.492, 0.1048, 0.1781,  34.4072, 16 Jul 2018 04:05:05
# 28.9314,  5.63575,    3.506, 0.1043, 0.1793,  34.4072, 16 Jul 2018 04:12:05
# 28.9307,  5.63574,    3.539, 0.1034, 0.1854,  34.4076, 16 Jul 2018 04:19:05
# 28.9286,  5.63558,    3.520, 0.1044, 0.1817,  34.4081, 16 Jul 2018 04:26:05
# 28.9251,  5.63522,    3.557, 0.1045, 0.1830,  34.4081, 16 Jul 2018 04:33:05
# 28.9186,  5.63467,    3.609, 0.1044, 0.1867,  34.4089, 16 Jul 2018 04:40:05
# 28.9120,  5.63411,    3.657, 0.1044, 0.1928,  34.4098, 16 Jul 2018 04:47:05
# 28.9116,  5.63400,    3.650, 0.1019, 0.1878,  34.4094, 16 Jul 2018 04:54:05
# 28.9091,  5.63381,    3.682, 0.1043, 0.1807,  34.4098, 16 Jul 2018 05:01:05
# 28.9062,  5.63348,    3.684, 0.1031, 0.1867,  34.4097, 16 Jul 2018 05:08:05
# 28.8961,  5.63272,    3.705, 0.1033, 0.1843,  34.4117, 16 Jul 2018 05:15:05
# 28.8848,  5.63157,    3.791, 0.1007, 0.1830,  34.4119, 16 Jul 2018 05:22:05
# 28.8766,  5.63078,    3.762, 0.1019, 0.1818,  34.4125, 16 Jul 2018 05:29:05
# 28.8697,  5.63029,    3.783, 0.1019, 0.1831,  34.4140, 16 Jul 2018 05:36:05
# 28.8697,  5.63020,    3.844, 0.1044, 0.2072,  34.4134, 16 Jul 2018 05:43:05
# 28.8646,  5.62969,    3.864, 0.1032, 0.1829,  34.4136, 16 Jul 2018 05:50:05
# 28.8482,  5.62814,    3.803, 0.1032, 0.1794,  34.4148, 16 Jul 2018 05:57:05
# 28.8348,  5.62690,    3.868, 0.1034, 0.2478,  34.4159, 16 Jul 2018 06:04:05
# 28.8206,  5.62545,    3.929, 0.1031, 0.2405,  34.4161, 16 Jul 2018 06:11:05
# 28.8014,  5.62372,    3.911, 0.1054, 0.1841,  34.4181, 16 Jul 2018 06:18:05
# 28.7836,  5.62194,    3.918, 0.1030, 0.1843,  34.4186, 16 Jul 2018 06:25:05
# 28.7662,  5.62023,    3.925, 0.1055, 0.1830,  34.4194, 16 Jul 2018 06:32:05
# 28.7576,  5.61949,    3.973, 0.1042, 0.2136,  34.4206, 16 Jul 2018 06:39:05
# 28.7547,  5.61918,    3.963, 0.1068, 0.1855,  34.4205, 16 Jul 2018 06:46:05
# 28.7572,  5.61946,    3.946, 0.1057, 0.1843,  34.4206, 16 Jul 2018 06:53:05
# 28.7629,  5.62002,    3.978, 0.1043, 0.1893,  34.4204, 16 Jul 2018 07:00:05
# 28.7612,  5.61996,    4.021, 0.1043, 0.1817,  34.4211, 16 Jul 2018 07:07:05
# 28.7664,  5.62066,    3.994, 0.1054, 0.1807,  34.4223, 16 Jul 2018 07:14:05
# 28.7844,  5.62271,    4.079, 0.1068, 0.1842,  34.4233, 16 Jul 2018 07:21:05
# 28.8019,  5.62499,    4.062, 0.1080, 0.1831,  34.4264, 16 Jul 2018 07:28:05
# 28.8214,  5.62729,    4.074, 0.1081, 0.1881,  34.4281, 16 Jul 2018 07:35:05
# 28.8377,  5.62963,    4.050, 0.1093, 0.1830,  34.4325, 16 Jul 2018 07:42:05
# 28.8607,  5.63239,    4.074, 0.1106, 0.1868,  34.4349, 16 Jul 2018 07:49:05
# 28.8821,  5.63506,    4.059, 0.1069, 0.1853,  34.4379, 16 Jul 2018 07:56:05
# 28.8931,  5.63661,    4.050, 0.1069, 0.1806,  34.4405, 16 Jul 2018 08:03:05
# 28.9010,  5.63779,    4.078, 0.1031, 0.1891,  34.4430, 16 Jul 2018 08:10:05
# 28.9081,  5.63877,    4.050, 0.1044, 0.1879,  34.4446, 16 Jul 2018 08:17:05
# 28.9143,  5.63959,    4.085, 0.1057, 0.2087,  34.4457, 16 Jul 2018 08:24:05
# 28.9251,  5.64094,    4.080, 0.1044, 0.1952,  34.4473, 16 Jul 2018 08:31:05
# 28.9341,  5.64212,    4.122, 0.1068, 0.1855,  34.4488, 16 Jul 2018 08:38:05
# 28.9463,  5.64344,    4.142, 0.1068, 0.1832,  34.4491, 16 Jul 2018 08:45:05
# 28.9558,  5.64468,    4.068, 0.1032, 0.1892,  34.4508, 16 Jul 2018 08:52:05
# 28.9646,  5.64601,    4.029, 0.1032, 0.1916,  34.4536, 16 Jul 2018 08:59:05
# 28.9763,  5.64767,    4.020, 0.1018, 0.1940,  34.4566, 16 Jul 2018 09:06:05
# 28.9856,  5.64883,    4.074, 0.1042, 0.1879,  34.4578, 16 Jul 2018 09:13:05
# 28.9943,  5.65016,    4.035, 0.1032, 0.1842,  34.4607, 16 Jul 2018 09:20:05
# 29.0063,  5.65179,    4.034, 0.1030, 0.1881,  34.4633, 16 Jul 2018 09:27:05
# 29.0175,  5.65317,    3.960, 0.1030, 0.1880,  34.4646, 16 Jul 2018 09:34:05
# 29.0303,  5.65484,    3.986, 0.1032, 0.1852,  34.4669, 16 Jul 2018 09:41:05
# 29.0498,  5.65704,    3.986, 0.1006, 0.1878,  34.4679, 16 Jul 2018 09:48:05
# 29.0726,  5.65956,    3.978, 0.0993, 0.1892,  34.4688, 16 Jul 2018 09:55:05
# 29.0930,  5.66179,    3.951, 0.1019, 0.1890,  34.4693, 16 Jul 2018 10:02:05
# 29.1101,  5.66376,    3.947, 0.1006, 0.1952,  34.4706, 16 Jul 2018 10:09:05
# 29.1309,  5.66601,    3.924, 0.1032, 0.1842,  34.4710, 16 Jul 2018 10:16:05
# 29.1483,  5.66781,    3.871, 0.1006, 0.1840,  34.4708, 16 Jul 2018 10:23:05
# 29.1675,  5.66987,    3.884, 0.1019, 0.1843,  34.4711, 16 Jul 2018 10:30:05
# 29.1876,  5.67214,    3.875, 0.0980, 0.1904,  34.4721, 16 Jul 2018 10:37:05
# 29.2061,  5.67423,    3.916, 0.0993, 0.1941,  34.4732, 16 Jul 2018 10:44:05
# 29.2228,  5.67611,    3.845, 0.0994, 0.1853,  34.4740, 16 Jul 2018 10:51:05
# 29.2457,  5.67853,    3.854, 0.1019, 0.1854,  34.4741, 16 Jul 2018 10:58:05
# 29.2692,  5.68073,    3.813, 0.0993, 0.1892,  34.4723, 16 Jul 2018 11:05:05
# 29.2802,  5.68212,    3.825, 0.0955, 0.1867,  34.4738, 16 Jul 2018 11:12:05
# 29.2995,  5.68415,    3.797, 0.0981, 0.1866,  34.4739, 16 Jul 2018 11:19:05
# 29.3186,  5.68607,    3.769, 0.1019, 0.1904,  34.4732, 16 Jul 2018 11:26:05
# 29.3380,  5.68819,    3.709, 0.1020, 0.1892,  34.4738, 16 Jul 2018 11:33:05
# 29.3596,  5.69076,    3.723, 0.0980, 0.1878,  34.4758, 16 Jul 2018 11:40:05
# 29.3831,  5.69322,    3.695, 0.0992, 0.1843,  34.4757, 16 Jul 2018 11:47:05
# 29.4036,  5.69555,    3.692, 0.1044, 0.1902,  34.4769, 16 Jul 2018 11:54:05
# 29.4391,  5.69907,    3.670, 0.1006, 0.1953,  34.4754, 16 Jul 2018 12:01:05
# 29.4622,  5.70134,    3.659, 0.1019, 0.1841,  34.4743, 16 Jul 2018 12:08:05
# 29.4807,  5.70351,    3.618, 0.1006, 0.1867,  34.4758, 16 Jul 2018 12:15:05
# 29.5091,  5.70676,    3.649, 0.1019, 0.1881,  34.4776, 16 Jul 2018 12:22:05
# 29.5281,  5.70891,    3.653, 0.0993, 0.1879,  34.4786, 16 Jul 2018 12:29:05
# 29.5543,  5.71172,    3.608, 0.1020, 0.1868,  34.4790, 16 Jul 2018 12:36:05
# 29.5675,  5.71335,    3.622, 0.1054, 0.1867,  34.4806, 16 Jul 2018 12:43:05
# 29.5889,  5.71537,    3.599, 0.0980, 0.1879,  34.4791, 16 Jul 2018 12:50:05
# 29.5910,  5.71511,    3.542, 0.1031, 0.1903,  34.4758, 16 Jul 2018 12:57:05
# 29.6064,  5.71768,    3.560, 0.1019, 0.1891,  34.4822, 16 Jul 2018 13:04:05
# 29.6372,  5.72074,    3.562, 0.0990, 0.1855,  34.4810, 16 Jul 2018 13:11:05
# 29.6594,  5.72310,    3.550, 0.1032, 0.1878,  34.4811, 16 Jul 2018 13:18:05
# 29.6772,  5.72515,    3.564, 0.1018, 0.1891,  34.4823, 16 Jul 2018 13:25:05
# 29.6973,  5.72733,    3.511, 0.1019, 0.1901,  34.4827, 16 Jul 2018 13:32:05
# 29.7218,  5.73002,    3.556, 0.1006, 0.1842,  34.4834, 16 Jul 2018 13:39:05
# 29.7428,  5.73220,    3.535, 0.0994, 0.1830,  34.4832, 16 Jul 2018 13:46:05
# 29.7647,  5.73449,    3.526, 0.1044, 0.1852,  34.4830, 16 Jul 2018 13:53:05
