# 29.4982,  5.69414,    4.181, 0.1106, 0.1978,  34.3993, 06 Aug 2018 14:00:05
# 29.4883,  5.69298,    4.242, 0.1118, 0.2001,  34.3985, 06 Aug 2018 14:07:05
# 29.4824,  5.69251,    4.240, 0.1117, 0.1954,  34.3996, 06 Aug 2018 14:14:05
# 29.4719,  5.69152,    4.302, 0.1093, 0.2013,  34.4003, 06 Aug 2018 14:21:05
# 29.4631,  5.69074,    4.328, 0.1119, 0.2026,  34.4013, 06 Aug 2018 14:28:05
# 29.4538,  5.68972,    4.186, 0.1131, 0.2011,  34.4011, 06 Aug 2018 14:35:05
# 29.4427,  5.68880,    4.212, 0.1130, 0.1978,  34.4027, 06 Aug 2018 14:42:05
# 29.4352,  5.68789,    4.177, 0.1131, 0.1976,  34.4019, 06 Aug 2018 14:49:05
# 29.4286,  5.68719,    4.150, 0.1106, 0.1965,  34.4019, 06 Aug 2018 14:56:05
# 29.4259,  5.68703,    4.191, 0.1104, 0.1964,  34.4027, 06 Aug 2018 15:03:05
# 29.4218,  5.68663,    4.158, 0.1216, 0.2000,  34.4029, 06 Aug 2018 15:10:05
# 29.4168,  5.68618,    4.184, 0.1091, 0.1978,  34.4034, 06 Aug 2018 15:17:05
# 29.4116,  5.68566,    4.103, 0.1092, 0.2001,  34.4036, 06 Aug 2018 15:24:05
# 29.4024,  5.68481,    4.170, 0.1128, 0.2002,  34.4044, 06 Aug 2018 15:31:05
# 29.3961,  5.68410,    4.140, 0.1130, 0.1987,  34.4041, 06 Aug 2018 15:38:05
# 29.3916,  5.68349,    4.065, 0.1155, 0.1988,  34.4032, 06 Aug 2018 15:45:05
# 29.3886,  5.68334,    4.099, 0.1105, 0.1952,  34.4043, 06 Aug 2018 15:52:05
# 29.3885,  5.68330,    4.099, 0.1130, 0.1966,  34.4041, 06 Aug 2018 15:59:05
# 29.3874,  5.68327,    4.043, 0.1130, 0.1988,  34.4047, 06 Aug 2018 16:06:05
# 29.3878,  5.68334,    4.023, 0.1118, 0.2158,  34.4049, 06 Aug 2018 16:13:05
# 29.3852,  5.68312,    4.045, 0.1118, 0.1989,  34.4052, 06 Aug 2018 16:20:05
# 29.3848,  5.68313,    3.993, 0.1118, 0.1990,  34.4056, 06 Aug 2018 16:27:05
# 29.3852,  5.68314,    3.973, 0.1141, 0.1952,  34.4054, 06 Aug 2018 16:34:05
# 29.3861,  5.68319,    3.945, 0.1129, 0.1989,  34.4051, 06 Aug 2018 16:41:05
# 29.3869,  5.68332,    3.922, 0.1117, 0.1915,  34.4054, 06 Aug 2018 16:48:05
# 29.3900,  5.68387,    3.997, 0.1132, 0.1989,  34.4069, 06 Aug 2018 16:55:05
# 29.3894,  5.68391,    3.870, 0.1093, 0.2159,  34.4077, 06 Aug 2018 17:02:05
# 29.3886,  5.68392,    3.886, 0.1142, 0.1965,  34.4083, 06 Aug 2018 17:09:05
# 29.3875,  5.68385,    3.817, 0.1118, 0.1916,  34.4086, 06 Aug 2018 17:16:05
# 29.3854,  5.68374,    3.811, 0.1118, 0.1939,  34.4094, 06 Aug 2018 17:23:05
# 29.3849,  5.68374,    3.803, 0.1131, 0.1963,  34.4097, 06 Aug 2018 17:30:05
# 29.3832,  5.68369,    3.783, 0.1119, 0.1953,  34.4106, 06 Aug 2018 17:37:05
# 29.3802,  5.68353,    3.775, 0.1131, 0.1928,  34.4117, 06 Aug 2018 17:44:05
# 29.3792,  5.68346,    3.755, 0.1131, 0.1951,  34.4119, 06 Aug 2018 17:51:05
# 29.3766,  5.68338,    3.783, 0.1105, 0.1952,  34.4132, 06 Aug 2018 17:58:05
# 29.3774,  5.68349,    3.753, 0.1143, 0.1952,  34.4134, 06 Aug 2018 18:05:05
# 29.3741,  5.68333,    3.711, 0.1105, 0.1941,  34.4147, 06 Aug 2018 18:12:05
# 29.3705,  5.68307,    3.692, 0.1120, 0.1951,  34.4155, 06 Aug 2018 18:19:05
# 29.3683,  5.68289,    3.680, 0.1129, 0.1929,  34.4159, 06 Aug 2018 18:26:05
# 29.3642,  5.68265,    3.777, 0.1130, 0.1965,  34.4171, 06 Aug 2018 18:33:05
# 29.3628,  5.68241,    3.691, 0.1105, 0.2012,  34.4166, 06 Aug 2018 18:40:05
# 29.3600,  5.68217,    3.676, 0.1123, 0.1957,  34.4169, 06 Aug 2018 18:47:05
# 29.3573,  5.68195,    3.671, 0.1177, 0.2000,  34.4174, 06 Aug 2018 18:54:05
# 29.3515,  5.68149,    3.698, 0.1166, 0.2014,  34.4184, 06 Aug 2018 19:01:05
# 29.3515,  5.68140,    3.649, 0.1153, 0.2076,  34.4178, 06 Aug 2018 19:08:05
# 29.3499,  5.68116,    3.660, 0.1031, 0.2685,  34.4173, 06 Aug 2018 19:15:05
# 29.3489,  5.68093,    3.610, 0.1030, 0.2868,  34.4165, 06 Aug 2018 19:22:05
# 29.3474,  5.68065,    3.656, 0.0993, 0.2867,  34.4155, 06 Aug 2018 19:29:05
# 29.3460,  5.68018,    3.649, 0.1002, 0.2892,  34.4134, 06 Aug 2018 19:36:05
# 29.3436,  5.67986,    3.649, 0.0993, 0.2941,  34.4129, 06 Aug 2018 19:43:05
# 29.3418,  5.67954,    3.652, 0.0965, 0.3027,  34.4121, 06 Aug 2018 19:50:05
# 29.3382,  5.67906,    3.575, 0.0953, 0.3261,  34.4114, 06 Aug 2018 19:57:05
# 29.3332,  5.67845,    3.662, 0.0945, 0.3249,  34.4107, 06 Aug 2018 20:04:05
# 29.3284,  5.67782,    3.550, 0.0929, 0.3822,  34.4099, 06 Aug 2018 20:11:05
# 29.3253,  5.67508,    3.604, 0.1095, 0.1989,  34.3934, 06 Aug 2018 20:32:05
# 29.3210,  5.67288,    3.601, 0.1093, 0.2734,  34.3815, 06 Aug 2018 20:39:05
# 29.3167,  5.67156,    3.617, 0.1120, 0.2075,  34.3755, 06 Aug 2018 20:46:05
# 29.3135,  5.67072,    3.650, 0.1105, 0.1955,  34.3721, 06 Aug 2018 20:53:05
# 29.3122,  5.67072,    3.635, 0.1104, 0.1916,  34.3731, 06 Aug 2018 21:00:05
# 29.3110,  5.67066,    3.654, 0.1117, 0.1954,  34.3735, 06 Aug 2018 21:07:05
# 29.3079,  5.67029,    3.673, 0.1106, 0.1940,  34.3732, 06 Aug 2018 21:14:05
# 29.3058,  5.67002,    3.652, 0.1093, 0.1927,  34.3728, 06 Aug 2018 21:21:05
# 29.3050,  5.67008,    3.651, 0.1095, 0.1916,  34.3739, 06 Aug 2018 21:28:05
# 29.3035,  5.67013,    3.654, 0.1118, 0.1965,  34.3752, 06 Aug 2018 21:35:05
# 29.3016,  5.67027,    3.677, 0.1118, 0.1953,  34.3776, 06 Aug 2018 21:42:05
# 29.2996,  5.67044,    3.690, 0.1092, 0.1952,  34.3802, 06 Aug 2018 21:49:05
# 29.2976,  5.67059,    3.657, 0.1105, 0.1929,  34.3826, 06 Aug 2018 21:56:05
# 29.2950,  5.67058,    3.693, 0.1080, 0.1941,  34.3844, 06 Aug 2018 22:03:05
# 29.2958,  5.67092,    3.764, 0.1106, 0.1904,  34.3861, 06 Aug 2018 22:10:05
# 29.2949,  5.67117,    3.752, 0.1081, 0.1965,  34.3885, 06 Aug 2018 22:17:05
# 29.2947,  5.67151,    3.764, 0.1093, 0.1953,  34.3909, 06 Aug 2018 22:24:05
# 29.2945,  5.67192,    3.764, 0.1094, 0.1952,  34.3939, 06 Aug 2018 22:31:05
# 29.2951,  5.67210,    3.759, 0.1106, 0.1917,  34.3947, 06 Aug 2018 22:38:05
# 29.2958,  5.67237,    3.777, 0.1104, 0.1927,  34.3960, 06 Aug 2018 22:45:05
# 29.2964,  5.67266,    3.824, 0.1078, 0.1966,  34.3975, 06 Aug 2018 22:52:05
# 29.2992,  5.67326,    3.779, 0.1092, 0.1955,  34.3997, 06 Aug 2018 22:59:05
# 29.2995,  5.67344,    3.873, 0.1103, 0.1942,  34.4007, 06 Aug 2018 23:06:05
# 29.3000,  5.67395,    3.834, 0.1118, 0.1977,  34.4038, 06 Aug 2018 23:13:05
# 29.2974,  5.67369,    3.820, 0.1105, 0.2038,  34.4039, 06 Aug 2018 23:20:05
# 29.2991,  5.67398,    3.876, 0.1070, 0.2002,  34.4046, 06 Aug 2018 23:27:05
# 29.3087,  5.67564,    3.878, 0.1105, 0.2002,  34.4091, 06 Aug 2018 23:34:05
# 29.3219,  5.67750,    3.986, 0.1117, 0.1965,  34.4123, 06 Aug 2018 23:41:05
# 29.3255,  5.67813,    3.997, 0.1106, 0.2003,  34.4140, 06 Aug 2018 23:48:05
# 29.3299,  5.67877,    3.944, 0.1104, 0.1964,  34.4152, 06 Aug 2018 23:55:05
# 29.3319,  5.67911,    3.946, 0.1105, 0.1952,  34.4161, 07 Aug 2018 00:02:05
# 29.3274,  5.67876,    3.947, 0.1104, 0.1965,  34.4169, 07 Aug 2018 00:09:05
# 29.3261,  5.67861,    4.004, 0.1105, 0.1940,  34.4169, 07 Aug 2018 00:16:05
# 29.3251,  5.67853,    4.032, 0.1106, 0.1976,  34.4170, 07 Aug 2018 00:23:05
# 29.3235,  5.67851,    4.034, 0.1105, 0.1978,  34.4180, 07 Aug 2018 00:30:05
# 29.3220,  5.67831,    3.985, 0.1129, 0.1965,  34.4177, 07 Aug 2018 00:37:05
# 29.3214,  5.67837,    3.970, 0.1093, 0.1952,  34.4186, 07 Aug 2018 00:44:05
# 29.3207,  5.67834,    3.977, 0.1105, 0.1941,  34.4189, 07 Aug 2018 00:51:05
# 29.3185,  5.67822,    4.063, 0.1103, 0.1952,  34.4196, 07 Aug 2018 00:58:05
# 29.3159,  5.67793,    4.017, 0.1095, 0.1953,  34.4195, 07 Aug 2018 01:05:05
# 29.3136,  5.67779,    4.059, 0.1119, 0.1951,  34.4202, 07 Aug 2018 01:12:05
# 29.3134,  5.67783,    4.041, 0.1117, 0.1965,  34.4207, 07 Aug 2018 01:19:05
# 29.3131,  5.67786,    4.085, 0.1106, 0.1989,  34.4210, 07 Aug 2018 01:26:05
# 29.3127,  5.67788,    4.062, 0.1105, 0.2037,  34.4214, 07 Aug 2018 01:33:05
# 29.3130,  5.67796,    4.031, 0.1105, 0.1976,  34.4218, 07 Aug 2018 01:40:05
# 29.3135,  5.67806,    4.098, 0.1132, 0.2062,  34.4221, 07 Aug 2018 01:47:05
# 29.3123,  5.67809,    4.168, 0.1093, 0.1964,  34.4231, 07 Aug 2018 01:54:05
# 29.3112,  5.67811,    4.087, 0.1106, 0.2001,  34.4241, 07 Aug 2018 02:01:05
# 29.3090,  5.67793,    4.086, 0.1093, 0.2014,  34.4244, 07 Aug 2018 02:08:05
# 29.3066,  5.67774,    4.010, 0.1092, 0.1977,  34.4249, 07 Aug 2018 02:15:05
# 29.3047,  5.67763,    4.081, 0.1079, 0.1952,  34.4255, 07 Aug 2018 02:22:05
# 29.3029,  5.67765,    4.129, 0.1078, 0.1965,  34.4269, 07 Aug 2018 02:29:05
# 29.3014,  5.67758,    4.136, 0.1105, 0.1929,  34.4275, 07 Aug 2018 02:36:05
# 29.2995,  5.67749,    4.015, 0.1107, 0.1953,  34.4283, 07 Aug 2018 02:43:05
# 29.2974,  5.67749,    4.148, 0.1104, 0.1988,  34.4298, 07 Aug 2018 02:50:05
# 29.2962,  5.67762,    4.124, 0.1105, 0.1991,  34.4315, 07 Aug 2018 02:57:05
# 29.2924,  5.67748,    4.098, 0.1106, 0.1965,  34.4333, 07 Aug 2018 03:04:05
# 29.2880,  5.67722,    4.034, 0.1106, 0.1978,  34.4347, 07 Aug 2018 03:11:05
# 29.2850,  5.67707,    4.043, 0.1080, 0.1978,  34.4358, 07 Aug 2018 03:18:05
# 29.2816,  5.67691,    4.046, 0.1118, 0.2037,  34.4371, 07 Aug 2018 03:25:05
# 29.2802,  5.67689,    4.020, 0.1093, 0.1964,  34.4380, 07 Aug 2018 03:32:05
# 29.2802,  5.67688,    4.034, 0.1093, 0.1979,  34.4379, 07 Aug 2018 03:39:05
# 29.2773,  5.67674,    4.010, 0.1104, 0.1964,  34.4391, 07 Aug 2018 03:46:05
# 29.2747,  5.67657,    4.069, 0.1093, 0.1942,  34.4398, 07 Aug 2018 03:53:05
# 29.2748,  5.67651,    4.005, 0.1093, 0.1965,  34.4393, 07 Aug 2018 04:00:05
# 29.2697,  5.67618,    4.050, 0.1093, 0.1978,  34.4407, 07 Aug 2018 04:07:05
# 29.2629,  5.67565,    3.975, 0.1118, 0.2013,  34.4420, 07 Aug 2018 04:14:05
# 29.2608,  5.67550,    3.962, 0.1092, 0.2087,  34.4425, 07 Aug 2018 04:21:05
# 29.2624,  5.67559,    3.999, 0.1093, 0.1953,  34.4420, 07 Aug 2018 04:28:05
# 29.2608,  5.67557,    3.960, 0.1106, 0.1952,  34.4430, 07 Aug 2018 04:35:05
# 29.2596,  5.67554,    3.946, 0.1080, 0.2583,  34.4436, 07 Aug 2018 04:42:05
# 29.2606,  5.67557,    3.915, 0.1092, 0.1966,  34.4431, 07 Aug 2018 04:49:05
# 29.2630,  5.67583,    3.873, 0.1093, 0.1939,  34.4432, 07 Aug 2018 04:56:05
# 29.2612,  5.67573,    3.867, 0.1106, 0.1941,  34.4438, 07 Aug 2018 05:03:05
# 29.2600,  5.67565,    3.884, 0.1093, 0.1964,  34.4441, 07 Aug 2018 05:10:05
# 29.2565,  5.67539,    3.905, 0.1102, 0.1952,  34.4449, 07 Aug 2018 05:17:05
# 29.2533,  5.67511,    3.806, 0.1081, 0.1916,  34.4452, 07 Aug 2018 05:24:05
# 29.2550,  5.67529,    3.858, 0.1105, 0.2001,  34.4452, 07 Aug 2018 05:31:05
# 29.2613,  5.67593,    3.843, 0.1105, 0.1976,  34.4451, 07 Aug 2018 05:38:05
# 29.2679,  5.67662,    3.765, 0.1093, 0.1927,  34.4451, 07 Aug 2018 05:45:05
# 29.2697,  5.67679,    3.777, 0.1069, 0.1904,  34.4449, 07 Aug 2018 05:52:05
# 29.2703,  5.67695,    3.783, 0.1081, 0.1904,  34.4456, 07 Aug 2018 05:59:05
# 29.2688,  5.67687,    3.809, 0.1093, 0.1965,  34.4461, 07 Aug 2018 06:06:05
# 29.2672,  5.67672,    3.774, 0.1081, 0.1917,  34.4463, 07 Aug 2018 06:13:05
# 29.2664,  5.67661,    3.811, 0.1093, 0.1951,  34.4461, 07 Aug 2018 06:20:05
# 29.2650,  5.67650,    3.732, 0.1092, 0.1927,  34.4464, 07 Aug 2018 06:27:05
# 29.2629,  5.67635,    3.782, 0.1119, 0.1942,  34.4468, 07 Aug 2018 06:34:05
# 29.2649,  5.67647,    3.709, 0.1128, 0.1916,  34.4463, 07 Aug 2018 06:41:05
# 29.2633,  5.67644,    3.726, 0.1267, 0.1942,  34.4472, 07 Aug 2018 06:48:05
# 29.2601,  5.67619,    3.786, 0.1254, 0.1940,  34.4477, 07 Aug 2018 06:55:05
# 29.2579,  5.67597,    3.681, 0.1205, 0.1904,  34.4479, 07 Aug 2018 07:02:05
# 29.2563,  5.67583,    3.650, 0.1205, 0.1928,  34.4480, 07 Aug 2018 07:09:05
# 29.2536,  5.67561,    3.668, 0.1154, 0.1916,  34.4485, 07 Aug 2018 07:16:05
# 29.2515,  5.67537,    3.658, 0.1155, 0.1904,  34.4484, 07 Aug 2018 07:23:05
# 29.2507,  5.67539,    3.630, 0.1144, 0.1916,  34.4491, 07 Aug 2018 07:30:05
# 29.2507,  5.67540,    3.653, 0.1118, 0.1917,  34.4491, 07 Aug 2018 07:37:05
# 29.2495,  5.67528,    3.678, 0.1132, 0.1903,  34.4492, 07 Aug 2018 07:44:05
# 29.2500,  5.67540,    3.729, 0.1154, 0.1904,  34.4496, 07 Aug 2018 07:51:05
# 29.2523,  5.67572,    3.634, 0.1118, 0.1892,  34.4502, 07 Aug 2018 07:58:05
# 29.2529,  5.67585,    3.714, 0.1118, 0.1903,  34.4506, 07 Aug 2018 08:05:05
# 29.2585,  5.67647,    3.669, 0.1143, 0.1892,  34.4508, 07 Aug 2018 08:12:05
# 29.2652,  5.67725,    3.768, 0.1142, 0.1916,  34.4513, 07 Aug 2018 08:19:05
# 29.2756,  5.67834,    3.683, 0.1093, 0.1878,  34.4513, 07 Aug 2018 08:26:05
# 29.2869,  5.67957,    3.671, 0.1093, 0.1904,  34.4516, 07 Aug 2018 08:33:05
# 29.3054,  5.68164,    3.724, 0.1091, 0.1855,  34.4525, 07 Aug 2018 08:40:05
# 29.3129,  5.68243,    3.684, 0.1044, 0.1915,  34.4525, 07 Aug 2018 08:47:05
# 29.3160,  5.68290,    3.665, 0.1081, 0.1901,  34.4535, 07 Aug 2018 08:54:05
# 29.3321,  5.68470,    3.696, 0.1069, 0.1891,  34.4542, 07 Aug 2018 09:01:05
# 29.3351,  5.68528,    3.709, 0.1019, 0.1915,  34.4560, 07 Aug 2018 09:08:05
# 29.3478,  5.68652,    3.726, 0.1054, 0.1877,  34.4554, 07 Aug 2018 09:15:05
# 29.3621,  5.68817,    3.708, 0.1054, 0.1878,  34.4563, 07 Aug 2018 09:22:05
# 29.3720,  5.68941,    3.750, 0.1017, 0.1891,  34.4577, 07 Aug 2018 09:29:05
# 29.3895,  5.69158,    3.758, 0.1032, 0.1855,  34.4599, 07 Aug 2018 09:36:05
# 29.4016,  5.69270,    3.791, 0.1044, 0.1891,  34.4588, 07 Aug 2018 09:43:05
# 29.4201,  5.69467,    3.798, 0.1031, 0.1926,  34.4591, 07 Aug 2018 09:50:05
# 29.4266,  5.69569,    3.842, 0.1019, 0.1891,  34.4613, 07 Aug 2018 09:57:05
# 29.4409,  5.69702,    3.791, 0.1032, 0.1891,  34.4602, 07 Aug 2018 10:04:05
# 29.4549,  5.69881,    3.881, 0.1017, 0.1916,  34.4622, 07 Aug 2018 10:11:05
# 29.4654,  5.70006,    3.802, 0.1031, 0.2171,  34.4632, 07 Aug 2018 10:18:05
# 29.4722,  5.70147,    3.857, 0.0980, 0.1901,  34.4680, 07 Aug 2018 10:25:05
# 29.4943,  5.70344,    3.939, 0.1019, 0.1902,  34.4656, 07 Aug 2018 10:32:05
# 29.5074,  5.70504,    3.881, 0.1019, 0.1904,  34.4670, 07 Aug 2018 10:39:05
# 29.5216,  5.70632,    3.948, 0.1006, 0.1940,  34.4656, 07 Aug 2018 10:46:05
# 29.5335,  5.70785,    3.946, 0.1032, 0.1902,  34.4674, 07 Aug 2018 10:53:05
# 29.5481,  5.70994,    3.972, 0.1029, 0.1868,  34.4712, 07 Aug 2018 11:00:05
# 29.5599,  5.71177,    3.976, 0.1030, 0.2026,  34.4752, 07 Aug 2018 11:07:05
# 29.5670,  5.71353,    3.940, 0.1067, 0.1940,  34.4821, 07 Aug 2018 11:14:05
# 29.5828,  5.71531,    3.981, 0.1032, 0.1915,  34.4828, 07 Aug 2018 11:21:05
# 29.6024,  5.71744,    4.067, 0.1019, 0.1964,  34.4833, 07 Aug 2018 11:28:05
# 29.6043,  5.71777,    4.073, 0.1032, 0.1915,  34.4842, 07 Aug 2018 11:35:05
# 29.6104,  5.71922,    4.094, 0.1004, 0.1926,  34.4897, 07 Aug 2018 11:42:05
# 29.6268,  5.72118,    4.161, 0.1008, 0.1914,  34.4912, 07 Aug 2018 11:49:05
# 29.6491,  5.72381,    4.083, 0.1032, 0.1926,  34.4931, 07 Aug 2018 11:56:05
# 29.6638,  5.72596,    4.115, 0.1055, 0.1917,  34.4972, 07 Aug 2018 12:03:05
# 29.6815,  5.72794,    4.145, 0.1045, 0.1914,  34.4979, 07 Aug 2018 12:10:05
# 29.6934,  5.72935,    4.089, 0.1054, 0.1952,  34.4990, 07 Aug 2018 12:17:05
# 29.7155,  5.73175,    4.112, 0.1043, 0.1940,  34.4995, 07 Aug 2018 12:24:05
# 29.7159,  5.73166,    4.115, 0.1070, 0.1950,  34.4986, 07 Aug 2018 12:31:05
# 29.7259,  5.73381,    4.203, 0.1057, 0.1915,  34.5060, 07 Aug 2018 12:38:05
# 29.7339,  5.73411,    4.193, 0.1054, 0.1902,  34.5023, 07 Aug 2018 12:45:05
# 29.7415,  5.73533,    4.221, 0.1092, 0.1927,  34.5051, 07 Aug 2018 12:52:05
# 29.7346,  5.73457,    4.243, 0.1044, 0.1964,  34.5049, 07 Aug 2018 12:59:05
# 29.7087,  5.73163,    4.225, 0.1054, 0.1987,  34.5035, 07 Aug 2018 13:06:05
# 29.6951,  5.73054,    4.250, 0.1093, 0.1940,  34.5058, 07 Aug 2018 13:13:05
# 29.6767,  5.72870,    4.208, 0.1019, 0.1942,  34.5066, 07 Aug 2018 13:20:05
# 29.6729,  5.72845,    4.260, 0.1069, 0.1965,  34.5075, 07 Aug 2018 13:27:05
# 29.6801,  5.72899,    4.268, 0.1080, 0.1976,  34.5060, 07 Aug 2018 13:34:05
# 29.6832,  5.72959,    4.368, 0.1030, 0.1965,  34.5079, 07 Aug 2018 13:41:05
# 29.6882,  5.73019,    4.324, 0.1069, 0.2038,  34.5084, 07 Aug 2018 13:48:05
# 29.6982,  5.73114,    4.347, 0.1118, 0.1988,  34.5076, 07 Aug 2018 13:55:05
