# 29.8474,  5.67294,    3.740, 0.1254, 0.2112,  34.0081, 10 Sep 2018 14:00:05
# 29.8380,  5.67226,    3.769, 0.1278, 0.2147,  34.0101, 10 Sep 2018 14:07:05
# 29.8285,  5.67089,    3.853, 0.1242, 0.2159,  34.0075, 10 Sep 2018 14:14:05
# 29.8457,  5.67223,    3.843, 0.1251, 0.2184,  34.0045, 10 Sep 2018 14:21:05
# 29.8487,  5.67189,    3.839, 0.1266, 0.2134,  34.0001, 10 Sep 2018 14:28:05
# 29.8487,  5.67149,    3.901, 0.1315, 0.2136,  33.9973, 10 Sep 2018 14:35:05
# 29.8437,  5.67088,    3.927, 0.1255, 0.2173,  33.9968, 10 Sep 2018 14:42:05
# 29.8395,  5.66987,    3.925, 0.1290, 0.2145,  33.9929, 10 Sep 2018 14:49:05
# 29.8338,  5.66942,    3.977, 0.1240, 0.2169,  33.9939, 10 Sep 2018 14:56:05
# 29.8176,  5.66775,    3.941, 0.1277, 0.2257,  33.9940, 10 Sep 2018 15:03:05
# 29.7990,  5.66683,    4.042, 0.1254, 0.2184,  34.0008, 10 Sep 2018 15:10:05
# 29.8066,  5.66783,    4.049, 0.1278, 0.2135,  34.0022, 10 Sep 2018 15:17:05
# 29.8053,  5.66859,    4.051, 0.1315, 0.2160,  34.0083, 10 Sep 2018 15:24:05
# 29.8043,  5.66925,    4.083, 0.1301, 0.2184,  34.0134, 10 Sep 2018 15:31:05
# 29.8073,  5.67005,    4.176, 0.1290, 0.2173,  34.0167, 10 Sep 2018 15:38:05
# 29.7956,  5.67008,    4.209, 0.1314, 0.2158,  34.0251, 10 Sep 2018 15:45:05
# 29.7656,  5.66954,    4.142, 0.1305, 0.2244,  34.0426, 10 Sep 2018 15:52:05
# 29.7450,  5.66940,    4.179, 0.1253, 0.2063,  34.0562, 10 Sep 2018 15:59:05
# 29.7303,  5.66945,    4.213, 0.1327, 0.2207,  34.0669, 10 Sep 2018 16:06:05
# 29.7210,  5.66908,    4.214, 0.1341, 0.2197,  34.0710, 10 Sep 2018 16:13:05
# 29.6963,  5.66848,    4.293, 0.1339, 0.2207,  34.0843, 10 Sep 2018 16:20:05
# 29.6830,  5.66815,    4.237, 0.1364, 0.2184,  34.0915, 10 Sep 2018 16:27:05
# 29.6610,  5.66756,    4.306, 0.1378, 0.2380,  34.1030, 10 Sep 2018 16:34:05
# 29.6495,  5.66762,    4.299, 0.1352, 0.2186,  34.1116, 10 Sep 2018 16:41:05
# 29.6390,  5.66769,    4.362, 0.1340, 0.2197,  34.1195, 10 Sep 2018 16:48:05
# 29.6223,  5.66729,    4.363, 0.1229, 0.2441,  34.1286, 10 Sep 2018 16:55:05
# 29.6195,  5.66744,    4.395, 0.1353, 0.2196,  34.1316, 10 Sep 2018 17:02:05
# 29.6154,  5.66777,    4.302, 0.1376, 0.2268,  34.1368, 10 Sep 2018 17:09:05
# 29.6097,  5.66781,    4.322, 0.1353, 0.2126,  34.1411, 10 Sep 2018 17:16:05
# 29.5984,  5.66739,    4.398, 0.1315, 0.2197,  34.1462, 10 Sep 2018 17:23:05
# 29.5902,  5.66718,    4.491, 0.1340, 0.2184,  34.1505, 10 Sep 2018 17:30:05
# 29.5782,  5.66684,    4.414, 0.1328, 0.2247,  34.1568, 10 Sep 2018 17:37:05
# 29.5712,  5.66694,    4.410, 0.1353, 0.2208,  34.1624, 10 Sep 2018 17:44:05
# 29.5547,  5.66670,    4.452, 0.1316, 0.2235,  34.1725, 10 Sep 2018 17:51:05
# 29.5417,  5.66612,    4.471, 0.1379, 0.2308,  34.1778, 10 Sep 2018 17:58:05
# 29.5281,  5.66549,    4.461, 0.1341, 0.2367,  34.1832, 10 Sep 2018 18:05:05
# 29.5159,  5.66489,    4.453, 0.1366, 0.2183,  34.1878, 10 Sep 2018 18:12:05
# 29.5035,  5.66429,    4.395, 0.1340, 0.2246,  34.1925, 10 Sep 2018 18:19:05
# 29.4911,  5.66379,    4.532, 0.1104, 0.2210,  34.1979, 10 Sep 2018 18:26:05
# 29.4804,  5.66322,    4.414, 0.1328, 0.2271,  34.2017, 10 Sep 2018 18:33:05
# 29.4691,  5.66272,    4.409, 0.1341, 0.2222,  34.2062, 10 Sep 2018 18:40:05
# 29.4591,  5.66199,    4.407, 0.1315, 0.2245,  34.2084, 10 Sep 2018 18:47:05
# 29.4528,  5.66140,    4.449, 0.1340, 0.2283,  34.2089, 10 Sep 2018 18:54:05
# 29.4464,  5.66081,    4.441, 0.1316, 0.2233,  34.2094, 10 Sep 2018 19:01:05
# 29.4425,  5.66044,    4.446, 0.1318, 0.2268,  34.2097, 10 Sep 2018 19:08:05
# 29.4385,  5.66018,    4.418, 0.1315, 0.2319,  34.2108, 10 Sep 2018 19:15:05
# 29.4314,  5.65969,    4.427, 0.1315, 0.2319,  34.2125, 10 Sep 2018 19:22:05
# 29.4227,  5.65918,    4.311, 0.1315, 0.2269,  34.2153, 10 Sep 2018 19:29:05
# 29.4138,  5.65873,    4.289, 0.1304, 0.2368,  34.2186, 10 Sep 2018 19:36:05
# 29.4093,  5.65844,    4.444, 0.1328, 0.2380,  34.2197, 10 Sep 2018 19:43:05
# 29.4052,  5.65821,    4.243, 0.1315, 0.2283,  34.2212, 10 Sep 2018 19:50:05
# 29.3987,  5.65798,    4.293, 0.1329, 0.2184,  34.2242, 10 Sep 2018 19:57:05
# 29.3958,  5.65773,    4.234, 0.1316, 0.2222,  34.2246, 10 Sep 2018 20:04:05
# 29.3920,  5.65771,    4.189, 0.1328, 0.2670,  34.2272, 10 Sep 2018 20:11:05
# 29.3891,  5.65775,    4.305, 0.1305, 0.2454,  34.2294, 10 Sep 2018 20:18:05
# 29.3867,  5.65760,    4.188, 0.1316, 0.2259,  34.2301, 10 Sep 2018 20:25:05
# 29.3829,  5.65751,    4.134, 0.1325, 0.2220,  34.2323, 10 Sep 2018 20:32:05
# 29.3820,  5.65762,    4.122, 0.1328, 0.2197,  34.2337, 10 Sep 2018 20:39:05
# 29.3781,  5.65774,    4.073, 0.1316, 0.2235,  34.2373, 10 Sep 2018 20:46:05
# 29.3745,  5.65766,    4.023, 0.1328, 0.2232,  34.2393, 10 Sep 2018 20:53:05
# 29.3674,  5.65768,    4.028, 0.1339, 0.2210,  34.2445, 10 Sep 2018 21:00:05
# 29.3649,  5.65762,    4.004, 0.1341, 0.2197,  34.2459, 10 Sep 2018 21:07:05
# 29.3575,  5.65740,    3.984, 0.1315, 0.2184,  34.2496, 10 Sep 2018 21:14:05
# 29.3500,  5.65693,    3.963, 0.1317, 0.2184,  34.2518, 10 Sep 2018 21:21:05
# 29.3430,  5.65640,    3.968, 0.1327, 0.2171,  34.2532, 10 Sep 2018 21:28:05
# 29.3357,  5.65589,    3.853, 0.1328, 0.2319,  34.2550, 10 Sep 2018 21:35:05
# 29.3323,  5.65566,    3.927, 0.1304, 0.2235,  34.2558, 10 Sep 2018 21:42:05
# 29.3273,  5.65536,    3.802, 0.1327, 0.2221,  34.2573, 10 Sep 2018 21:49:05
# 29.3205,  5.65485,    3.804, 0.1305, 0.2209,  34.2588, 10 Sep 2018 21:56:05
# 29.3148,  5.65457,    3.801, 0.1303, 0.2173,  34.2609, 10 Sep 2018 22:03:05
# 29.3094,  5.65420,    3.705, 0.1340, 0.2184,  34.2623, 10 Sep 2018 22:10:05
# 29.3031,  5.65390,    3.769, 0.1339, 0.2173,  34.2647, 10 Sep 2018 22:17:05
# 29.2957,  5.65343,    3.729, 0.1315, 0.2197,  34.2668, 10 Sep 2018 22:24:05
# 29.2854,  5.65262,    3.672, 0.1302, 0.2161,  34.2686, 10 Sep 2018 22:31:05
# 29.2758,  5.65201,    3.654, 0.1328, 0.2184,  34.2713, 10 Sep 2018 22:38:05
# 29.2715,  5.65163,    3.657, 0.1327, 0.2136,  34.2718, 10 Sep 2018 22:45:05
# 29.2637,  5.65111,    3.655, 0.1315, 0.2124,  34.2738, 10 Sep 2018 22:52:05
# 29.2531,  5.65040,    3.592, 0.1316, 0.2171,  34.2766, 10 Sep 2018 22:59:05
# 29.2449,  5.64980,    3.608, 0.1327, 0.2222,  34.2783, 10 Sep 2018 23:06:05
# 29.2405,  5.64947,    3.547, 0.1315, 0.2171,  34.2793, 10 Sep 2018 23:13:05
# 29.2316,  5.64892,    3.522, 0.1315, 0.2123,  34.2819, 10 Sep 2018 23:20:05
# 29.2242,  5.64837,    3.523, 0.1317, 0.2271,  34.2833, 10 Sep 2018 23:27:05
# 29.2182,  5.64790,    3.522, 0.1328, 0.2136,  34.2844, 10 Sep 2018 23:34:05
# 29.2115,  5.64742,    3.488, 0.1316, 0.2148,  34.2860, 10 Sep 2018 23:41:05
# 29.2010,  5.64680,    3.468, 0.1302, 0.2161,  34.2893, 10 Sep 2018 23:48:05
# 29.1957,  5.64662,    3.507, 0.1315, 0.2148,  34.2918, 10 Sep 2018 23:55:05
# 29.1917,  5.64642,    3.456, 0.1315, 0.2147,  34.2934, 11 Sep 2018 00:02:05
# 29.1847,  5.64598,    3.443, 0.1276, 0.2173,  34.2953, 11 Sep 2018 00:09:05
# 29.1762,  5.64545,    3.465, 0.1289, 0.2232,  34.2978, 11 Sep 2018 00:16:05
# 29.1670,  5.64471,    3.444, 0.1303, 0.2184,  34.2993, 11 Sep 2018 00:23:05
# 29.1618,  5.64405,    3.511, 0.1279, 0.2185,  34.2986, 11 Sep 2018 00:30:05
# 29.1591,  5.64365,    3.430, 0.1290, 0.2197,  34.2977, 11 Sep 2018 00:37:05
# 29.1554,  5.64334,    3.464, 0.1316, 0.2173,  34.2983, 11 Sep 2018 00:44:05
# 29.1522,  5.64302,    3.479, 0.1316, 0.2173,  34.2983, 11 Sep 2018 00:51:05
# 29.1526,  5.64356,    3.458, 0.1328, 0.2174,  34.3018, 11 Sep 2018 00:58:05
# 29.1554,  5.64393,    3.516, 0.1290, 0.2184,  34.3023, 11 Sep 2018 01:05:05
# 29.1564,  5.64415,    3.471, 0.1304, 0.2245,  34.3031, 11 Sep 2018 01:12:05
# 29.1624,  5.64471,    3.466, 0.1302, 0.2137,  34.3026, 11 Sep 2018 01:19:05
# 29.1701,  5.64568,    3.500, 0.1290, 0.2172,  34.3037, 11 Sep 2018 01:26:05
# 29.1750,  5.64632,    3.482, 0.1314, 0.2161,  34.3046, 11 Sep 2018 01:33:05
# 29.1840,  5.64752,    3.532, 0.1302, 0.2161,  34.3064, 11 Sep 2018 01:40:05
# 29.1884,  5.64826,    3.545, 0.1292, 0.2148,  34.3082, 11 Sep 2018 01:47:05
# 29.2008,  5.64980,    3.602, 0.1292, 0.2171,  34.3099, 11 Sep 2018 01:54:05
# 29.2068,  5.65088,    3.572, 0.1279, 0.2184,  34.3130, 11 Sep 2018 02:01:05
# 29.2072,  5.65098,    3.597, 0.1302, 0.2147,  34.3133, 11 Sep 2018 02:08:05
# 29.2058,  5.65083,    3.619, 0.1304, 0.2136,  34.3134, 11 Sep 2018 02:15:05
# 29.2021,  5.65066,    3.630, 0.1302, 0.2148,  34.3148, 11 Sep 2018 02:22:05
# 29.2015,  5.65037,    3.618, 0.1292, 0.2183,  34.3133, 11 Sep 2018 02:29:05
# 29.1981,  5.65001,    3.702, 0.1277, 0.2161,  34.3132, 11 Sep 2018 02:36:05
# 29.1997,  5.65022,    3.704, 0.1277, 0.2135,  34.3135, 11 Sep 2018 02:43:05
# 29.1991,  5.65027,    3.735, 0.1304, 0.2160,  34.3143, 11 Sep 2018 02:50:05
# 29.1945,  5.64977,    3.747, 0.1302, 0.2124,  34.3141, 11 Sep 2018 02:57:05
# 29.1847,  5.64899,    3.789, 0.1277, 0.2124,  34.3158, 11 Sep 2018 03:04:05
# 29.1807,  5.64843,    3.840, 0.1303, 0.2149,  34.3148, 11 Sep 2018 03:11:05
# 29.1781,  5.64811,    3.816, 0.1303, 0.2113,  34.3146, 11 Sep 2018 03:18:05
# 29.1683,  5.64714,    3.831, 0.1289, 0.2160,  34.3149, 11 Sep 2018 03:25:05
# 29.1565,  5.64586,    3.902, 0.1305, 0.2148,  34.3146, 11 Sep 2018 03:32:05
# 29.1456,  5.64480,    3.904, 0.1291, 0.2186,  34.3152, 11 Sep 2018 03:39:05
# 29.1448,  5.64473,    3.913, 0.1278, 0.2186,  34.3153, 11 Sep 2018 03:46:05
# 29.1476,  5.64518,    3.993, 0.1327, 0.2136,  34.3163, 11 Sep 2018 03:53:05
# 29.1523,  5.64580,    4.036, 0.1290, 0.2185,  34.3171, 11 Sep 2018 04:00:05
# 29.1510,  5.64587,    3.963, 0.1341, 0.2198,  34.3186, 11 Sep 2018 04:07:05
# 29.1328,  5.64452,    4.021, 0.1316, 0.2159,  34.3224, 11 Sep 2018 04:14:05
# 29.1213,  5.64330,    4.042, 0.1303, 0.2195,  34.3222, 11 Sep 2018 04:21:05
# 29.1238,  5.64363,    4.117, 0.1279, 0.2138,  34.3227, 11 Sep 2018 04:28:05
# 29.1251,  5.64396,    4.147, 0.1317, 0.2283,  34.3240, 11 Sep 2018 04:35:05
# 29.1334,  5.64482,    4.136, 0.1279, 0.2160,  34.3239, 11 Sep 2018 04:42:05
# 29.1379,  5.64537,    4.180, 0.1302, 0.2173,  34.3245, 11 Sep 2018 04:49:05
# 29.1540,  5.64734,    4.234, 0.1303, 0.2147,  34.3264, 11 Sep 2018 04:56:05
# 29.1791,  5.65023,    4.181, 0.1292, 0.2221,  34.3282, 11 Sep 2018 05:03:05
# 29.1896,  5.65151,    4.186, 0.1265, 0.2161,  34.3295, 11 Sep 2018 05:10:05
# 29.2128,  5.65410,    4.208, 0.1291, 0.2160,  34.3305, 11 Sep 2018 05:17:05
# 29.2376,  5.65696,    4.245, 0.1279, 0.2136,  34.3323, 11 Sep 2018 05:24:05
# 29.2558,  5.65891,    4.358, 0.1279, 0.2196,  34.3326, 11 Sep 2018 05:31:05
# 29.2772,  5.66101,    4.287, 0.1291, 0.2185,  34.3316, 11 Sep 2018 05:38:05
# 29.2933,  5.66247,    4.280, 0.1291, 0.2197,  34.3300, 11 Sep 2018 05:45:05
# 29.2992,  5.66300,    4.316, 0.1290, 0.2171,  34.3294, 11 Sep 2018 05:52:05
# 29.3123,  5.66387,    4.225, 0.1291, 0.2306,  34.3260, 11 Sep 2018 05:59:05
# 29.3160,  5.66401,    4.334, 0.1316, 0.2198,  34.3243, 11 Sep 2018 06:06:05
# 29.3242,  5.66432,    4.302, 0.1315, 0.2221,  34.3206, 11 Sep 2018 06:13:05
# 29.3321,  5.66465,    4.297, 0.1305, 0.2245,  34.3172, 11 Sep 2018 06:20:05
# 29.3390,  5.66490,    4.422, 0.1303, 0.2185,  34.3139, 11 Sep 2018 06:27:05
# 29.3427,  5.66504,    4.308, 0.1340, 0.2221,  34.3123, 11 Sep 2018 06:34:05
# 29.3444,  5.66502,    4.360, 0.1550, 0.2232,  34.3109, 11 Sep 2018 06:41:05
# 29.3461,  5.66501,    4.317, 0.1487, 0.2366,  34.3096, 11 Sep 2018 06:48:05
# 29.3485,  5.66497,    4.284, 0.1477, 0.2246,  34.3077, 11 Sep 2018 06:55:05
# 29.3520,  5.66483,    4.278, 0.1416, 0.2270,  34.3042, 11 Sep 2018 07:02:05
# 29.3541,  5.66485,    4.322, 0.1404, 0.2219,  34.3028, 11 Sep 2018 07:09:05
# 29.3583,  5.66493,    4.324, 0.1415, 0.2245,  34.3003, 11 Sep 2018 07:16:05
# 29.3596,  5.66460,    4.284, 0.1427, 0.2219,  34.2971, 11 Sep 2018 07:23:05
# 29.3610,  5.66438,    4.327, 0.1390, 0.2198,  34.2947, 11 Sep 2018 07:30:05
# 29.3623,  5.66408,    4.266, 0.1354, 0.2246,  34.2917, 11 Sep 2018 07:37:05
# 29.3616,  5.66342,    4.305, 0.1353, 0.2186,  34.2877, 11 Sep 2018 07:44:05
# 29.3591,  5.66235,    4.262, 0.1364, 0.2208,  34.2822, 11 Sep 2018 07:51:05
# 29.3587,  5.66150,    4.240, 0.1339, 0.2185,  34.2767, 11 Sep 2018 07:58:05
# 29.3579,  5.66055,    4.237, 0.1340, 0.2208,  34.2708, 11 Sep 2018 08:05:05
# 29.3589,  5.65957,    4.225, 0.1328, 0.2245,  34.2634, 11 Sep 2018 08:12:05
# 29.3606,  5.65880,    4.096, 0.1315, 0.2185,  34.2570, 11 Sep 2018 08:19:05
# 29.3620,  5.65795,    4.107, 0.1350, 0.2183,  34.2502, 11 Sep 2018 08:26:05
# 29.3674,  5.65788,    4.150, 0.1305, 0.2161,  34.2459, 11 Sep 2018 08:33:05
# 29.3748,  5.65820,    4.049, 0.1291, 0.2161,  34.2428, 11 Sep 2018 08:40:05
# 29.3769,  5.65804,    4.025, 0.1304, 0.2197,  34.2402, 11 Sep 2018 08:47:05
# 29.3837,  5.65835,    4.041, 0.1278, 0.2187,  34.2374, 11 Sep 2018 08:54:05
# 29.3902,  5.65895,    4.067, 0.1278, 0.2184,  34.2369, 11 Sep 2018 09:01:05
# 29.3961,  5.65948,    4.024, 0.1279, 0.2320,  34.2363, 11 Sep 2018 09:08:05
# 29.4004,  5.66002,    3.953, 0.1304, 0.2171,  34.2370, 11 Sep 2018 09:15:05
# 29.4106,  5.66118,    3.972, 0.1279, 0.2246,  34.2376, 11 Sep 2018 09:22:05
# 29.4183,  5.66208,    3.906, 0.1278, 0.2184,  34.2382, 11 Sep 2018 09:29:05
# 29.4265,  5.66322,    3.916, 0.1253, 0.2184,  34.2402, 11 Sep 2018 09:36:05
# 29.4372,  5.66464,    3.975, 0.1289, 0.2185,  34.2422, 11 Sep 2018 09:43:05
# 29.4517,  5.66647,    3.871, 0.1255, 0.2161,  34.2443, 11 Sep 2018 09:50:05
# 29.4669,  5.66878,    3.881, 0.1180, 0.2207,  34.2493, 11 Sep 2018 09:57:05
# 29.4752,  5.67006,    3.792, 0.1202, 0.2159,  34.2521, 11 Sep 2018 10:04:05
# 29.4827,  5.67115,    3.744, 0.1166, 0.2136,  34.2541, 11 Sep 2018 10:11:05
# 29.4979,  5.67300,    3.788, 0.1167, 0.2137,  34.2559, 11 Sep 2018 10:18:05
# 29.5057,  5.67409,    3.719, 0.1178, 0.2173,  34.2577, 11 Sep 2018 10:25:05
# 29.5195,  5.67575,    3.754, 0.1167, 0.2183,  34.2592, 11 Sep 2018 10:32:05
# 29.5333,  5.67736,    3.753, 0.1131, 0.2160,  34.2604, 11 Sep 2018 10:39:05
# 29.5479,  5.67891,    3.664, 0.1142, 0.2171,  34.2604, 11 Sep 2018 10:46:05
# 29.5695,  5.68153,    3.650, 0.1168, 0.2184,  34.2629, 11 Sep 2018 10:53:05
# 29.5868,  5.68350,    3.680, 0.1167, 0.2185,  34.2640, 11 Sep 2018 11:00:05
# 29.6086,  5.68601,    3.627, 0.1141, 0.2161,  34.2655, 11 Sep 2018 11:07:05
# 29.6396,  5.68920,    3.578, 0.1168, 0.2172,  34.2652, 11 Sep 2018 11:14:05
# 29.6672,  5.69224,    3.591, 0.1142, 0.2170,  34.2661, 11 Sep 2018 11:21:05
# 29.6865,  5.69465,    3.585, 0.1178, 0.2160,  34.2688, 11 Sep 2018 11:28:05
# 29.7172,  5.69745,    3.551, 0.1142, 0.2171,  34.2659, 11 Sep 2018 11:35:05
# 29.7367,  5.70043,    3.551, 0.1104, 0.2171,  34.2723, 11 Sep 2018 11:42:05
# 29.7752,  5.70362,    3.529, 0.1167, 0.2293,  34.2665, 11 Sep 2018 11:49:05
# 29.8005,  5.70675,    3.561, 0.1130, 0.2146,  34.2698, 11 Sep 2018 11:56:05
# 29.8187,  5.70809,    3.545, 0.1167, 0.2171,  34.2659, 11 Sep 2018 12:03:05
# 29.8473,  5.71147,    3.531, 0.1142, 0.2171,  34.2685, 11 Sep 2018 12:10:05
# 29.8836,  5.71530,    3.506, 0.1143, 0.2245,  34.2687, 11 Sep 2018 12:17:05
# 29.8889,  5.71602,    3.475, 0.1180, 0.2220,  34.2697, 11 Sep 2018 12:24:05
# 29.9261,  5.71996,    3.479, 0.1154, 0.2172,  34.2700, 11 Sep 2018 12:31:05
# 29.9495,  5.72273,    3.529, 0.1180, 0.2160,  34.2721, 11 Sep 2018 12:38:05
# 29.9963,  5.72726,    3.485, 0.1167, 0.2160,  34.2695, 11 Sep 2018 12:45:05
# 30.0160,  5.73026,    3.471, 0.1155, 0.2207,  34.2758, 11 Sep 2018 12:52:05
# 30.0287,  5.73107,    3.499, 0.1229, 0.2149,  34.2722, 11 Sep 2018 12:59:05
# 30.0669,  5.73480,    3.483, 0.1204, 0.2206,  34.2704, 11 Sep 2018 13:06:05
# 30.0851,  5.73662,    3.543, 0.1192, 0.2161,  34.2697, 11 Sep 2018 13:13:05
# 30.0868,  5.73667,    3.516, 0.1192, 0.2184,  34.2689, 11 Sep 2018 13:20:05
# 30.0606,  5.73413,    3.529, 0.1215, 0.2160,  34.2703, 11 Sep 2018 13:27:05
# 30.0565,  5.73311,    3.542, 0.1192, 0.2182,  34.2664, 11 Sep 2018 13:34:05
# 30.0346,  5.73074,    3.514, 0.1254, 0.2234,  34.2659, 11 Sep 2018 13:41:05
# 30.0241,  5.73009,    3.583, 0.1215, 0.2256,  34.2689, 11 Sep 2018 13:48:05
# 30.0339,  5.72971,    3.580, 0.1241, 0.2148,  34.2594, 11 Sep 2018 13:55:05
