# 29.8908,  5.75603,    3.646, 0.1057, 0.1913,  34.5387, 13 Aug 2018 14:00:05
# 29.8874,  5.75565,    3.669, 0.1055, 0.2013,  34.5385, 13 Aug 2018 14:07:05
# 29.8935,  5.75593,    3.678, 0.1068, 0.1963,  34.5361, 13 Aug 2018 14:14:05
# 29.8995,  5.75656,    3.679, 0.1106, 0.1976,  34.5361, 13 Aug 2018 14:21:05
# 29.9018,  5.75667,    3.702, 0.1069, 0.1978,  34.5352, 13 Aug 2018 14:28:05
# 29.8987,  5.75651,    3.726, 0.1106, 0.1975,  34.5363, 13 Aug 2018 14:35:05
# 29.8953,  5.75584,    3.709, 0.1091, 0.1986,  34.5342, 13 Aug 2018 14:42:05
# 29.8900,  5.75553,    3.731, 0.1108, 0.2000,  34.5359, 13 Aug 2018 14:49:05
# 29.9021,  5.75679,    3.737, 0.1167, 0.1951,  34.5358, 13 Aug 2018 14:56:05
# 29.9129,  5.75752,    3.790, 0.1093, 0.1987,  34.5329, 13 Aug 2018 15:03:05
# 29.9018,  5.75663,    3.824, 0.1130, 0.1988,  34.5349, 13 Aug 2018 15:10:05
# 29.9014,  5.75635,    3.830, 0.1081, 0.1965,  34.5332, 13 Aug 2018 15:17:05
# 29.9054,  5.75687,    3.883, 0.1131, 0.1963,  34.5339, 13 Aug 2018 15:24:05
# 29.9007,  5.75643,    3.895, 0.1129, 0.2000,  34.5343, 13 Aug 2018 15:31:05
# 29.9017,  5.75646,    3.845, 0.1155, 0.1964,  34.5338, 13 Aug 2018 15:38:05
# 29.9226,  5.75892,    3.924, 0.1092, 0.1939,  34.5355, 13 Aug 2018 15:45:05
# 29.9390,  5.76043,    3.978, 0.1142, 0.1987,  34.5340, 13 Aug 2018 15:52:05
# 29.9380,  5.76076,    3.965, 0.1118, 0.1978,  34.5369, 13 Aug 2018 15:59:05
# 29.9273,  5.75935,    3.971, 0.1144, 0.2000,  34.5350, 13 Aug 2018 16:06:05
# 29.8877,  5.75558,    4.004, 0.1106, 0.1990,  34.5378, 13 Aug 2018 16:13:05
# 29.8561,  5.75194,    4.058, 0.1266, 0.2110,  34.5357, 13 Aug 2018 16:20:05
# 29.8466,  5.75075,    4.143, 0.1156, 0.1989,  34.5345, 13 Aug 2018 16:27:05
# 29.8324,  5.74926,    4.157, 0.1118, 0.1939,  34.5345, 13 Aug 2018 16:34:05
# 29.8032,  5.74616,    4.176, 0.1182, 0.1975,  34.5344, 13 Aug 2018 16:41:05
# 29.7714,  5.74307,    4.147, 0.1228, 0.1720,  34.5363, 13 Aug 2018 16:48:05
# 29.7683,  5.74252,    4.160, 0.1118, 0.1940,  34.5347, 13 Aug 2018 16:55:05
# 29.7395,  5.73955,    4.177, 0.1130, 0.2073,  34.5352, 13 Aug 2018 17:02:05
# 29.7226,  5.73762,    4.214, 0.1132, 0.1878,  34.5342, 13 Aug 2018 17:09:05
# 29.7010,  5.73524,    4.210, 0.1168, 0.1965,  34.5335, 13 Aug 2018 17:16:05
# 29.6710,  5.73215,    4.222, 0.1169, 0.1999,  34.5340, 13 Aug 2018 17:23:05
# 29.6493,  5.72981,    4.231, 0.1229, 0.2025,  34.5337, 13 Aug 2018 17:30:05
# 29.6352,  5.72821,    4.291, 0.1205, 0.1950,  34.5329, 13 Aug 2018 17:37:05
# 29.6060,  5.72531,    4.257, 0.1056, 0.1978,  34.5341, 13 Aug 2018 17:44:05
# 29.5959,  5.72415,    4.326, 0.1254, 0.2086,  34.5335, 13 Aug 2018 17:51:05
# 29.5847,  5.72303,    4.486, 0.1156, 0.2084,  34.5339, 13 Aug 2018 17:58:05
# 29.5671,  5.72124,    4.371, 0.1128, 0.2245,  34.5343, 13 Aug 2018 18:05:05
# 29.5586,  5.72044,    4.364, 0.1055, 0.1926,  34.5349, 13 Aug 2018 18:12:05
# 29.5535,  5.71975,    4.382, 0.1154, 0.2123,  34.5340, 13 Aug 2018 18:19:05
# 29.5433,  5.71878,    4.392, 0.1168, 0.1966,  34.5346, 13 Aug 2018 18:26:05
# 29.5345,  5.71772,    4.372, 0.1167, 0.2039,  34.5338, 13 Aug 2018 18:33:05
# 29.5258,  5.71693,    4.355, 0.1192, 0.2011,  34.5346, 13 Aug 2018 18:40:05
# 29.5208,  5.71631,    4.421, 0.1131, 0.2110,  34.5340, 13 Aug 2018 18:47:05
# 29.5117,  5.71540,    4.436, 0.1156, 0.2061,  34.5344, 13 Aug 2018 18:54:05
# 29.5056,  5.71475,    4.421, 0.1130, 0.2073,  34.5343, 13 Aug 2018 19:01:05
# 29.4986,  5.71401,    4.413, 0.1155, 0.2061,  34.5343, 13 Aug 2018 19:08:05
# 29.4929,  5.71351,    4.495, 0.1142, 0.2024,  34.5349, 13 Aug 2018 19:15:05
# 29.4864,  5.71288,    4.387, 0.1154, 0.2158,  34.5353, 13 Aug 2018 19:22:05
# 29.4788,  5.71211,    4.416, 0.1143, 0.2159,  34.5356, 13 Aug 2018 19:29:05
# 29.4747,  5.71170,    4.391, 0.1129, 0.2123,  34.5357, 13 Aug 2018 19:36:05
# 29.4698,  5.71127,    4.477, 0.1179, 0.2161,  34.5363, 13 Aug 2018 19:43:05
# 29.4665,  5.71093,    4.450, 0.1155, 0.2084,  34.5364, 13 Aug 2018 19:50:05
# 29.4629,  5.71056,    4.360, 0.1168, 0.2233,  34.5364, 13 Aug 2018 19:57:05
# 29.4583,  5.71012,    4.385, 0.1156, 0.2098,  34.5367, 13 Aug 2018 20:04:05
# 29.4562,  5.70989,    4.466, 0.1142, 0.2073,  34.5367, 13 Aug 2018 20:11:05
# 29.4529,  5.70958,    4.323, 0.1179, 0.2428,  34.5370, 13 Aug 2018 20:18:05
# 29.4483,  5.70913,    4.311, 0.1155, 0.2097,  34.5372, 13 Aug 2018 20:25:05
# 29.4460,  5.70885,    4.335, 0.1142, 0.2099,  34.5369, 13 Aug 2018 20:32:05
# 29.4412,  5.70839,    4.323, 0.1169, 0.2087,  34.5373, 13 Aug 2018 20:39:05
# 29.4364,  5.70803,    4.403, 0.1154, 0.2111,  34.5382, 13 Aug 2018 20:46:05
# 29.4322,  5.70764,    4.267, 0.1156, 0.2013,  34.5386, 13 Aug 2018 20:53:05
# 29.4279,  5.70725,    4.279, 0.1142, 0.2148,  34.5391, 13 Aug 2018 21:00:05
# 29.4275,  5.70717,    4.258, 0.1142, 0.2088,  34.5389, 13 Aug 2018 21:07:05
# 29.4239,  5.70686,    4.237, 0.1144, 0.2037,  34.5393, 13 Aug 2018 21:14:05
# 29.4206,  5.70654,    4.150, 0.1144, 0.2331,  34.5395, 13 Aug 2018 21:21:05
# 29.4176,  5.70624,    4.182, 0.1143, 0.2086,  34.5397, 13 Aug 2018 21:28:05
# 29.4133,  5.70586,    4.164, 0.1141, 0.2087,  34.5401, 13 Aug 2018 21:35:05
# 29.4101,  5.70550,    4.119, 0.1142, 0.2110,  34.5400, 13 Aug 2018 21:42:05
# 29.4073,  5.70520,    4.075, 0.1141, 0.2061,  34.5399, 13 Aug 2018 21:49:05
# 29.4035,  5.70481,    4.094, 0.1118, 0.2073,  34.5400, 13 Aug 2018 21:56:05
# 29.4000,  5.70449,    3.998, 0.1155, 0.2074,  34.5404, 13 Aug 2018 22:03:05
# 29.3952,  5.70402,    3.967, 0.1142, 0.2037,  34.5407, 13 Aug 2018 22:10:05
# 29.3899,  5.70347,    3.979, 0.1142, 0.2074,  34.5407, 13 Aug 2018 22:17:05
# 29.3854,  5.70305,    3.952, 0.1154, 0.2026,  34.5410, 13 Aug 2018 22:24:05
# 29.3816,  5.70268,    3.949, 0.1143, 0.2023,  34.5413, 13 Aug 2018 22:31:05
# 29.3762,  5.70215,    3.936, 0.1142, 0.2039,  34.5416, 13 Aug 2018 22:38:05
# 29.3723,  5.70174,    3.891, 0.1142, 0.2049,  34.5416, 13 Aug 2018 22:45:05
# 29.3666,  5.70115,    3.868, 0.1143, 0.2049,  34.5416, 13 Aug 2018 22:52:05
# 29.3612,  5.70055,    3.843, 0.1141, 0.2111,  34.5414, 13 Aug 2018 22:59:05
# 29.3545,  5.69991,    3.787, 0.1167, 0.2052,  34.5419, 13 Aug 2018 23:06:05
# 29.3507,  5.69953,    3.728, 0.1118, 0.2049,  34.5420, 13 Aug 2018 23:13:05
# 29.3412,  5.69860,    3.741, 0.1129, 0.2024,  34.5425, 13 Aug 2018 23:20:05
# 29.3364,  5.69809,    3.750, 0.1130, 0.2049,  34.5425, 13 Aug 2018 23:27:05
# 29.3313,  5.69759,    3.685, 0.1117, 0.2025,  34.5428, 13 Aug 2018 23:34:05
# 29.3255,  5.69703,    3.687, 0.1180, 0.2039,  34.5432, 13 Aug 2018 23:41:05
# 29.3186,  5.69635,    3.670, 0.1142, 0.2011,  34.5435, 13 Aug 2018 23:48:05
# 29.3151,  5.69595,    3.635, 0.1155, 0.2014,  34.5433, 13 Aug 2018 23:55:05
# 29.3113,  5.69559,    3.581, 0.1143, 0.2026,  34.5436, 14 Aug 2018 00:02:05
# 29.3047,  5.69491,    3.588, 0.1118, 0.2038,  34.5437, 14 Aug 2018 00:09:05
# 29.2984,  5.69428,    3.576, 0.1141, 0.2026,  34.5439, 14 Aug 2018 00:16:05
# 29.2944,  5.69389,    3.578, 0.1154, 0.2087,  34.5441, 14 Aug 2018 00:23:05
# 29.2856,  5.69309,    3.534, 0.1168, 0.2049,  34.5450, 14 Aug 2018 00:30:05
# 29.2773,  5.69215,    3.538, 0.1129, 0.2001,  34.5445, 14 Aug 2018 00:37:05
# 29.2714,  5.69162,    3.508, 0.1143, 0.2099,  34.5452, 14 Aug 2018 00:44:05
# 29.2631,  5.69080,    3.538, 0.1180, 0.2000,  34.5455, 14 Aug 2018 00:51:05
# 29.2500,  5.68957,    3.498, 0.1143, 0.2026,  34.5466, 14 Aug 2018 00:58:05
# 29.2433,  5.68898,    3.512, 0.1143, 0.2003,  34.5473, 14 Aug 2018 01:05:05
# 29.2338,  5.68797,    3.507, 0.1131, 0.2013,  34.5474, 14 Aug 2018 01:12:05
# 29.2273,  5.68735,    3.500, 0.1129, 0.2064,  34.5478, 14 Aug 2018 01:19:05
# 29.2218,  5.68681,    3.490, 0.1103, 0.2000,  34.5481, 14 Aug 2018 01:26:05
# 29.2221,  5.68684,    3.469, 0.1128, 0.2026,  34.5480, 14 Aug 2018 01:33:05
# 29.2197,  5.68656,    3.482, 0.1118, 0.2065,  34.5479, 14 Aug 2018 01:40:05
# 29.2244,  5.68702,    3.483, 0.1141, 0.2026,  34.5476, 14 Aug 2018 01:47:05
# 29.2316,  5.68755,    3.474, 0.1141, 0.2038,  34.5461, 14 Aug 2018 01:54:05
# 29.2300,  5.68757,    3.483, 0.1131, 0.2027,  34.5474, 14 Aug 2018 02:01:05
# 29.2334,  5.68791,    3.476, 0.1142, 0.2013,  34.5472, 14 Aug 2018 02:08:05
# 29.2355,  5.68811,    3.505, 0.1141, 0.2013,  34.5471, 14 Aug 2018 02:15:05
# 29.2372,  5.68833,    3.502, 0.1118, 0.2038,  34.5474, 14 Aug 2018 02:22:05
# 29.2406,  5.68864,    3.527, 0.1131, 0.2000,  34.5470, 14 Aug 2018 02:29:05
# 29.2456,  5.68911,    3.543, 0.1141, 0.2001,  34.5466, 14 Aug 2018 02:36:05
# 29.2457,  5.68919,    3.508, 0.1167, 0.2305,  34.5471, 14 Aug 2018 02:43:05
# 29.2476,  5.68937,    3.595, 0.1103, 0.2744,  34.5470, 14 Aug 2018 02:50:05
# 29.2486,  5.68948,    3.618, 0.1144, 0.2014,  34.5469, 14 Aug 2018 02:57:05
# 29.2532,  5.68993,    3.588, 0.1131, 0.2002,  34.5467, 14 Aug 2018 03:04:05
# 29.2529,  5.68992,    3.614, 0.1119, 0.2026,  34.5469, 14 Aug 2018 03:11:05
# 29.2513,  5.68976,    3.650, 0.1118, 0.1977,  34.5469, 14 Aug 2018 03:18:05
# 29.2518,  5.68982,    3.645, 0.1118, 0.2026,  34.5470, 14 Aug 2018 03:25:05
# 29.2505,  5.68971,    3.659, 0.1115, 0.1977,  34.5471, 14 Aug 2018 03:32:05
# 29.2516,  5.68976,    3.696, 0.1118, 0.2013,  34.5467, 14 Aug 2018 03:39:05
# 29.2529,  5.68989,    3.713, 0.1118, 0.2086,  34.5466, 14 Aug 2018 03:46:05
# 29.2523,  5.68985,    3.730, 0.1131, 0.2123,  34.5468, 14 Aug 2018 03:53:05
# 29.2468,  5.68929,    3.771, 0.1106, 0.2013,  34.5470, 14 Aug 2018 04:00:05
# 29.2444,  5.68905,    3.830, 0.1118, 0.2025,  34.5470, 14 Aug 2018 04:07:05
# 29.2394,  5.68856,    3.820, 0.1118, 0.1964,  34.5472, 14 Aug 2018 04:14:05
# 29.2394,  5.68849,    3.809, 0.1131, 0.2002,  34.5467, 14 Aug 2018 04:21:05
# 29.2429,  5.68880,    3.859, 0.1106, 0.2000,  34.5463, 14 Aug 2018 04:28:05
# 29.2386,  5.68850,    3.879, 0.1118, 0.2037,  34.5474, 14 Aug 2018 04:35:05
# 29.2211,  5.68684,    3.898, 0.1092, 0.2026,  34.5486, 14 Aug 2018 04:42:05
# 29.2000,  5.68471,    3.893, 0.1131, 0.1988,  34.5493, 14 Aug 2018 04:49:05
# 29.1838,  5.68322,    3.947, 0.1106, 0.2049,  34.5507, 14 Aug 2018 04:56:05
# 29.1739,  5.68219,    3.954, 0.1117, 0.1999,  34.5508, 14 Aug 2018 05:03:05
# 29.1764,  5.68230,    3.996, 0.1131, 0.2013,  34.5498, 14 Aug 2018 05:10:05
# 29.1753,  5.68219,    4.039, 0.1131, 0.2050,  34.5497, 14 Aug 2018 05:17:05
# 29.1706,  5.68156,    4.060, 0.1144, 0.1987,  34.5488, 14 Aug 2018 05:24:05
# 29.1732,  5.68174,    4.046, 0.1118, 0.2013,  34.5482, 14 Aug 2018 05:31:05
# 29.1790,  5.68207,    4.113, 0.1118, 0.2025,  34.5463, 14 Aug 2018 05:38:05
# 29.1893,  5.68314,    4.085, 0.1130, 0.1975,  34.5462, 14 Aug 2018 05:45:05
# 29.2053,  5.68471,    4.082, 0.1118, 0.2026,  34.5454, 14 Aug 2018 05:52:05
# 29.2182,  5.68585,    4.172, 0.1105, 0.1977,  34.5438, 14 Aug 2018 05:59:05
# 29.2294,  5.68683,    4.120, 0.1104, 0.2049,  34.5425, 14 Aug 2018 06:06:05
# 29.2392,  5.68783,    4.162, 0.1155, 0.2049,  34.5423, 14 Aug 2018 06:13:05
# 29.2491,  5.68870,    4.189, 0.1131, 0.2013,  34.5411, 14 Aug 2018 06:20:05
# 29.2552,  5.68931,    4.228, 0.1130, 0.2331,  34.5409, 14 Aug 2018 06:27:05
# 29.2621,  5.68994,    4.305, 0.1155, 0.2013,  34.5402, 14 Aug 2018 06:34:05
# 29.2689,  5.69055,    4.223, 0.1141, 0.2026,  34.5394, 14 Aug 2018 06:41:05
# 29.2736,  5.69103,    4.323, 0.1155, 0.2063,  34.5393, 14 Aug 2018 06:48:05
# 29.2793,  5.69153,    4.291, 0.1155, 0.1989,  34.5387, 14 Aug 2018 06:55:05
# 29.2844,  5.69200,    4.277, 0.1143, 0.1975,  34.5382, 14 Aug 2018 07:02:05
# 29.2887,  5.69242,    4.273, 0.1142, 0.2015,  34.5380, 14 Aug 2018 07:09:05
# 29.2941,  5.69301,    4.364, 0.1155, 0.1988,  34.5381, 14 Aug 2018 07:16:05
# 29.2985,  5.69349,    4.307, 0.1167, 0.2038,  34.5382, 14 Aug 2018 07:23:05
# 29.3033,  5.69402,    4.267, 0.1130, 0.2026,  34.5384, 14 Aug 2018 07:30:05
# 29.3089,  5.69463,    4.361, 0.1130, 0.2003,  34.5385, 14 Aug 2018 07:37:05
# 29.3115,  5.69497,    4.320, 0.1143, 0.2000,  34.5390, 14 Aug 2018 07:44:05
# 29.3142,  5.69528,    4.348, 0.1168, 0.2011,  34.5392, 14 Aug 2018 07:51:05
# 29.3200,  5.69590,    4.363, 0.1129, 0.2026,  34.5392, 14 Aug 2018 07:58:05
# 29.3247,  5.69637,    4.290, 0.1130, 0.2038,  34.5391, 14 Aug 2018 08:05:05
# 29.3311,  5.69702,    4.330, 0.1105, 0.2014,  34.5388, 14 Aug 2018 08:12:05
# 29.3390,  5.69795,    4.384, 0.1116, 0.2061,  34.5395, 14 Aug 2018 08:19:05
# 29.3462,  5.69860,    4.360, 0.1106, 0.2039,  34.5388, 14 Aug 2018 08:26:05
# 29.3533,  5.69940,    4.376, 0.1104, 0.2097,  34.5391, 14 Aug 2018 08:33:05
# 29.3628,  5.70037,    4.321, 0.1067, 0.2074,  34.5390, 14 Aug 2018 08:40:05
# 29.3645,  5.70055,    4.340, 0.1128, 0.2038,  34.5389, 14 Aug 2018 08:47:05
# 29.3774,  5.70198,    4.371, 0.1092, 0.2061,  34.5394, 14 Aug 2018 08:54:05
# 29.3807,  5.70249,    4.305, 0.1043, 0.2025,  34.5405, 14 Aug 2018 09:01:05
# 29.3932,  5.70381,    4.300, 0.1068, 0.2049,  34.5406, 14 Aug 2018 09:08:05
# 29.4010,  5.70472,    4.260, 0.1055, 0.2135,  34.5411, 14 Aug 2018 09:15:05
# 29.4114,  5.70602,    4.309, 0.1044, 0.2027,  34.5426, 14 Aug 2018 09:22:05
# 29.4215,  5.70694,    4.165, 0.1044, 0.2000,  34.5416, 14 Aug 2018 09:29:05
# 29.4305,  5.70787,    4.249, 0.1030, 0.2061,  34.5414, 14 Aug 2018 09:36:05
# 29.4434,  5.70937,    4.222, 0.1029, 0.2026,  34.5424, 14 Aug 2018 09:43:05
# 29.4535,  5.71049,    4.180, 0.1032, 0.2013,  34.5427, 14 Aug 2018 09:50:05
# 29.4648,  5.71156,    4.156, 0.1019, 0.2026,  34.5420, 14 Aug 2018 09:57:05
# 29.4767,  5.71277,    4.172, 0.1054, 0.2002,  34.5416, 14 Aug 2018 10:04:05
# 29.4979,  5.71505,    4.170, 0.1043, 0.2039,  34.5419, 14 Aug 2018 10:11:05
# 29.5034,  5.71606,    4.112, 0.1045, 0.2076,  34.5449, 14 Aug 2018 10:18:05
# 29.5276,  5.71818,    4.053, 0.1057, 0.2085,  34.5420, 14 Aug 2018 10:25:05
# 29.5377,  5.71957,    4.048, 0.1018, 0.1987,  34.5441, 14 Aug 2018 10:32:05
# 29.5589,  5.72172,    4.057, 0.1005, 0.1999,  34.5436, 14 Aug 2018 10:39:05
# 29.5821,  5.72398,    4.034, 0.1005, 0.2014,  34.5423, 14 Aug 2018 10:46:05
# 29.5986,  5.72578,    4.024, 0.1044, 0.1989,  34.5427, 14 Aug 2018 10:53:05
# 29.6198,  5.72816,    3.978, 0.1032, 0.2050,  34.5437, 14 Aug 2018 11:00:05
# 29.6413,  5.73039,    3.941, 0.1032, 0.2039,  34.5434, 14 Aug 2018 11:07:05
# 29.6559,  5.73200,    3.951, 0.1055, 0.2027,  34.5439, 14 Aug 2018 11:14:05
# 29.6762,  5.73452,    3.938, 0.1018, 0.1989,  34.5464, 14 Aug 2018 11:21:05
# 29.6992,  5.73695,    3.909, 0.1032, 0.2037,  34.5465, 14 Aug 2018 11:28:05
# 29.7159,  5.73839,    3.894, 0.1006, 0.1976,  34.5443, 14 Aug 2018 11:35:05
# 29.7332,  5.74032,    3.842, 0.1054, 0.2038,  34.5450, 14 Aug 2018 11:42:05
# 29.7567,  5.74289,    3.812, 0.1017, 0.2026,  34.5457, 14 Aug 2018 11:49:05
# 29.7778,  5.74537,    3.824, 0.1045, 0.2061,  34.5473, 14 Aug 2018 11:56:05
# 29.7961,  5.74715,    3.777, 0.1030, 0.2012,  34.5463, 14 Aug 2018 12:03:05
# 29.8202,  5.74980,    3.770, 0.1041, 0.2013,  34.5469, 14 Aug 2018 12:10:05
# 29.8361,  5.75157,    3.711, 0.1019, 0.2099,  34.5476, 14 Aug 2018 12:17:05
# 29.8633,  5.75466,    3.742, 0.1006, 0.2072,  34.5490, 14 Aug 2018 12:24:05
# 29.8892,  5.75735,    3.779, 0.1030, 0.2036,  34.5488, 14 Aug 2018 12:31:05
# 29.9212,  5.76040,    3.705, 0.1044, 0.2085,  34.5465, 14 Aug 2018 12:38:05
# 29.9160,  5.75977,    3.691, 0.1041, 0.2013,  34.5460, 14 Aug 2018 12:45:05
# 29.9199,  5.76007,    3.666, 0.1069, 0.2037,  34.5452, 14 Aug 2018 12:52:05
# 29.9518,  5.76425,    3.694, 0.1054, 0.1975,  34.5507, 14 Aug 2018 12:59:05
# 29.9786,  5.76657,    3.656, 0.1093, 0.1987,  34.5473, 14 Aug 2018 13:06:05
# 29.9876,  5.76718,    3.679, 0.1117, 0.2087,  34.5450, 14 Aug 2018 13:13:05
# 30.0258,  5.77141,    3.642, 0.1092, 0.1989,  34.5462, 14 Aug 2018 13:20:05
# 30.0294,  5.77173,    3.637, 0.1081, 0.2110,  34.5458, 14 Aug 2018 13:27:05
# 30.0358,  5.77263,    3.660, 0.1054, 0.2071,  34.5473, 14 Aug 2018 13:34:05
# 30.0645,  5.77557,    3.667, 0.1092, 0.2038,  34.5467, 14 Aug 2018 13:41:05
# 30.0974,  5.77868,    3.620, 0.1079, 0.2013,  34.5442, 14 Aug 2018 13:48:05
# 30.1102,  5.78033,    3.668, 0.1092, 0.1984,  34.5462, 14 Aug 2018 13:55:05
