# 28.0894,  5.623103,  3.957,  0.0919,  0.2809,  34.9347,  28 Jan 2018 14:00:55
# 28.0949,  5.623911,  3.965,  0.0906,  0.2869,  34.9363,  28 Jan 2018 14:07:55
# 28.1055,  5.624879,  3.992,  0.0980,  0.2795,  34.9352,  28 Jan 2018 14:14:55
# 28.1098,  5.625312,  3.951,  0.0968,  0.2856,  34.9351,  28 Jan 2018 14:21:55
# 28.0976,  5.624138,  4.005,  0.0990,  0.2881,  34.9359,  28 Jan 2018 14:28:55
# 28.0996,  5.624050,  4.009,  0.0967,  0.2821,  34.9338,  28 Jan 2018 14:35:55
# 28.0979,  5.623595,  3.968,  0.0956,  0.2856,  34.9318,  28 Jan 2018 14:42:55
# 28.0788,  5.621453,  4.048,  0.0931,  0.2868,  34.9310,  28 Jan 2018 14:49:55
# 28.0595,  5.619376,  4.025,  0.0969,  0.2796,  34.9308,  28 Jan 2018 14:56:55
# 28.0675,  5.620132,  3.956,  0.0993,  0.2843,  34.9301,  28 Jan 2018 15:03:55
# 28.0532,  5.618276,  4.041,  0.1005,  0.2844,  34.9277,  28 Jan 2018 15:10:55
# 28.0355,  5.616574,  4.092,  0.1003,  0.2858,  34.9289,  28 Jan 2018 15:17:55
# 28.0339,  5.616310,  3.970,  0.1003,  0.2856,  34.9283,  28 Jan 2018 15:24:55
# 28.0219,  5.614741,  4.019,  0.0978,  0.2869,  34.9261,  28 Jan 2018 15:31:55
# 27.9902,  5.611317,  4.044,  0.0981,  0.2968,  34.9256,  28 Jan 2018 15:38:55
# 28.0021,  5.612416,  4.001,  0.1017,  0.2834,  34.9245,  28 Jan 2018 15:45:55
# 27.9897,  5.611427,  4.013,  0.1030,  0.2831,  34.9268,  28 Jan 2018 15:52:55
# 27.9795,  5.610356,  4.018,  0.1041,  0.2930,  34.9269,  28 Jan 2018 15:59:55
# 27.9788,  5.610166,  3.973,  0.1068,  0.2930,  34.9260,  28 Jan 2018 16:06:55
# 27.9616,  5.608355,  3.985,  0.1041,  0.2845,  34.9261,  28 Jan 2018 16:13:55
# 27.9588,  5.607901,  3.971,  0.1031,  0.2919,  34.9250,  28 Jan 2018 16:20:55
# 27.9427,  5.606208,  3.981,  0.1030,  0.2843,  34.9251,  28 Jan 2018 16:27:55
# 27.9383,  5.605783,  3.963,  0.1031,  0.2919,  34.9254,  28 Jan 2018 16:34:55
# 27.9264,  5.604632,  3.938,  0.1056,  0.2844,  34.9261,  28 Jan 2018 16:41:55
# 27.9183,  5.603526,  3.953,  0.1019,  0.2932,  34.9244,  28 Jan 2018 16:48:55
# 27.9072,  5.602303,  3.963,  0.1032,  0.3019,  34.9240,  28 Jan 2018 16:55:55
# 27.8928,  5.600727,  3.928,  0.1018,  0.2930,  34.9236,  28 Jan 2018 17:02:55
# 27.8844,  5.599636,  3.930,  0.1092,  0.2907,  34.9222,  28 Jan 2018 17:09:55
# 27.8730,  5.598288,  3.888,  0.1068,  0.2895,  34.9213,  28 Jan 2018 17:16:55
# 27.8667,  5.597556,  3.884,  0.1054,  0.2845,  34.9207,  28 Jan 2018 17:23:55
# 27.8560,  5.596465,  3.903,  0.1054,  0.2845,  34.9210,  28 Jan 2018 17:30:55
# 27.8501,  5.595755,  3.906,  0.1203,  0.2895,  34.9204,  28 Jan 2018 17:37:55
# 27.8377,  5.594407,  3.871,  0.1067,  0.2844,  34.9202,  28 Jan 2018 17:44:55
# 27.8263,  5.593177,  3.886,  0.1068,  0.2907,  34.9200,  28 Jan 2018 17:51:55
# 27.8131,  5.591801,  3.848,  0.1067,  0.2895,  34.9201,  28 Jan 2018 17:58:55
# 27.8029,  5.590659,  3.798,  0.1080,  0.3005,  34.9197,  28 Jan 2018 18:05:55
# 27.7943,  5.589832,  3.771,  0.1068,  0.2895,  34.9203,  28 Jan 2018 18:12:55
# 27.7837,  5.588595,  3.763,  0.1080,  0.2893,  34.9195,  28 Jan 2018 18:19:55
# 27.7820,  5.588310,  3.751,  0.1055,  0.2943,  34.9187,  28 Jan 2018 18:26:55
# 27.7713,  5.587234,  3.754,  0.1054,  0.2869,  34.9191,  28 Jan 2018 18:33:55
# 27.7568,  5.585741,  3.724,  0.1068,  0.2919,  34.9194,  28 Jan 2018 18:40:55
# 27.7435,  5.584293,  3.682,  0.1080,  0.2869,  34.9191,  28 Jan 2018 18:47:55
# 27.7306,  5.582961,  3.681,  0.1080,  0.2882,  34.9193,  28 Jan 2018 18:54:55
# 27.7155,  5.581440,  3.665,  0.1067,  0.2931,  34.9199,  28 Jan 2018 19:01:55
# 27.7053,  5.580357,  3.630,  0.1081,  0.2919,  34.9198,  28 Jan 2018 19:08:55
# 27.6890,  5.578851,  3.651,  0.1056,  0.2869,  34.9213,  28 Jan 2018 19:15:55
# 27.6804,  5.577827,  3.582,  0.1055,  0.2955,  34.9206,  28 Jan 2018 19:22:55
# 27.6731,  5.577111,  3.602,  0.1080,  0.2895,  34.9210,  28 Jan 2018 19:29:55
# 27.6570,  5.575458,  3.570,  0.1067,  0.2882,  34.9213,  28 Jan 2018 19:36:55
# 27.6475,  5.574508,  3.576,  0.1080,  0.2895,  34.9216,  28 Jan 2018 19:43:55
# 27.6405,  5.573667,  3.572,  0.1081,  0.2932,  34.9209,  28 Jan 2018 19:50:55
# 27.6303,  5.572739,  3.556,  0.1080,  0.2894,  34.9219,  28 Jan 2018 19:57:55
# 27.6167,  5.571387,  3.500,  0.1069,  0.2907,  34.9226,  28 Jan 2018 20:04:55
# 27.6096,  5.570590,  3.503,  0.1080,  0.2918,  34.9223,  28 Jan 2018 20:11:55
# 27.6004,  5.569633,  3.492,  0.1093,  0.2917,  34.9223,  28 Jan 2018 20:18:55
# 27.5931,  5.568814,  3.505,  0.1080,  0.2857,  34.9220,  28 Jan 2018 20:25:55
# 27.5846,  5.567930,  3.462,  0.1080,  0.2846,  34.9221,  28 Jan 2018 20:32:55
# 27.5721,  5.566754,  3.479,  0.1068,  0.2895,  34.9231,  28 Jan 2018 20:39:55
# 27.5583,  5.565329,  3.479,  0.1067,  0.2895,  34.9233,  28 Jan 2018 20:46:55
# 27.5524,  5.564635,  3.450,  0.1103,  0.2930,  34.9229,  28 Jan 2018 20:53:55
# 27.5393,  5.563262,  3.481,  0.1069,  0.2857,  34.9229,  28 Jan 2018 21:00:55
# 27.5162,  5.560969,  3.466,  0.1091,  0.2845,  34.9240,  28 Jan 2018 21:07:55
# 27.5046,  5.559735,  3.450,  0.1081,  0.3104,  34.9239,  28 Jan 2018 21:14:55
# 27.4979,  5.559056,  3.410,  0.1092,  0.2844,  34.9241,  28 Jan 2018 21:21:55
# 27.4869,  5.558026,  3.474,  0.1068,  0.2879,  34.9250,  28 Jan 2018 21:28:55
# 27.4819,  5.557421,  3.457,  0.1080,  0.2844,  34.9244,  28 Jan 2018 21:35:55
# 27.4797,  5.557165,  3.457,  0.1067,  0.2844,  34.9243,  28 Jan 2018 21:42:55
# 27.4695,  5.556216,  3.468,  0.1054,  0.2869,  34.9252,  28 Jan 2018 21:49:55
# 27.4658,  5.555720,  3.465,  0.1056,  0.2820,  34.9244,  28 Jan 2018 21:56:55
# 27.4566,  5.554793,  3.478,  0.1092,  0.2856,  34.9248,  28 Jan 2018 22:03:55
# 27.4545,  5.554574,  3.486,  0.1067,  0.2843,  34.9248,  28 Jan 2018 22:10:55
# 27.4546,  5.554508,  3.487,  0.1080,  0.2795,  34.9242,  28 Jan 2018 22:17:55
# 27.4534,  5.554486,  3.502,  0.1080,  0.2844,  34.9250,  28 Jan 2018 22:24:55
# 27.4546,  5.554508,  3.511,  0.1054,  0.2857,  34.9242,  28 Jan 2018 22:31:55
# 27.4581,  5.554953,  3.502,  0.1080,  0.2821,  34.9248,  28 Jan 2018 22:38:55
# 27.4568,  5.554822,  3.540,  0.1204,  0.2844,  34.9248,  28 Jan 2018 22:45:55
# 27.4520,  5.554406,  3.559,  0.1069,  0.2845,  34.9254,  28 Jan 2018 22:52:55
# 27.4551,  5.554610,  3.547,  0.1054,  0.2906,  34.9245,  28 Jan 2018 22:59:55
# 27.4567,  5.554800,  3.604,  0.1055,  0.2821,  34.9247,  28 Jan 2018 23:06:55
# 27.4536,  5.554420,  3.618,  0.1005,  0.2968,  34.9243,  28 Jan 2018 23:13:55
# 27.4447,  5.553654,  3.613,  0.1066,  0.2847,  34.9256,  28 Jan 2018 23:20:55
# 27.4503,  5.554055,  3.649,  0.1080,  0.2831,  34.9242,  28 Jan 2018 23:27:55
# 27.4532,  5.554399,  3.672,  0.1069,  0.2808,  34.9245,  28 Jan 2018 23:34:55
# 27.4487,  5.553990,  3.689,  0.1041,  0.2806,  34.9249,  28 Jan 2018 23:41:55
# 27.4482,  5.553917,  3.703,  0.1030,  0.2831,  34.9247,  28 Jan 2018 23:48:55
# 27.4420,  5.553348,  3.731,  0.1068,  0.2857,  34.9254,  28 Jan 2018 23:55:55
# 27.4366,  5.552749,  3.760,  0.1078,  0.2821,  34.9252,  29 Jan 2018 00:02:55
# 27.4232,  5.551545,  3.737,  0.1043,  0.2869,  34.9267,  29 Jan 2018 00:09:55
# 27.4094,  5.550093,  3.792,  0.1056,  0.2831,  34.9266,  29 Jan 2018 00:16:55
# 27.3948,  5.548568,  3.834,  0.1042,  0.2930,  34.9267,  29 Jan 2018 00:23:55
# 27.3930,  5.548437,  3.796,  0.1043,  0.2869,  34.9272,  29 Jan 2018 00:30:55
# 27.3929,  5.548364,  3.878,  0.1054,  0.2844,  34.9267,  29 Jan 2018 00:37:55
# 27.3846,  5.547686,  3.871,  0.1032,  0.2844,  34.9281,  29 Jan 2018 00:44:55
# 27.3714,  5.546365,  3.937,  0.1019,  0.2809,  34.9286,  29 Jan 2018 00:51:55
# 27.3671,  5.545855,  3.867,  0.1042,  0.2834,  34.9282,  29 Jan 2018 00:58:55
# 27.3506,  5.544396,  3.914,  0.1005,  0.2822,  34.9302,  29 Jan 2018 01:05:55
# 27.3296,  5.542376,  3.960,  0.1055,  0.2808,  34.9315,  29 Jan 2018 01:12:55
# 27.3095,  5.540291,  3.984,  0.1056,  0.2857,  34.9318,  29 Jan 2018 01:19:55
# 27.3011,  5.539314,  4.002,  0.1068,  0.2831,  34.9311,  29 Jan 2018 01:26:55
# 27.2756,  5.536813,  4.065,  0.1057,  0.2871,  34.9325,  29 Jan 2018 01:33:55
# 27.2625,  5.535290,  4.060,  0.1032,  0.2845,  34.9314,  29 Jan 2018 01:40:55
# 27.2478,  5.533738,  4.065,  0.1043,  0.2857,  34.9315,  29 Jan 2018 01:47:55
# 27.2336,  5.532383,  4.086,  0.1067,  0.2882,  34.9324,  29 Jan 2018 01:54:55
# 27.2380,  5.532426,  4.129,  0.1054,  0.2845,  34.9294,  29 Jan 2018 02:01:55
# 27.2368,  5.532222,  4.118,  0.1042,  0.2833,  34.9289,  29 Jan 2018 02:08:55
# 27.2381,  5.532295,  4.138,  0.1068,  0.2857,  34.9284,  29 Jan 2018 02:15:55
# 27.2362,  5.532018,  4.137,  0.1044,  0.2834,  34.9279,  29 Jan 2018 02:22:55
# 27.2345,  5.531807,  4.181,  0.1068,  0.2857,  34.9277,  29 Jan 2018 02:29:55
# 27.2325,  5.531486,  4.209,  0.1044,  0.2918,  34.9269,  29 Jan 2018 02:36:55
# 27.2337,  5.531501,  4.168,  0.1068,  0.2869,  34.9261,  29 Jan 2018 02:43:55
# 27.2362,  5.531654,  4.221,  0.1069,  0.2808,  34.9253,  29 Jan 2018 02:50:55
# 27.2375,  5.531756,  4.226,  0.1068,  0.2831,  34.9250,  29 Jan 2018 02:57:55
# 27.2379,  5.531807,  4.235,  0.1068,  0.2857,  34.9251,  29 Jan 2018 03:04:55
# 27.2348,  5.531421,  4.207,  0.1081,  0.2869,  34.9247,  29 Jan 2018 03:11:55
# 27.2358,  5.531479,  4.206,  0.1056,  0.2843,  34.9243,  29 Jan 2018 03:18:55
# 27.2359,  5.531552,  4.235,  0.1080,  0.2846,  34.9248,  29 Jan 2018 03:25:55
# 27.2423,  5.532076,  4.282,  0.1054,  0.2894,  34.9237,  29 Jan 2018 03:32:55
# 27.2436,  5.532229,  4.265,  0.1117,  0.2856,  34.9238,  29 Jan 2018 03:39:55
# 27.2480,  5.532550,  4.291,  0.1106,  0.2844,  34.9228,  29 Jan 2018 03:46:55
# 27.2511,  5.532893,  4.232,  0.1131,  0.2905,  34.9229,  29 Jan 2018 03:53:55
# 27.2554,  5.533301,  4.236,  0.1116,  0.2919,  34.9226,  29 Jan 2018 04:00:55
# 27.2580,  5.533628,  4.219,  0.1118,  0.2869,  34.9230,  29 Jan 2018 04:07:55
# 27.2608,  5.533935,  4.228,  0.1129,  0.2869,  34.9230,  29 Jan 2018 04:14:55
# 27.2606,  5.533964,  4.216,  0.1154,  0.2966,  34.9234,  29 Jan 2018 04:21:55
# 27.2586,  5.533833,  4.209,  0.1142,  0.2866,  34.9240,  29 Jan 2018 04:28:55
# 27.2587,  5.533891,  4.258,  0.1154,  0.2921,  34.9243,  29 Jan 2018 04:35:55
# 27.2576,  5.533825,  4.201,  0.1154,  0.2919,  34.9246,  29 Jan 2018 04:42:55
# 27.2573,  5.533811,  4.208,  0.1167,  0.2930,  34.9248,  29 Jan 2018 04:49:55
# 27.2573,  5.533818,  4.196,  0.1130,  0.2929,  34.9249,  29 Jan 2018 04:56:55
# 27.2545,  5.533585,  4.138,  0.1143,  0.2844,  34.9253,  29 Jan 2018 05:03:55
# 27.2503,  5.533206,  4.143,  0.1204,  0.2905,  34.9257,  29 Jan 2018 05:10:55
# 27.2465,  5.532842,  4.118,  0.1118,  0.2882,  34.9260,  29 Jan 2018 05:17:55
# 27.2437,  5.532521,  4.080,  0.1106,  0.2966,  34.9258,  29 Jan 2018 05:24:55
# 27.2381,  5.531996,  4.091,  0.1093,  0.2930,  34.9263,  29 Jan 2018 05:31:55
# 27.2317,  5.531384,  4.084,  0.1118,  0.2881,  34.9268,  29 Jan 2018 05:38:55
# 27.2287,  5.531020,  4.064,  0.1081,  0.2882,  34.9264,  29 Jan 2018 05:45:55
# 27.2225,  5.530423,  4.022,  0.1117,  0.2869,  34.9268,  29 Jan 2018 05:52:55
# 27.2184,  5.530095,  4.030,  0.1104,  0.2894,  34.9276,  29 Jan 2018 05:59:55
# 27.2113,  5.529337,  3.976,  0.1092,  0.2882,  34.9275,  29 Jan 2018 06:06:55
# 27.2050,  5.528718,  3.958,  0.1105,  0.2882,  34.9279,  29 Jan 2018 06:13:55
# 27.1972,  5.527960,  3.942,  0.1104,  0.2857,  34.9284,  29 Jan 2018 06:20:55
# 27.1900,  5.527268,  3.904,  0.1104,  0.2882,  34.9288,  29 Jan 2018 06:27:55
# 27.1877,  5.527006,  3.886,  0.1092,  0.2858,  34.9287,  29 Jan 2018 06:34:55
# 27.1804,  5.526322,  3.882,  0.1066,  0.2869,  34.9293,  29 Jan 2018 06:41:55
# 27.1763,  5.525885,  3.835,  0.1093,  0.2844,  34.9292,  29 Jan 2018 06:48:55
# 27.1712,  5.525368,  3.799,  0.1105,  0.2882,  34.9294,  29 Jan 2018 06:55:55
# 27.1670,  5.525018,  3.819,  0.1105,  0.2833,  34.9301,  29 Jan 2018 07:02:55
# 27.1638,  5.524698,  3.748,  0.1129,  0.2809,  34.9302,  29 Jan 2018 07:09:55
# 27.1616,  5.524465,  3.706,  0.1105,  0.2908,  34.9302,  29 Jan 2018 07:16:55
# 27.1570,  5.523999,  3.735,  0.1131,  0.2822,  34.9304,  29 Jan 2018 07:23:55
# 27.1499,  5.523358,  3.692,  0.1093,  0.2821,  34.9311,  29 Jan 2018 07:30:55
# 27.1487,  5.523154,  3.640,  0.1104,  0.2808,  34.9306,  29 Jan 2018 07:37:55
# 27.1432,  5.522775,  3.640,  0.1093,  0.2883,  34.9320,  29 Jan 2018 07:44:55
# 27.1401,  5.522499,  3.616,  0.1093,  0.2785,  34.9324,  29 Jan 2018 07:51:55
# 27.1357,  5.522098,  3.569,  0.1093,  0.2797,  34.9328,  29 Jan 2018 07:58:55
# 27.1361,  5.522135,  3.577,  0.1105,  0.2834,  34.9328,  29 Jan 2018 08:05:55
# 27.1395,  5.522477,  3.530,  0.1043,  0.2895,  34.9327,  29 Jan 2018 08:12:55
# 27.1383,  5.522528,  3.520,  0.1082,  0.2796,  34.9340,  29 Jan 2018 08:19:55
# 27.1387,  5.522601,  3.496,  0.1066,  0.2845,  34.9342,  29 Jan 2018 08:26:55
# 27.1391,  5.522644,  3.473,  0.1044,  0.2844,  34.9342,  29 Jan 2018 08:33:55
# 27.1437,  5.523147,  3.454,  0.1032,  0.2846,  34.9343,  29 Jan 2018 08:40:55
# 27.1518,  5.524137,  3.460,  0.1006,  0.2786,  34.9353,  29 Jan 2018 08:47:55
# 27.1569,  5.524749,  3.408,  0.0955,  0.2809,  34.9359,  29 Jan 2018 08:54:55
# 27.1605,  5.525207,  3.419,  0.0990,  0.2820,  34.9364,  29 Jan 2018 09:01:55
# 27.1671,  5.525819,  3.408,  0.1019,  0.2795,  34.9358,  29 Jan 2018 09:08:55
# 27.1746,  5.526970,  3.353,  0.0978,  0.2820,  34.9384,  29 Jan 2018 09:15:55
# 27.1796,  5.527633,  3.363,  0.0955,  0.2797,  34.9394,  29 Jan 2018 09:22:55
# 27.2001,  5.529599,  3.375,  0.0968,  0.3041,  34.9380,  29 Jan 2018 09:29:55
# 27.2104,  5.530743,  3.355,  0.1006,  0.2795,  34.9384,  29 Jan 2018 09:36:55
# 27.2132,  5.531326,  3.320,  0.0968,  0.2833,  34.9404,  29 Jan 2018 09:43:55
# 27.2288,  5.533067,  3.329,  0.0980,  0.2844,  34.9411,  29 Jan 2018 09:50:55
# 27.2273,  5.533454,  3.346,  0.0981,  0.2943,  34.9450,  29 Jan 2018 09:57:55
# 27.2345,  5.534401,  3.323,  0.0942,  0.2883,  34.9464,  29 Jan 2018 10:04:55
# 27.2519,  5.535815,  3.326,  0.0955,  0.2880,  34.9434,  29 Jan 2018 10:11:55
# 27.2370,  5.534102,  3.309,  0.0980,  0.2869,  34.9423,  29 Jan 2018 10:18:55
# 27.2681,  5.537396,  3.307,  0.0980,  0.2821,  34.9424,  29 Jan 2018 10:25:55
# 27.2607,  5.537258,  3.304,  0.0942,  0.2881,  34.9470,  29 Jan 2018 10:32:55
# 27.2716,  5.538439,  3.308,  0.0993,  0.2980,  34.9473,  29 Jan 2018 10:39:55
# 27.2889,  5.539693,  3.318,  0.0943,  0.2844,  34.9432,  29 Jan 2018 10:46:55
# 27.3025,  5.542026,  3.334,  0.0942,  0.2846,  34.9496,  29 Jan 2018 10:53:55
# 27.3345,  5.545373,  3.313,  0.0945,  0.2857,  34.9493,  29 Jan 2018 11:00:55
# 27.3534,  5.547226,  3.309,  0.0969,  0.2882,  34.9484,  29 Jan 2018 11:07:55
# 27.3805,  5.549926,  3.354,  0.0931,  0.2928,  34.9472,  29 Jan 2018 11:14:55
# 27.3682,  5.548860,  3.360,  0.0992,  0.2859,  34.9488,  29 Jan 2018 11:21:55
# 27.3859,  5.550735,  3.355,  0.0930,  0.2844,  34.9489,  29 Jan 2018 11:28:55
# 27.4282,  5.556078,  3.348,  0.0980,  0.2795,  34.9551,  29 Jan 2018 11:35:55
# 27.4023,  5.551706,  3.386,  0.0969,  0.2908,  34.9435,  29 Jan 2018 11:42:55
# 27.4824,  5.559896,  3.410,  0.0956,  0.2820,  34.9416,  29 Jan 2018 11:49:55
# 27.4791,  5.560049,  3.432,  0.0954,  0.2869,  34.9452,  29 Jan 2018 11:56:55
# 27.4749,  5.560831,  3.428,  0.0967,  0.2894,  34.9538,  29 Jan 2018 12:03:55
# 27.4777,  5.559684,  3.427,  0.0981,  0.2833,  34.9436,  29 Jan 2018 12:10:55
# 27.4663,  5.558217,  3.470,  0.1004,  0.2832,  34.9417,  29 Jan 2018 12:17:55
# 27.5031,  5.563139,  3.483,  0.0954,  0.2869,  34.9491,  29 Jan 2018 12:24:55
# 27.5416,  5.566024,  3.499,  0.0955,  0.2797,  34.9408,  29 Jan 2018 12:31:55
# 27.5683,  5.569319,  3.499,  0.0944,  0.2784,  34.9441,  29 Jan 2018 12:38:55
# 27.5734,  5.569078,  3.545,  0.1018,  0.2831,  34.9386,  29 Jan 2018 12:45:55
# 27.5717,  5.569195,  3.512,  0.0919,  0.2843,  34.9407,  29 Jan 2018 12:52:55
# 27.5599,  5.567507,  3.574,  0.0993,  0.2844,  34.9375,  29 Jan 2018 12:59:55
# 27.5485,  5.566280,  3.584,  0.0980,  0.2808,  34.9374,  29 Jan 2018 13:06:55
# 27.5538,  5.566258,  3.591,  0.0969,  0.2858,  34.9333,  29 Jan 2018 13:13:55
# 27.5736,  5.568362,  3.653,  0.1017,  0.2808,  34.9333,  29 Jan 2018 13:20:55
# 27.5975,  5.571490,  3.659,  0.0980,  0.2833,  34.9376,  29 Jan 2018 13:27:55
# 27.5807,  5.569217,  3.712,  0.0993,  0.2844,  34.9341,  29 Jan 2018 13:34:55
# 27.5694,  5.567704,  3.699,  0.1006,  0.2918,  34.9318,  29 Jan 2018 13:41:55
# 27.5692,  5.567521,  3.745,  0.1006,  0.2845,  34.9307,  29 Jan 2018 13:48:55
# 27.5888,  5.569239,  3.788,  0.1032,  0.2860,  34.9281,  29 Jan 2018 13:55:55
