# 28.2294,  5.626000,  4.022,  0.0932,  0.2723,  34.8514,  13 Jan 2018 14:05:55
# 28.2379,  5.626918,  3.998,  0.0917,  0.2759,  34.8516,  13 Jan 2018 14:12:55
# 28.2303,  5.626639,  4.000,  0.0880,  0.2712,  34.8552,  13 Jan 2018 14:19:55
# 28.2404,  5.627277,  3.999,  0.0932,  0.2748,  34.8522,  13 Jan 2018 14:26:55
# 28.2455,  5.627527,  3.954,  0.1070,  0.2795,  34.8503,  13 Jan 2018 14:33:55
# 28.2423,  5.627358,  4.073,  0.0943,  0.2734,  34.8514,  13 Jan 2018 14:40:55
# 28.2414,  5.627292,  4.035,  0.0942,  0.2759,  34.8516,  13 Jan 2018 14:47:55
# 28.2323,  5.626419,  4.057,  0.0954,  0.2758,  34.8522,  13 Jan 2018 14:54:55
# 28.2052,  5.623527,  4.001,  0.0980,  0.2734,  34.8521,  13 Jan 2018 15:01:55
# 28.1957,  5.622346,  4.063,  0.1006,  0.2760,  34.8508,  13 Jan 2018 15:08:55
# 28.1879,  5.621927,  4.037,  0.0979,  0.2699,  34.8536,  13 Jan 2018 15:15:55
# 28.1828,  5.621509,  4.026,  0.0970,  0.2746,  34.8545,  13 Jan 2018 15:22:55
# 28.1758,  5.620842,  4.092,  0.0967,  0.2735,  34.8550,  13 Jan 2018 15:29:55
# 28.1582,  5.618927,  4.038,  0.1006,  0.2710,  34.8546,  13 Jan 2018 15:36:55
# 28.1601,  5.619059,  4.106,  0.0993,  0.2758,  34.8541,  13 Jan 2018 15:43:55
# 28.1249,  5.615685,  4.072,  0.1018,  0.2773,  34.8565,  13 Jan 2018 15:50:55
# 28.1106,  5.613874,  4.076,  0.1019,  0.2711,  34.8544,  13 Jan 2018 15:57:55
# 28.0872,  5.611557,  4.089,  0.1019,  0.2710,  34.8555,  13 Jan 2018 16:04:55
# 28.0405,  5.606851,  4.095,  0.1032,  0.2736,  34.8571,  13 Jan 2018 16:11:55
# 28.0068,  5.603114,  4.095,  0.1043,  0.2771,  34.8559,  13 Jan 2018 16:18:55
# 27.9837,  5.600770,  4.102,  0.1044,  0.2770,  34.8565,  13 Jan 2018 16:25:55
# 27.9719,  5.599305,  4.021,  0.1019,  0.2869,  34.8549,  13 Jan 2018 16:32:55
# 27.9514,  5.597100,  4.129,  0.1043,  0.2745,  34.8547,  13 Jan 2018 16:39:55
# 27.9265,  5.594713,  4.097,  0.1019,  0.2723,  34.8563,  13 Jan 2018 16:46:55
# 27.9218,  5.593842,  4.061,  0.1044,  0.2748,  34.8538,  13 Jan 2018 16:53:55
# 27.9105,  5.592971,  4.054,  0.1031,  0.2735,  34.8560,  13 Jan 2018 17:00:55
# 27.8823,  5.590109,  4.038,  0.1031,  0.2760,  34.8568,  13 Jan 2018 17:07:55
# 27.8679,  5.588477,  4.027,  0.1032,  0.2809,  34.8561,  13 Jan 2018 17:14:55
# 27.8559,  5.587321,  4.011,  0.1044,  0.2759,  34.8568,  13 Jan 2018 17:21:55
# 27.8440,  5.586128,  3.981,  0.1044,  0.2760,  34.8572,  13 Jan 2018 17:28:55
# 27.8275,  5.584233,  3.990,  0.1044,  0.2785,  34.8562,  13 Jan 2018 17:35:55
# 27.8256,  5.584043,  3.975,  0.1032,  0.2748,  34.8563,  13 Jan 2018 17:42:55
# 27.8120,  5.582660,  3.986,  0.1031,  0.2760,  34.8566,  13 Jan 2018 17:49:55
# 27.8039,  5.581834,  3.959,  0.1032,  0.2748,  34.8568,  13 Jan 2018 17:56:55
# 27.7905,  5.580378,  3.977,  0.1056,  0.2735,  34.8565,  13 Jan 2018 18:03:55
# 27.7757,  5.578959,  3.959,  0.1068,  0.2821,  34.8575,  13 Jan 2018 18:10:55
# 27.7686,  5.578199,  3.892,  0.1055,  0.2760,  34.8575,  13 Jan 2018 18:17:55
# 27.7623,  5.577555,  3.899,  0.1031,  0.2723,  34.8577,  13 Jan 2018 18:24:55
# 27.7575,  5.577014,  3.869,  0.1030,  0.2748,  34.8574,  13 Jan 2018 18:31:55
# 27.7518,  5.575215,  3.876,  0.1054,  0.2773,  34.8489,  13 Jan 2018 18:38:55
# 27.7450,  5.571056,  3.871,  0.1067,  0.2809,  34.8247,  13 Jan 2018 18:45:55
# 27.7411,  5.570471,  3.806,  0.1080,  0.2795,  34.8235,  13 Jan 2018 18:52:55
# 27.7343,  5.570084,  3.831,  0.1032,  0.2773,  34.8258,  13 Jan 2018 18:59:55
# 27.7332,  5.570055,  3.844,  0.1068,  0.2809,  34.8264,  13 Jan 2018 19:06:55
# 27.7260,  5.569550,  3.786,  0.1055,  0.2931,  34.8282,  13 Jan 2018 19:13:55
# 27.7168,  5.568622,  3.811,  0.1092,  0.2808,  34.8285,  13 Jan 2018 19:20:55
# 27.7053,  5.567307,  3.790,  0.1057,  0.2783,  34.8278,  13 Jan 2018 19:27:55
# 27.6935,  5.565634,  3.764,  0.1031,  0.2773,  34.8248,  13 Jan 2018 19:34:55
# 27.6817,  5.564056,  3.743,  0.1069,  0.2821,  34.8224,  13 Jan 2018 19:41:55
# 27.6717,  5.562267,  3.762,  0.1068,  0.2821,  34.8173,  13 Jan 2018 19:48:55
# 27.6586,  5.559630,  3.710,  0.1079,  0.2821,  34.8084,  13 Jan 2018 19:55:55
# 27.6487,  5.556994,  3.707,  0.1043,  0.2749,  34.7972,  13 Jan 2018 20:02:55
# 27.6354,  5.552935,  3.709,  0.1042,  0.2858,  34.7784,  13 Jan 2018 20:09:55
# 27.6282,  5.549958,  3.718,  0.1068,  0.2771,  34.7627,  13 Jan 2018 20:16:55
# 27.6175,  5.546397,  3.690,  0.1044,  0.2760,  34.7456,  13 Jan 2018 20:23:55
# 27.6107,  5.544610,  3.746,  0.1070,  0.2760,  34.7380,  13 Jan 2018 20:30:55
# 27.6036,  5.543217,  3.670,  0.1042,  0.2760,  34.7334,  13 Jan 2018 20:37:55
# 27.5950,  5.542371,  3.712,  0.1067,  0.2808,  34.7339,  13 Jan 2018 20:44:55
# 27.5919,  5.542743,  3.697,  0.1055,  0.2699,  34.7388,  13 Jan 2018 20:51:55
# 27.5849,  5.542794,  3.681,  0.1043,  0.2724,  34.7444,  13 Jan 2018 20:58:55
# 27.5817,  5.543363,  3.703,  0.1044,  0.2721,  34.7508,  13 Jan 2018 21:05:55
# 27.5784,  5.543691,  3.637,  0.1068,  0.2722,  34.7555,  13 Jan 2018 21:12:55
# 27.5661,  5.543626,  3.647,  0.1055,  0.2735,  34.7642,  13 Jan 2018 21:19:55
# 27.5626,  5.543772,  3.624,  0.1080,  0.2771,  34.7678,  13 Jan 2018 21:26:55
# 27.5594,  5.543685,  3.650,  0.1031,  0.2747,  34.7695,  13 Jan 2018 21:33:55
# 27.5472,  5.543203,  3.623,  0.1044,  0.2725,  34.7752,  13 Jan 2018 21:40:55
# 27.5419,  5.542824,  3.666,  0.1031,  0.2698,  34.7765,  13 Jan 2018 21:47:55
# 27.5371,  5.542824,  3.650,  0.1030,  0.2736,  34.7800,  13 Jan 2018 21:54:55
# 27.5311,  5.542635,  3.662,  0.1032,  0.2710,  34.7832,  13 Jan 2018 22:01:55
# 27.5307,  5.542999,  3.664,  0.1082,  0.2698,  34.7860,  13 Jan 2018 22:08:55
# 27.5343,  5.543583,  3.641,  0.1005,  1.1891,  34.7875,  13 Jan 2018 22:15:55
# 27.5349,  5.544123,  3.657,  0.1032,  0.2847,  34.7909,  13 Jan 2018 22:22:55
# 27.5324,  5.544458,  3.720,  0.0993,  0.2723,  34.7951,  13 Jan 2018 22:29:55
# 27.5359,  5.545151,  3.678,  0.1019,  0.2785,  34.7974,  13 Jan 2018 22:36:55
# 27.5398,  5.545975,  3.704,  0.1017,  0.2760,  34.8003,  13 Jan 2018 22:43:55
# 27.5450,  5.546989,  3.696,  0.1041,  0.2858,  34.8036,  13 Jan 2018 22:50:55
# 27.5466,  5.547522,  3.689,  0.1007,  0.2761,  34.8062,  13 Jan 2018 22:57:55
# 27.5531,  5.549062,  3.722,  0.1006,  0.2760,  34.8122,  13 Jan 2018 23:04:55
# 27.5515,  5.549156,  3.697,  0.1006,  0.2859,  34.8140,  13 Jan 2018 23:11:55
# 27.5547,  5.549747,  3.721,  0.0981,  0.2737,  34.8158,  13 Jan 2018 23:18:55
# 27.5554,  5.550149,  3.752,  0.1006,  0.2773,  34.8182,  13 Jan 2018 23:25:55
# 27.5531,  5.550149,  3.811,  0.1004,  0.2919,  34.8198,  13 Jan 2018 23:32:55
# 27.5614,  5.551455,  3.769,  0.1006,  0.2773,  34.8229,  13 Jan 2018 23:39:55
# 27.5613,  5.551543,  3.781,  0.1005,  0.2771,  34.8236,  13 Jan 2018 23:46:55
# 27.5622,  5.552054,  3.790,  0.1018,  0.2771,  34.8266,  13 Jan 2018 23:53:55
# 27.5610,  5.551908,  3.787,  0.1016,  0.2771,  34.8264,  14 Jan 2018 00:00:55
# 27.5591,  5.551973,  3.799,  0.1006,  0.2782,  34.8283,  14 Jan 2018 00:07:55
# 27.5488,  5.550952,  3.881,  0.0993,  0.2735,  34.8287,  14 Jan 2018 00:14:55
# 27.5343,  5.549558,  3.841,  0.0993,  0.2747,  34.8297,  14 Jan 2018 00:21:55
# 27.5279,  5.549018,  3.883,  0.0980,  0.2723,  34.8306,  14 Jan 2018 00:28:55
# 27.5255,  5.548829,  3.890,  0.1006,  0.2747,  34.8310,  14 Jan 2018 00:35:55
# 27.5213,  5.548646,  3.943,  0.0980,  0.2734,  34.8328,  14 Jan 2018 00:42:55
# 27.5192,  5.548617,  3.914,  0.0968,  0.2733,  34.8342,  14 Jan 2018 00:49:55
# 27.5153,  5.548420,  3.983,  0.0968,  0.2746,  34.8357,  14 Jan 2018 00:56:55
# 27.5164,  5.548661,  3.942,  0.1005,  0.2747,  34.8366,  14 Jan 2018 01:03:55
# 27.5122,  5.548486,  3.995,  0.0993,  0.2786,  34.8385,  14 Jan 2018 01:10:55
# 27.5181,  5.549245,  3.977,  0.1017,  0.2748,  34.8394,  14 Jan 2018 01:17:55
# 27.5282,  5.550295,  4.037,  0.1018,  0.2748,  34.8393,  14 Jan 2018 01:24:55
# 27.5295,  5.550616,  4.017,  0.1006,  0.2758,  34.8407,  14 Jan 2018 01:31:55
# 27.5348,  5.551375,  4.062,  0.1030,  0.2784,  34.8421,  14 Jan 2018 01:38:55
# 27.5448,  5.552404,  4.060,  0.1006,  0.2747,  34.8419,  14 Jan 2018 01:45:55
# 27.5566,  5.553762,  4.059,  0.1019,  0.2759,  34.8427,  14 Jan 2018 01:52:55
# 27.5615,  5.554346,  4.086,  0.1019,  0.2773,  34.8432,  14 Jan 2018 01:59:55
# 27.5723,  5.555638,  4.137,  0.1018,  0.2786,  34.8443,  14 Jan 2018 02:06:55
# 27.5820,  5.556696,  4.166,  0.1018,  0.2773,  34.8445,  14 Jan 2018 02:13:55
# 27.5918,  5.557820,  4.143,  0.1042,  0.2822,  34.8452,  14 Jan 2018 02:20:55
# 27.6018,  5.558850,  4.173,  0.1017,  0.2772,  34.8450,  14 Jan 2018 02:27:55
# 27.6049,  5.559390,  4.157,  0.1042,  0.2760,  34.8465,  14 Jan 2018 02:34:55
# 27.6167,  5.560654,  4.132,  0.1068,  0.2798,  34.8466,  14 Jan 2018 02:41:55
# 27.6191,  5.560931,  4.184,  0.1055,  0.2822,  34.8468,  14 Jan 2018 02:48:55
# 27.6234,  5.561398,  4.244,  0.1055,  0.2797,  34.8469,  14 Jan 2018 02:55:55
# 27.6252,  5.561647,  4.196,  0.1055,  0.2869,  34.8473,  14 Jan 2018 03:02:55
# 27.6268,  5.561785,  4.159,  0.1043,  0.2821,  34.8471,  14 Jan 2018 03:09:55
# 27.6268,  5.561873,  4.265,  0.1081,  0.2786,  34.8477,  14 Jan 2018 03:16:55
# 27.6264,  5.561888,  4.193,  0.1069,  0.2773,  34.8481,  14 Jan 2018 03:23:55
# 27.6256,  5.561902,  4.320,  0.1056,  0.2760,  34.8487,  14 Jan 2018 03:30:55
# 27.6259,  5.561888,  4.255,  0.1057,  0.2760,  34.8485,  14 Jan 2018 03:37:55
# 27.6247,  5.561786,  4.192,  0.1068,  0.2872,  34.8487,  14 Jan 2018 03:44:55
# 27.6221,  5.561625,  4.239,  0.1067,  0.2823,  34.8495,  14 Jan 2018 03:51:55
# 27.6203,  5.561508,  4.270,  0.1032,  0.2810,  34.8499,  14 Jan 2018 03:58:55
# 27.6198,  5.561442,  4.182,  0.1079,  0.2772,  34.8499,  14 Jan 2018 04:05:55
# 27.6177,  5.561253,  4.240,  0.1081,  0.2808,  34.8501,  14 Jan 2018 04:12:55
# 27.6153,  5.561055,  4.205,  0.1094,  0.2785,  34.8505,  14 Jan 2018 04:19:55
# 27.6107,  5.560603,  4.189,  0.1081,  0.2809,  34.8507,  14 Jan 2018 04:26:55
# 27.6109,  5.560566,  4.258,  0.1082,  0.2808,  34.8503,  14 Jan 2018 04:33:55
# 27.6082,  5.560303,  4.212,  0.1069,  0.3080,  34.8505,  14 Jan 2018 04:40:55
# 27.6060,  5.560048,  4.200,  0.1093,  0.2809,  34.8503,  14 Jan 2018 04:47:55
# 27.6044,  5.559858,  4.202,  0.1118,  0.2834,  34.8502,  14 Jan 2018 04:54:55
# 27.6033,  5.559653,  4.164,  0.1093,  0.2773,  34.8496,  14 Jan 2018 05:01:55
# 27.6017,  5.559456,  4.198,  0.1081,  0.2919,  34.8493,  14 Jan 2018 05:08:55
# 27.5999,  5.559244,  4.163,  0.1093,  0.2820,  34.8492,  14 Jan 2018 05:15:55
# 27.5960,  5.558857,  4.148,  0.1093,  0.2808,  34.8494,  14 Jan 2018 05:22:55
# 27.5918,  5.558419,  4.157,  0.1105,  0.2784,  34.8494,  14 Jan 2018 05:29:55
# 27.5870,  5.557894,  4.088,  0.1055,  0.2833,  34.8493,  14 Jan 2018 05:36:55
# 27.5833,  5.557536,  4.076,  0.1069,  0.2797,  34.8495,  14 Jan 2018 05:43:55
# 27.5789,  5.557010,  3.994,  0.1092,  0.2807,  34.8490,  14 Jan 2018 05:50:55
# 27.5756,  5.556660,  4.021,  0.1054,  0.2797,  34.8490,  14 Jan 2018 05:57:55
# 27.5721,  5.556309,  4.038,  0.1056,  0.2856,  34.8491,  14 Jan 2018 06:04:55
# 27.5704,  5.556054,  4.042,  0.1080,  0.2981,  34.8486,  14 Jan 2018 06:11:55
# 27.5657,  5.555601,  4.005,  0.1043,  0.2857,  34.8489,  14 Jan 2018 06:18:55
# 27.5631,  5.555265,  3.995,  0.1055,  0.2846,  34.8485,  14 Jan 2018 06:25:55
# 27.5609,  5.555054,  3.984,  0.1056,  0.2771,  34.8486,  14 Jan 2018 06:32:55
# 27.5596,  5.554915,  3.985,  0.1056,  0.2773,  34.8487,  14 Jan 2018 06:39:55
# 27.5571,  5.554630,  3.930,  0.1055,  0.2760,  34.8485,  14 Jan 2018 06:46:55
# 27.5515,  5.554149,  3.899,  0.1093,  0.2760,  34.8493,  14 Jan 2018 06:53:55
# 27.5470,  5.553652,  3.900,  0.1144,  0.2833,  34.8491,  14 Jan 2018 07:00:55
# 27.5393,  5.552988,  3.890,  0.1105,  0.2771,  34.8502,  14 Jan 2018 07:07:55
# 27.5345,  5.552470,  3.857,  0.1118,  0.2760,  34.8501,  14 Jan 2018 07:14:55
# 27.5311,  5.552076,  3.827,  0.1105,  0.2773,  34.8499,  14 Jan 2018 07:21:55
# 27.5266,  5.551667,  3.848,  0.1105,  0.2760,  34.8503,  14 Jan 2018 07:28:55
# 27.5240,  5.551405,  3.805,  0.1093,  0.2722,  34.8504,  14 Jan 2018 07:35:55
# 27.5195,  5.550967,  3.800,  0.1104,  0.2748,  34.8507,  14 Jan 2018 07:42:55
# 27.5149,  5.550522,  3.777,  0.1054,  0.2734,  34.8509,  14 Jan 2018 07:49:55
# 27.5126,  5.550347,  3.750,  0.1069,  0.2747,  34.8514,  14 Jan 2018 07:56:55
# 27.5116,  5.550157,  3.734,  0.1031,  0.2796,  34.8508,  14 Jan 2018 08:03:55
# 27.5107,  5.550237,  3.756,  0.1082,  0.2760,  34.8520,  14 Jan 2018 08:10:55
# 27.5118,  5.550376,  3.780,  0.1019,  0.2735,  34.8522,  14 Jan 2018 08:17:55
# 27.5090,  5.550113,  3.694,  0.1018,  0.2724,  34.8525,  14 Jan 2018 08:24:55
# 27.5079,  5.549901,  3.648,  0.1007,  0.2537,  34.8518,  14 Jan 2018 08:31:55
# 27.5046,  5.549471,  3.719,  0.0980,  0.2735,  34.8512,  14 Jan 2018 08:38:55
# 27.5016,  5.549157,  3.660,  0.1005,  0.2772,  34.8512,  14 Jan 2018 08:45:55
# 27.4998,  5.548931,  3.584,  0.1032,  0.2747,  34.8510,  14 Jan 2018 08:52:55
# 27.5003,  5.549084,  3.620,  0.1031,  0.2735,  34.8517,  14 Jan 2018 08:59:55
# 27.5000,  5.549238,  3.591,  0.1031,  0.2722,  34.8530,  14 Jan 2018 09:06:55
# 27.5083,  5.550150,  3.591,  0.1032,  0.2748,  34.8533,  14 Jan 2018 09:13:55
# 27.5137,  5.550726,  3.579,  0.1018,  0.2724,  34.8533,  14 Jan 2018 09:20:55
# 27.5213,  5.551945,  3.585,  0.0931,  0.2712,  34.8563,  14 Jan 2018 09:27:55
# 27.5329,  5.553433,  3.583,  0.0982,  0.2737,  34.8582,  14 Jan 2018 09:34:55
# 27.5379,  5.553433,  3.528,  0.0971,  0.2724,  34.8545,  14 Jan 2018 09:41:55
# 27.5513,  5.555003,  3.518,  0.0981,  0.2721,  34.8556,  14 Jan 2018 09:48:55
# 27.5671,  5.556988,  3.526,  0.1006,  0.2759,  34.8579,  14 Jan 2018 09:55:55
# 27.5792,  5.558492,  3.574,  0.0958,  0.2747,  34.8595,  14 Jan 2018 10:02:55
# 27.5938,  5.559806,  3.522,  0.0941,  0.2757,  34.8579,  14 Jan 2018 10:09:55
# 27.5992,  5.560500,  3.505,  0.0933,  0.2697,  34.8588,  14 Jan 2018 10:16:55
# 27.5989,  5.559865,  3.535,  0.0955,  0.2746,  34.8545,  14 Jan 2018 10:23:55
# 27.5977,  5.559536,  3.550,  0.0967,  0.2760,  34.8530,  14 Jan 2018 10:30:55
# 27.5996,  5.559543,  3.482,  0.0993,  0.2721,  34.8517,  14 Jan 2018 10:37:55
# 27.6024,  5.559390,  3.522,  0.0980,  0.2795,  34.8485,  14 Jan 2018 10:44:55
# 27.6030,  5.558674,  3.495,  0.1042,  0.2721,  34.8430,  14 Jan 2018 10:51:55
# 27.6069,  5.558988,  3.522,  0.0993,  0.2895,  34.8424,  14 Jan 2018 10:58:55
# 27.6153,  5.555812,  3.536,  0.1006,  0.2697,  34.8137,  14 Jan 2018 11:05:55
# 27.6177,  5.556126,  3.509,  0.1006,  0.2735,  34.8141,  14 Jan 2018 11:12:55
# 27.6302,  5.556615,  3.556,  0.0944,  0.2697,  34.8083,  14 Jan 2018 11:19:55
# 27.6438,  5.557929,  3.563,  0.0945,  0.2673,  34.8074,  14 Jan 2018 11:26:55
# 27.6565,  5.559652,  3.513,  0.0955,  0.2697,  34.8102,  14 Jan 2018 11:33:55
# 27.6710,  5.560879,  3.544,  0.0954,  0.2684,  34.8081,  14 Jan 2018 11:40:55
# 27.6893,  5.562858,  3.562,  0.0932,  0.2687,  34.8084,  14 Jan 2018 11:47:55
# 27.7119,  5.564545,  3.556,  0.0955,  0.2672,  34.8036,  14 Jan 2018 11:54:55
# 27.7284,  5.567007,  3.590,  0.0906,  0.2709,  34.8086,  14 Jan 2018 12:01:55
# 27.7384,  5.568680,  3.624,  0.0918,  0.2710,  34.8130,  14 Jan 2018 12:08:55
# 27.7492,  5.568753,  3.648,  0.0956,  0.2710,  34.8054,  14 Jan 2018 12:15:55
# 27.7707,  5.570967,  3.604,  0.0981,  0.2747,  34.8051,  14 Jan 2018 12:22:55
# 27.7735,  5.572393,  3.630,  0.0943,  0.2724,  34.8131,  14 Jan 2018 12:29:55
# 27.8165,  5.575455,  3.670,  0.0893,  0.2648,  34.8027,  14 Jan 2018 12:36:55
# 27.8207,  5.576421,  3.693,  0.0955,  0.2734,  34.8064,  14 Jan 2018 12:43:55
# 27.8479,  5.578768,  3.741,  0.0930,  0.2673,  34.8027,  14 Jan 2018 12:50:55
# 27.8688,  5.581415,  3.695,  0.0969,  0.2734,  34.8058,  14 Jan 2018 12:57:55
# 27.8876,  5.583522,  3.713,  0.0943,  0.2772,  34.8068,  14 Jan 2018 13:04:55
# 27.9133,  5.585534,  3.781,  0.0905,  0.2770,  34.8018,  14 Jan 2018 13:11:55
# 27.9453,  5.588461,  3.755,  0.0917,  0.2686,  34.7987,  14 Jan 2018 13:18:55
# 27.9806,  5.591747,  3.798,  0.0883,  0.2734,  34.7956,  14 Jan 2018 13:25:55
# 27.9847,  5.591813,  3.787,  0.0943,  0.2734,  34.7930,  14 Jan 2018 13:32:55
# 28.0196,  5.594873,  3.776,  0.0883,  0.2712,  34.7888,  14 Jan 2018 13:39:55
# 28.0307,  5.594924,  3.808,  0.0944,  0.2758,  34.7809,  14 Jan 2018 13:46:55
# 28.0591,  5.596403,  3.893,  0.0967,  0.2759,  34.7703,  14 Jan 2018 13:53:55
