# 28.6500,  5.638007,  3.825,  0.0930,  0.2956,  34.6266,  08 Feb 2018 14:01:55
# 28.6791,  5.640321,  3.804,  0.0980,  0.2982,  34.6214,  08 Feb 2018 14:08:55
# 28.7067,  5.643180,  3.798,  0.1004,  0.3017,  34.6211,  08 Feb 2018 14:15:55
# 28.7066,  5.643400,  3.776,  0.0957,  0.2980,  34.6227,  08 Feb 2018 14:22:55
# 28.7257,  5.645407,  3.774,  0.0958,  0.2942,  34.6226,  08 Feb 2018 14:29:55
# 28.7376,  5.646987,  3.784,  0.0968,  0.2954,  34.6249,  08 Feb 2018 14:36:55
# 28.7372,  5.647120,  3.780,  0.0970,  0.2980,  34.6261,  08 Feb 2018 14:43:55
# 28.7475,  5.648002,  3.787,  0.0969,  0.2933,  34.6247,  08 Feb 2018 14:50:55
# 28.7574,  5.649473,  3.801,  0.0993,  0.2945,  34.6277,  08 Feb 2018 14:57:55
# 28.7614,  5.650083,  3.776,  0.1030,  0.2956,  34.6290,  08 Feb 2018 15:04:55
# 28.7830,  5.651855,  3.753,  0.0956,  0.2966,  34.6255,  08 Feb 2018 15:11:55
# 28.7927,  5.652885,  3.741,  0.0980,  0.2944,  34.6256,  08 Feb 2018 15:18:55
# 28.8043,  5.654216,  3.734,  0.1005,  0.2943,  34.6263,  08 Feb 2018 15:25:55
# 28.8039,  5.654584,  3.700,  0.1004,  0.2992,  34.6291,  08 Feb 2018 15:32:55
# 28.8081,  5.655179,  3.728,  0.0968,  0.2943,  34.6302,  08 Feb 2018 15:39:55
# 28.8218,  5.656415,  3.717,  0.1019,  0.3294,  34.6287,  08 Feb 2018 15:46:55
# 28.8398,  5.658196,  3.686,  0.1004,  0.3006,  34.6280,  08 Feb 2018 15:53:55
# 28.8404,  5.658461,  3.719,  0.0982,  0.2967,  34.6293,  08 Feb 2018 16:00:55
# 28.8510,  5.659527,  3.668,  0.0991,  0.3055,  34.6290,  08 Feb 2018 16:07:55
# 28.8682,  5.661124,  3.671,  0.0994,  0.2955,  34.6275,  08 Feb 2018 16:14:55
# 28.8824,  5.662729,  3.681,  0.1019,  0.2994,  34.6283,  08 Feb 2018 16:21:55
# 28.8971,  5.664039,  3.609,  0.1018,  0.3006,  34.6266,  08 Feb 2018 16:28:55
# 28.9028,  5.664694,  3.644,  0.1044,  0.3043,  34.6270,  08 Feb 2018 16:35:55
# 28.8912,  5.663664,  3.639,  0.0992,  0.2956,  34.6283,  08 Feb 2018 16:42:55
# 28.9006,  5.664186,  3.620,  0.1018,  0.3041,  34.6251,  08 Feb 2018 16:49:55
# 28.8741,  5.661890,  3.625,  0.0991,  0.2980,  34.6285,  08 Feb 2018 16:56:55
# 28.8529,  5.659446,  3.637,  0.1018,  0.3002,  34.6271,  08 Feb 2018 17:03:55
# 28.8369,  5.657644,  3.615,  0.1005,  0.2981,  34.6263,  08 Feb 2018 17:10:55
# 28.8320,  5.656937,  3.635,  0.1031,  0.2944,  34.6250,  08 Feb 2018 17:17:55
# 28.8272,  5.656084,  3.600,  0.1006,  0.2966,  34.6226,  08 Feb 2018 17:24:55
# 28.8183,  5.655371,  3.619,  0.1030,  0.3027,  34.6241,  08 Feb 2018 17:31:55
# 28.7959,  5.653333,  3.616,  0.1069,  0.2992,  34.6264,  08 Feb 2018 17:38:55
# 28.7862,  5.651921,  3.604,  0.1019,  0.2955,  34.6236,  08 Feb 2018 17:45:55
# 28.7674,  5.649833,  3.579,  0.1042,  0.2953,  34.6229,  08 Feb 2018 17:52:55
# 28.7643,  5.649553,  3.587,  0.1030,  0.2993,  34.6232,  08 Feb 2018 17:59:55
# 28.7676,  5.649619,  3.585,  0.1042,  0.2966,  34.6213,  08 Feb 2018 18:06:55
# 28.7677,  5.649663,  3.613,  0.1017,  0.3028,  34.6215,  08 Feb 2018 18:13:55
# 28.7660,  5.649583,  3.601,  0.1007,  0.2981,  34.6222,  08 Feb 2018 18:20:55
# 28.7535,  5.648414,  3.614,  0.1055,  0.2992,  34.6232,  08 Feb 2018 18:27:55
# 28.7466,  5.647575,  3.595,  0.1030,  0.2968,  34.6225,  08 Feb 2018 18:34:55
# 28.7221,  5.645510,  3.623,  0.1053,  0.2979,  34.6260,  08 Feb 2018 18:41:55
# 28.7226,  5.645069,  3.600,  0.1030,  0.3015,  34.6226,  08 Feb 2018 18:48:55
# 28.7121,  5.644069,  3.618,  0.1080,  0.2968,  34.6233,  08 Feb 2018 18:55:55
# 28.7084,  5.643467,  3.636,  0.1016,  0.2969,  34.6219,  08 Feb 2018 19:02:55
# 28.7081,  5.643452,  3.620,  0.1069,  0.3104,  34.6220,  08 Feb 2018 19:09:55
# 28.6971,  5.642401,  3.628,  0.1054,  0.3067,  34.6228,  08 Feb 2018 19:16:55
# 28.6864,  5.641446,  3.618,  0.1006,  0.3017,  34.6239,  08 Feb 2018 19:23:55
# 28.6856,  5.641203,  3.622,  0.1005,  0.3043,  34.6228,  08 Feb 2018 19:30:55
# 28.6783,  5.640527,  3.659,  0.1032,  0.3104,  34.6234,  08 Feb 2018 19:37:55
# 28.6532,  5.638073,  3.622,  0.1032,  0.2979,  34.6248,  08 Feb 2018 19:44:55
# 28.6416,  5.636913,  3.666,  0.1032,  0.2980,  34.6252,  08 Feb 2018 19:51:55
# 28.6359,  5.636288,  3.687,  0.1005,  0.2993,  34.6250,  08 Feb 2018 19:58:55
# 28.6187,  5.634930,  3.655,  0.1056,  0.2982,  34.6282,  08 Feb 2018 20:05:55
# 28.6186,  5.634496,  3.684,  0.1030,  0.2992,  34.6252,  08 Feb 2018 20:12:55
# 28.6228,  5.634687,  3.676,  0.1031,  0.3005,  34.6235,  08 Feb 2018 20:19:55
# 28.6187,  5.634393,  3.686,  0.1032,  0.2980,  34.6244,  08 Feb 2018 20:26:55
# 28.6178,  5.634474,  3.686,  0.1044,  0.3104,  34.6256,  08 Feb 2018 20:33:55
# 28.6111,  5.633718,  3.699,  0.1005,  0.2918,  34.6253,  08 Feb 2018 20:40:55
# 28.6133,  5.633938,  3.735,  0.1045,  0.3027,  34.6252,  08 Feb 2018 20:47:55
# 28.5964,  5.632433,  3.723,  0.1057,  0.2991,  34.6271,  08 Feb 2018 20:54:55
# 28.5826,  5.631038,  3.740,  0.1017,  0.2979,  34.6275,  08 Feb 2018 21:01:55
# 28.5713,  5.629922,  3.759,  0.1031,  0.3017,  34.6280,  08 Feb 2018 21:08:55
# 28.5568,  5.628189,  3.777,  0.1032,  0.2990,  34.6266,  08 Feb 2018 21:15:55
# 28.5523,  5.627800,  3.785,  0.1030,  0.3017,  34.6272,  08 Feb 2018 21:22:55
# 28.4908,  5.622171,  3.823,  0.1019,  0.3028,  34.6330,  08 Feb 2018 21:29:55
# 28.4934,  5.621504,  3.815,  0.1042,  0.2943,  34.6264,  08 Feb 2018 21:36:55
# 28.4714,  5.619992,  3.853,  0.1043,  0.2992,  34.6321,  08 Feb 2018 21:43:55
# 28.4486,  5.617608,  3.848,  0.1006,  0.3006,  34.6322,  08 Feb 2018 21:50:55
# 28.4231,  5.614821,  3.833,  0.1005,  0.3004,  34.6314,  08 Feb 2018 21:57:55
# 28.3868,  5.611185,  3.839,  0.0994,  0.2944,  34.6327,  08 Feb 2018 22:04:55
# 28.3466,  5.607175,  3.868,  0.1019,  0.3029,  34.6342,  08 Feb 2018 22:11:55
# 28.2971,  5.602054,  3.878,  0.1006,  0.2943,  34.6348,  08 Feb 2018 22:18:55
# 28.2302,  5.595828,  3.913,  0.1055,  0.2982,  34.6404,  08 Feb 2018 22:25:55
# 28.1783,  5.589950,  3.894,  0.1043,  0.2954,  34.6375,  08 Feb 2018 22:32:55
# 28.1474,  5.586188,  3.867,  0.1019,  0.3017,  34.6339,  08 Feb 2018 22:39:55
# 28.1255,  5.584359,  3.922,  0.1042,  0.3104,  34.6372,  08 Feb 2018 22:46:55
# 28.0890,  5.580680,  3.948,  0.1032,  0.2941,  34.6383,  08 Feb 2018 22:53:55
# 28.0527,  5.577258,  3.981,  0.1018,  0.2992,  34.6410,  08 Feb 2018 23:00:55
# 28.0507,  5.576358,  3.965,  0.1019,  0.2955,  34.6362,  08 Feb 2018 23:07:55
# 28.0183,  5.573266,  3.986,  0.1018,  0.2956,  34.6383,  08 Feb 2018 23:14:55
# 28.0204,  5.573046,  3.976,  0.1032,  0.2956,  34.6352,  08 Feb 2018 23:21:55
# 28.0124,  5.572067,  3.964,  0.1031,  0.2944,  34.6343,  08 Feb 2018 23:28:55
# 27.9994,  5.570773,  3.976,  0.1032,  0.2982,  34.6348,  08 Feb 2018 23:35:55
# 27.9876,  5.569451,  4.053,  0.1044,  0.2981,  34.6342,  08 Feb 2018 23:42:55
# 27.9785,  5.568559,  4.013,  0.1018,  0.2980,  34.6347,  08 Feb 2018 23:49:55
# 27.9776,  5.568135,  4.013,  0.1043,  0.2980,  34.6324,  08 Feb 2018 23:56:55
# 27.9709,  5.567544,  4.020,  0.1054,  0.3017,  34.6331,  09 Feb 2018 00:03:55
# 27.9746,  5.567807,  4.022,  0.1030,  0.2955,  34.6323,  09 Feb 2018 00:10:55
# 27.9765,  5.567953,  4.002,  0.1042,  0.2944,  34.6319,  09 Feb 2018 00:17:55
# 27.9802,  5.568303,  4.034,  0.1069,  0.2982,  34.6316,  09 Feb 2018 00:24:55
# 27.9812,  5.568384,  4.016,  0.1056,  0.2968,  34.6314,  09 Feb 2018 00:31:55
# 27.9761,  5.567858,  4.029,  0.1044,  0.2992,  34.6315,  09 Feb 2018 00:38:55
# 27.9743,  5.567580,  4.067,  0.1067,  0.2956,  34.6308,  09 Feb 2018 00:45:55
# 27.9682,  5.567017,  4.002,  0.1030,  0.2955,  34.6314,  09 Feb 2018 00:52:55
# 27.9617,  5.566287,  4.025,  0.1055,  0.2980,  34.6311,  09 Feb 2018 00:59:55
# 27.9538,  5.565491,  4.033,  0.1056,  0.3140,  34.6313,  09 Feb 2018 01:06:55
# 27.9498,  5.565096,  4.064,  0.1067,  0.2993,  34.6315,  09 Feb 2018 01:13:55
# 27.9453,  5.564578,  4.046,  0.1068,  0.2943,  34.6312,  09 Feb 2018 01:20:55
# 27.9404,  5.564037,  3.994,  0.1080,  0.2968,  34.6310,  09 Feb 2018 01:27:55
# 27.9358,  5.563496,  4.008,  0.1043,  0.2980,  34.6306,  09 Feb 2018 01:34:55
# 27.9310,  5.563014,  4.018,  0.1067,  0.2956,  34.6307,  09 Feb 2018 01:41:55
# 27.9293,  5.562817,  3.987,  0.1067,  0.2969,  34.6306,  09 Feb 2018 01:48:55
# 27.9228,  5.562138,  3.989,  0.1067,  0.2956,  34.6307,  09 Feb 2018 01:55:55
# 27.9178,  5.561758,  4.009,  0.1080,  0.2956,  34.6317,  09 Feb 2018 02:02:55
# 27.9170,  5.561649,  3.973,  0.1067,  0.2956,  34.6315,  09 Feb 2018 02:09:55
# 27.9125,  5.561189,  3.970,  0.1082,  0.2966,  34.6315,  09 Feb 2018 02:16:55
# 27.9054,  5.560604,  4.007,  0.1079,  0.2955,  34.6327,  09 Feb 2018 02:23:55
# 27.9013,  5.560174,  3.946,  0.1080,  0.2955,  34.6327,  09 Feb 2018 02:30:55
# 27.8959,  5.559706,  3.986,  0.1068,  0.2968,  34.6334,  09 Feb 2018 02:37:55
# 27.8896,  5.559210,  3.950,  0.1080,  0.2943,  34.6346,  09 Feb 2018 02:44:55
# 27.8866,  5.558845,  3.923,  0.1079,  0.2968,  34.6342,  09 Feb 2018 02:51:55
# 27.8821,  5.558429,  3.912,  0.1042,  0.3017,  34.6346,  09 Feb 2018 02:58:55
# 27.8777,  5.558020,  3.921,  0.1080,  0.2968,  34.6350,  09 Feb 2018 03:05:55
# 27.8721,  5.557633,  3.911,  0.1082,  0.3004,  34.6364,  09 Feb 2018 03:12:55
# 27.8700,  5.557363,  3.879,  0.1067,  0.3005,  34.6361,  09 Feb 2018 03:19:55
# 27.8579,  5.556465,  3.890,  0.1082,  0.2979,  34.6387,  09 Feb 2018 03:26:55
# 27.8538,  5.556005,  3.913,  0.1067,  0.2943,  34.6385,  09 Feb 2018 03:33:55
# 27.8488,  5.555633,  3.861,  0.1094,  0.2931,  34.6396,  09 Feb 2018 03:40:55
# 27.8387,  5.554749,  3.844,  0.1080,  0.2957,  34.6408,  09 Feb 2018 03:47:55
# 27.8321,  5.554209,  3.839,  0.1080,  0.2944,  34.6419,  09 Feb 2018 03:54:55
# 27.8234,  5.553443,  3.817,  0.1106,  0.2944,  34.6429,  09 Feb 2018 04:01:55
# 27.8173,  5.552859,  3.807,  0.1056,  0.2967,  34.6433,  09 Feb 2018 04:08:55
# 27.7988,  5.551203,  3.801,  0.1080,  0.2955,  34.6453,  09 Feb 2018 04:15:55
# 27.7880,  5.550050,  3.755,  0.1093,  0.2992,  34.6452,  09 Feb 2018 04:22:55
# 27.7886,  5.549962,  3.733,  0.1082,  0.2980,  34.6441,  09 Feb 2018 04:29:55
# 27.7804,  5.549225,  3.761,  0.1093,  0.2956,  34.6450,  09 Feb 2018 04:36:55
# 27.7797,  5.549057,  3.721,  0.1082,  0.2918,  34.6444,  09 Feb 2018 04:43:55
# 27.7748,  5.548598,  3.713,  0.1082,  0.3005,  34.6447,  09 Feb 2018 04:50:55
# 27.7711,  5.548175,  3.707,  0.1080,  0.2969,  34.6445,  09 Feb 2018 04:57:55
# 27.7616,  5.547321,  3.690,  0.1054,  0.2968,  34.6455,  09 Feb 2018 05:04:55
# 27.7592,  5.546993,  3.713,  0.1055,  0.2955,  34.6450,  09 Feb 2018 05:11:55
# 27.7525,  5.546271,  3.649,  0.1043,  0.2955,  34.6449,  09 Feb 2018 05:18:55
# 27.7461,  5.545636,  3.669,  0.1054,  0.2968,  34.6451,  09 Feb 2018 05:25:55
# 27.7428,  5.545228,  3.655,  0.1080,  0.2954,  34.6447,  09 Feb 2018 05:32:55
# 27.7335,  5.544294,  3.633,  0.1044,  0.2930,  34.6450,  09 Feb 2018 05:39:55
# 27.7265,  5.543616,  3.623,  0.1044,  0.2968,  34.6453,  09 Feb 2018 05:46:55
# 27.7161,  5.542580,  3.624,  0.1030,  0.2931,  34.6458,  09 Feb 2018 05:53:55
# 27.7176,  5.542558,  3.598,  0.1042,  0.2944,  34.6445,  09 Feb 2018 06:00:55
# 27.7147,  5.542383,  3.644,  0.1042,  0.2956,  34.6454,  09 Feb 2018 06:07:55
# 27.7052,  5.541487,  3.589,  0.1054,  0.2919,  34.6461,  09 Feb 2018 06:14:55
# 27.6926,  5.540298,  3.615,  0.0993,  0.2968,  34.6470,  09 Feb 2018 06:21:55
# 27.6822,  5.539073,  3.578,  0.1042,  0.2982,  34.6461,  09 Feb 2018 06:28:55
# 27.6785,  5.538709,  3.563,  0.1043,  0.3005,  34.6463,  09 Feb 2018 06:35:55
# 27.6776,  5.538694,  3.564,  0.1042,  0.2930,  34.6468,  09 Feb 2018 06:42:55
# 27.6676,  5.537630,  3.570,  0.1068,  0.2920,  34.6467,  09 Feb 2018 06:49:55
# 27.6657,  5.537572,  3.547,  0.1056,  0.2956,  34.6477,  09 Feb 2018 06:56:55
# 27.6608,  5.536959,  3.559,  0.1042,  0.2969,  34.6470,  09 Feb 2018 07:03:55
# 27.6599,  5.536945,  3.553,  0.1093,  0.2930,  34.6476,  09 Feb 2018 07:10:55
# 27.6646,  5.537346,  3.537,  0.1080,  0.2919,  34.6469,  09 Feb 2018 07:17:55
# 27.6437,  5.535596,  3.556,  0.1043,  0.2882,  34.6501,  09 Feb 2018 07:24:55
# 27.6475,  5.535917,  3.553,  0.1106,  0.2918,  34.6495,  09 Feb 2018 07:31:55
# 27.6537,  5.536435,  3.550,  0.1106,  0.2956,  34.6486,  09 Feb 2018 07:38:55
# 27.6509,  5.536238,  3.563,  0.1055,  0.3104,  34.6493,  09 Feb 2018 07:45:55
# 27.6469,  5.535975,  3.540,  0.1067,  0.2882,  34.6503,  09 Feb 2018 07:52:55
# 27.6479,  5.536143,  3.527,  0.1067,  0.2955,  34.6508,  09 Feb 2018 07:59:55
# 27.6433,  5.536099,  3.545,  0.1030,  0.2920,  34.6539,  09 Feb 2018 08:06:55
# 27.6518,  5.536631,  3.561,  0.1055,  0.2869,  34.6514,  09 Feb 2018 08:13:55
# 27.6547,  5.537222,  3.565,  0.1006,  0.2893,  34.6534,  09 Feb 2018 08:20:55
# 27.6679,  5.538468,  3.563,  0.1017,  0.2943,  34.6524,  09 Feb 2018 08:27:55
# 27.6706,  5.538869,  3.555,  0.0994,  0.2871,  34.6533,  09 Feb 2018 08:34:55
# 27.6828,  5.540211,  3.568,  0.1017,  0.2857,  34.6536,  09 Feb 2018 08:41:55
# 27.6779,  5.539897,  3.564,  0.0995,  0.2857,  34.6551,  09 Feb 2018 08:48:55
# 27.6909,  5.541122,  3.577,  0.0969,  0.2856,  34.6541,  09 Feb 2018 08:55:55
# 27.7053,  5.542967,  3.595,  0.1005,  0.2858,  34.6565,  09 Feb 2018 09:02:55
# 27.7178,  5.544382,  3.620,  0.1005,  0.2868,  34.6572,  09 Feb 2018 09:09:55
# 27.7348,  5.546483,  3.609,  0.0954,  0.2919,  34.6594,  09 Feb 2018 09:16:55
# 27.7594,  5.548912,  3.611,  0.0993,  0.2844,  34.6583,  09 Feb 2018 09:23:55
# 27.7575,  5.549065,  3.603,  0.0969,  0.2869,  34.6608,  09 Feb 2018 09:30:55
# 27.7687,  5.550648,  3.654,  0.0919,  0.2920,  34.6636,  09 Feb 2018 09:37:55
# 27.7921,  5.552867,  3.644,  0.0968,  0.2908,  34.6620,  09 Feb 2018 09:44:55
# 27.8055,  5.554378,  3.662,  0.0942,  0.2895,  34.6627,  09 Feb 2018 09:51:55
# 27.7927,  5.553838,  3.674,  0.0919,  0.2857,  34.6683,  09 Feb 2018 09:58:55
# 27.8214,  5.556553,  3.656,  0.0932,  0.2907,  34.6663,  09 Feb 2018 10:05:55
# 27.8177,  5.557634,  3.684,  0.0930,  0.2858,  34.6765,  09 Feb 2018 10:12:55
# 27.8354,  5.558364,  3.663,  0.0954,  0.2860,  34.6686,  09 Feb 2018 10:19:55
# 27.8523,  5.560759,  3.701,  0.0920,  0.2879,  34.6730,  09 Feb 2018 10:26:55
# 27.8529,  5.561255,  3.709,  0.0895,  0.2872,  34.6760,  09 Feb 2018 10:33:55
# 27.8655,  5.561744,  3.732,  0.0955,  0.2919,  34.6702,  09 Feb 2018 10:40:55
# 27.8848,  5.563636,  3.707,  0.0905,  0.2933,  34.6692,  09 Feb 2018 10:47:55
# 27.8746,  5.563030,  3.723,  0.0869,  0.3604,  34.6725,  09 Feb 2018 10:54:55
# 27.8961,  5.565134,  3.719,  0.0881,  0.2907,  34.6714,  09 Feb 2018 11:01:55
# 27.8815,  5.564162,  3.733,  0.0893,  0.2895,  34.6754,  09 Feb 2018 11:08:55
# 27.8951,  5.566624,  3.767,  0.0932,  0.2843,  34.6826,  09 Feb 2018 11:15:55
# 27.9294,  5.568626,  3.751,  0.0918,  0.2895,  34.6713,  09 Feb 2018 11:22:55
# 27.9428,  5.570051,  3.776,  0.0905,  0.2859,  34.6715,  09 Feb 2018 11:29:55
# 27.9279,  5.569481,  3.798,  0.0893,  0.2856,  34.6784,  09 Feb 2018 11:36:55
# 27.9213,  5.568582,  3.806,  0.0919,  0.2918,  34.6770,  09 Feb 2018 11:43:55
# 27.9355,  5.569510,  3.811,  0.0932,  0.2895,  34.6730,  09 Feb 2018 11:50:55
# 27.9404,  5.571052,  3.834,  0.0918,  0.2870,  34.6802,  09 Feb 2018 11:57:55
# 27.9647,  5.573435,  3.799,  0.0906,  0.2883,  34.6790,  09 Feb 2018 12:04:55
# 27.9450,  5.572097,  3.830,  0.0970,  0.2944,  34.6841,  09 Feb 2018 12:11:55
# 27.9369,  5.572178,  3.858,  0.0931,  0.2956,  34.6907,  09 Feb 2018 12:18:55
# 27.9707,  5.574919,  3.828,  0.0881,  0.3030,  34.6850,  09 Feb 2018 12:25:55
# 27.9962,  5.577770,  3.838,  0.0932,  0.2980,  34.6862,  09 Feb 2018 12:32:55
# 28.0380,  5.582561,  3.845,  0.0931,  0.2967,  34.6889,  09 Feb 2018 12:39:55
# 28.0773,  5.587097,  3.822,  0.0919,  0.2920,  34.6918,  09 Feb 2018 12:46:55
# 28.1132,  5.590778,  3.851,  0.0919,  0.2991,  34.6911,  09 Feb 2018 12:53:55
# 28.1469,  5.593838,  3.825,  0.0918,  0.2981,  34.6877,  09 Feb 2018 13:00:55
# 28.1889,  5.598092,  3.849,  0.0957,  0.3006,  34.6866,  09 Feb 2018 13:07:55
# 28.2127,  5.600824,  3.832,  0.0932,  0.2944,  34.6881,  09 Feb 2018 13:14:55
# 28.2284,  5.602560,  3.847,  0.0969,  0.3053,  34.6887,  09 Feb 2018 13:21:55
# 28.2652,  5.606158,  3.842,  0.0906,  0.2993,  34.6868,  09 Feb 2018 13:28:55
# 28.3166,  5.611553,  3.865,  0.0993,  0.3031,  34.6867,  09 Feb 2018 13:35:55
# 28.3508,  5.615013,  3.853,  0.0930,  0.2979,  34.6856,  09 Feb 2018 13:42:55
# 28.3742,  5.617470,  3.838,  0.0969,  0.2971,  34.6856,  09 Feb 2018 13:49:55
# 28.4098,  5.621197,  3.880,  0.0905,  0.2966,  34.6855,  09 Feb 2018 13:56:55
