# 27.6045,  5.570459,  3.744,  0.1031,  0.2879,  34.9251,  29 Jan 2018 14:02:55
# 27.6867,  5.576394,  3.775,  0.1018,  0.2860,  34.9057,  29 Jan 2018 14:09:55
# 27.7572,  5.582024,  3.825,  0.1031,  0.3127,  34.8929,  29 Jan 2018 14:16:55
# 27.8241,  5.588046,  3.840,  0.1031,  0.2833,  34.8856,  29 Jan 2018 14:23:55
# 27.8041,  5.586780,  3.887,  0.0993,  0.2857,  34.8915,  29 Jan 2018 14:30:55
# 27.8718,  5.592173,  3.874,  0.1017,  0.2907,  34.8791,  29 Jan 2018 14:37:55
# 27.8509,  5.592320,  3.984,  0.0994,  0.2818,  34.8957,  29 Jan 2018 14:44:55
# 27.9265,  5.598822,  3.881,  0.1004,  0.2847,  34.8853,  29 Jan 2018 14:51:55
# 28.0159,  5.607438,  3.993,  0.1415,  0.2895,  34.8794,  29 Jan 2018 14:58:55
# 28.0659,  5.612760,  3.955,  0.0956,  0.2831,  34.8797,  29 Jan 2018 15:05:55
# 28.0655,  5.613757,  3.955,  0.0980,  0.2867,  34.8870,  29 Jan 2018 15:12:55
# 28.1269,  5.617482,  4.013,  0.0993,  0.2868,  34.8676,  29 Jan 2018 15:19:55
# 28.1299,  5.617981,  4.020,  0.1006,  0.2834,  34.8689,  29 Jan 2018 15:26:55
# 28.1323,  5.617556,  4.040,  0.0981,  0.2819,  34.8641,  29 Jan 2018 15:33:55
# 28.1444,  5.617548,  4.041,  0.0993,  0.2917,  34.8552,  29 Jan 2018 15:40:55
# 28.1293,  5.614864,  3.999,  0.0993,  0.2905,  34.8476,  29 Jan 2018 15:47:55
# 28.1333,  5.613617,  4.029,  0.1044,  0.3003,  34.8359,  29 Jan 2018 15:54:55
# 28.1262,  5.611769,  4.014,  0.1018,  0.2906,  34.8282,  29 Jan 2018 16:01:55
# 28.1415,  5.611365,  4.054,  0.1005,  0.2930,  34.8141,  29 Jan 2018 16:08:55
# 28.1471,  5.610023,  4.058,  0.1019,  0.2919,  34.8005,  29 Jan 2018 16:15:55
# 28.1545,  5.608814,  4.058,  0.1003,  0.2906,  34.7867,  29 Jan 2018 16:22:55
# 28.1545,  5.606864,  4.014,  0.1055,  0.2941,  34.7731,  29 Jan 2018 16:29:55
# 28.1504,  5.604328,  4.008,  0.1082,  0.2895,  34.7583,  29 Jan 2018 16:36:55
# 28.1500,  5.602188,  4.024,  0.1069,  0.3004,  34.7437,  29 Jan 2018 16:43:55
# 28.1436,  5.599741,  4.032,  0.1056,  0.2907,  34.7313,  29 Jan 2018 16:50:55
# 28.1464,  5.598935,  4.072,  0.1044,  0.2881,  34.7236,  29 Jan 2018 16:57:55
# 28.1377,  5.596907,  4.035,  0.1055,  0.2918,  34.7158,  29 Jan 2018 17:04:55
# 28.1289,  5.595383,  4.060,  0.1054,  0.2883,  34.7117,  29 Jan 2018 17:11:55
# 28.1164,  5.593568,  4.046,  0.1082,  0.2980,  34.7082,  29 Jan 2018 17:18:55
# 28.1001,  5.590917,  3.965,  0.1068,  0.2880,  34.7017,  29 Jan 2018 17:25:55
# 28.0899,  5.589483,  3.973,  0.1068,  0.2930,  34.6992,  29 Jan 2018 17:32:55
# 28.0766,  5.587748,  3.989,  0.1069,  0.2894,  34.6968,  29 Jan 2018 17:39:55
# 28.0620,  5.586036,  3.955,  0.1105,  0.3015,  34.6956,  29 Jan 2018 17:46:55
# 28.0349,  5.583190,  3.947,  0.1067,  0.2918,  34.6956,  29 Jan 2018 17:53:55
# 28.0268,  5.581946,  3.933,  0.1103,  0.2943,  34.6928,  29 Jan 2018 18:00:55
# 28.0097,  5.580016,  3.898,  0.1067,  0.2918,  34.6920,  29 Jan 2018 18:07:55
# 28.0038,  5.579416,  3.975,  0.1080,  0.2895,  34.6921,  29 Jan 2018 18:14:55
# 27.9895,  5.577873,  3.929,  0.1091,  0.2918,  34.6918,  29 Jan 2018 18:21:55
# 27.9786,  5.576674,  3.864,  0.1092,  0.2930,  34.6915,  29 Jan 2018 18:28:55
# 27.9646,  5.575182,  3.835,  0.1080,  0.2869,  34.6914,  29 Jan 2018 18:35:55
# 27.9528,  5.574130,  3.857,  0.1068,  0.2893,  34.6926,  29 Jan 2018 18:42:55
# 27.9397,  5.572690,  3.823,  0.1080,  0.2895,  34.6922,  29 Jan 2018 18:49:55
# 27.9222,  5.570884,  3.825,  0.1093,  0.2895,  34.6925,  29 Jan 2018 18:56:55
# 27.9109,  5.569759,  3.780,  0.1105,  0.2955,  34.6929,  29 Jan 2018 19:03:55
# 27.9012,  5.568714,  3.778,  0.1093,  0.2956,  34.6928,  29 Jan 2018 19:10:55
# 27.8852,  5.567158,  3.775,  0.1080,  0.3030,  34.6936,  29 Jan 2018 19:17:55
# 27.8738,  5.566011,  3.745,  0.1093,  0.2967,  34.6940,  29 Jan 2018 19:24:55
# 27.8596,  5.564316,  3.706,  0.1103,  0.2932,  34.6926,  29 Jan 2018 19:31:55
# 27.8494,  5.563301,  3.682,  0.1092,  0.3005,  34.6930,  29 Jan 2018 19:38:55
# 27.8262,  5.561007,  3.650,  0.1093,  0.2906,  34.6940,  29 Jan 2018 19:45:55
# 27.8129,  5.559737,  3.678,  0.1104,  0.2895,  34.6949,  29 Jan 2018 19:52:55
# 27.8048,  5.558824,  3.631,  0.1104,  0.2894,  34.6945,  29 Jan 2018 19:59:55
# 27.7871,  5.556977,  3.593,  0.1093,  0.2943,  34.6946,  29 Jan 2018 20:06:55
# 27.7737,  5.555605,  3.554,  0.1093,  0.2882,  34.6948,  29 Jan 2018 20:13:55
# 27.7686,  5.555057,  3.590,  0.1080,  0.2979,  34.6947,  29 Jan 2018 20:20:55
# 27.7564,  5.553751,  3.573,  0.1103,  0.2844,  34.6946,  29 Jan 2018 20:27:55
# 27.7394,  5.552043,  3.548,  0.1117,  0.2881,  34.6951,  29 Jan 2018 20:34:55
# 27.7294,  5.550948,  3.499,  0.1093,  0.2930,  34.6949,  29 Jan 2018 20:41:55
# 27.7275,  5.550839,  3.497,  0.1117,  0.2894,  34.6955,  29 Jan 2018 20:48:55
# 27.7186,  5.549752,  3.467,  0.1093,  0.2941,  34.6944,  29 Jan 2018 20:55:55
# 27.7151,  5.549380,  3.475,  0.1094,  0.2919,  34.6944,  29 Jan 2018 21:02:55
# 27.7003,  5.547847,  3.476,  0.1080,  0.2882,  34.6945,  29 Jan 2018 21:09:55
# 27.6980,  5.547526,  3.441,  0.1106,  0.2895,  34.6940,  29 Jan 2018 21:16:55
# 27.6893,  5.546534,  3.428,  0.1054,  0.2844,  34.6935,  29 Jan 2018 21:23:55
# 27.6790,  5.545491,  3.448,  0.1104,  0.2869,  34.6937,  29 Jan 2018 21:30:55
# 27.6729,  5.544901,  3.436,  0.1104,  0.3079,  34.6940,  29 Jan 2018 21:37:55
# 27.6667,  5.544171,  3.451,  0.1080,  0.2856,  34.6935,  29 Jan 2018 21:44:55
# 27.6625,  5.543610,  3.430,  0.1091,  0.2859,  34.6926,  29 Jan 2018 21:51:55
# 27.6565,  5.542975,  3.431,  0.1080,  0.2881,  34.6927,  29 Jan 2018 21:58:55
# 27.6467,  5.541845,  3.424,  0.1067,  0.2858,  34.6919,  29 Jan 2018 22:05:55
# 27.6480,  5.541896,  3.428,  0.1080,  0.2844,  34.6913,  29 Jan 2018 22:12:55
# 27.6339,  5.540379,  3.445,  0.1080,  0.2833,  34.6910,  29 Jan 2018 22:19:55
# 27.6193,  5.538856,  3.432,  0.1104,  0.2869,  34.6911,  29 Jan 2018 22:26:55
# 27.6201,  5.538695,  3.451,  0.1067,  0.2882,  34.6894,  29 Jan 2018 22:33:55
# 27.6175,  5.538535,  3.438,  0.1080,  0.2843,  34.6902,  29 Jan 2018 22:40:55
# 27.6127,  5.538046,  3.439,  0.1054,  0.2894,  34.6903,  29 Jan 2018 22:47:55
# 27.6080,  5.537646,  3.457,  0.1093,  0.2857,  34.6910,  29 Jan 2018 22:54:55
# 27.5943,  5.536341,  3.446,  0.1069,  0.2820,  34.6919,  29 Jan 2018 23:01:55
# 27.5999,  5.536807,  3.437,  0.1080,  0.2845,  34.6910,  29 Jan 2018 23:08:55
# 27.5871,  5.535794,  3.488,  0.1067,  0.2797,  34.6934,  29 Jan 2018 23:15:55
# 27.5889,  5.535809,  3.469,  0.1056,  0.2808,  34.6921,  29 Jan 2018 23:22:55
# 27.5940,  5.536312,  3.491,  0.1079,  0.2843,  34.6919,  29 Jan 2018 23:29:55
# 27.5956,  5.536560,  3.515,  0.1042,  0.2833,  34.6924,  29 Jan 2018 23:36:55
# 27.6006,  5.537172,  3.543,  0.1042,  0.2809,  34.6931,  29 Jan 2018 23:43:55
# 27.6018,  5.537456,  3.560,  0.1029,  0.2844,  34.6942,  29 Jan 2018 23:50:55
# 27.6041,  5.537682,  3.544,  0.1055,  0.2783,  34.6940,  29 Jan 2018 23:57:55
# 27.6060,  5.537901,  3.594,  0.1091,  0.2856,  34.6942,  30 Jan 2018 00:04:55
# 27.6108,  5.538404,  3.591,  0.1031,  0.2953,  34.6942,  30 Jan 2018 00:11:55
# 27.6127,  5.538652,  3.648,  0.1056,  0.2822,  34.6945,  30 Jan 2018 00:18:55
# 27.6167,  5.539118,  3.649,  0.1030,  0.2857,  34.6948,  30 Jan 2018 00:25:55
# 27.6188,  5.539352,  3.669,  0.1056,  0.2869,  34.6949,  30 Jan 2018 00:32:55
# 27.6240,  5.539855,  3.696,  0.1044,  0.2882,  34.6946,  30 Jan 2018 00:39:55
# 27.6245,  5.539876,  3.720,  0.1054,  0.2832,  34.6944,  30 Jan 2018 00:46:55
# 27.6231,  5.539731,  3.725,  0.1018,  0.2859,  34.6944,  30 Jan 2018 00:53:55
# 27.6227,  5.539702,  3.768,  0.1067,  0.2796,  34.6945,  30 Jan 2018 01:00:55
# 27.6160,  5.539009,  3.818,  0.1054,  0.2917,  34.6945,  30 Jan 2018 01:07:55
# 27.6112,  5.538236,  3.804,  0.1043,  0.2870,  34.6927,  30 Jan 2018 01:14:55
# 27.6012,  5.536421,  3.892,  0.1043,  0.2795,  34.6872,  30 Jan 2018 01:21:55
# 27.5894,  5.534883,  3.881,  0.1167,  0.4054,  34.6851,  30 Jan 2018 01:28:55
# 27.5825,  5.534198,  3.911,  0.1043,  0.2821,  34.6854,  30 Jan 2018 01:35:55
# 27.5755,  5.533535,  3.972,  0.1032,  0.2845,  34.6859,  30 Jan 2018 01:42:55
# 27.5660,  5.532632,  3.977,  0.1043,  0.2844,  34.6865,  30 Jan 2018 01:49:55
# 27.5554,  5.531488,  4.025,  0.1006,  0.2844,  34.6863,  30 Jan 2018 01:56:55
# 27.5475,  5.530613,  4.039,  0.1031,  0.2858,  34.6860,  30 Jan 2018 02:03:55
# 27.5302,  5.528756,  4.049,  0.1031,  0.2821,  34.6857,  30 Jan 2018 02:10:55
# 27.5186,  5.527561,  4.056,  0.1019,  0.2821,  34.6858,  30 Jan 2018 02:17:55
# 27.5086,  5.526615,  4.095,  0.1041,  0.2869,  34.6865,  30 Jan 2018 02:24:55
# 27.5019,  5.525952,  4.068,  0.1054,  0.2845,  34.6868,  30 Jan 2018 02:31:55
# 27.4956,  5.525580,  4.148,  0.1054,  0.2908,  34.6888,  30 Jan 2018 02:38:55
# 27.4953,  5.525799,  4.113,  0.1041,  0.2930,  34.6906,  30 Jan 2018 02:45:55
# 27.5005,  5.526527,  4.129,  0.1029,  0.2882,  34.6919,  30 Jan 2018 02:52:55
# 27.5205,  5.528975,  4.196,  0.1080,  0.2869,  34.6944,  30 Jan 2018 02:59:55
# 27.5345,  5.530854,  4.201,  0.1081,  0.2869,  34.6972,  30 Jan 2018 03:06:55
# 27.5348,  5.530985,  4.205,  0.1081,  0.2832,  34.6980,  30 Jan 2018 03:13:55
# 27.5475,  5.532530,  4.244,  0.1057,  0.2844,  34.6995,  30 Jan 2018 03:20:55
# 27.5581,  5.533973,  4.249,  0.1093,  0.2858,  34.7018,  30 Jan 2018 03:27:55
# 27.5742,  5.535839,  4.244,  0.1057,  0.2880,  34.7030,  30 Jan 2018 03:34:55
# 27.5862,  5.537377,  4.230,  0.1080,  0.2991,  34.7050,  30 Jan 2018 03:41:55
# 27.5938,  5.538215,  4.313,  0.1093,  0.2881,  34.7053,  30 Jan 2018 03:48:55
# 27.5970,  5.538674,  4.267,  0.1092,  0.3018,  34.7061,  30 Jan 2018 03:55:55
# 27.6003,  5.539046,  4.315,  0.1104,  0.2930,  34.7063,  30 Jan 2018 04:02:55
# 27.6034,  5.539287,  4.372,  0.1118,  0.2882,  34.7057,  30 Jan 2018 04:09:55
# 27.6061,  5.539469,  4.297,  0.1118,  0.2955,  34.7050,  30 Jan 2018 04:16:55
# 27.6072,  5.539564,  4.375,  0.1103,  0.2882,  34.7048,  30 Jan 2018 04:23:55
# 27.6101,  5.539709,  4.245,  0.1118,  0.2920,  34.7037,  30 Jan 2018 04:30:55
# 27.6118,  5.539906,  4.346,  0.1129,  0.2943,  34.7038,  30 Jan 2018 04:37:55
# 27.6120,  5.539950,  4.364,  0.1104,  0.2881,  34.7039,  30 Jan 2018 04:44:55
# 27.6133,  5.540059,  4.311,  0.1131,  0.2919,  34.7038,  30 Jan 2018 04:51:55
# 27.6150,  5.540205,  4.332,  0.1142,  0.2946,  34.7036,  30 Jan 2018 04:58:55
# 27.6171,  5.540424,  4.320,  0.1129,  0.3028,  34.7035,  30 Jan 2018 05:05:55
# 27.6179,  5.540584,  4.289,  0.1128,  0.2894,  34.7041,  30 Jan 2018 05:12:55
# 27.6175,  5.540584,  4.230,  0.1106,  0.2930,  34.7044,  30 Jan 2018 05:19:55
# 27.6166,  5.540599,  4.289,  0.1104,  0.2943,  34.7051,  30 Jan 2018 05:26:55
# 27.6156,  5.540584,  4.324,  0.1131,  0.2943,  34.7058,  30 Jan 2018 05:33:55
# 27.6148,  5.540541,  4.233,  0.1092,  0.2932,  34.7061,  30 Jan 2018 05:40:55
# 27.6109,  5.540285,  4.247,  0.1103,  0.2895,  34.7072,  30 Jan 2018 05:47:55
# 27.6071,  5.539972,  4.237,  0.1105,  0.2834,  34.7078,  30 Jan 2018 05:54:55
# 27.6017,  5.539505,  4.179,  0.1115,  0.2931,  34.7085,  30 Jan 2018 06:01:55
# 27.5993,  5.539243,  4.183,  0.1093,  0.2895,  34.7084,  30 Jan 2018 06:08:55
# 27.5947,  5.538922,  4.188,  0.1092,  0.2942,  34.7096,  30 Jan 2018 06:15:55
# 27.5918,  5.538609,  4.072,  0.1106,  0.2883,  34.7096,  30 Jan 2018 06:22:55
# 27.5881,  5.538251,  4.144,  0.1092,  0.2856,  34.7098,  30 Jan 2018 06:29:55
# 27.5856,  5.537960,  4.072,  0.1104,  0.2880,  34.7096,  30 Jan 2018 06:36:55
# 27.5825,  5.537683,  4.073,  0.1118,  0.2868,  34.7099,  30 Jan 2018 06:43:55
# 27.5787,  5.537304,  4.069,  0.1106,  0.2869,  34.7101,  30 Jan 2018 06:50:55
# 27.5742,  5.536896,  3.985,  0.1093,  0.2908,  34.7105,  30 Jan 2018 06:57:55
# 27.5730,  5.536815,  3.989,  0.1121,  0.2930,  34.7109,  30 Jan 2018 07:04:55
# 27.5720,  5.536757,  3.956,  0.1102,  0.2869,  34.7112,  30 Jan 2018 07:11:55
# 27.5709,  5.536742,  3.937,  0.1093,  0.2881,  34.7119,  30 Jan 2018 07:18:55
# 27.5708,  5.536779,  3.919,  0.1093,  0.2845,  34.7123,  30 Jan 2018 07:25:55
# 27.5693,  5.536764,  3.868,  0.1106,  0.2859,  34.7133,  30 Jan 2018 07:32:55
# 27.5677,  5.536691,  3.881,  0.1102,  0.2868,  34.7139,  30 Jan 2018 07:39:55
# 27.5666,  5.536589,  3.836,  0.1090,  0.2868,  34.7141,  30 Jan 2018 07:46:55
# 27.5634,  5.536422,  3.807,  0.1093,  0.2882,  34.7153,  30 Jan 2018 07:53:55
# 27.5630,  5.536422,  3.753,  0.1093,  0.2895,  34.7156,  30 Jan 2018 08:00:55
# 27.5593,  5.536159,  3.758,  0.1119,  0.2794,  34.7165,  30 Jan 2018 08:07:55
# 27.5554,  5.535788,  3.761,  0.1055,  0.2918,  34.7168,  30 Jan 2018 08:14:55
# 27.5501,  5.535263,  3.702,  0.1067,  0.2831,  34.7170,  30 Jan 2018 08:21:55
# 27.5472,  5.535081,  3.686,  0.1131,  0.2821,  34.7178,  30 Jan 2018 08:28:55
# 27.5417,  5.534607,  3.616,  0.1067,  0.2868,  34.7186,  30 Jan 2018 08:35:55
# 27.5409,  5.534563,  3.611,  0.1055,  0.2881,  34.7189,  30 Jan 2018 08:42:55
# 27.5358,  5.534075,  3.618,  0.1080,  0.2795,  34.7192,  30 Jan 2018 08:49:55
# 27.5309,  5.533842,  3.580,  0.1029,  0.2844,  34.7212,  30 Jan 2018 08:56:55
# 27.5281,  5.533543,  3.536,  0.1044,  0.2821,  34.7212,  30 Jan 2018 09:03:55
# 27.5276,  5.533689,  3.521,  0.1032,  0.2895,  34.7226,  30 Jan 2018 09:10:55
# 27.5349,  5.534199,  3.531,  0.1006,  0.2794,  34.7208,  30 Jan 2018 09:17:55
# 27.5351,  5.534607,  3.456,  0.0980,  0.2784,  34.7235,  30 Jan 2018 09:24:55
# 27.5369,  5.535132,  3.458,  0.0969,  0.2796,  34.7259,  30 Jan 2018 09:31:55
# 27.5355,  5.535154,  3.402,  0.1005,  0.2795,  34.7271,  30 Jan 2018 09:38:55
# 27.5451,  5.535824,  3.418,  0.1018,  0.2869,  34.7247,  30 Jan 2018 09:45:55
# 27.5641,  5.538339,  3.368,  0.0982,  0.2808,  34.7284,  30 Jan 2018 09:52:55
# 27.5680,  5.538951,  3.363,  0.1006,  0.2734,  34.7299,  30 Jan 2018 09:59:55
# 27.5709,  5.539695,  3.364,  0.0980,  0.2896,  34.7329,  30 Jan 2018 10:06:55
# 27.5873,  5.541160,  3.333,  0.0955,  0.2784,  34.7311,  30 Jan 2018 10:13:55
# 27.6036,  5.543034,  3.302,  0.0919,  0.2795,  34.7322,  30 Jan 2018 10:20:55
# 27.6096,  5.544004,  3.312,  0.0932,  0.2869,  34.7347,  30 Jan 2018 10:27:55
# 27.6468,  5.547505,  3.311,  0.0931,  0.2833,  34.7318,  30 Jan 2018 10:34:55
# 27.6469,  5.548447,  3.294,  0.0893,  0.2784,  34.7383,  30 Jan 2018 10:41:55
# 27.6677,  5.550110,  3.289,  0.0907,  0.2821,  34.7346,  30 Jan 2018 10:48:55
# 27.6776,  5.551650,  3.301,  0.0980,  0.2832,  34.7381,  30 Jan 2018 10:55:55
# 27.7120,  5.554832,  3.299,  0.0836,  0.4621,  34.7351,  30 Jan 2018 11:02:55
# 27.7369,  5.557284,  3.305,  0.0968,  0.2869,  34.7339,  30 Jan 2018 11:09:55
# 27.7507,  5.559351,  3.291,  0.0932,  0.2821,  34.7383,  30 Jan 2018 11:16:55
# 27.7805,  5.561760,  3.283,  0.0906,  0.2770,  34.7332,  30 Jan 2018 11:23:55
# 27.7685,  5.561929,  3.271,  0.0895,  0.2882,  34.7433,  30 Jan 2018 11:30:55
# 27.8105,  5.565858,  3.284,  0.0945,  0.2785,  34.7398,  30 Jan 2018 11:37:55
# 27.8207,  5.566874,  3.315,  0.1030,  0.2797,  34.7394,  30 Jan 2018 11:44:55
# 27.8339,  5.568262,  3.288,  0.0970,  0.2856,  34.7394,  30 Jan 2018 11:51:55
# 27.8529,  5.570045,  3.325,  0.0980,  0.2831,  34.7379,  30 Jan 2018 11:58:55
# 27.8801,  5.572427,  3.316,  0.0981,  0.2821,  34.7345,  30 Jan 2018 12:05:55
# 27.9225,  5.577369,  3.302,  0.0932,  0.2821,  34.7379,  30 Jan 2018 12:12:55
# 27.9398,  5.579585,  3.319,  0.0930,  0.2843,  34.7407,  30 Jan 2018 12:19:55
# 27.9557,  5.580704,  3.349,  0.0954,  0.2820,  34.7368,  30 Jan 2018 12:26:55
# 27.9895,  5.583813,  3.366,  0.0919,  0.2797,  34.7336,  30 Jan 2018 12:33:55
# 27.9891,  5.584120,  3.354,  0.0920,  0.2770,  34.7360,  30 Jan 2018 12:40:55
# 28.0172,  5.586344,  3.396,  0.0919,  0.2795,  34.7309,  30 Jan 2018 12:47:55
# 28.0306,  5.588203,  3.394,  0.0941,  0.2831,  34.7340,  30 Jan 2018 12:54:55
# 28.0271,  5.587654,  3.424,  0.0968,  0.2857,  34.7328,  30 Jan 2018 13:01:55
# 28.0433,  5.589725,  3.437,  0.0970,  0.2809,  34.7353,  30 Jan 2018 13:08:55
# 28.0572,  5.590720,  3.482,  0.0917,  0.2882,  34.7320,  30 Jan 2018 13:15:55
# 28.0827,  5.592865,  3.467,  0.0849,  0.2796,  34.7282,  30 Jan 2018 13:22:55
# 28.1129,  5.596130,  3.524,  0.0957,  0.3442,  34.7288,  30 Jan 2018 13:29:55
# 28.1022,  5.595860,  3.567,  0.0930,  0.2818,  34.7348,  30 Jan 2018 13:36:55
# 28.1128,  5.596819,  3.544,  0.0993,  0.2856,  34.7337,  30 Jan 2018 13:43:55
# 28.1338,  5.598313,  3.583,  0.0955,  0.2844,  34.7287,  30 Jan 2018 13:50:55
# 28.1571,  5.600525,  3.587,  0.0979,  0.2845,  34.7270,  30 Jan 2018 13:57:55
