# 28.5578,  5.657973,  3.898,  0.0944,  0.3140,  34.8323,  23 Feb 2018 14:03:55
# 28.5681,  5.659724,  3.866,  0.1019,  0.3078,  34.8369,  23 Feb 2018 14:10:55
# 28.5816,  5.660681,  3.841,  0.0993,  0.3017,  34.8336,  23 Feb 2018 14:17:55
# 28.6040,  5.662940,  3.833,  0.0981,  0.3003,  34.8329,  23 Feb 2018 14:24:55
# 28.6123,  5.663860,  3.786,  0.0993,  0.3039,  34.8332,  23 Feb 2018 14:31:55
# 28.6248,  5.665553,  3.865,  0.0967,  0.3028,  34.8357,  23 Feb 2018 14:38:55
# 28.6348,  5.666967,  3.840,  0.0982,  0.3063,  34.8381,  23 Feb 2018 14:45:55
# 28.6436,  5.668300,  3.793,  0.0980,  0.3076,  34.8410,  23 Feb 2018 14:52:55
# 28.6575,  5.669691,  3.772,  0.0993,  0.3056,  34.8404,  23 Feb 2018 14:59:55
# 28.6702,  5.670965,  3.757,  0.0993,  0.3078,  34.8399,  23 Feb 2018 15:06:55
# 28.6856,  5.673065,  3.748,  0.0993,  0.3066,  34.8431,  23 Feb 2018 15:13:55
# 28.7043,  5.674685,  3.675,  0.1006,  0.3077,  34.8407,  23 Feb 2018 15:20:55
# 28.7163,  5.676446,  3.729,  0.1006,  0.3140,  34.8440,  23 Feb 2018 15:27:55
# 28.7390,  5.678539,  3.732,  0.1006,  0.3078,  34.8419,  23 Feb 2018 15:34:55
# 28.7534,  5.680558,  3.714,  0.1044,  0.3076,  34.8454,  23 Feb 2018 15:41:55
# 28.7697,  5.682275,  3.711,  0.1029,  0.3077,  34.8453,  23 Feb 2018 15:48:55
# 28.7825,  5.683794,  3.675,  0.1006,  0.3041,  34.8464,  23 Feb 2018 15:55:55
# 28.7897,  5.684671,  3.670,  0.1018,  0.3078,  34.8472,  23 Feb 2018 16:02:55
# 28.7898,  5.685129,  3.715,  0.1055,  0.3127,  34.8502,  23 Feb 2018 16:09:55
# 28.7949,  5.685681,  3.661,  0.1020,  0.3116,  34.8504,  23 Feb 2018 16:16:55
# 28.8056,  5.686854,  3.653,  0.1044,  0.3102,  34.8507,  23 Feb 2018 16:23:55
# 28.7959,  5.686183,  3.624,  0.1044,  0.3091,  34.8531,  23 Feb 2018 16:30:55
# 28.7951,  5.686345,  3.663,  0.1070,  0.3064,  34.8548,  23 Feb 2018 16:37:55
# 28.8023,  5.686817,  3.621,  0.1055,  0.3115,  34.8528,  23 Feb 2018 16:44:55
# 28.7928,  5.686419,  3.643,  0.1044,  0.3053,  34.8570,  23 Feb 2018 16:51:55
# 28.7782,  5.685136,  3.667,  0.1032,  0.3053,  34.8588,  23 Feb 2018 16:58:55
# 28.7913,  5.686213,  3.641,  0.1080,  0.3078,  34.8567,  23 Feb 2018 17:05:55
# 28.7938,  5.686493,  3.651,  0.1054,  0.3042,  34.8568,  23 Feb 2018 17:12:55
# 28.7880,  5.686154,  3.580,  0.1079,  0.3089,  34.8587,  23 Feb 2018 17:19:55
# 28.7829,  5.685778,  3.654,  0.1068,  0.3067,  34.8598,  23 Feb 2018 17:26:55
# 28.7746,  5.685210,  3.589,  0.1103,  0.3053,  34.8620,  23 Feb 2018 17:33:55
# 28.7773,  5.685387,  3.646,  0.1068,  0.3065,  34.8612,  23 Feb 2018 17:40:55
# 28.7779,  5.685424,  3.634,  0.1080,  0.3066,  34.8611,  23 Feb 2018 17:47:55
# 28.7750,  5.685239,  3.620,  0.1056,  0.3054,  34.8619,  23 Feb 2018 17:54:55
# 28.7589,  5.684045,  3.646,  0.1067,  0.3027,  34.8654,  23 Feb 2018 18:01:55
# 28.7632,  5.684222,  3.616,  0.1055,  0.3103,  34.8635,  23 Feb 2018 18:08:55
# 28.7664,  5.684627,  3.622,  0.1068,  0.3040,  34.8640,  23 Feb 2018 18:15:55
# 28.7647,  5.684502,  3.624,  0.1080,  0.3091,  34.8643,  23 Feb 2018 18:22:55
# 28.7464,  5.682851,  3.612,  0.1068,  0.3053,  34.8663,  23 Feb 2018 18:29:55
# 28.7398,  5.682239,  3.631,  0.1069,  0.3040,  34.8670,  23 Feb 2018 18:36:55
# 28.7345,  5.681568,  3.654,  0.1069,  0.3065,  34.8662,  23 Feb 2018 18:43:55
# 28.7117,  5.679542,  3.648,  0.1054,  0.3064,  34.8689,  23 Feb 2018 18:50:55
# 28.6942,  5.677942,  3.651,  0.1055,  0.3065,  34.8706,  23 Feb 2018 18:57:55
# 28.6917,  5.677419,  3.651,  0.1055,  0.3104,  34.8689,  23 Feb 2018 19:04:55
# 28.6792,  5.676373,  3.653,  0.1054,  0.3053,  34.8708,  23 Feb 2018 19:11:55
# 28.6547,  5.674303,  3.649,  0.1042,  0.3053,  34.8744,  23 Feb 2018 19:18:55
# 28.6457,  5.672808,  3.725,  0.1068,  0.3092,  34.8706,  23 Feb 2018 19:25:55
# 28.6178,  5.670112,  3.697,  0.1044,  0.3041,  34.8725,  23 Feb 2018 19:32:55
# 28.5828,  5.666622,  3.668,  0.1068,  0.3040,  34.8740,  23 Feb 2018 19:39:55
# 28.5528,  5.663685,  3.715,  0.1057,  0.3017,  34.8756,  23 Feb 2018 19:46:55
# 28.5224,  5.660498,  3.704,  0.1055,  0.3053,  34.8759,  23 Feb 2018 19:53:55
# 28.5062,  5.658908,  3.771,  0.1068,  0.3042,  34.8767,  23 Feb 2018 20:00:55
# 28.4973,  5.658128,  3.736,  0.1056,  0.3077,  34.8779,  23 Feb 2018 20:07:55
# 28.4846,  5.657010,  3.809,  0.1031,  0.3053,  34.8794,  23 Feb 2018 20:14:55
# 28.4748,  5.656289,  3.762,  0.1067,  0.3114,  34.8816,  23 Feb 2018 20:21:55
# 28.4800,  5.656495,  3.782,  0.1055,  0.3128,  34.8792,  23 Feb 2018 20:28:55
# 28.4646,  5.655333,  3.818,  0.1070,  0.3103,  34.8825,  23 Feb 2018 20:35:55
# 28.4488,  5.653818,  3.846,  0.1042,  0.3079,  34.8835,  23 Feb 2018 20:42:55
# 28.4271,  5.651633,  3.834,  0.1067,  0.3089,  34.8844,  23 Feb 2018 20:49:55
# 28.4046,  5.649178,  3.848,  0.1069,  0.3091,  34.8839,  23 Feb 2018 20:56:55
# 28.3831,  5.647295,  3.901,  0.1054,  0.3066,  34.8866,  23 Feb 2018 21:03:55
# 28.3482,  5.643951,  3.863,  0.1080,  0.3089,  34.8890,  23 Feb 2018 21:10:55
# 28.3440,  5.643562,  3.878,  0.1067,  0.3103,  34.8894,  23 Feb 2018 21:17:55
# 28.2964,  5.638778,  3.931,  0.1067,  0.3076,  34.8911,  23 Feb 2018 21:24:55
# 28.2424,  5.633563,  3.903,  0.1069,  0.3114,  34.8946,  23 Feb 2018 21:31:55
# 28.1303,  5.623044,  3.908,  0.1080,  0.3127,  34.9040,  23 Feb 2018 21:38:55
# 28.0974,  5.619280,  3.916,  0.1069,  0.3054,  34.9020,  23 Feb 2018 21:45:55
# 28.0418,  5.613391,  3.964,  0.1080,  0.3040,  34.9020,  23 Feb 2018 21:52:55
# 27.9743,  5.606545,  3.972,  0.1054,  0.3079,  34.9040,  23 Feb 2018 21:59:55
# 27.9052,  5.599636,  4.025,  0.1079,  0.3152,  34.9068,  23 Feb 2018 22:06:55
# 27.8811,  5.596552,  3.935,  0.1054,  0.3238,  34.9030,  23 Feb 2018 22:13:55
# 27.8367,  5.592401,  3.999,  0.1092,  0.3066,  34.9068,  23 Feb 2018 22:20:55
# 27.8331,  5.591991,  4.018,  0.1068,  0.3077,  34.9066,  23 Feb 2018 22:27:55
# 27.8262,  5.591193,  4.035,  0.1080,  0.3041,  34.9061,  23 Feb 2018 22:34:55
# 27.8160,  5.590264,  4.087,  0.1093,  0.3308,  34.9071,  23 Feb 2018 22:41:55
# 27.8069,  5.589415,  4.012,  0.1105,  0.3371,  34.9079,  23 Feb 2018 22:48:55
# 27.7883,  5.587966,  4.068,  0.1094,  0.3104,  34.9116,  23 Feb 2018 22:55:55
# 27.7890,  5.587893,  4.081,  0.1131,  0.3090,  34.9105,  23 Feb 2018 23:02:55
# 27.7752,  5.587117,  4.056,  0.1104,  0.3054,  34.9153,  23 Feb 2018 23:09:55
# 27.7700,  5.586832,  4.042,  0.1131,  0.3104,  34.9172,  23 Feb 2018 23:16:55
# 27.7677,  5.586971,  4.045,  0.1118,  0.3091,  34.9198,  23 Feb 2018 23:23:55
# 27.7735,  5.587520,  4.054,  0.1130,  0.3115,  34.9194,  23 Feb 2018 23:30:55
# 27.7671,  5.587359,  4.089,  0.1082,  0.3091,  34.9230,  23 Feb 2018 23:37:55
# 27.7613,  5.587132,  4.114,  0.1154,  0.3104,  34.9258,  23 Feb 2018 23:44:55
# 27.7621,  5.587249,  4.125,  0.1129,  0.3090,  34.9259,  23 Feb 2018 23:51:55
# 27.7585,  5.587044,  4.050,  0.1117,  0.3115,  34.9272,  23 Feb 2018 23:58:55
# 27.7582,  5.587066,  4.107,  0.1118,  0.3091,  34.9276,  24 Feb 2018 00:05:55
# 27.7587,  5.587052,  4.124,  0.1129,  0.3091,  34.9271,  24 Feb 2018 00:12:55
# 27.7433,  5.586137,  4.099,  0.1141,  0.3079,  34.9322,  24 Feb 2018 00:19:55
# 27.7392,  5.585822,  4.075,  0.1154,  0.3091,  34.9330,  24 Feb 2018 00:26:55
# 27.7292,  5.585069,  4.031,  0.1143,  0.3103,  34.9351,  24 Feb 2018 00:33:55
# 27.7223,  5.584681,  4.089,  0.1155,  0.3091,  34.9375,  24 Feb 2018 00:40:55
# 27.7146,  5.583972,  4.095,  0.1215,  0.3066,  34.9382,  24 Feb 2018 00:47:55
# 27.7086,  5.583460,  4.134,  0.1179,  0.3762,  34.9391,  24 Feb 2018 00:54:55
# 27.7078,  5.583364,  4.060,  0.1230,  0.3104,  34.9391,  24 Feb 2018 01:01:55
# 27.6990,  5.582618,  4.072,  0.1204,  0.3079,  34.9404,  24 Feb 2018 01:08:55
# 27.6899,  5.581850,  4.076,  0.1230,  0.3066,  34.9417,  24 Feb 2018 01:15:55
# 27.6816,  5.581119,  4.025,  0.1205,  0.3053,  34.9427,  24 Feb 2018 01:22:55
# 27.6778,  5.580790,  4.084,  0.1205,  0.3091,  34.9433,  24 Feb 2018 01:29:55
# 27.6713,  5.580358,  4.055,  0.1229,  0.3079,  34.9450,  24 Feb 2018 01:36:55
# 27.6620,  5.579664,  4.037,  0.1191,  0.3054,  34.9471,  24 Feb 2018 01:43:55
# 27.6601,  5.579261,  4.027,  0.1192,  0.3141,  34.9457,  24 Feb 2018 01:50:55
# 27.6493,  5.578303,  4.009,  0.1205,  0.3017,  34.9470,  24 Feb 2018 01:57:55
# 27.6386,  5.577448,  4.009,  0.1205,  0.3040,  34.9489,  24 Feb 2018 02:04:55
# 27.6312,  5.576709,  3.984,  0.1205,  0.3055,  34.9492,  24 Feb 2018 02:11:55
# 27.6296,  5.576512,  3.986,  0.1180,  0.3151,  34.9490,  24 Feb 2018 02:18:55
# 27.6247,  5.576051,  3.998,  0.1154,  0.3043,  34.9494,  24 Feb 2018 02:25:55
# 27.6258,  5.576161,  3.964,  0.1132,  0.3053,  34.9494,  24 Feb 2018 02:32:55
# 27.6287,  5.576505,  3.940,  0.1154,  0.3079,  34.9496,  24 Feb 2018 02:39:55
# 27.6280,  5.576453,  3.976,  0.1168,  0.3043,  34.9498,  24 Feb 2018 02:46:55
# 27.6274,  5.576461,  3.885,  0.1144,  0.3030,  34.9503,  24 Feb 2018 02:53:55
# 27.6266,  5.576461,  3.925,  0.1156,  0.3028,  34.9509,  24 Feb 2018 03:00:55
# 27.6275,  5.576556,  3.903,  0.1118,  0.3053,  34.9509,  24 Feb 2018 03:07:55
# 27.6223,  5.576183,  3.903,  0.1129,  0.3091,  34.9522,  24 Feb 2018 03:14:55
# 27.6170,  5.575869,  3.857,  0.1130,  0.3043,  34.9539,  24 Feb 2018 03:21:55
# 27.6099,  5.575233,  3.842,  0.1118,  0.3029,  34.9547,  24 Feb 2018 03:28:55
# 27.6050,  5.574655,  3.828,  0.1118,  0.3043,  34.9543,  24 Feb 2018 03:35:55
# 27.5962,  5.573909,  3.819,  0.1131,  0.3029,  34.9556,  24 Feb 2018 03:42:55
# 27.5951,  5.573632,  3.842,  0.1106,  0.3054,  34.9544,  24 Feb 2018 03:49:55
# 27.5856,  5.572791,  3.767,  0.1093,  0.3030,  34.9556,  24 Feb 2018 03:56:55
# 27.5818,  5.572294,  3.748,  0.1141,  0.3043,  34.9550,  24 Feb 2018 04:03:55
# 27.5725,  5.571527,  3.748,  0.1129,  0.3053,  34.9565,  24 Feb 2018 04:10:55
# 27.5640,  5.570584,  3.754,  0.1117,  0.3018,  34.9562,  24 Feb 2018 04:17:55
# 27.5598,  5.570189,  3.735,  0.1093,  0.3017,  34.9565,  24 Feb 2018 04:24:55
# 27.5554,  5.569729,  3.728,  0.1057,  0.3056,  34.9566,  24 Feb 2018 04:31:55
# 27.5498,  5.569042,  3.730,  0.1154,  0.3089,  34.9559,  24 Feb 2018 04:38:55
# 27.5414,  5.568129,  3.714,  0.1128,  0.3031,  34.9557,  24 Feb 2018 04:45:55
# 27.5377,  5.567770,  3.659,  0.1130,  0.3017,  34.9559,  24 Feb 2018 04:52:55
# 27.5276,  5.566704,  3.666,  0.1103,  0.3043,  34.9559,  24 Feb 2018 04:59:55
# 27.5176,  5.565484,  3.677,  0.1104,  0.3056,  34.9548,  24 Feb 2018 05:06:55
# 27.5183,  5.565513,  3.702,  0.1116,  0.3030,  34.9545,  24 Feb 2018 05:13:55
# 27.5083,  5.564454,  3.648,  0.1154,  0.3043,  34.9545,  24 Feb 2018 05:20:55
# 27.4974,  5.563263,  3.636,  0.1104,  0.3005,  34.9541,  24 Feb 2018 05:27:55
# 27.4902,  5.562445,  3.642,  0.1105,  0.3019,  34.9538,  24 Feb 2018 05:34:55
# 27.4803,  5.561496,  3.614,  0.1118,  0.3030,  34.9544,  24 Feb 2018 05:41:55
# 27.4771,  5.561065,  3.589,  0.1106,  0.2969,  34.9538,  24 Feb 2018 05:48:55
# 27.4652,  5.559875,  3.601,  0.1104,  0.3005,  34.9543,  24 Feb 2018 05:55:55
# 27.4608,  5.559305,  3.572,  0.1105,  0.3018,  34.9536,  24 Feb 2018 06:02:55
# 27.4562,  5.558933,  3.571,  0.1093,  0.3017,  34.9543,  24 Feb 2018 06:09:55
# 27.4495,  5.558261,  3.567,  0.1067,  0.3005,  34.9546,  24 Feb 2018 06:16:55
# 27.4461,  5.557947,  3.617,  0.1079,  0.3018,  34.9549,  24 Feb 2018 06:23:55
# 27.4458,  5.557830,  3.565,  0.1104,  0.3017,  34.9543,  24 Feb 2018 06:30:55
# 27.4377,  5.557144,  3.564,  0.1093,  0.3005,  34.9555,  24 Feb 2018 06:37:55
# 27.4325,  5.556640,  3.553,  0.0969,  0.3224,  34.9558,  24 Feb 2018 06:44:55
# 27.4129,  5.554998,  3.552,  0.1092,  0.2993,  34.9589,  24 Feb 2018 06:51:55
# 27.4135,  5.554793,  3.548,  0.1119,  0.3115,  34.9570,  24 Feb 2018 06:58:55
# 27.4084,  5.554253,  3.576,  0.1130,  0.3004,  34.9569,  24 Feb 2018 07:05:55
# 27.4103,  5.554487,  3.528,  0.1167,  0.2993,  34.9572,  24 Feb 2018 07:12:55
# 27.4038,  5.553859,  3.564,  0.1169,  0.2956,  34.9576,  24 Feb 2018 07:19:55
# 27.3941,  5.552808,  3.570,  0.1156,  0.3017,  34.9574,  24 Feb 2018 07:26:55
# 27.3872,  5.552290,  3.553,  0.1143,  0.2980,  34.9589,  24 Feb 2018 07:33:55
# 27.3838,  5.551954,  3.564,  0.1116,  0.2931,  34.9591,  24 Feb 2018 07:40:55
# 27.3834,  5.551969,  3.582,  0.1118,  0.2969,  34.9594,  24 Feb 2018 07:47:55
# 27.3876,  5.552385,  3.568,  0.1118,  0.2967,  34.9593,  24 Feb 2018 07:54:55
# 27.3961,  5.553195,  3.602,  0.1055,  0.2968,  34.9587,  24 Feb 2018 08:01:55
# 27.4070,  5.554283,  3.624,  0.1044,  0.2943,  34.9582,  24 Feb 2018 08:08:55
# 27.4190,  5.555465,  3.582,  0.1129,  0.2921,  34.9576,  24 Feb 2018 08:15:55
# 27.4417,  5.557706,  3.589,  0.1043,  0.2968,  34.9565,  24 Feb 2018 08:22:55
# 27.4520,  5.558867,  3.603,  0.1057,  0.2918,  34.9570,  24 Feb 2018 08:29:55
# 27.4732,  5.560912,  3.619,  0.1043,  0.2920,  34.9556,  24 Feb 2018 08:36:55
# 27.4913,  5.562942,  3.677,  0.1018,  0.2932,  34.9565,  24 Feb 2018 08:43:55
# 27.5155,  5.565915,  3.648,  0.0994,  0.2930,  34.9594,  24 Feb 2018 08:50:55
# 27.5487,  5.568830,  3.670,  0.1043,  0.2856,  34.9552,  24 Feb 2018 08:57:55
# 27.5638,  5.570723,  3.687,  0.1032,  0.2908,  34.9573,  24 Feb 2018 09:04:55
# 27.5668,  5.570971,  3.660,  0.0991,  0.2944,  34.9568,  24 Feb 2018 09:11:55
# 27.5870,  5.573303,  3.688,  0.1004,  0.2773,  34.9583,  24 Feb 2018 09:18:55
# 27.5870,  5.573478,  3.692,  0.0943,  0.2869,  34.9595,  24 Feb 2018 09:25:55
# 27.5977,  5.574238,  3.715,  0.0982,  0.2969,  34.9568,  24 Feb 2018 09:32:55
# 27.6102,  5.575547,  3.682,  0.0917,  0.2919,  34.9568,  24 Feb 2018 09:39:55
# 27.6133,  5.576571,  3.686,  0.0993,  0.2944,  34.9617,  24 Feb 2018 09:46:55
# 27.6165,  5.576812,  3.730,  0.0906,  0.2906,  34.9610,  24 Feb 2018 09:53:55
# 27.6341,  5.578567,  3.769,  0.0882,  0.2931,  34.9603,  24 Feb 2018 10:00:55
# 27.6333,  5.578194,  3.835,  0.0955,  0.2956,  34.9582,  24 Feb 2018 10:07:55
# 27.6315,  5.578581,  3.779,  0.0955,  0.2958,  34.9623,  24 Feb 2018 10:14:55
# 27.6399,  5.579759,  3.804,  0.0932,  0.2895,  34.9643,  24 Feb 2018 10:21:55
# 27.6395,  5.579766,  3.792,  0.0944,  0.2943,  34.9647,  24 Feb 2018 10:28:55
# 27.6489,  5.580629,  3.847,  0.0895,  0.2931,  34.9637,  24 Feb 2018 10:35:55
# 27.6587,  5.582348,  3.851,  0.0867,  0.3006,  34.9685,  24 Feb 2018 10:42:55
# 27.6703,  5.583431,  3.843,  0.0918,  0.2944,  34.9675,  24 Feb 2018 10:49:55
# 27.6964,  5.586284,  3.809,  0.0919,  0.2953,  34.9682,  24 Feb 2018 10:56:55
# 27.7258,  5.589189,  3.882,  0.0906,  0.3030,  34.9668,  24 Feb 2018 11:03:55
# 27.7433,  5.591004,  3.884,  0.0906,  0.2969,  34.9665,  24 Feb 2018 11:10:55
# 27.7594,  5.593428,  3.849,  0.0993,  0.2896,  34.9716,  24 Feb 2018 11:17:55
# 27.7976,  5.596993,  3.880,  0.0944,  0.2978,  34.9682,  24 Feb 2018 11:24:55
# 27.8170,  5.599322,  3.881,  0.0869,  0.2968,  34.9701,  24 Feb 2018 11:31:55
# 27.8554,  5.603652,  3.946,  0.0919,  0.3040,  34.9720,  24 Feb 2018 11:38:55
# 27.8889,  5.606839,  3.916,  0.0932,  0.2918,  34.9695,  24 Feb 2018 11:45:55
# 27.9194,  5.609632,  3.914,  0.0880,  0.2954,  34.9664,  24 Feb 2018 11:52:55
# 27.9420,  5.612322,  3.916,  0.0931,  0.2968,  34.9685,  24 Feb 2018 11:59:55
# 27.9745,  5.615651,  3.932,  0.0930,  0.3018,  34.9678,  24 Feb 2018 12:06:55
# 27.9940,  5.617125,  3.909,  0.0994,  0.3128,  34.9636,  24 Feb 2018 12:13:55
# 28.0487,  5.622767,  3.936,  0.0967,  0.3065,  34.9625,  24 Feb 2018 12:20:55
# 28.0738,  5.625864,  3.935,  0.0750,  0.3140,  34.9656,  24 Feb 2018 12:27:55
# 28.1183,  5.630613,  3.928,  0.0955,  0.2967,  34.9658,  24 Feb 2018 12:34:55
# 28.1697,  5.635357,  3.980,  0.0848,  0.2930,  34.9609,  24 Feb 2018 12:41:55
# 28.2039,  5.639132,  3.981,  0.0969,  0.3029,  34.9620,  24 Feb 2018 12:48:55
# 28.2404,  5.642946,  3.999,  0.0919,  0.3042,  34.9616,  24 Feb 2018 12:55:55
# 28.2821,  5.647128,  3.938,  0.0931,  0.3128,  34.9599,  24 Feb 2018 13:02:55
# 28.3130,  5.650121,  3.983,  0.0943,  0.3017,  34.9579,  24 Feb 2018 13:09:55
# 28.3350,  5.652400,  3.982,  0.0979,  0.3029,  34.9576,  24 Feb 2018 13:16:55
# 28.3590,  5.654776,  3.952,  0.0969,  0.2994,  34.9565,  24 Feb 2018 13:23:55
# 28.3783,  5.656519,  3.940,  0.1017,  0.3042,  34.9544,  24 Feb 2018 13:30:55
# 28.3899,  5.657586,  3.969,  0.0981,  0.3042,  34.9531,  24 Feb 2018 13:37:55
# 28.4052,  5.659057,  3.980,  0.0968,  0.3066,  34.9521,  24 Feb 2018 13:44:55
# 28.4260,  5.661037,  3.944,  0.1004,  0.3029,  34.9505,  24 Feb 2018 13:51:55
# 28.4444,  5.662656,  3.947,  0.0992,  0.3017,  34.9483,  24 Feb 2018 13:58:55
