# 28.1712,  5.604533,  3.834,  0.0954,  0.2954,  34.7445,  12 Feb 2018 14:02:55
# 28.2092,  5.608563,  3.852,  0.0930,  0.2943,  34.7447,  12 Feb 2018 14:09:55
# 28.1906,  5.607303,  3.859,  0.1017,  0.2943,  34.7495,  12 Feb 2018 14:16:55
# 28.1953,  5.607002,  3.908,  0.0931,  0.2992,  34.7440,  12 Feb 2018 14:23:55
# 28.2393,  5.611774,  3.899,  0.0956,  0.3127,  34.7450,  12 Feb 2018 14:30:55
# 28.2662,  5.614707,  3.899,  0.0943,  0.2930,  34.7456,  12 Feb 2018 14:37:55
# 28.2864,  5.616350,  3.903,  0.0932,  0.2966,  34.7422,  12 Feb 2018 14:44:55
# 28.3446,  5.621132,  3.920,  0.0981,  0.3040,  34.7328,  12 Feb 2018 14:51:55
# 28.4299,  5.631863,  3.932,  0.0955,  0.2978,  34.7449,  12 Feb 2018 14:58:55
# 28.5026,  5.640949,  3.926,  0.1032,  0.3005,  34.7546,  12 Feb 2018 15:05:55
# 28.5404,  5.644131,  3.951,  0.0981,  0.3018,  34.7490,  12 Feb 2018 15:12:55
# 28.5491,  5.645653,  3.963,  0.0981,  0.2991,  34.7532,  12 Feb 2018 15:19:55
# 28.5854,  5.648939,  3.980,  0.0932,  0.3004,  34.7494,  12 Feb 2018 15:26:55
# 28.6206,  5.652461,  3.991,  0.0967,  0.3002,  34.7480,  12 Feb 2018 15:33:55
# 28.6164,  5.652336,  3.974,  0.1004,  0.3064,  34.7503,  12 Feb 2018 15:40:55
# 28.6302,  5.653719,  3.948,  0.0993,  0.3040,  34.7497,  12 Feb 2018 15:47:55
# 28.6364,  5.654359,  3.973,  0.0993,  0.3027,  34.7497,  12 Feb 2018 15:54:55
# 28.6395,  5.654499,  3.975,  0.0969,  0.3065,  34.7484,  12 Feb 2018 16:01:55
# 28.6230,  5.652844,  3.969,  0.0993,  0.3016,  34.7489,  12 Feb 2018 16:08:55
# 28.6382,  5.654079,  3.979,  0.0944,  0.3004,  34.7464,  12 Feb 2018 16:15:55
# 28.6470,  5.655197,  3.990,  0.1005,  0.3054,  34.7477,  12 Feb 2018 16:22:55
# 28.6593,  5.656073,  3.972,  0.1042,  0.3028,  34.7447,  12 Feb 2018 16:29:55
# 28.6769,  5.658007,  3.978,  0.0993,  0.3066,  34.7453,  12 Feb 2018 16:36:55
# 28.6837,  5.659163,  3.984,  0.1005,  0.3103,  34.7483,  12 Feb 2018 16:43:55
# 28.6924,  5.659810,  3.990,  0.0992,  0.3027,  34.7464,  12 Feb 2018 16:50:55
# 28.6873,  5.659361,  4.006,  0.1032,  0.3016,  34.7470,  12 Feb 2018 16:57:55
# 28.6846,  5.658964,  3.989,  0.1018,  0.3064,  34.7463,  12 Feb 2018 17:04:55
# 28.6801,  5.658316,  3.939,  0.1031,  0.3188,  34.7451,  12 Feb 2018 17:11:55
# 28.6770,  5.657949,  3.994,  0.1044,  0.3104,  34.7448,  12 Feb 2018 17:18:55
# 28.6808,  5.658302,  3.974,  0.1017,  0.3066,  34.7445,  12 Feb 2018 17:25:55
# 28.6723,  5.657338,  3.925,  0.1019,  0.3090,  34.7440,  12 Feb 2018 17:32:55
# 28.6606,  5.655874,  3.927,  0.0980,  0.3162,  34.7424,  12 Feb 2018 17:39:55
# 28.6386,  5.653329,  3.967,  0.1030,  0.3116,  34.7409,  12 Feb 2018 17:46:55
# 28.6318,  5.652623,  3.932,  0.0954,  0.3078,  34.7410,  12 Feb 2018 17:53:55
# 28.6104,  5.650490,  3.911,  0.1042,  0.3077,  34.7419,  12 Feb 2018 18:00:55
# 28.6024,  5.649262,  3.907,  0.1019,  0.3066,  34.7392,  12 Feb 2018 18:07:55
# 28.5886,  5.647689,  3.899,  0.1032,  0.3055,  34.7384,  12 Feb 2018 18:14:55
# 28.5757,  5.646424,  3.909,  0.1005,  0.3064,  34.7391,  12 Feb 2018 18:21:55
# 28.5698,  5.645660,  3.862,  0.1004,  0.3106,  34.7381,  12 Feb 2018 18:28:55
# 28.5518,  5.643594,  3.830,  0.1006,  0.3151,  34.7370,  12 Feb 2018 18:35:55
# 28.5436,  5.642889,  3.818,  0.1032,  0.3066,  34.7381,  12 Feb 2018 18:42:55
# 28.5423,  5.642742,  3.827,  0.1079,  0.3115,  34.7380,  12 Feb 2018 18:49:55
# 28.5260,  5.641162,  3.791,  0.1019,  0.3091,  34.7390,  12 Feb 2018 18:56:55
# 28.5183,  5.640222,  3.791,  0.1169,  0.3269,  34.7381,  12 Feb 2018 19:03:55
# 28.4988,  5.638157,  3.763,  0.1018,  0.3190,  34.7381,  12 Feb 2018 19:10:55
# 28.4788,  5.636218,  3.779,  0.1054,  0.3114,  34.7393,  12 Feb 2018 19:17:55
# 28.4642,  5.634646,  3.717,  0.1019,  0.3092,  34.7391,  12 Feb 2018 19:24:55
# 28.4630,  5.634514,  3.709,  0.1019,  0.3091,  34.7391,  12 Feb 2018 19:31:55
# 28.4506,  5.633280,  3.688,  0.1029,  0.3127,  34.7396,  12 Feb 2018 19:38:55
# 28.4334,  5.631268,  3.707,  0.1056,  0.3104,  34.7382,  12 Feb 2018 19:45:55
# 28.4191,  5.629770,  3.664,  0.1044,  0.3089,  34.7383,  12 Feb 2018 19:52:55
# 28.3859,  5.626350,  3.686,  0.1041,  0.3127,  34.7389,  12 Feb 2018 19:59:55
# 28.3666,  5.624192,  3.656,  0.1043,  0.3116,  34.7380,  12 Feb 2018 20:06:55
# 28.3456,  5.621998,  3.643,  0.1044,  0.3064,  34.7381,  12 Feb 2018 20:13:55
# 28.3203,  5.619511,  3.616,  0.1042,  0.3128,  34.7394,  12 Feb 2018 20:20:55
# 28.3016,  5.617200,  3.616,  0.1055,  0.3128,  34.7370,  12 Feb 2018 20:27:55
# 28.2761,  5.614501,  3.603,  0.1054,  0.3054,  34.7370,  12 Feb 2018 20:34:55
# 28.2596,  5.612632,  3.606,  0.1055,  0.3091,  34.7361,  12 Feb 2018 20:41:55
# 28.2307,  5.609758,  3.587,  0.1042,  0.3114,  34.7373,  12 Feb 2018 20:48:55
# 28.2254,  5.608797,  3.557,  0.1041,  0.3140,  34.7345,  12 Feb 2018 20:55:55
# 28.2108,  5.607442,  3.560,  0.1054,  0.3078,  34.7357,  12 Feb 2018 21:02:55
# 28.1847,  5.605067,  3.581,  0.1029,  0.3114,  34.7384,  12 Feb 2018 21:09:55
# 28.1889,  5.605243,  3.560,  0.1043,  0.3091,  34.7365,  12 Feb 2018 21:16:55
# 28.1682,  5.603104,  3.554,  0.1056,  0.3055,  34.7368,  12 Feb 2018 21:23:55
# 28.1411,  5.600356,  3.565,  0.1044,  0.3053,  34.7376,  12 Feb 2018 21:30:55
# 28.1241,  5.598445,  3.508,  0.1042,  0.3042,  34.7367,  12 Feb 2018 21:37:55
# 28.1001,  5.595830,  3.525,  0.1044,  0.3091,  34.7362,  12 Feb 2018 21:44:55
# 28.0939,  5.595105,  3.513,  0.1044,  0.3029,  34.7356,  12 Feb 2018 21:51:55
# 28.0978,  5.595611,  3.514,  0.1044,  0.3104,  34.7363,  12 Feb 2018 21:58:55
# 28.0317,  5.589022,  3.575,  0.1030,  0.3005,  34.7389,  12 Feb 2018 22:05:55
# 28.0306,  5.588437,  3.562,  0.1082,  0.3027,  34.7356,  12 Feb 2018 22:12:55
# 28.0159,  5.586951,  3.535,  0.1069,  0.3091,  34.7360,  12 Feb 2018 22:19:55
# 28.0178,  5.587090,  3.557,  0.1044,  0.3005,  34.7356,  12 Feb 2018 22:26:55
# 27.9443,  5.580521,  3.570,  0.1043,  0.2993,  34.7438,  12 Feb 2018 22:33:55
# 27.9470,  5.579702,  3.547,  0.1044,  0.2955,  34.7360,  12 Feb 2018 22:40:55
# 27.9314,  5.578071,  3.568,  0.1056,  0.2992,  34.7361,  12 Feb 2018 22:47:55
# 27.9363,  5.578408,  3.572,  0.1043,  0.3066,  34.7349,  12 Feb 2018 22:54:55
# 27.9210,  5.576777,  3.570,  0.1043,  0.2967,  34.7347,  12 Feb 2018 23:01:55
# 27.9077,  5.575724,  3.599,  0.1069,  0.2978,  34.7372,  12 Feb 2018 23:08:55
# 27.8921,  5.574394,  3.617,  0.1032,  0.2954,  34.7394,  12 Feb 2018 23:15:55
# 27.8863,  5.573356,  3.597,  0.1055,  0.2979,  34.7364,  12 Feb 2018 23:22:55
# 27.8839,  5.573136,  3.602,  0.1042,  0.2968,  34.7366,  12 Feb 2018 23:29:55
# 27.8800,  5.573100,  3.604,  0.1057,  0.2929,  34.7393,  12 Feb 2018 23:36:55
# 27.9016,  5.574525,  3.641,  0.1044,  0.2932,  34.7333,  12 Feb 2018 23:43:55
# 27.8798,  5.572771,  3.651,  0.1019,  0.2956,  34.7370,  12 Feb 2018 23:50:55
# 27.8894,  5.573816,  3.664,  0.1030,  0.2930,  34.7373,  12 Feb 2018 23:57:55
# 27.8918,  5.574101,  3.668,  0.1018,  0.2992,  34.7375,  13 Feb 2018 00:04:55
# 27.8993,  5.574869,  3.694,  0.1055,  0.2969,  34.7374,  13 Feb 2018 00:11:55
# 27.8986,  5.574935,  3.692,  0.1019,  0.2943,  34.7384,  13 Feb 2018 00:18:55
# 27.8959,  5.574620,  3.744,  0.1031,  0.2969,  34.7381,  13 Feb 2018 00:25:55
# 27.8977,  5.574635,  3.749,  0.1043,  0.2944,  34.7369,  13 Feb 2018 00:32:55
# 27.8879,  5.573904,  3.749,  0.1044,  0.2943,  34.7390,  13 Feb 2018 00:39:55
# 27.8928,  5.574284,  3.774,  0.1032,  0.2944,  34.7380,  13 Feb 2018 00:46:55
# 27.8907,  5.574153,  3.795,  0.1032,  0.2955,  34.7387,  13 Feb 2018 00:53:55
# 27.8856,  5.573641,  3.807,  0.1043,  0.2992,  34.7388,  13 Feb 2018 01:00:55
# 27.8726,  5.572201,  3.838,  0.1043,  0.2945,  34.7383,  13 Feb 2018 01:07:55
# 27.8737,  5.572281,  3.893,  0.1033,  0.2980,  34.7380,  13 Feb 2018 01:14:55
# 27.8770,  5.572515,  3.887,  0.1055,  0.2954,  34.7373,  13 Feb 2018 01:21:55
# 27.8742,  5.572223,  3.905,  0.1032,  0.2920,  34.7373,  13 Feb 2018 01:28:55
# 27.8720,  5.572048,  3.933,  0.1044,  0.2968,  34.7377,  13 Feb 2018 01:35:55
# 27.8622,  5.570900,  3.941,  0.1032,  0.2943,  34.7368,  13 Feb 2018 01:42:55
# 27.8568,  5.570761,  3.902,  0.1042,  0.2954,  34.7399,  13 Feb 2018 01:49:55
# 27.8465,  5.569080,  3.974,  0.1056,  0.2954,  34.7356,  13 Feb 2018 01:56:55
# 27.8463,  5.568891,  4.013,  0.1007,  0.2930,  34.7345,  13 Feb 2018 02:03:55
# 27.8257,  5.566918,  3.985,  0.1044,  0.2921,  34.7358,  13 Feb 2018 02:10:55
# 27.8195,  5.566421,  4.016,  0.1056,  0.2931,  34.7369,  13 Feb 2018 02:17:55
# 27.8017,  5.564602,  4.020,  0.1019,  0.2954,  34.7373,  13 Feb 2018 02:24:55
# 27.7897,  5.563499,  4.041,  0.1056,  0.2943,  34.7384,  13 Feb 2018 02:31:55
# 27.7815,  5.562688,  4.023,  0.0993,  0.2955,  34.7387,  13 Feb 2018 02:38:55
# 27.7657,  5.561118,  4.075,  0.1006,  0.2930,  34.7394,  13 Feb 2018 02:45:55
# 27.7597,  5.560527,  4.041,  0.1018,  0.2979,  34.7397,  13 Feb 2018 02:52:55
# 27.7454,  5.559081,  4.115,  0.1006,  0.2992,  34.7401,  13 Feb 2018 02:59:55
# 27.7135,  5.555898,  4.090,  0.1069,  0.3017,  34.7413,  13 Feb 2018 03:06:55
# 27.6888,  5.553489,  4.075,  0.1018,  0.2954,  34.7426,  13 Feb 2018 03:13:55
# 27.6711,  5.551709,  4.144,  0.1005,  0.2957,  34.7432,  13 Feb 2018 03:20:55
# 27.6555,  5.550279,  4.120,  0.1032,  0.2992,  34.7447,  13 Feb 2018 03:27:55
# 27.6498,  5.549563,  4.147,  0.1004,  0.2955,  34.7438,  13 Feb 2018 03:34:55
# 27.6248,  5.547141,  4.088,  0.1018,  0.3017,  34.7453,  13 Feb 2018 03:41:55
# 27.5923,  5.543859,  4.134,  0.1032,  0.2969,  34.7462,  13 Feb 2018 03:48:55
# 27.5638,  5.540724,  4.129,  0.1031,  0.2968,  34.7453,  13 Feb 2018 03:55:55
# 27.5408,  5.538471,  4.151,  0.1042,  0.2981,  34.7464,  13 Feb 2018 04:02:55
# 27.5143,  5.536007,  4.126,  0.1044,  0.2955,  34.7487,  13 Feb 2018 04:09:55
# 27.4915,  5.533427,  4.178,  0.1055,  0.2955,  34.7473,  13 Feb 2018 04:16:55
# 27.4967,  5.533449,  4.185,  0.1032,  0.2992,  34.7436,  13 Feb 2018 04:23:55
# 27.4903,  5.532866,  4.134,  0.1054,  0.2955,  34.7443,  13 Feb 2018 04:30:55
# 27.5034,  5.533952,  4.183,  0.1079,  0.2956,  34.7423,  13 Feb 2018 04:37:55
# 27.5175,  5.535176,  4.105,  0.1031,  0.3004,  34.7404,  13 Feb 2018 04:44:55
# 27.5365,  5.536721,  4.145,  0.1054,  0.2993,  34.7372,  13 Feb 2018 04:51:55
# 27.5498,  5.538296,  4.135,  0.1018,  0.3017,  34.7385,  13 Feb 2018 04:58:55
# 27.5720,  5.540381,  4.128,  0.1095,  0.2993,  34.7367,  13 Feb 2018 05:05:55
# 27.5903,  5.542160,  4.128,  0.1080,  0.2957,  34.7357,  13 Feb 2018 05:12:55
# 27.6048,  5.543772,  4.152,  0.1106,  0.3018,  34.7364,  13 Feb 2018 05:19:55
# 27.6179,  5.545077,  4.081,  0.1079,  0.3030,  34.7359,  13 Feb 2018 05:26:55
# 27.6280,  5.546084,  4.118,  0.1082,  0.3065,  34.7355,  13 Feb 2018 05:33:55
# 27.6420,  5.547550,  4.088,  0.1106,  0.2969,  34.7354,  13 Feb 2018 05:40:55
# 27.6497,  5.548316,  4.095,  0.1118,  0.2979,  34.7352,  13 Feb 2018 05:47:55
# 27.6529,  5.548819,  4.087,  0.1094,  0.3018,  34.7363,  13 Feb 2018 05:54:55
# 27.6566,  5.549177,  4.065,  0.1104,  0.2969,  34.7361,  13 Feb 2018 06:01:55
# 27.6572,  5.549381,  4.068,  0.1094,  0.3030,  34.7371,  13 Feb 2018 06:08:55
# 27.6539,  5.549074,  3.986,  0.1080,  0.2993,  34.7374,  13 Feb 2018 06:15:55
# 27.6459,  5.548411,  3.976,  0.1093,  0.2941,  34.7386,  13 Feb 2018 06:22:55
# 27.6410,  5.547820,  3.961,  0.1106,  0.2980,  34.7381,  13 Feb 2018 06:29:55
# 27.6379,  5.547535,  3.922,  0.1080,  0.2979,  34.7384,  13 Feb 2018 06:36:55
# 27.6353,  5.547265,  3.903,  0.1102,  0.2968,  34.7384,  13 Feb 2018 06:43:55
# 27.6278,  5.546601,  3.871,  0.1093,  0.2982,  34.7394,  13 Feb 2018 06:50:55
# 27.6284,  5.546638,  3.878,  0.1067,  0.2995,  34.7392,  13 Feb 2018 06:57:55
# 27.6148,  5.545442,  3.837,  0.1093,  0.2979,  34.7408,  13 Feb 2018 07:04:55
# 27.6111,  5.545019,  3.830,  0.1093,  0.2992,  34.7406,  13 Feb 2018 07:11:55
# 27.6002,  5.544063,  3.823,  0.1093,  0.2980,  34.7419,  13 Feb 2018 07:18:55
# 27.5986,  5.543852,  3.753,  0.1116,  0.2968,  34.7416,  13 Feb 2018 07:25:55
# 27.5955,  5.543509,  3.768,  0.1081,  0.3213,  34.7415,  13 Feb 2018 07:32:55
# 27.5980,  5.543837,  3.761,  0.1068,  0.2979,  34.7420,  13 Feb 2018 07:39:55
# 27.5967,  5.543771,  3.734,  0.1080,  0.2992,  34.7424,  13 Feb 2018 07:46:55
# 27.5994,  5.544194,  3.720,  0.1055,  0.3017,  34.7434,  13 Feb 2018 07:53:55
# 27.6017,  5.544559,  3.709,  0.1081,  0.2955,  34.7443,  13 Feb 2018 08:00:55
# 27.6041,  5.544778,  3.683,  0.1067,  0.2955,  34.7441,  13 Feb 2018 08:07:55
# 27.6027,  5.544800,  3.675,  0.1017,  0.2992,  34.7453,  13 Feb 2018 08:14:55
# 27.6030,  5.544909,  3.648,  0.1054,  0.2992,  34.7458,  13 Feb 2018 08:21:55
# 27.6039,  5.545033,  3.613,  0.1017,  0.2931,  34.7461,  13 Feb 2018 08:28:55
# 27.6056,  5.545288,  3.602,  0.1006,  0.3066,  34.7466,  13 Feb 2018 08:35:55
# 27.6050,  5.545237,  3.611,  0.1005,  0.2992,  34.7467,  13 Feb 2018 08:42:55
# 27.6107,  5.545901,  3.584,  0.1032,  0.2946,  34.7472,  13 Feb 2018 08:49:55
# 27.6134,  5.546288,  3.541,  0.0980,  0.2966,  34.7479,  13 Feb 2018 08:56:55
# 27.6034,  5.545588,  3.524,  0.0993,  0.2980,  34.7504,  13 Feb 2018 09:03:55
# 27.6101,  5.546244,  3.528,  0.0945,  0.2992,  34.7501,  13 Feb 2018 09:10:55
# 27.6221,  5.547426,  3.506,  0.0983,  0.2956,  34.7495,  13 Feb 2018 09:17:55
# 27.6282,  5.548520,  3.486,  0.0943,  0.2967,  34.7526,  13 Feb 2018 09:24:55
# 27.6326,  5.549476,  3.481,  0.0955,  0.3042,  34.7562,  13 Feb 2018 09:31:55
# 27.6297,  5.549337,  3.468,  0.0944,  0.2982,  34.7573,  13 Feb 2018 09:38:55
# 27.6260,  5.548535,  3.458,  0.0944,  0.2969,  34.7544,  13 Feb 2018 09:45:55
# 27.6445,  5.550884,  3.470,  0.0981,  0.3140,  34.7573,  13 Feb 2018 09:52:55
# 27.6506,  5.551993,  3.471,  0.0993,  0.2992,  34.7605,  13 Feb 2018 09:59:55
# 27.6703,  5.554219,  3.473,  0.0943,  0.3030,  34.7616,  13 Feb 2018 10:06:55
# 27.7181,  5.558636,  3.427,  0.0945,  0.2992,  34.7574,  13 Feb 2018 10:13:55
# 27.6991,  5.557504,  3.425,  0.0907,  0.3056,  34.7635,  13 Feb 2018 10:20:55
# 27.7140,  5.558986,  3.423,  0.0945,  0.3027,  34.7629,  13 Feb 2018 10:27:55
# 27.7351,  5.561630,  3.441,  0.0956,  0.3018,  34.7659,  13 Feb 2018 10:34:55
# 27.7312,  5.560739,  3.437,  0.0980,  0.2956,  34.7624,  13 Feb 2018 10:41:55
# 27.7405,  5.560826,  3.429,  0.0954,  0.2979,  34.7562,  13 Feb 2018 10:48:55
# 27.7479,  5.562499,  3.439,  0.0906,  0.2969,  34.7625,  13 Feb 2018 10:55:55
# 27.7531,  5.563609,  3.434,  0.0970,  0.2918,  34.7665,  13 Feb 2018 11:02:55
# 27.7951,  5.566867,  3.437,  0.1018,  0.2931,  34.7583,  13 Feb 2018 11:09:55
# 27.7860,  5.567773,  3.448,  0.0944,  0.2992,  34.7713,  13 Feb 2018 11:16:55
# 27.8119,  5.570535,  3.462,  0.0969,  0.2994,  34.7716,  13 Feb 2018 11:23:55
# 27.8460,  5.574139,  3.478,  0.0908,  0.2992,  34.7717,  13 Feb 2018 11:30:55
# 27.8640,  5.575067,  3.462,  0.0883,  0.3117,  34.7649,  13 Feb 2018 11:37:55
# 27.8607,  5.574987,  3.478,  0.0880,  0.2931,  34.7667,  13 Feb 2018 11:44:55
# 27.8962,  5.578035,  3.486,  0.0956,  0.2969,  34.7619,  13 Feb 2018 11:51:55
# 27.9178,  5.580653,  3.492,  0.0882,  0.2969,  34.7643,  13 Feb 2018 11:58:55
# 27.9140,  5.580822,  3.521,  0.0932,  0.2907,  34.7683,  13 Feb 2018 12:05:55
# 27.9253,  5.581078,  3.515,  0.0954,  0.3017,  34.7618,  13 Feb 2018 12:12:55
# 27.9505,  5.584282,  3.533,  0.0869,  0.2980,  34.7656,  13 Feb 2018 12:19:55
# 27.9748,  5.586769,  3.535,  0.0992,  0.2956,  34.7651,  13 Feb 2018 12:26:55
# 27.9955,  5.588994,  3.563,  0.0895,  0.2956,  34.7654,  13 Feb 2018 12:33:55
# 28.0125,  5.590575,  3.573,  0.0980,  0.2992,  34.7639,  13 Feb 2018 12:40:55
# 28.0373,  5.592910,  3.567,  0.0945,  0.2955,  34.7620,  13 Feb 2018 12:47:55
# 28.0464,  5.593979,  3.601,  0.0956,  0.2892,  34.7627,  13 Feb 2018 12:54:55
# 28.0647,  5.596197,  3.620,  0.0945,  0.2955,  34.7647,  13 Feb 2018 13:01:55
# 28.0620,  5.596754,  3.632,  0.0919,  0.2968,  34.7707,  13 Feb 2018 13:08:55
# 28.0866,  5.598358,  3.644,  0.1006,  0.2918,  34.7637,  13 Feb 2018 13:15:55
# 28.1419,  5.603478,  3.690,  0.0954,  0.3005,  34.7588,  13 Feb 2018 13:22:55
# 28.1425,  5.603507,  3.663,  0.0943,  0.2906,  34.7585,  13 Feb 2018 13:29:55
# 28.1700,  5.606651,  3.694,  0.1005,  0.2943,  34.7603,  13 Feb 2018 13:36:55
# 28.1887,  5.608476,  3.683,  0.1031,  0.2845,  34.7592,  13 Feb 2018 13:43:55
# 28.1871,  5.608828,  3.711,  0.0929,  0.2953,  34.7628,  13 Feb 2018 13:50:55
# 28.2145,  5.611415,  3.769,  0.0956,  0.2906,  34.7607,  13 Feb 2018 13:57:55
