# 27.6122,  5.546550,  3.448,  0.0943,  0.2687,  34.7507,  22 Jan 2018 14:02:55
# 27.6295,  5.547754,  3.487,  0.0919,  0.2686,  34.7463,  22 Jan 2018 14:09:55
# 27.6396,  5.548148,  3.463,  0.0930,  0.2625,  34.7416,  22 Jan 2018 14:16:55
# 27.6552,  5.549548,  3.503,  0.0944,  0.2672,  34.7399,  22 Jan 2018 14:23:55
# 27.6631,  5.549453,  3.450,  0.0970,  0.2599,  34.7334,  22 Jan 2018 14:30:55
# 27.6619,  5.548468,  3.455,  0.0944,  0.2625,  34.7273,  22 Jan 2018 14:37:55
# 27.6659,  5.547724,  3.440,  0.0957,  0.2710,  34.7192,  22 Jan 2018 14:44:55
# 27.6535,  5.545696,  3.425,  0.0919,  0.2600,  34.7140,  22 Jan 2018 14:51:55
# 27.6342,  5.542815,  3.452,  0.0968,  0.2660,  34.7080,  22 Jan 2018 14:58:55
# 27.6410,  5.543187,  3.432,  0.0968,  0.2660,  34.7056,  22 Jan 2018 15:05:55
# 27.6311,  5.542057,  3.411,  0.0968,  0.2649,  34.7050,  22 Jan 2018 15:12:55
# 27.6197,  5.541131,  3.452,  0.1006,  0.2673,  34.7069,  22 Jan 2018 15:19:55
# 27.6308,  5.542487,  3.416,  0.0944,  0.2624,  34.7082,  22 Jan 2018 15:26:55
# 27.6301,  5.542582,  3.398,  0.0932,  0.2649,  34.7094,  22 Jan 2018 15:33:55
# 27.6374,  5.543822,  3.403,  0.0982,  0.2599,  34.7127,  22 Jan 2018 15:40:55
# 27.6549,  5.545791,  3.443,  0.1006,  0.2674,  34.7137,  22 Jan 2018 15:47:55
# 27.6553,  5.546353,  3.422,  0.0980,  0.2611,  34.7173,  22 Jan 2018 15:54:55
# 27.6551,  5.547009,  3.433,  0.0993,  0.2612,  34.7221,  22 Jan 2018 16:01:55
# 27.6674,  5.548519,  3.426,  0.0970,  0.2660,  34.7237,  22 Jan 2018 16:08:55
# 27.6762,  5.549796,  3.466,  0.0992,  0.2649,  34.7261,  22 Jan 2018 16:15:55
# 27.6868,  5.550788,  3.455,  0.0967,  0.2663,  34.7252,  22 Jan 2018 16:22:55
# 27.6892,  5.551540,  3.454,  0.0993,  0.2599,  34.7288,  22 Jan 2018 16:29:55
# 27.6776,  5.551248,  3.474,  0.0982,  0.2647,  34.7353,  22 Jan 2018 16:36:55
# 27.6828,  5.551555,  3.478,  0.0969,  0.2624,  34.7336,  22 Jan 2018 16:43:55
# 27.6736,  5.550993,  3.480,  0.1019,  0.2648,  34.7365,  22 Jan 2018 16:50:55
# 27.6733,  5.551037,  3.509,  0.0968,  0.2650,  34.7370,  22 Jan 2018 16:57:55
# 27.6634,  5.550307,  3.482,  0.0993,  0.2673,  34.7392,  22 Jan 2018 17:04:55
# 27.6555,  5.550198,  3.560,  0.1007,  0.2722,  34.7443,  22 Jan 2018 17:11:55
# 27.6511,  5.549746,  3.582,  0.0969,  0.2734,  34.7443,  22 Jan 2018 17:18:55
# 27.6380,  5.548659,  3.565,  0.1007,  0.2610,  34.7464,  22 Jan 2018 17:25:55
# 27.6350,  5.548367,  3.589,  0.0993,  0.2662,  34.7465,  22 Jan 2018 17:32:55
# 27.6385,  5.548783,  3.591,  0.0981,  0.2612,  34.7469,  22 Jan 2018 17:39:55
# 27.6398,  5.549038,  3.639,  0.1018,  0.2648,  34.7477,  22 Jan 2018 17:46:55
# 27.6380,  5.548965,  3.610,  0.0993,  0.2599,  34.7485,  22 Jan 2018 17:53:55
# 27.6359,  5.548929,  3.677,  0.0982,  0.2638,  34.7498,  22 Jan 2018 18:00:55
# 27.6265,  5.548301,  3.719,  0.1020,  0.2649,  34.7523,  22 Jan 2018 18:07:55
# 27.6163,  5.547791,  3.663,  0.1019,  0.2623,  34.7563,  22 Jan 2018 18:14:55
# 27.6085,  5.547346,  3.734,  0.0969,  0.2770,  34.7590,  22 Jan 2018 18:21:55
# 27.5991,  5.546587,  3.709,  0.0991,  0.2638,  34.7606,  22 Jan 2018 18:28:55
# 27.5950,  5.546303,  3.826,  0.1007,  0.2624,  34.7616,  22 Jan 2018 18:35:55
# 27.6002,  5.546689,  3.826,  0.1020,  0.2637,  34.7604,  22 Jan 2018 18:42:55
# 27.6190,  5.548528,  3.776,  0.0993,  0.2686,  34.7595,  22 Jan 2018 18:49:55
# 27.6401,  5.550658,  3.802,  0.0993,  0.2660,  34.7588,  22 Jan 2018 18:56:55
# 27.6784,  5.554270,  3.812,  0.1005,  0.2722,  34.7559,  22 Jan 2018 19:03:55
# 27.6707,  5.554256,  3.849,  0.0970,  0.2675,  34.7615,  22 Jan 2018 19:10:55
# 27.6488,  5.552826,  3.901,  0.1018,  0.2687,  34.7677,  22 Jan 2018 19:17:55
# 27.6477,  5.553059,  3.875,  0.1006,  0.2696,  34.7701,  22 Jan 2018 19:24:55
# 27.6385,  5.552512,  3.877,  0.1033,  0.2736,  34.7731,  22 Jan 2018 19:31:55
# 27.5852,  5.548477,  3.870,  0.1031,  0.2686,  34.7841,  22 Jan 2018 19:38:55
# 27.5630,  5.546690,  3.923,  0.1017,  0.2713,  34.7880,  22 Jan 2018 19:45:55
# 27.5284,  5.543787,  3.894,  0.1019,  0.2712,  34.7933,  22 Jan 2018 19:52:55
# 27.5110,  5.542300,  3.978,  0.1007,  0.2772,  34.7957,  22 Jan 2018 19:59:55
# 27.4806,  5.539930,  3.921,  0.1032,  0.2686,  34.8015,  22 Jan 2018 20:06:55
# 27.4583,  5.538050,  3.987,  0.1068,  0.2833,  34.8048,  22 Jan 2018 20:13:55
# 27.4427,  5.536439,  3.980,  0.1006,  0.2760,  34.8050,  22 Jan 2018 20:20:55
# 27.4226,  5.534682,  3.980,  0.1018,  0.2745,  34.8076,  22 Jan 2018 20:27:55
# 27.4033,  5.533072,  3.949,  0.1019,  0.2760,  34.8105,  22 Jan 2018 20:34:55
# 27.3843,  5.531658,  4.018,  0.1032,  0.2673,  34.8147,  22 Jan 2018 20:41:55
# 27.3698,  5.530835,  4.041,  0.1044,  0.2760,  34.8196,  22 Jan 2018 20:48:55
# 27.3573,  5.530158,  4.084,  0.1056,  0.2712,  34.8241,  22 Jan 2018 20:55:55
# 27.3492,  5.529983,  4.090,  0.1057,  0.2698,  34.8289,  22 Jan 2018 21:02:55
# 27.3398,  5.529823,  4.058,  0.1080,  0.2673,  34.8348,  22 Jan 2018 21:09:55
# 27.3304,  5.529605,  4.045,  0.1081,  0.2673,  34.8403,  22 Jan 2018 21:16:55
# 27.3229,  5.529568,  4.079,  0.1117,  0.2798,  34.8456,  22 Jan 2018 21:23:55
# 27.3201,  5.529481,  4.045,  0.1080,  0.2772,  34.8471,  22 Jan 2018 21:30:55
# 27.3153,  5.529423,  4.020,  0.1081,  0.2710,  34.8503,  22 Jan 2018 21:37:55
# 27.3134,  5.529248,  4.039,  0.1094,  0.2747,  34.8505,  22 Jan 2018 21:44:55
# 27.3070,  5.528563,  4.097,  0.1105,  0.2711,  34.8504,  22 Jan 2018 21:51:55
# 27.3019,  5.527755,  4.026,  0.1093,  0.2698,  34.8485,  22 Jan 2018 21:58:55
# 27.3002,  5.527565,  4.045,  0.1094,  0.2869,  34.8484,  22 Jan 2018 22:05:55
# 27.2949,  5.526706,  4.010,  0.1093,  0.2711,  34.8463,  22 Jan 2018 22:12:55
# 27.2921,  5.526159,  4.066,  0.1082,  0.2697,  34.8445,  22 Jan 2018 22:19:55
# 27.2915,  5.526130,  3.988,  0.1134,  0.2699,  34.8447,  22 Jan 2018 22:26:55
# 27.2925,  5.526575,  3.949,  0.1118,  0.2747,  34.8472,  22 Jan 2018 22:33:55
# 27.2914,  5.527034,  3.989,  0.1131,  0.2712,  34.8512,  22 Jan 2018 22:40:55
# 27.2914,  5.527310,  4.054,  0.1142,  0.2687,  34.8532,  22 Jan 2018 22:47:55
# 27.2911,  5.527689,  3.977,  0.1118,  0.2660,  34.8561,  22 Jan 2018 22:54:55
# 27.2901,  5.527871,  4.078,  0.1130,  0.2735,  34.8581,  22 Jan 2018 23:01:55
# 27.2874,  5.527937,  4.015,  0.1129,  0.2711,  34.8606,  22 Jan 2018 23:08:55
# 27.2884,  5.528134,  3.954,  0.1144,  0.2699,  34.8612,  22 Jan 2018 23:15:55
# 27.2849,  5.528032,  3.979,  0.1144,  0.2673,  34.8632,  22 Jan 2018 23:22:55
# 27.2832,  5.528003,  3.885,  0.1157,  0.2673,  34.8643,  22 Jan 2018 23:29:55
# 27.2796,  5.527871,  3.938,  0.1142,  0.2647,  34.8660,  22 Jan 2018 23:36:55
# 27.2764,  5.527740,  3.942,  0.1131,  0.2734,  34.8674,  22 Jan 2018 23:43:55
# 27.2732,  5.527413,  3.844,  0.1170,  0.2699,  34.8676,  22 Jan 2018 23:50:55
# 27.2706,  5.527172,  3.864,  0.1130,  0.2675,  34.8678,  22 Jan 2018 23:57:55
# 27.2641,  5.526604,  3.835,  0.1119,  0.2647,  34.8686,  23 Jan 2018 00:04:55
# 27.2587,  5.526000,  3.854,  0.1142,  0.2712,  34.8683,  23 Jan 2018 00:11:55
# 27.2537,  5.525395,  3.800,  0.1103,  0.2747,  34.8678,  23 Jan 2018 00:18:55
# 27.2457,  5.524405,  3.791,  0.1117,  0.2711,  34.8668,  23 Jan 2018 00:25:55
# 27.2432,  5.523990,  3.831,  0.1118,  0.2733,  34.8656,  23 Jan 2018 00:32:55
# 27.2402,  5.523604,  3.859,  0.1143,  0.2647,  34.8652,  23 Jan 2018 00:39:55
# 27.2326,  5.522752,  3.781,  0.1093,  0.2649,  34.8648,  23 Jan 2018 00:46:55
# 27.2287,  5.522264,  3.728,  0.1104,  0.2686,  34.8643,  23 Jan 2018 00:53:55
# 27.2264,  5.522031,  3.743,  0.1094,  0.2685,  34.8643,  23 Jan 2018 01:00:55
# 27.2229,  5.521587,  3.704,  0.1105,  0.2663,  34.8638,  23 Jan 2018 01:07:55
# 27.2179,  5.521048,  3.715,  0.1104,  0.2685,  34.8637,  23 Jan 2018 01:14:55
# 27.2112,  5.520473,  3.714,  0.1118,  0.2698,  34.8647,  23 Jan 2018 01:21:55
# 27.2076,  5.520080,  3.671,  0.1093,  0.2675,  34.8645,  23 Jan 2018 01:28:55
# 27.2015,  5.519563,  3.638,  0.1118,  0.2650,  34.8654,  23 Jan 2018 01:35:55
# 27.1991,  5.519352,  3.635,  0.1080,  0.2625,  34.8657,  23 Jan 2018 01:42:55
# 27.1950,  5.519025,  3.622,  0.1106,  0.2662,  34.8665,  23 Jan 2018 01:49:55
# 27.1906,  5.518719,  3.665,  0.1094,  0.2638,  34.8676,  23 Jan 2018 01:56:55
# 27.1852,  5.518253,  3.566,  0.1080,  0.2649,  34.8683,  23 Jan 2018 02:03:55
# 27.1819,  5.518020,  3.614,  0.1070,  0.2637,  34.8691,  23 Jan 2018 02:10:55
# 27.1773,  5.517642,  3.633,  0.1082,  0.2661,  34.8699,  23 Jan 2018 02:17:55
# 27.1693,  5.517081,  3.636,  0.1082,  0.2662,  34.8719,  23 Jan 2018 02:24:55
# 27.1655,  5.516696,  3.550,  0.1069,  0.2612,  34.8720,  23 Jan 2018 02:31:55
# 27.1565,  5.516034,  3.608,  0.1070,  0.2773,  34.8740,  23 Jan 2018 02:38:55
# 27.1561,  5.515830,  3.563,  0.1083,  0.2612,  34.8729,  23 Jan 2018 02:45:55
# 27.1496,  5.515313,  3.563,  0.1056,  0.2612,  34.8741,  23 Jan 2018 02:52:55
# 27.1463,  5.514906,  3.586,  0.1057,  0.2612,  34.8737,  23 Jan 2018 02:59:55
# 27.1373,  5.514149,  3.543,  0.1069,  0.2648,  34.8750,  23 Jan 2018 03:06:55
# 27.1335,  5.513756,  3.559,  0.1067,  0.2625,  34.8751,  23 Jan 2018 03:13:55
# 27.1242,  5.512861,  3.557,  0.1056,  0.2638,  34.8757,  23 Jan 2018 03:20:55
# 27.1210,  5.512447,  3.515,  0.1056,  0.2637,  34.8751,  23 Jan 2018 03:27:55
# 27.1159,  5.511908,  3.498,  0.1069,  0.2625,  34.8751,  23 Jan 2018 03:34:55
# 27.1112,  5.511195,  3.555,  0.1055,  0.2673,  34.8736,  23 Jan 2018 03:41:55
# 27.1027,  5.510410,  3.510,  0.1057,  0.2623,  34.8744,  23 Jan 2018 03:48:55
# 27.1027,  5.510286,  3.578,  0.1030,  0.2625,  34.8735,  23 Jan 2018 03:55:55
# 27.1017,  5.510061,  3.583,  0.1055,  0.2650,  34.8726,  23 Jan 2018 04:02:55
# 27.1010,  5.509719,  3.535,  0.1031,  0.2599,  34.8707,  23 Jan 2018 04:09:55
# 27.0953,  5.509115,  3.605,  0.1032,  0.2625,  34.8707,  23 Jan 2018 04:16:55
# 27.0964,  5.509042,  3.597,  0.1042,  0.2650,  34.8693,  23 Jan 2018 04:23:55
# 27.1027,  5.509428,  3.511,  0.1055,  0.2649,  34.8674,  23 Jan 2018 04:30:55
# 27.1046,  5.509522,  3.557,  0.1044,  0.2612,  34.8666,  23 Jan 2018 04:37:55
# 27.1099,  5.509813,  3.628,  0.1032,  0.2687,  34.8646,  23 Jan 2018 04:44:55
# 27.1016,  5.509115,  3.586,  0.1043,  0.2663,  34.8659,  23 Jan 2018 04:51:55
# 27.1101,  5.509711,  3.641,  0.1031,  0.2649,  34.8638,  23 Jan 2018 04:58:55
# 27.1165,  5.510242,  3.598,  0.1032,  0.2711,  34.8628,  23 Jan 2018 05:05:55
# 27.1161,  5.510118,  3.637,  0.1017,  0.2588,  34.8621,  23 Jan 2018 05:12:55
# 27.1069,  5.509195,  3.624,  0.1043,  0.2625,  34.8625,  23 Jan 2018 05:19:55
# 27.1018,  5.508773,  3.590,  0.1032,  0.2610,  34.8633,  23 Jan 2018 05:26:55
# 27.0972,  5.508351,  3.599,  0.1021,  0.2574,  34.8638,  23 Jan 2018 05:33:55
# 27.0853,  5.507217,  3.602,  0.1006,  0.2613,  34.8646,  23 Jan 2018 05:40:55
# 27.0802,  5.506737,  3.655,  0.1006,  0.2600,  34.8650,  23 Jan 2018 05:47:55
# 27.0740,  5.506061,  3.653,  0.1005,  0.2574,  34.8648,  23 Jan 2018 05:54:55
# 27.0569,  5.504563,  3.730,  0.0993,  0.2586,  34.8669,  23 Jan 2018 06:01:55
# 27.0396,  5.502942,  3.704,  0.0996,  0.2600,  34.8684,  23 Jan 2018 06:08:55
# 27.0320,  5.502164,  3.709,  0.0994,  0.2687,  34.8685,  23 Jan 2018 06:15:55
# 27.0200,  5.501175,  3.797,  0.1006,  0.2624,  34.8704,  23 Jan 2018 06:22:55
# 27.0161,  5.500826,  3.759,  0.1006,  0.2611,  34.8709,  23 Jan 2018 06:29:55
# 27.0042,  5.499932,  3.738,  0.1007,  0.2612,  34.8734,  23 Jan 2018 06:36:55
# 27.0010,  5.499620,  3.740,  0.1019,  0.2599,  34.8736,  23 Jan 2018 06:43:55
# 26.9972,  5.499198,  3.754,  0.1006,  0.2598,  34.8734,  23 Jan 2018 06:50:55
# 26.9857,  5.498181,  3.772,  0.1031,  0.2625,  34.8748,  23 Jan 2018 06:57:55
# 26.9691,  5.496604,  3.829,  0.1019,  0.2599,  34.8760,  23 Jan 2018 07:04:55
# 26.9499,  5.494744,  3.817,  0.1057,  0.2613,  34.8772,  23 Jan 2018 07:11:55
# 26.9251,  5.492333,  3.831,  0.1032,  0.2586,  34.8785,  23 Jan 2018 07:18:55
# 26.9103,  5.490815,  3.840,  0.1043,  0.2650,  34.8788,  23 Jan 2018 07:25:55
# 26.8909,  5.489116,  3.845,  0.1067,  0.2600,  34.8813,  23 Jan 2018 07:32:55
# 26.8866,  5.488709,  3.857,  0.1080,  0.2661,  34.8815,  23 Jan 2018 07:39:55
# 26.8929,  5.489392,  3.904,  0.1041,  0.2599,  34.8817,  23 Jan 2018 07:46:55
# 26.9112,  5.491040,  3.945,  0.1069,  0.2687,  34.8797,  23 Jan 2018 07:53:55
# 26.9191,  5.492108,  3.929,  0.1030,  0.2647,  34.8814,  23 Jan 2018 08:00:55
# 26.9303,  5.493364,  3.959,  0.1055,  0.2624,  34.8820,  23 Jan 2018 08:07:55
# 26.9627,  5.496307,  3.937,  0.1006,  0.2625,  34.8787,  23 Jan 2018 08:14:55
# 26.9705,  5.497288,  4.086,  0.1044,  0.2648,  34.8797,  23 Jan 2018 08:21:55
# 27.0000,  5.500238,  3.930,  0.1042,  0.2612,  34.8787,  23 Jan 2018 08:28:55
# 27.0286,  5.502935,  4.081,  0.1044,  0.2612,  34.8765,  23 Jan 2018 08:35:55
# 27.0558,  5.505508,  3.909,  0.1019,  0.2599,  34.8744,  23 Jan 2018 08:42:55
# 27.0783,  5.507748,  3.942,  0.1032,  0.2662,  34.8736,  23 Jan 2018 08:49:55
# 27.1057,  5.510250,  3.924,  0.1006,  0.2639,  34.8708,  23 Jan 2018 08:56:55
# 27.1497,  5.514273,  3.928,  0.0993,  0.2674,  34.8665,  23 Jan 2018 09:03:55
# 27.1791,  5.517052,  4.004,  0.0982,  0.2637,  34.8642,  23 Jan 2018 09:10:55
# 27.2052,  5.519636,  4.000,  0.0993,  0.2663,  34.8631,  23 Jan 2018 09:17:55
# 27.2218,  5.521434,  4.065,  0.1067,  0.2684,  34.8635,  23 Jan 2018 09:24:55
# 27.2478,  5.524128,  4.029,  0.0980,  0.2661,  34.8632,  23 Jan 2018 09:31:55
# 27.2651,  5.526087,  3.979,  0.0982,  0.2673,  34.8641,  23 Jan 2018 09:38:55
# 27.2846,  5.528265,  4.052,  0.0944,  0.2625,  34.8650,  23 Jan 2018 09:45:55
# 27.2977,  5.529336,  4.032,  0.0981,  0.2661,  34.8628,  23 Jan 2018 09:52:55
# 27.3205,  5.532038,  4.006,  0.0944,  0.2699,  34.8650,  23 Jan 2018 09:59:55
# 27.3366,  5.533933,  4.011,  0.0945,  0.2734,  34.8664,  23 Jan 2018 10:06:55
# 27.3701,  5.537067,  4.061,  0.0968,  0.2611,  34.8636,  23 Jan 2018 10:13:55
# 27.3913,  5.539392,  4.054,  0.0969,  0.2612,  34.8643,  23 Jan 2018 10:20:55
# 27.4200,  5.542593,  4.000,  0.0955,  0.2748,  34.8655,  23 Jan 2018 10:27:55
# 27.4389,  5.544635,  3.997,  0.0969,  0.2735,  34.8659,  23 Jan 2018 10:34:55
# 27.4637,  5.547743,  3.988,  0.0932,  0.2770,  34.8694,  23 Jan 2018 10:41:55
# 27.4848,  5.549596,  3.914,  0.0919,  0.2821,  34.8668,  23 Jan 2018 10:48:55
# 27.5139,  5.552821,  3.925,  0.0957,  0.2699,  34.8679,  23 Jan 2018 10:55:55
# 27.5332,  5.555040,  3.948,  0.0930,  0.2699,  34.8692,  23 Jan 2018 11:02:55
# 27.5490,  5.556580,  3.916,  0.0906,  0.2674,  34.8684,  23 Jan 2018 11:09:55
# 27.5710,  5.559325,  3.899,  0.0906,  0.2699,  34.8713,  23 Jan 2018 11:16:55
# 27.5884,  5.561253,  3.899,  0.0906,  0.2712,  34.8720,  23 Jan 2018 11:23:55
# 27.6139,  5.564043,  3.873,  0.1003,  0.2636,  34.8727,  23 Jan 2018 11:30:55
# 27.6359,  5.566066,  3.941,  0.0932,  0.2698,  34.8706,  23 Jan 2018 11:37:55
# 27.6581,  5.568631,  3.845,  0.0956,  0.2760,  34.8722,  23 Jan 2018 11:44:55
# 27.6856,  5.571912,  3.807,  0.0813,  0.4228,  34.8749,  23 Jan 2018 11:51:55
# 27.6935,  5.572592,  3.865,  0.0932,  0.2746,  34.8738,  23 Jan 2018 11:58:55
# 27.7308,  5.576261,  3.826,  0.0904,  0.2711,  34.8719,  23 Jan 2018 12:05:55
# 27.7425,  5.578265,  3.753,  0.0849,  0.2770,  34.8774,  23 Jan 2018 12:12:55
# 27.7855,  5.582426,  3.751,  0.0945,  0.2783,  34.8747,  23 Jan 2018 12:19:55
# 27.8072,  5.584775,  3.774,  0.0906,  0.2760,  34.8752,  23 Jan 2018 12:26:55
# 27.8444,  5.588770,  3.739,  0.0906,  0.2795,  34.8756,  23 Jan 2018 12:33:55
# 27.8776,  5.592188,  3.711,  0.0919,  0.2773,  34.8750,  23 Jan 2018 12:40:55
# 27.9052,  5.595021,  3.669,  0.0919,  0.2735,  34.8745,  23 Jan 2018 12:47:55
# 27.9427,  5.599115,  3.654,  0.0881,  0.2722,  34.8754,  23 Jan 2018 12:54:55
# 27.9713,  5.602155,  3.676,  0.0906,  0.2832,  34.8755,  23 Jan 2018 13:01:55
# 27.9894,  5.604529,  3.653,  0.0894,  0.2684,  34.8788,  23 Jan 2018 13:08:55
# 28.0272,  5.608332,  3.649,  0.0895,  0.2758,  34.8774,  23 Jan 2018 13:15:55
# 28.0570,  5.611601,  3.644,  0.0954,  0.2821,  34.8783,  23 Jan 2018 13:22:55
# 28.0835,  5.614578,  3.624,  0.0918,  0.2712,  34.8795,  23 Jan 2018 13:29:55
# 28.1225,  5.618179,  3.563,  0.0941,  0.2722,  34.8759,  23 Jan 2018 13:36:55
# 28.1322,  5.619793,  3.609,  0.1018,  0.2760,  34.8800,  23 Jan 2018 13:43:55
# 28.1600,  5.622596,  3.534,  0.0980,  0.2869,  34.8790,  23 Jan 2018 13:50:55
# 28.2021,  5.626925,  3.547,  0.0956,  0.2711,  34.8782,  23 Jan 2018 13:57:55
