# 29.0520,  5.694987,  3.742,  0.6168,  0.5493,  34.7269,  08 Mar 2018 14:01:55
# 29.0643,  5.695577,  3.820,  0.6205,  0.5566,  34.7221,  08 Mar 2018 14:08:55
# 29.0865,  5.697650,  3.723,  0.6180,  0.5512,  34.7202,  08 Mar 2018 14:15:55
# 29.1096,  5.699451,  3.725,  0.6248,  0.5660,  34.7158,  08 Mar 2018 14:22:55
# 29.1195,  5.700580,  3.708,  0.0955,  0.3140,  34.7164,  08 Mar 2018 14:29:55
# 29.1550,  5.703467,  3.702,  0.0932,  0.3041,  34.7104,  08 Mar 2018 14:36:55
# 29.1662,  5.705172,  3.693,  0.1006,  0.3029,  34.7140,  08 Mar 2018 14:43:55
# 29.1994,  5.707978,  3.678,  0.0979,  0.3040,  34.7091,  08 Mar 2018 14:50:55
# 29.1786,  5.706125,  3.686,  0.0955,  0.3063,  34.7115,  08 Mar 2018 14:57:55
# 29.1985,  5.707772,  3.701,  0.0980,  0.3091,  34.7084,  08 Mar 2018 15:04:55
# 29.2063,  5.708274,  3.657,  0.0993,  0.3041,  34.7061,  08 Mar 2018 15:11:55
# 29.1986,  5.707291,  3.678,  0.0993,  0.3041,  34.7050,  08 Mar 2018 15:18:55
# 29.2032,  5.708163,  3.715,  0.1018,  0.3090,  34.7076,  08 Mar 2018 15:25:55
# 29.2112,  5.708924,  3.722,  0.1004,  0.3029,  34.7071,  08 Mar 2018 15:32:55
# 29.2145,  5.709219,  3.695,  0.0893,  0.3014,  34.7067,  08 Mar 2018 15:39:55
# 29.2186,  5.709722,  3.709,  0.1016,  0.3063,  34.7071,  08 Mar 2018 15:46:55
# 29.2101,  5.708540,  3.711,  0.0992,  0.3078,  34.7052,  08 Mar 2018 15:53:55
# 29.2213,  5.709655,  3.697,  0.1056,  0.3077,  34.7048,  08 Mar 2018 16:00:55
# 29.2141,  5.709153,  3.702,  0.1005,  0.3040,  34.7066,  08 Mar 2018 16:07:55
# 29.2154,  5.709374,  3.702,  0.6098,  0.5349,  34.7071,  08 Mar 2018 16:14:55
# 29.2128,  5.709212,  3.730,  0.5999,  0.5064,  34.7079,  08 Mar 2018 16:21:55
# 29.2155,  5.709441,  3.721,  0.5969,  0.4977,  34.7075,  08 Mar 2018 16:28:55
# 29.2177,  5.709758,  3.713,  0.6068,  0.5232,  34.7080,  08 Mar 2018 16:35:55
# 29.2218,  5.710268,  3.787,  0.6117,  0.5352,  34.7086,  08 Mar 2018 16:42:55
# 29.2215,  5.710556,  3.716,  0.1018,  0.3028,  34.7108,  08 Mar 2018 16:49:55
# 29.2198,  5.710431,  3.728,  0.1056,  0.3040,  34.7111,  08 Mar 2018 16:56:55
# 29.2244,  5.711007,  3.749,  0.1005,  0.3066,  34.7118,  08 Mar 2018 17:03:55
# 29.2120,  5.710106,  3.720,  0.1019,  0.3040,  34.7146,  08 Mar 2018 17:10:55
# 29.2050,  5.709722,  3.769,  0.1018,  0.3065,  34.7170,  08 Mar 2018 17:17:55
# 29.1903,  5.708245,  3.774,  0.1032,  0.3064,  34.7176,  08 Mar 2018 17:24:55
# 29.1718,  5.706657,  3.754,  0.1043,  0.3063,  34.7201,  08 Mar 2018 17:31:55
# 29.1547,  5.705335,  3.737,  0.1017,  0.3065,  34.7234,  08 Mar 2018 17:38:55
# 29.1306,  5.703231,  3.783,  0.1016,  0.3079,  34.7265,  08 Mar 2018 17:45:55
# 29.1196,  5.702050,  3.828,  0.1043,  0.3112,  34.7263,  08 Mar 2018 17:52:55
# 29.1019,  5.700212,  3.801,  0.1041,  0.3065,  34.7266,  08 Mar 2018 17:59:55
# 29.0882,  5.699134,  3.808,  0.1042,  0.3040,  34.7291,  08 Mar 2018 18:06:55
# 29.0719,  5.697983,  3.792,  0.1030,  0.3041,  34.7330,  08 Mar 2018 18:13:55
# 29.0575,  5.696632,  3.814,  0.1031,  0.3079,  34.7342,  08 Mar 2018 18:20:55
# 29.0163,  5.693379,  3.763,  0.1030,  0.3104,  34.7419,  08 Mar 2018 18:27:55
# 28.9888,  5.690553,  3.832,  0.1044,  0.3065,  34.7424,  08 Mar 2018 18:34:55
# 28.9511,  5.687021,  3.837,  0.5859,  0.4674,  34.7455,  08 Mar 2018 18:41:55
# 28.9243,  5.683924,  3.817,  0.5770,  0.4390,  34.7437,  08 Mar 2018 18:48:55
# 28.9171,  5.683283,  3.881,  0.5856,  0.4674,  34.7446,  08 Mar 2018 18:55:55
# 28.8854,  5.680187,  3.869,  0.2541,  0.1015,  34.7463,  08 Mar 2018 19:02:55
# 28.8541,  5.676702,  3.832,  0.1908,  0.0555,  34.7451,  08 Mar 2018 19:09:55
# 28.8121,  5.672075,  3.856,  0.2090,  0.0616,  34.7438,  08 Mar 2018 19:16:55
# 28.7673,  5.667473,  3.884,  0.6076,  0.5259,  34.7447,  08 Mar 2018 19:23:55
# 28.7380,  5.663681,  3.878,  0.1044,  0.3030,  34.7400,  08 Mar 2018 19:30:55
# 28.7093,  5.660502,  3.915,  0.1054,  0.3127,  34.7389,  08 Mar 2018 19:37:55
# 28.6743,  5.656587,  3.889,  0.1080,  0.3190,  34.7374,  08 Mar 2018 19:44:55
# 28.6392,  5.652601,  3.941,  0.1080,  0.3153,  34.7354,  08 Mar 2018 19:51:55
# 28.5904,  5.647218,  3.892,  0.1066,  0.3153,  34.7339,  08 Mar 2018 19:58:55
# 28.5592,  5.643653,  3.914,  0.1068,  0.3140,  34.7320,  08 Mar 2018 20:05:55
# 28.5223,  5.639531,  3.974,  0.1069,  0.3150,  34.7304,  08 Mar 2018 20:12:55
# 28.4910,  5.635975,  3.983,  0.2565,  0.1006,  34.7286,  08 Mar 2018 20:19:55
# 28.4682,  5.633302,  3.963,  0.1055,  0.3116,  34.7268,  08 Mar 2018 20:26:55
# 28.4418,  5.630468,  3.957,  0.2055,  0.0603,  34.7264,  08 Mar 2018 20:33:55
# 28.4157,  5.627355,  3.964,  0.5576,  0.3838,  34.7239,  08 Mar 2018 20:40:55
# 28.3917,  5.624757,  4.015,  0.1562,  0.0233,  34.7234,  08 Mar 2018 20:47:55
# 28.3748,  5.622753,  4.018,  0.1837,  0.0232,  34.7219,  08 Mar 2018 20:54:55
# 28.3586,  5.621080,  3.997,  0.1533,  0.0193,  34.7221,  08 Mar 2018 21:01:55
# 28.3409,  5.619224,  4.071,  0.1492,  0.0141,  34.7221,  08 Mar 2018 21:08:55
# 28.3327,  5.618359,  4.019,  0.1480,  0.0129,  34.7222,  08 Mar 2018 21:15:55
# 28.3149,  5.616701,  4.081,  0.1480,  0.0131,  34.7237,  08 Mar 2018 21:22:55
# 28.3090,  5.615887,  4.039,  0.1472,  0.0115,  34.7224,  08 Mar 2018 21:29:55
# 28.2945,  5.614406,  4.035,  -999.0,  -999.0,  34.7226,  08 Mar 2018 21:36:55
# 28.2738,  5.612624,  4.062,  -999.0,  -999.0,  34.7255,  08 Mar 2018 21:43:55
# 28.2695,  5.611598,  4.033,  -999.0,  -999.0,  34.7215,  08 Mar 2018 21:50:55
# 28.2597,  5.610718,  4.087,  -999.0,  -999.0,  34.7225,  08 Mar 2018 21:57:55
# 28.2480,  5.609633,  4.091,  -999.0,  -999.0,  34.7236,  08 Mar 2018 22:04:55
# 28.2350,  5.608042,  4.037,  -999.0,  -999.0,  34.7221,  08 Mar 2018 22:11:55
# 28.2290,  5.607398,  4.116,  -999.0,  -999.0,  34.7219,  08 Mar 2018 22:18:55
# 28.2188,  5.606401,  4.100,  -999.0,  -999.0,  34.7225,  08 Mar 2018 22:25:55
# 28.2108,  5.605499,  4.097,  -999.0,  -999.0,  34.7220,  08 Mar 2018 22:32:55
# 28.2031,  5.604686,  4.103,  -999.0,  -999.0,  34.7220,  08 Mar 2018 22:39:55
# 28.1954,  5.603843,  4.089,  -999.0,  -999.0,  34.7218,  08 Mar 2018 22:46:55
# 28.1882,  5.603155,  4.132,  -999.0,  -999.0,  34.7223,  08 Mar 2018 22:53:55
# 28.1822,  5.602495,  4.067,  -999.0,  -999.0,  34.7221,  08 Mar 2018 23:00:55
# 28.1747,  5.601726,  4.098,  -999.0,  -999.0,  34.7222,  08 Mar 2018 23:07:55
# 28.1715,  5.601462,  4.069,  -999.0,  -999.0,  34.7228,  08 Mar 2018 23:14:55
# 28.1720,  5.601397,  4.144,  -999.0,  -999.0,  34.7220,  08 Mar 2018 23:21:55
# 28.1727,  5.601404,  4.015,  -999.0,  -999.0,  34.7215,  08 Mar 2018 23:28:55
# 28.1711,  5.601265,  4.023,  -999.0,  -999.0,  34.7217,  08 Mar 2018 23:35:55
# 28.1667,  5.600715,  4.009,  -999.0,  -999.0,  34.7211,  08 Mar 2018 23:42:55
# 28.1637,  5.600561,  4.024,  -999.0,  -999.0,  34.7223,  08 Mar 2018 23:49:55
# 28.1568,  5.599953,  4.035,  -999.0,  -999.0,  34.7230,  08 Mar 2018 23:56:55
# 28.1551,  5.599690,  4.069,  -999.0,  -999.0,  34.7225,  09 Mar 2018 00:03:55
# 28.1454,  5.598811,  4.027,  -999.0,  -999.0,  34.7235,  09 Mar 2018 00:10:55
# 28.1411,  5.598291,  4.005,  -999.0,  -999.0,  34.7230,  09 Mar 2018 00:17:55
# 28.1357,  5.597705,  3.994,  -999.0,  -999.0,  34.7229,  09 Mar 2018 00:24:55
# 28.1294,  5.597002,  4.005,  -999.0,  -999.0,  34.7226,  09 Mar 2018 00:31:55
# 28.1226,  5.596321,  3.987,  -999.0,  -999.0,  34.7229,  09 Mar 2018 00:38:55
# 28.1133,  5.595347,  4.004,  -999.0,  -999.0,  34.7229,  09 Mar 2018 00:45:55
# 28.1118,  5.595061,  3.965,  -999.0,  -999.0,  34.7220,  09 Mar 2018 00:52:55
# 28.1093,  5.594900,  3.976,  -999.0,  -999.0,  34.7228,  09 Mar 2018 00:59:55
# 28.1060,  5.594402,  3.895,  -999.0,  -999.0,  34.7217,  09 Mar 2018 01:06:55
# 28.1075,  5.594534,  3.978,  -999.0,  -999.0,  34.7215,  09 Mar 2018 01:13:55
# 28.1085,  5.594673,  3.911,  -999.0,  -999.0,  34.7218,  09 Mar 2018 01:20:55
# 28.1082,  5.594622,  3.867,  -999.0,  -999.0,  34.7216,  09 Mar 2018 01:27:55
# 28.1095,  5.594703,  3.891,  -999.0,  -999.0,  34.7212,  09 Mar 2018 01:34:55
# 28.1071,  5.594549,  3.899,  -999.0,  -999.0,  34.7219,  09 Mar 2018 01:41:55
# 28.1041,  5.594168,  3.893,  -999.0,  -999.0,  34.7215,  09 Mar 2018 01:48:55
# 28.1035,  5.594241,  3.853,  -999.0,  -999.0,  34.7225,  09 Mar 2018 01:55:55
# 28.1027,  5.594190,  3.855,  -999.0,  -999.0,  34.7227,  09 Mar 2018 02:02:55
# 28.0976,  5.593780,  3.835,  -999.0,  -999.0,  34.7236,  09 Mar 2018 02:09:55
# 28.0899,  5.593136,  3.837,  -999.0,  -999.0,  34.7247,  09 Mar 2018 02:16:55
# 28.0885,  5.592909,  3.842,  -999.0,  -999.0,  34.7242,  09 Mar 2018 02:23:55
# 28.0786,  5.592104,  3.792,  -999.0,  -999.0,  34.7259,  09 Mar 2018 02:30:55
# 28.0704,  5.591181,  3.782,  -999.0,  -999.0,  34.7254,  09 Mar 2018 02:37:55
# 28.0680,  5.590845,  3.805,  -999.0,  -999.0,  34.7248,  09 Mar 2018 02:44:55
# 28.0619,  5.590296,  3.764,  -999.0,  -999.0,  34.7255,  09 Mar 2018 02:51:55
# 28.0545,  5.589622,  3.793,  -999.0,  -999.0,  34.7263,  09 Mar 2018 02:58:55
# 28.0494,  5.589381,  3.745,  -999.0,  -999.0,  34.7283,  09 Mar 2018 03:05:55
# 28.0366,  5.587815,  3.747,  -999.0,  -999.0,  34.7268,  09 Mar 2018 03:12:55
# 28.0315,  5.587339,  3.714,  -999.0,  -999.0,  34.7272,  09 Mar 2018 03:19:55
# 28.0268,  5.586864,  3.729,  -999.0,  -999.0,  34.7273,  09 Mar 2018 03:26:55
# 28.0194,  5.586161,  3.712,  -999.0,  -999.0,  34.7279,  09 Mar 2018 03:33:55
# 28.0127,  5.585627,  3.743,  -999.0,  -999.0,  34.7291,  09 Mar 2018 03:40:55
# 28.0110,  5.585312,  3.723,  -999.0,  -999.0,  34.7281,  09 Mar 2018 03:47:55
# 28.0043,  5.584720,  3.734,  -999.0,  -999.0,  34.7289,  09 Mar 2018 03:54:55
# 27.9968,  5.584178,  3.720,  -999.0,  -999.0,  34.7307,  09 Mar 2018 04:01:55
# 27.9941,  5.583842,  3.742,  -999.0,  -999.0,  34.7303,  09 Mar 2018 04:08:55
# 27.9847,  5.583264,  3.708,  -999.0,  -999.0,  34.7332,  09 Mar 2018 04:15:55
# 27.9800,  5.582686,  3.722,  -999.0,  -999.0,  34.7326,  09 Mar 2018 04:22:55
# 27.9701,  5.582079,  3.718,  -999.0,  -999.0,  34.7357,  09 Mar 2018 04:29:55
# 27.9644,  5.581443,  3.692,  -999.0,  -999.0,  34.7354,  09 Mar 2018 04:36:55
# 27.9564,  5.580821,  3.745,  -999.0,  -999.0,  34.7369,  09 Mar 2018 04:43:55
# 27.9504,  5.580441,  3.722,  -999.0,  -999.0,  34.7387,  09 Mar 2018 04:50:55
# 27.9317,  5.578642,  3.663,  -999.0,  -999.0,  34.7399,  09 Mar 2018 04:57:55
# 27.9284,  5.578188,  3.681,  -999.0,  -999.0,  34.7391,  09 Mar 2018 05:04:55
# 27.9288,  5.578115,  3.655,  -999.0,  -999.0,  34.7384,  09 Mar 2018 05:11:55
# 27.9249,  5.577691,  3.717,  -999.0,  -999.0,  34.7382,  09 Mar 2018 05:18:55
# 27.9139,  5.576711,  3.662,  -999.0,  -999.0,  34.7395,  09 Mar 2018 05:25:55
# 27.8993,  5.575512,  3.672,  -999.0,  -999.0,  34.7419,  09 Mar 2018 05:32:55
# 27.8939,  5.574796,  3.710,  -999.0,  -999.0,  34.7408,  09 Mar 2018 05:39:55
# 27.8901,  5.574533,  3.702,  -999.0,  -999.0,  34.7418,  09 Mar 2018 05:46:55
# 27.8873,  5.574372,  3.679,  -999.0,  -999.0,  34.7427,  09 Mar 2018 05:53:55
# 27.8846,  5.574102,  3.656,  -999.0,  -999.0,  34.7429,  09 Mar 2018 06:00:55
# 27.8797,  5.573700,  3.674,  -999.0,  -999.0,  34.7436,  09 Mar 2018 06:07:55
# 27.8757,  5.573422,  3.670,  -999.0,  -999.0,  34.7446,  09 Mar 2018 06:14:55
# 27.8726,  5.573020,  3.647,  -999.0,  -999.0,  34.7441,  09 Mar 2018 06:21:55
# 27.8644,  5.572318,  3.661,  -999.0,  -999.0,  34.7453,  09 Mar 2018 06:28:55
# 27.8563,  5.571368,  3.660,  -999.0,  -999.0,  34.7446,  09 Mar 2018 06:35:55
# 27.8427,  5.570169,  3.695,  -999.0,  -999.0,  34.7462,  09 Mar 2018 06:42:55
# 27.8332,  5.569059,  3.707,  -999.0,  -999.0,  34.7454,  09 Mar 2018 06:49:55
# 27.8287,  5.568649,  3.710,  -999.0,  -999.0,  34.7458,  09 Mar 2018 06:56:55
# 27.8149,  5.567305,  3.719,  -999.0,  -999.0,  34.7466,  09 Mar 2018 07:03:55
# 27.8075,  5.566596,  3.726,  -999.0,  -999.0,  34.7471,  09 Mar 2018 07:10:55
# 27.8064,  5.566399,  3.694,  -999.0,  -999.0,  34.7465,  09 Mar 2018 07:17:55
# 27.8009,  5.565961,  3.758,  -999.0,  -999.0,  34.7475,  09 Mar 2018 07:24:55
# 27.7950,  5.565333,  3.728,  -999.0,  -999.0,  34.7475,  09 Mar 2018 07:31:55
# 27.7929,  5.565274,  3.717,  -999.0,  -999.0,  34.7486,  09 Mar 2018 07:38:55
# 27.7957,  5.565508,  3.726,  -999.0,  -999.0,  34.7482,  09 Mar 2018 07:45:55
# 27.7939,  5.565289,  3.777,  -999.0,  -999.0,  34.7480,  09 Mar 2018 07:52:55
# 27.7873,  5.564953,  3.758,  -999.0,  -999.0,  34.7505,  09 Mar 2018 07:59:55
# 27.7860,  5.564741,  3.747,  -999.0,  -999.0,  34.7499,  09 Mar 2018 08:06:55
# 27.7888,  5.564953,  3.776,  -999.0,  -999.0,  34.7494,  09 Mar 2018 08:13:55
# 27.7920,  5.565515,  3.763,  -999.0,  -999.0,  34.7510,  09 Mar 2018 08:20:55
# 27.7914,  5.565581,  3.757,  -999.0,  -999.0,  34.7519,  09 Mar 2018 08:27:55
# 27.7900,  5.565983,  3.763,  -999.0,  -999.0,  34.7557,  09 Mar 2018 08:34:55
# 27.7958,  5.566202,  3.803,  -999.0,  -999.0,  34.7529,  09 Mar 2018 08:41:55
# 27.8004,  5.566604,  3.809,  -999.0,  -999.0,  34.7523,  09 Mar 2018 08:48:55
# 27.7931,  5.566641,  3.807,  -999.0,  -999.0,  34.7580,  09 Mar 2018 08:55:55
# 27.7876,  5.566180,  3.807,  -999.0,  -999.0,  34.7588,  09 Mar 2018 09:02:55
# 27.7962,  5.566955,  3.799,  -999.0,  -999.0,  34.7579,  09 Mar 2018 09:09:55
# 27.8080,  5.567685,  3.837,  -999.0,  -999.0,  34.7543,  09 Mar 2018 09:16:55
# 27.8108,  5.568913,  3.851,  -999.0,  -999.0,  34.7609,  09 Mar 2018 09:23:55
# 27.8271,  5.570265,  3.840,  -999.0,  -999.0,  34.7584,  09 Mar 2018 09:30:55
# 27.8352,  5.570791,  3.843,  -999.0,  -999.0,  34.7561,  09 Mar 2018 09:37:55
# 27.8503,  5.572655,  3.845,  -999.0,  -999.0,  34.7580,  09 Mar 2018 09:44:55
# 27.8659,  5.574672,  3.836,  -999.0,  -999.0,  34.7606,  09 Mar 2018 09:51:55
# 27.8767,  5.575835,  3.865,  -999.0,  -999.0,  34.7608,  09 Mar 2018 09:58:55
# 27.8918,  5.578014,  3.836,  -999.0,  -999.0,  34.7649,  09 Mar 2018 10:05:55
# 27.8978,  5.578760,  3.854,  -999.0,  -999.0,  34.7657,  09 Mar 2018 10:12:55
# 27.9109,  5.579110,  3.894,  -999.0,  -999.0,  34.7585,  09 Mar 2018 10:19:55
# 27.9372,  5.581304,  3.872,  -999.0,  -999.0,  34.7545,  09 Mar 2018 10:26:55
# 27.9726,  5.585108,  3.892,  -999.0,  -999.0,  34.7550,  09 Mar 2018 10:33:55
# 27.9993,  5.588364,  3.893,  -999.0,  -999.0,  34.7581,  09 Mar 2018 10:40:55
# 28.0268,  5.591014,  3.875,  -999.0,  -999.0,  34.7563,  09 Mar 2018 10:47:55
# 28.0786,  5.595406,  3.875,  -999.0,  -999.0,  34.7489,  09 Mar 2018 10:54:55
# 28.0890,  5.595487,  3.902,  -999.0,  -999.0,  34.7418,  09 Mar 2018 11:01:55
# 28.1196,  5.600013,  3.926,  -999.0,  -999.0,  34.7509,  09 Mar 2018 11:08:55
# 28.1882,  5.605998,  3.911,  -999.0,  -999.0,  34.7422,  09 Mar 2018 11:15:55
# 28.2079,  5.610924,  3.920,  -999.0,  -999.0,  34.7621,  09 Mar 2018 11:22:55
# 28.2452,  5.612845,  3.924,  -999.0,  -999.0,  34.7481,  09 Mar 2018 11:29:55
# 28.3168,  5.619364,  3.883,  -999.0,  -999.0,  34.7409,  09 Mar 2018 11:36:55
# 28.3714,  5.624852,  3.926,  -999.0,  -999.0,  34.7390,  09 Mar 2018 11:43:55
# 28.4160,  5.630211,  3.907,  -999.0,  -999.0,  34.7435,  09 Mar 2018 11:50:55
# 28.4721,  5.636159,  3.898,  -999.0,  -999.0,  34.7437,  09 Mar 2018 11:57:55
# 28.5283,  5.642044,  3.910,  -999.0,  -999.0,  34.7434,  09 Mar 2018 12:04:55
# 28.5896,  5.647564,  3.912,  -999.0,  -999.0,  34.7368,  09 Mar 2018 12:11:55
# 28.6337,  5.652630,  3.876,  -999.0,  -999.0,  34.7397,  09 Mar 2018 12:18:55
# 28.6778,  5.656999,  3.887,  -999.0,  -999.0,  34.7377,  09 Mar 2018 12:25:55
# 28.7243,  5.661679,  3.895,  -999.0,  -999.0,  34.7361,  09 Mar 2018 12:32:55
# 28.7156,  5.662887,  3.880,  -999.0,  -999.0,  34.7508,  09 Mar 2018 12:39:55
# 28.7607,  5.665551,  3.878,  -999.0,  -999.0,  34.7362,  09 Mar 2018 12:46:55
# 28.8236,  5.673099,  3.906,  -999.0,  -999.0,  34.7425,  09 Mar 2018 12:53:55
# 28.8626,  5.676112,  3.848,  -999.0,  -999.0,  34.7348,  09 Mar 2018 13:00:55
# 28.8960,  5.680946,  3.872,  -999.0,  -999.0,  34.7438,  09 Mar 2018 13:07:55
# 28.9263,  5.683401,  3.875,  -999.0,  -999.0,  34.7387,  09 Mar 2018 13:14:55
# 28.9731,  5.688024,  3.851,  -999.0,  -999.0,  34.7365,  09 Mar 2018 13:21:55
# 28.9998,  5.689764,  3.822,  -999.0,  -999.0,  34.7290,  09 Mar 2018 13:28:55
# 29.0714,  5.697222,  3.824,  -999.0,  -999.0,  34.7282,  09 Mar 2018 13:35:55
# 29.1196,  5.702374,  3.848,  -999.0,  -999.0,  34.7285,  09 Mar 2018 13:42:55
# 29.1417,  5.703644,  3.838,  -999.0,  -999.0,  34.7212,  09 Mar 2018 13:49:55
# 29.1946,  5.710247,  3.813,  -999.0,  -999.0,  34.7281,  09 Mar 2018 13:56:55
