# 29.5799,  5.71806,    4.091, 0.1304, 0.2256,  34.5036, 17 Sep 2018 14:00:05
# 29.5773,  5.71770,    4.105, 0.1265, 0.2196,  34.5030, 17 Sep 2018 14:07:05
# 29.5752,  5.71727,    4.102, 0.1289, 0.2281,  34.5016, 17 Sep 2018 14:14:05
# 29.5710,  5.71661,    4.027, 0.1278, 0.2206,  34.5001, 17 Sep 2018 14:21:05
# 29.5585,  5.71530,    3.976, 0.1277, 0.2257,  34.5002, 17 Sep 2018 14:28:05
# 29.5600,  5.71543,    3.984, 0.1289, 0.2220,  34.5000, 17 Sep 2018 14:35:05
# 29.5563,  5.71512,    4.016, 0.1279, 0.2219,  34.5005, 17 Sep 2018 14:42:05
# 29.5614,  5.71568,    3.961, 0.1327, 0.2234,  34.5007, 17 Sep 2018 14:49:05
# 29.5645,  5.71627,    3.979, 0.1313, 0.2269,  34.5025, 17 Sep 2018 14:56:05
# 29.5715,  5.71659,    3.942, 0.1303, 0.2209,  34.4997, 17 Sep 2018 15:03:05
# 29.5722,  5.71656,    3.961, 0.1326, 0.2233,  34.4989, 17 Sep 2018 15:10:05
# 29.5673,  5.71628,    3.923, 0.1315, 0.2221,  34.5006, 17 Sep 2018 15:17:05
# 29.5748,  5.71681,    3.888, 0.1328, 0.2232,  34.4988, 17 Sep 2018 15:24:05
# 29.5852,  5.71799,    3.934, 0.1327, 0.2197,  34.4994, 17 Sep 2018 15:31:05
# 29.5951,  5.71900,    3.902, 0.1328, 0.2232,  34.4992, 17 Sep 2018 15:38:05
# 29.6003,  5.71962,    3.901, 0.1340, 0.2293,  34.4996, 17 Sep 2018 15:45:05
# 29.6060,  5.72040,    3.934, 0.1326, 0.2209,  34.5009, 17 Sep 2018 15:52:05
# 29.6032,  5.72032,    3.871, 0.1341, 0.2220,  34.5023, 17 Sep 2018 15:59:05
# 29.6128,  5.72106,    3.822, 0.1304, 0.2232,  34.5005, 17 Sep 2018 16:06:05
# 29.6202,  5.72188,    3.842, 0.1327, 0.2233,  34.5008, 17 Sep 2018 16:13:05
# 29.6242,  5.72246,    3.810, 0.1328, 0.2293,  34.5019, 17 Sep 2018 16:20:05
# 29.6361,  5.72384,    3.857, 0.1363, 0.2268,  34.5026, 17 Sep 2018 16:27:05
# 29.6454,  5.72485,    3.771, 0.1303, 0.2306,  34.5029, 17 Sep 2018 16:34:05
# 29.6474,  5.72514,    3.760, 0.1303, 0.2232,  34.5034, 17 Sep 2018 16:41:05
# 29.6461,  5.72495,    3.869, 0.1352, 0.2257,  34.5031, 17 Sep 2018 16:48:05
# 29.6402,  5.72438,    3.798, 0.1366, 0.2270,  34.5034, 17 Sep 2018 16:55:05
# 29.6357,  5.72410,    3.802, 0.1341, 0.2219,  34.5047, 17 Sep 2018 17:02:05
# 29.6190,  5.72256,    3.769, 0.1363, 0.2209,  34.5063, 17 Sep 2018 17:09:05
# 29.6115,  5.72179,    3.784, 0.1328, 0.2245,  34.5064, 17 Sep 2018 17:16:05
# 29.6064,  5.72123,    3.874, 0.1327, 0.2209,  34.5062, 17 Sep 2018 17:23:05
# 29.5946,  5.72002,    3.820, 0.1341, 0.2222,  34.5065, 17 Sep 2018 17:30:05
# 29.5833,  5.71900,    3.747, 0.1339, 0.2234,  34.5077, 17 Sep 2018 17:37:05
# 29.5712,  5.71768,    3.819, 0.1353, 0.2317,  34.5073, 17 Sep 2018 17:44:05
# 29.5594,  5.71650,    3.833, 0.1365, 0.2256,  34.5077, 17 Sep 2018 17:51:05
# 29.5397,  5.71448,    3.775, 0.1340, 0.2232,  34.5081, 17 Sep 2018 17:58:05
# 29.5277,  5.71305,    3.733, 0.1364, 0.2343,  34.5070, 17 Sep 2018 18:05:05
# 29.5195,  5.71212,    3.797, 0.1328, 0.2281,  34.5066, 17 Sep 2018 18:12:05
# 29.5022,  5.71051,    3.739, 0.1339, 0.2235,  34.5081, 17 Sep 2018 18:19:05
# 29.4959,  5.70972,    3.805, 0.1341, 0.2280,  34.5072, 17 Sep 2018 18:26:05
# 29.4839,  5.70843,    3.766, 0.1353, 0.2270,  34.5070, 17 Sep 2018 18:33:05
# 29.4756,  5.70754,    3.772, 0.1353, 0.2245,  34.5069, 17 Sep 2018 18:40:05
# 29.4645,  5.70648,    3.733, 0.1315, 0.2270,  34.5076, 17 Sep 2018 18:47:05
# 29.4595,  5.70588,    3.748, 0.1303, 0.2222,  34.5072, 17 Sep 2018 18:54:05
# 29.4477,  5.70471,    3.690, 0.1314, 0.2258,  34.5077, 17 Sep 2018 19:01:05
# 29.4430,  5.70425,    3.738, 0.1314, 0.2245,  34.5079, 17 Sep 2018 19:08:05
# 29.4391,  5.70387,    3.768, 0.1316, 0.2280,  34.5081, 17 Sep 2018 19:15:05
# 29.4337,  5.70343,    3.755, 0.1328, 0.2282,  34.5090, 17 Sep 2018 19:22:05
# 29.4250,  5.70261,    3.764, 0.1353, 0.2245,  34.5096, 17 Sep 2018 19:29:05
# 29.4182,  5.70195,    3.772, 0.1292, 0.2246,  34.5100, 17 Sep 2018 19:36:05
# 29.4132,  5.70147,    3.738, 0.1315, 0.2282,  34.5104, 17 Sep 2018 19:43:05
# 29.4103,  5.70120,    3.721, 0.1328, 0.2234,  34.5106, 17 Sep 2018 19:50:05
# 29.4073,  5.70099,    3.796, 0.1317, 0.2258,  34.5113, 17 Sep 2018 19:57:05
# 29.4093,  5.70110,    3.803, 0.1326, 0.2233,  34.5107, 17 Sep 2018 20:04:05
# 29.4136,  5.70140,    3.802, 0.1316, 0.2405,  34.5096, 17 Sep 2018 20:11:05
# 29.4144,  5.70146,    3.770, 0.1328, 0.2257,  34.5094, 17 Sep 2018 20:18:05
# 29.4143,  5.70142,    3.813, 0.1328, 0.2259,  34.5092, 17 Sep 2018 20:25:05
# 29.4081,  5.70089,    3.795, 0.1315, 0.2235,  34.5101, 17 Sep 2018 20:32:05
# 29.4040,  5.70045,    3.779, 0.1328, 0.2233,  34.5100, 17 Sep 2018 20:39:05
# 29.4044,  5.70045,    3.777, 0.1365, 0.2257,  34.5097, 17 Sep 2018 20:46:05
# 29.4073,  5.70076,    3.792, 0.1341, 0.2272,  34.5097, 17 Sep 2018 20:53:05
# 29.4070,  5.70076,    3.836, 0.1341, 0.2272,  34.5099, 17 Sep 2018 21:00:05
# 29.4119,  5.70127,    3.798, 0.1340, 0.2307,  34.5099, 17 Sep 2018 21:07:05
# 29.4143,  5.70163,    3.829, 0.1341, 0.2293,  34.5106, 17 Sep 2018 21:14:05
# 29.4148,  5.70178,    3.870, 0.1354, 0.2258,  34.5113, 17 Sep 2018 21:21:05
# 29.4114,  5.70161,    3.876, 0.1354, 0.2268,  34.5126, 17 Sep 2018 21:28:05
# 29.4082,  5.70131,    3.867, 0.1366, 0.2269,  34.5128, 17 Sep 2018 21:35:05
# 29.3991,  5.70041,    3.877, 0.1353, 0.2282,  34.5132, 17 Sep 2018 21:42:05
# 29.3914,  5.69965,    3.906, 0.1340, 0.2272,  34.5136, 17 Sep 2018 21:49:05
# 29.3867,  5.69933,    3.895, 0.1477, 0.2403,  34.5147, 17 Sep 2018 21:56:05
# 29.3870,  5.69950,    3.924, 0.1328, 0.2318,  34.5157, 17 Sep 2018 22:03:05
# 29.3878,  5.69967,    3.948, 0.1340, 0.2379,  34.5162, 17 Sep 2018 22:10:05
# 29.3854,  5.69959,    3.898, 0.1352, 0.2233,  34.5175, 17 Sep 2018 22:17:05
# 29.3837,  5.69952,    3.874, 0.1328, 0.2284,  34.5182, 17 Sep 2018 22:24:05
# 29.3863,  5.69989,    3.960, 0.1341, 0.2319,  34.5188, 17 Sep 2018 22:31:05
# 29.3866,  5.70016,    3.942, 0.1353, 0.2343,  34.5205, 17 Sep 2018 22:38:05
# 29.3832,  5.69997,    3.986, 0.1363, 0.2393,  34.5216, 17 Sep 2018 22:45:05
# 29.3790,  5.69975,    3.976, 0.1341, 0.2331,  34.5232, 17 Sep 2018 22:52:05
# 29.3763,  5.69972,    4.068, 0.1353, 0.2269,  34.5248, 17 Sep 2018 22:59:05
# 29.3757,  5.69981,    4.041, 0.1353, 0.2282,  34.5259, 17 Sep 2018 23:06:05
# 29.3753,  5.69980,    3.966, 0.1353, 0.2247,  34.5261, 17 Sep 2018 23:13:05
# 29.3774,  5.70016,    4.018, 0.1328, 0.2258,  34.5271, 17 Sep 2018 23:20:05
# 29.3769,  5.70027,    4.010, 0.1379, 0.2306,  34.5282, 17 Sep 2018 23:27:05
# 29.3744,  5.70019,    4.015, 0.1353, 0.2257,  34.5295, 17 Sep 2018 23:34:05
# 29.3714,  5.70004,    4.020, 0.1363, 0.2257,  34.5306, 17 Sep 2018 23:41:05
# 29.3726,  5.70028,    4.098, 0.1351, 0.2294,  34.5313, 17 Sep 2018 23:48:05
# 29.3721,  5.70029,    4.053, 0.1364, 0.2306,  34.5318, 17 Sep 2018 23:55:05
# 29.3711,  5.70037,    3.998, 0.1365, 0.2270,  34.5331, 18 Sep 2018 00:02:05
# 29.3690,  5.70026,    4.088, 0.1366, 0.2296,  34.5338, 18 Sep 2018 00:09:05
# 29.3711,  5.70048,    4.013, 0.1366, 0.2257,  34.5338, 18 Sep 2018 00:16:05
# 29.3733,  5.70095,    4.028, 0.1326, 0.2257,  34.5354, 18 Sep 2018 00:23:05
# 29.3724,  5.70089,    3.955, 0.1364, 0.2319,  34.5357, 18 Sep 2018 00:30:05
# 29.3714,  5.70085,    4.035, 0.1327, 0.2246,  34.5361, 18 Sep 2018 00:37:05
# 29.3715,  5.70091,    4.040, 0.1353, 0.2318,  34.5364, 18 Sep 2018 00:44:05
# 29.3701,  5.70083,    3.989, 0.1365, 0.2331,  34.5369, 18 Sep 2018 00:51:05
# 29.3682,  5.70067,    4.108, 0.1352, 0.2257,  34.5372, 18 Sep 2018 00:58:05
# 29.3682,  5.70069,    4.028, 0.1353, 0.2258,  34.5373, 18 Sep 2018 01:05:05
# 29.3689,  5.70072,    4.128, 0.1376, 0.2245,  34.5370, 18 Sep 2018 01:12:05
# 29.3686,  5.70076,    4.064, 0.1353, 0.2244,  34.5375, 18 Sep 2018 01:19:05
# 29.3683,  5.70081,    4.040, 0.1364, 0.2499,  34.5381, 18 Sep 2018 01:26:05
# 29.3694,  5.70091,    4.052, 0.1342, 0.2282,  34.5380, 18 Sep 2018 01:33:05
# 29.3679,  5.70080,    4.033, 0.1353, 0.2245,  34.5383, 18 Sep 2018 01:40:05
# 29.3661,  5.70068,    3.983, 0.1366, 0.2308,  34.5388, 18 Sep 2018 01:47:05
# 29.3646,  5.70054,    4.085, 0.1365, 0.2296,  34.5389, 18 Sep 2018 01:54:05
# 29.3657,  5.70071,    4.101, 0.1352, 0.2393,  34.5392, 18 Sep 2018 02:01:05
# 29.3680,  5.70108,    4.021, 0.1367, 0.2210,  34.5401, 18 Sep 2018 02:08:05
# 29.3680,  5.70139,    4.066, 0.1341, 0.2220,  34.5422, 18 Sep 2018 02:15:05
# 29.3670,  5.70140,    4.112, 0.1328, 0.2256,  34.5430, 18 Sep 2018 02:22:05
# 29.3649,  5.70133,    4.015, 0.1353, 0.2258,  34.5440, 18 Sep 2018 02:29:05
# 29.3632,  5.70126,    4.015, 0.1353, 0.2247,  34.5448, 18 Sep 2018 02:36:05
# 29.3648,  5.70145,    4.060, 0.1354, 0.2256,  34.5450, 18 Sep 2018 02:43:05
# 29.3645,  5.70157,    4.010, 0.1355, 0.2257,  34.5460, 18 Sep 2018 02:50:05
# 29.3607,  5.70142,    3.963, 0.1440, 0.2283,  34.5477, 18 Sep 2018 02:57:05
# 29.3549,  5.70113,    4.012, 0.1352, 0.2219,  34.5499, 18 Sep 2018 03:04:05
# 29.3525,  5.70094,    3.992, 0.1353, 0.2235,  34.5503, 18 Sep 2018 03:11:05
# 29.3485,  5.70063,    3.994, 0.1340, 0.2245,  34.5511, 18 Sep 2018 03:18:05
# 29.3477,  5.70057,    3.903, 0.1339, 0.2270,  34.5513, 18 Sep 2018 03:25:05
# 29.3465,  5.70053,    3.986, 0.1353, 0.2209,  34.5518, 18 Sep 2018 03:32:05
# 29.3440,  5.70020,    3.921, 0.1340, 0.2271,  34.5515, 18 Sep 2018 03:39:05
# 29.3443,  5.70005,    3.912, 0.1341, 0.2209,  34.5502, 18 Sep 2018 03:46:05
# 29.3439,  5.70002,    3.919, 0.1340, 0.2208,  34.5503, 18 Sep 2018 03:53:05
# 29.3457,  5.70018,    3.978, 0.1351, 0.2332,  34.5501, 18 Sep 2018 04:00:05
# 29.3474,  5.70031,    3.929, 0.1328, 0.2269,  34.5497, 18 Sep 2018 04:07:05
# 29.3447,  5.70007,    3.966, 0.1353, 0.2258,  34.5501, 18 Sep 2018 04:14:05
# 29.3406,  5.69970,    3.902, 0.1337, 0.2221,  34.5505, 18 Sep 2018 04:21:05
# 29.3383,  5.69951,    3.890, 0.1351, 0.2270,  34.5508, 18 Sep 2018 04:28:05
# 29.3354,  5.69929,    3.880, 0.1340, 0.2220,  34.5514, 18 Sep 2018 04:35:05
# 29.3316,  5.69894,    3.908, 0.1352, 0.2306,  34.5517, 18 Sep 2018 04:42:05
# 29.3321,  5.69897,    3.876, 0.1339, 0.2232,  34.5515, 18 Sep 2018 04:49:05
# 29.3311,  5.69900,    3.941, 0.1340, 0.2235,  34.5525, 18 Sep 2018 04:56:05
# 29.3325,  5.69913,    3.875, 0.1316, 0.2282,  34.5523, 18 Sep 2018 05:03:05
# 29.3284,  5.69877,    3.851, 0.1315, 0.2270,  34.5529, 18 Sep 2018 05:10:05
# 29.3240,  5.69836,    3.849, 0.1315, 0.2256,  34.5533, 18 Sep 2018 05:17:05
# 29.3178,  5.69777,    3.831, 0.1328, 0.2267,  34.5537, 18 Sep 2018 05:24:05
# 29.3133,  5.69736,    3.885, 0.1290, 0.2258,  34.5542, 18 Sep 2018 05:31:05
# 29.3125,  5.69730,    3.887, 0.1315, 0.2221,  34.5543, 18 Sep 2018 05:38:05
# 29.3110,  5.69722,    3.835, 0.1330, 0.2221,  34.5548, 18 Sep 2018 05:45:05
# 29.3079,  5.69690,    3.908, 0.1303, 0.2234,  34.5549, 18 Sep 2018 05:52:05
# 29.3069,  5.69688,    3.906, 0.1328, 0.2210,  34.5554, 18 Sep 2018 05:59:05
# 29.3068,  5.69693,    3.807, 0.1328, 0.2197,  34.5559, 18 Sep 2018 06:06:05
# 29.3085,  5.69715,    3.867, 0.1291, 0.2232,  34.5561, 18 Sep 2018 06:13:05
# 29.3102,  5.69731,    3.795, 0.1315, 0.2221,  34.5560, 18 Sep 2018 06:20:05
# 29.3088,  5.69725,    3.836, 0.1328, 0.2207,  34.5567, 18 Sep 2018 06:27:05
# 29.3013,  5.69655,    3.806, 0.1353, 0.2221,  34.5573, 18 Sep 2018 06:34:05
# 29.2974,  5.69623,    3.880, 0.1341, 0.2233,  34.5579, 18 Sep 2018 06:41:05
# 29.2940,  5.69592,    3.853, 0.1341, 0.2222,  34.5582, 18 Sep 2018 06:48:05
# 29.2944,  5.69584,    3.886, 0.1350, 0.2234,  34.5574, 18 Sep 2018 06:55:05
# 29.2973,  5.69593,    3.817, 0.1351, 0.2293,  34.5559, 18 Sep 2018 07:02:05
# 29.3001,  5.69601,    3.807, 0.1353, 0.2332,  34.5545, 18 Sep 2018 07:09:05
# 29.3008,  5.69598,    3.812, 0.1377, 0.2222,  34.5538, 18 Sep 2018 07:16:05
# 29.3001,  5.69587,    3.780, 0.1378, 0.2245,  34.5535, 18 Sep 2018 07:23:05
# 29.2978,  5.69563,    3.782, 0.1390, 0.2221,  34.5535, 18 Sep 2018 07:30:05
# 29.2980,  5.69564,    3.949, 0.1351, 0.2183,  34.5534, 18 Sep 2018 07:37:05
# 29.2988,  5.69572,    3.869, 0.1366, 0.2197,  34.5534, 18 Sep 2018 07:44:05
# 29.3034,  5.69620,    3.905, 0.1366, 0.2184,  34.5533, 18 Sep 2018 07:51:05
# 29.3066,  5.69654,    3.816, 0.1340, 0.2308,  34.5534, 18 Sep 2018 07:58:05
# 29.3072,  5.69675,    3.886, 0.1339, 0.2196,  34.5543, 18 Sep 2018 08:05:05
# 29.3075,  5.69687,    3.856, 0.1328, 0.2207,  34.5550, 18 Sep 2018 08:12:05
# 29.3071,  5.69703,    3.827, 0.1328, 0.2184,  34.5564, 18 Sep 2018 08:19:05
# 29.3097,  5.69756,    3.929, 0.1327, 0.2308,  34.5580, 18 Sep 2018 08:26:05
# 29.3143,  5.69822,    3.903, 0.1340, 0.2234,  34.5593, 18 Sep 2018 08:33:05
# 29.3226,  5.69923,    3.915, 0.1353, 0.2222,  34.5602, 18 Sep 2018 08:40:05
# 29.3264,  5.69987,    3.886, 0.1355, 0.2219,  34.5618, 18 Sep 2018 08:47:05
# 29.3297,  5.70029,    3.915, 0.1328, 0.2210,  34.5624, 18 Sep 2018 08:54:05
# 29.3352,  5.70106,    3.942, 0.1329, 0.2197,  34.5636, 18 Sep 2018 09:01:05
# 29.3397,  5.70173,    4.007, 0.1315, 0.2220,  34.5649, 18 Sep 2018 09:08:05
# 29.3460,  5.70258,    4.008, 0.1364, 0.2282,  34.5662, 18 Sep 2018 09:15:05
# 29.3466,  5.70290,    3.938, 0.1305, 0.2221,  34.5680, 18 Sep 2018 09:22:05
# 29.3505,  5.70377,    3.963, 0.1328, 0.2184,  34.5711, 18 Sep 2018 09:29:05
# 29.3585,  5.70495,    3.935, 0.1340, 0.2293,  34.5735, 18 Sep 2018 09:36:05
# 29.3636,  5.70616,    4.037, 0.1292, 0.2209,  34.5780, 18 Sep 2018 09:43:05
# 29.3695,  5.70705,    3.992, 0.1341, 0.2232,  34.5798, 18 Sep 2018 09:50:05
# 29.3736,  5.70778,    4.032, 0.1278, 0.2344,  34.5818, 18 Sep 2018 09:57:05
# 29.3761,  5.70849,    4.091, 0.1339, 0.2246,  34.5848, 18 Sep 2018 10:04:05
# 29.3799,  5.70884,    3.973, 0.1304, 0.2208,  34.5845, 18 Sep 2018 10:11:05
# 29.3812,  5.70904,    4.026, 0.1328, 0.2246,  34.5849, 18 Sep 2018 10:18:05
# 29.3819,  5.70934,    4.020, 0.1290, 0.2222,  34.5865, 18 Sep 2018 10:25:05
# 29.3845,  5.70967,    4.035, 0.1340, 0.2197,  34.5869, 18 Sep 2018 10:32:05
# 29.3837,  5.70944,    4.107, 0.1291, 0.2258,  34.5859, 18 Sep 2018 10:39:05
# 29.3802,  5.70898,    4.100, 0.1305, 0.2283,  34.5852, 18 Sep 2018 10:46:05
# 29.3778,  5.70873,    4.031, 0.1326, 0.2367,  34.5853, 18 Sep 2018 10:53:05
# 29.3772,  5.70873,    4.105, 0.1340, 0.2207,  34.5857, 18 Sep 2018 11:00:05
# 29.3744,  5.70843,    4.090, 0.1340, 0.2257,  34.5857, 18 Sep 2018 11:07:05
# 29.3734,  5.70837,    4.194, 0.1328, 0.2245,  34.5859, 18 Sep 2018 11:14:05
# 29.3719,  5.70817,    4.099, 0.1315, 0.2221,  34.5857, 18 Sep 2018 11:21:05
# 29.3707,  5.70800,    4.140, 0.1289, 0.2280,  34.5854, 18 Sep 2018 11:28:05
# 29.3732,  5.70809,    4.221, 0.1353, 0.2245,  34.5842, 18 Sep 2018 11:35:05
# 29.3772,  5.70861,    4.165, 0.1329, 0.2243,  34.5849, 18 Sep 2018 11:42:05
# 29.3836,  5.70916,    4.166, 0.1315, 0.2196,  34.5840, 18 Sep 2018 11:49:05
# 29.3910,  5.71006,    4.180, 0.1305, 0.2208,  34.5849, 18 Sep 2018 11:56:05
# 29.3993,  5.71099,    4.126, 0.1304, 0.2233,  34.5852, 18 Sep 2018 12:03:05
# 29.4027,  5.71169,    4.213, 0.1316, 0.2222,  34.5875, 18 Sep 2018 12:10:05
# 29.4072,  5.71248,    4.174, 0.1353, 0.2246,  34.5897, 18 Sep 2018 12:17:05
# 29.4093,  5.71291,    4.217, 0.1315, 0.2245,  34.5911, 18 Sep 2018 12:24:05
# 29.4133,  5.71362,    4.187, 0.1314, 0.2318,  34.5930, 18 Sep 2018 12:31:05
# 29.4144,  5.71400,    4.205, 0.1341, 0.2341,  34.5948, 18 Sep 2018 12:38:05
# 29.4145,  5.71442,    4.138, 0.1316, 0.2233,  34.5976, 18 Sep 2018 12:45:05
# 29.4182,  5.71494,    4.189, 0.1315, 0.2232,  34.5985, 18 Sep 2018 12:52:05
# 29.4149,  5.71494,    4.173, 0.1303, 0.2197,  34.6009, 18 Sep 2018 12:59:05
# 29.4123,  5.71501,    4.176, 0.1328, 0.2243,  34.6033, 18 Sep 2018 13:06:05
# 29.4128,  5.71535,    4.261, 0.1315, 0.2255,  34.6052, 18 Sep 2018 13:13:05
# 29.4176,  5.71603,    4.259, 0.1353, 0.2232,  34.6064, 18 Sep 2018 13:20:05
# 29.4154,  5.71631,    4.136, 0.1365, 0.2255,  34.6098, 18 Sep 2018 13:27:05
# 29.4284,  5.71792,    4.156, 0.1327, 0.2232,  34.6115, 18 Sep 2018 13:34:05
# 29.4298,  5.71867,    4.113, 0.1328, 0.2245,  34.6156, 18 Sep 2018 13:41:05
# 29.4367,  5.71943,    4.239, 0.1304, 0.2341,  34.6158, 18 Sep 2018 13:48:05
# 29.4525,  5.72187,    4.213, 0.1292, 0.2233,  34.6210, 18 Sep 2018 13:55:05
