# 28.3332,  5.628024,  3.700,  0.0993,  0.2856,  34.7892,  14 Feb 2018 14:06:55
# 28.3819,  5.632400,  3.787,  0.0932,  0.2930,  34.7838,  14 Feb 2018 14:13:55
# 28.3887,  5.633604,  3.743,  0.0967,  0.2819,  34.7873,  14 Feb 2018 14:20:55
# 28.4174,  5.636028,  3.790,  0.0969,  0.2992,  34.7830,  14 Feb 2018 14:27:55
# 28.4565,  5.640686,  3.796,  0.0957,  0.2980,  34.7867,  14 Feb 2018 14:34:55
# 28.4583,  5.640708,  3.835,  0.0993,  0.2954,  34.7855,  14 Feb 2018 14:41:55
# 28.5001,  5.644874,  3.852,  0.1032,  0.2967,  34.7838,  14 Feb 2018 14:48:55
# 28.5091,  5.646176,  3.825,  0.0993,  0.2979,  34.7862,  14 Feb 2018 14:55:55
# 28.5327,  5.647646,  3.866,  0.0992,  0.2930,  34.7790,  14 Feb 2018 15:02:55
# 28.5421,  5.649271,  3.905,  0.1018,  0.2968,  34.7835,  14 Feb 2018 15:09:55
# 28.5985,  5.655367,  3.897,  0.1006,  0.2981,  34.7844,  14 Feb 2018 15:16:55
# 28.6641,  5.661452,  3.916,  0.1018,  0.2932,  34.7785,  14 Feb 2018 15:23:55
# 28.7448,  5.669358,  3.927,  0.0968,  0.2929,  34.7742,  14 Feb 2018 15:30:55
# 28.7534,  5.672946,  3.973,  0.1019,  0.2930,  34.7927,  14 Feb 2018 15:37:55
# 28.8815,  5.684935,  3.973,  0.0993,  0.2965,  34.7819,  14 Feb 2018 15:44:55
# 28.8787,  5.685732,  4.030,  0.1031,  0.2919,  34.7894,  14 Feb 2018 15:51:55
# 28.9197,  5.689692,  4.017,  0.0992,  0.2992,  34.7868,  14 Feb 2018 15:58:55
# 28.9458,  5.692923,  4.037,  0.1029,  0.2967,  34.7900,  14 Feb 2018 16:05:55
# 28.9576,  5.694354,  4.007,  0.1005,  0.2992,  34.7912,  14 Feb 2018 16:12:55
# 28.9623,  5.694944,  4.048,  0.1047,  0.2982,  34.7919,  14 Feb 2018 16:19:55
# 28.9729,  5.695970,  4.030,  0.1018,  0.3029,  34.7912,  14 Feb 2018 16:26:55
# 28.9667,  5.695439,  4.087,  0.1044,  0.3016,  34.7920,  14 Feb 2018 16:33:55
# 28.9522,  5.693889,  4.071,  0.1043,  0.3027,  34.7920,  14 Feb 2018 16:40:55
# 28.9428,  5.692812,  4.056,  0.1019,  0.3064,  34.7914,  14 Feb 2018 16:47:55
# 28.9147,  5.689802,  4.080,  0.1019,  0.3079,  34.7911,  14 Feb 2018 16:54:55
# 28.8670,  5.685290,  4.097,  0.1031,  0.3067,  34.7948,  14 Feb 2018 17:01:55
# 28.8225,  5.680277,  4.108,  0.1018,  0.3005,  34.7928,  14 Feb 2018 17:08:55
# 28.7726,  5.674353,  4.058,  0.1044,  0.3140,  34.7883,  14 Feb 2018 17:15:55
# 28.7320,  5.670110,  4.066,  0.1057,  0.3055,  34.7887,  14 Feb 2018 17:22:55
# 28.7134,  5.668276,  4.117,  0.1032,  0.3091,  34.7896,  14 Feb 2018 17:29:55
# 28.6859,  5.663962,  4.097,  0.1044,  0.3053,  34.7799,  14 Feb 2018 17:36:55
# 28.5772,  5.653389,  4.104,  0.1043,  0.3114,  34.7862,  14 Feb 2018 17:43:55
# 28.5450,  5.649359,  4.056,  0.1069,  0.3064,  34.7819,  14 Feb 2018 17:50:55
# 28.5089,  5.645617,  4.030,  0.1106,  0.3203,  34.7824,  14 Feb 2018 17:57:55
# 28.4695,  5.641744,  4.026,  0.1081,  0.3040,  34.7844,  14 Feb 2018 18:04:55
# 28.4488,  5.639694,  4.071,  0.1056,  0.3066,  34.7853,  14 Feb 2018 18:11:55
# 28.4215,  5.636535,  4.039,  0.1081,  0.3128,  34.7835,  14 Feb 2018 18:18:55
# 28.3965,  5.634148,  4.064,  0.1068,  0.3053,  34.7852,  14 Feb 2018 18:25:55
# 28.3593,  5.630308,  4.057,  0.1043,  0.3358,  34.7858,  14 Feb 2018 18:32:55
# 28.3243,  5.626299,  4.023,  0.1067,  0.3053,  34.7836,  14 Feb 2018 18:39:55
# 28.2978,  5.623100,  4.021,  0.1231,  0.3065,  34.7808,  14 Feb 2018 18:46:55
# 28.2553,  5.618441,  3.980,  0.1080,  0.3077,  34.7796,  14 Feb 2018 18:53:55
# 28.2221,  5.614451,  3.991,  0.1093,  0.3065,  34.7763,  14 Feb 2018 19:00:55
# 28.2011,  5.611775,  3.972,  0.1067,  0.3104,  34.7730,  14 Feb 2018 19:07:55
# 28.1929,  5.610668,  3.905,  0.1106,  0.3104,  34.7713,  14 Feb 2018 19:14:55
# 28.1776,  5.608828,  3.904,  0.1080,  0.3103,  34.7697,  14 Feb 2018 19:21:55
# 28.1391,  5.604570,  3.906,  0.1080,  0.3128,  34.7684,  14 Feb 2018 19:28:55
# 28.1071,  5.601178,  3.906,  0.1105,  0.3089,  34.7683,  14 Feb 2018 19:35:55
# 28.0845,  5.598775,  3.852,  0.1118,  0.3091,  34.7682,  14 Feb 2018 19:42:55
# 28.0710,  5.597633,  3.836,  0.1106,  0.3079,  34.7701,  14 Feb 2018 19:49:55
# 28.0578,  5.596703,  3.807,  0.1092,  0.3176,  34.7733,  14 Feb 2018 19:56:55
# 28.0542,  5.596359,  3.791,  0.1155,  0.3066,  34.7736,  14 Feb 2018 20:03:55
# 28.0454,  5.595612,  3.794,  0.1091,  0.3078,  34.7748,  14 Feb 2018 20:10:55
# 28.0293,  5.594565,  3.781,  0.1116,  0.3201,  34.7794,  14 Feb 2018 20:17:55
# 28.0118,  5.593335,  3.766,  0.1120,  0.3056,  34.7837,  14 Feb 2018 20:24:55
# 28.0009,  5.592552,  3.761,  0.1093,  0.3017,  34.7863,  14 Feb 2018 20:31:55
# 27.9840,  5.591146,  3.686,  0.1106,  0.3066,  34.7890,  14 Feb 2018 20:38:55
# 27.9725,  5.590283,  3.705,  0.1130,  0.3079,  34.7914,  14 Feb 2018 20:45:55
# 27.9678,  5.589668,  3.688,  0.1106,  0.3042,  34.7905,  14 Feb 2018 20:52:55
# 27.9488,  5.588277,  3.689,  0.1068,  0.3030,  34.7948,  14 Feb 2018 20:59:55
# 27.9365,  5.587114,  3.666,  0.1082,  0.3030,  34.7958,  14 Feb 2018 21:06:55
# 27.9258,  5.586221,  3.641,  0.1093,  0.3028,  34.7975,  14 Feb 2018 21:13:55
# 27.9203,  5.585519,  3.654,  0.1105,  0.2981,  34.7966,  14 Feb 2018 21:20:55
# 27.9110,  5.584582,  3.623,  0.1091,  0.3017,  34.7969,  14 Feb 2018 21:27:55
# 27.9043,  5.583829,  3.589,  0.1093,  0.3005,  34.7966,  14 Feb 2018 21:34:55
# 27.8973,  5.583244,  3.595,  0.1081,  0.2979,  34.7976,  14 Feb 2018 21:41:55
# 27.8781,  5.581510,  3.555,  0.1093,  0.2992,  34.7997,  14 Feb 2018 21:48:55
# 27.8685,  5.580450,  3.570,  0.1068,  0.3006,  34.7994,  14 Feb 2018 21:55:55
# 27.8609,  5.579755,  3.567,  0.1093,  0.3004,  34.8001,  14 Feb 2018 22:02:55
# 27.8444,  5.578446,  3.532,  0.1080,  0.3054,  34.8031,  14 Feb 2018 22:09:55
# 27.8432,  5.577956,  3.549,  0.1105,  0.3017,  34.8006,  14 Feb 2018 22:16:55
# 27.8270,  5.576706,  3.532,  0.1093,  0.2979,  34.8038,  14 Feb 2018 22:23:55
# 27.8236,  5.576201,  3.520,  0.1078,  0.2967,  34.8028,  14 Feb 2018 22:30:55
# 27.8011,  5.574176,  3.485,  0.1055,  0.3017,  34.8052,  14 Feb 2018 22:37:55
# 27.7999,  5.573767,  3.500,  0.1067,  0.3030,  34.8032,  14 Feb 2018 22:44:55
# 27.7832,  5.572458,  3.465,  0.1044,  0.2980,  34.8064,  14 Feb 2018 22:51:55
# 27.7822,  5.572356,  3.490,  0.1082,  0.2956,  34.8064,  14 Feb 2018 22:58:55
# 27.7869,  5.572641,  3.490,  0.1080,  0.3029,  34.8049,  14 Feb 2018 23:05:55
# 27.7817,  5.572276,  3.476,  0.1080,  0.3005,  34.8062,  14 Feb 2018 23:12:55
# 27.7832,  5.572436,  3.487,  0.1078,  0.2968,  34.8063,  14 Feb 2018 23:19:55
# 27.7771,  5.571976,  3.495,  0.1106,  0.2943,  34.8075,  14 Feb 2018 23:26:55
# 27.7784,  5.572108,  3.485,  0.1082,  0.2981,  34.8074,  14 Feb 2018 23:33:55
# 27.7830,  5.572553,  3.509,  0.1080,  0.3029,  34.8072,  14 Feb 2018 23:40:55
# 27.7772,  5.572393,  3.520,  0.1067,  0.2942,  34.8104,  14 Feb 2018 23:47:55
# 27.7791,  5.572568,  3.518,  0.1070,  0.2944,  34.8102,  14 Feb 2018 23:54:55
# 27.7751,  5.572181,  3.519,  0.1044,  0.2954,  34.8104,  15 Feb 2018 00:01:55
# 27.7731,  5.572188,  3.540,  0.1057,  0.2943,  34.8120,  15 Feb 2018 00:08:55
# 27.7818,  5.572977,  3.527,  0.1068,  0.2917,  34.8111,  15 Feb 2018 00:15:55
# 27.7865,  5.573489,  3.597,  0.1056,  0.2955,  34.8111,  15 Feb 2018 00:22:55
# 27.7940,  5.574439,  3.604,  0.1080,  0.2932,  34.8123,  15 Feb 2018 00:29:55
# 27.7960,  5.574725,  3.611,  0.1044,  0.2954,  34.8128,  15 Feb 2018 00:36:55
# 27.7991,  5.575156,  3.612,  0.1080,  0.2944,  34.8135,  15 Feb 2018 00:43:55
# 27.7992,  5.575368,  3.610,  0.1044,  0.2919,  34.8149,  15 Feb 2018 00:50:55
# 27.8002,  5.575309,  3.622,  0.1068,  0.2931,  34.8138,  15 Feb 2018 00:57:55
# 27.8009,  5.575587,  3.634,  0.1055,  0.2943,  34.8152,  15 Feb 2018 01:04:55
# 27.8019,  5.575660,  3.675,  0.1054,  0.2931,  34.8150,  15 Feb 2018 01:11:55
# 27.8009,  5.575770,  3.718,  0.1043,  0.2918,  34.8165,  15 Feb 2018 01:18:55
# 27.7993,  5.575968,  3.715,  0.1067,  0.2943,  34.8190,  15 Feb 2018 01:25:55
# 27.8001,  5.576019,  3.750,  0.1055,  0.2954,  34.8188,  15 Feb 2018 01:32:55
# 27.7997,  5.576048,  3.750,  0.1054,  0.2933,  34.8193,  15 Feb 2018 01:39:55
# 27.7950,  5.576319,  3.773,  0.1055,  0.2931,  34.8247,  15 Feb 2018 01:46:55
# 27.7927,  5.576158,  3.834,  0.1093,  0.2919,  34.8252,  15 Feb 2018 01:53:55
# 27.7883,  5.576041,  3.848,  0.1055,  0.2930,  34.8277,  15 Feb 2018 02:00:55
# 27.7841,  5.576005,  3.829,  0.1056,  0.2967,  34.8305,  15 Feb 2018 02:07:55
# 27.7825,  5.575866,  3.853,  0.1068,  0.2930,  34.8307,  15 Feb 2018 02:14:55
# 27.7822,  5.575749,  3.863,  0.1067,  0.2967,  34.8302,  15 Feb 2018 02:21:55
# 27.7786,  5.575486,  3.961,  0.1054,  0.2956,  34.8310,  15 Feb 2018 02:28:55
# 27.7787,  5.575493,  3.955,  0.1067,  0.2967,  34.8309,  15 Feb 2018 02:35:55
# 27.7761,  5.575420,  3.990,  0.1055,  0.2992,  34.8324,  15 Feb 2018 02:42:55
# 27.7727,  5.575303,  3.978,  0.1055,  0.2967,  34.8340,  15 Feb 2018 02:49:55
# 27.7671,  5.574776,  4.013,  0.1031,  0.2954,  34.8345,  15 Feb 2018 02:56:55
# 27.7615,  5.574455,  4.051,  0.1054,  0.2930,  34.8363,  15 Feb 2018 03:03:55
# 27.7600,  5.574104,  4.010,  0.1054,  0.2921,  34.8350,  15 Feb 2018 03:10:55
# 27.7579,  5.573834,  4.089,  0.1031,  0.2956,  34.8346,  15 Feb 2018 03:17:55
# 27.7375,  5.572116,  4.125,  0.1043,  0.2955,  34.8376,  15 Feb 2018 03:24:55
# 27.7280,  5.570961,  4.109,  0.1018,  0.2918,  34.8366,  15 Feb 2018 03:31:55
# 27.7126,  5.569521,  4.098,  0.1043,  0.2943,  34.8379,  15 Feb 2018 03:38:55
# 27.7028,  5.568462,  4.132,  0.1031,  0.2930,  34.8377,  15 Feb 2018 03:45:55
# 27.7084,  5.569003,  4.131,  0.1032,  0.2943,  34.8374,  15 Feb 2018 03:52:55
# 27.7263,  5.570939,  4.167,  0.1043,  0.2931,  34.8377,  15 Feb 2018 03:59:55
# 27.7384,  5.572445,  4.195,  0.1067,  0.3002,  34.8393,  15 Feb 2018 04:06:55
# 27.7439,  5.573154,  4.205,  0.1079,  0.2955,  34.8402,  15 Feb 2018 04:13:55
# 27.7469,  5.573563,  4.194,  0.1054,  0.2992,  34.8409,  15 Feb 2018 04:20:55
# 27.7492,  5.573907,  4.184,  0.1068,  0.2944,  34.8416,  15 Feb 2018 04:27:55
# 27.7523,  5.574302,  4.229,  0.1093,  0.3017,  34.8420,  15 Feb 2018 04:34:55
# 27.7558,  5.574857,  4.191,  0.1082,  0.3104,  34.8434,  15 Feb 2018 04:41:55
# 27.7575,  5.575113,  4.210,  0.1093,  0.2981,  34.8439,  15 Feb 2018 04:48:55
# 27.7697,  5.576305,  4.200,  0.1091,  0.2992,  34.8432,  15 Feb 2018 04:55:55
# 27.7758,  5.577007,  4.209,  0.1080,  0.3003,  34.8436,  15 Feb 2018 05:02:55
# 27.7828,  5.577738,  4.255,  0.1104,  0.2931,  34.8436,  15 Feb 2018 05:09:55
# 27.7800,  5.577548,  4.261,  0.1093,  0.2930,  34.8443,  15 Feb 2018 05:16:55
# 27.7844,  5.578023,  4.259,  0.1083,  0.3053,  34.8444,  15 Feb 2018 05:23:55
# 27.7880,  5.578440,  4.243,  0.1092,  0.2966,  34.8447,  15 Feb 2018 05:30:55
# 27.7914,  5.578776,  4.189,  0.1080,  0.2969,  34.8446,  15 Feb 2018 05:37:55
# 27.7972,  5.579332,  4.198,  0.1117,  0.2953,  34.8441,  15 Feb 2018 05:44:55
# 27.7973,  5.579493,  4.211,  0.1105,  0.2982,  34.8452,  15 Feb 2018 05:51:55
# 27.7988,  5.579654,  4.201,  0.1130,  0.3041,  34.8452,  15 Feb 2018 05:58:55
# 27.7972,  5.579486,  4.191,  0.1551,  0.4340,  34.8452,  15 Feb 2018 06:05:55
# 27.7967,  5.579515,  4.186,  0.1130,  0.2979,  34.8458,  15 Feb 2018 06:12:55
# 27.7960,  5.579456,  4.116,  0.1104,  0.3005,  34.8460,  15 Feb 2018 06:19:55
# 27.7941,  5.579354,  4.139,  0.1141,  0.2991,  34.8466,  15 Feb 2018 06:26:55
# 27.7922,  5.579215,  4.153,  0.1168,  0.3018,  34.8470,  15 Feb 2018 06:33:55
# 27.7906,  5.579127,  4.139,  0.1141,  0.3029,  34.8476,  15 Feb 2018 06:40:55
# 27.7866,  5.578813,  4.156,  0.1155,  0.3041,  34.8483,  15 Feb 2018 06:47:55
# 27.7837,  5.578513,  4.165,  0.1131,  0.3054,  34.8484,  15 Feb 2018 06:54:55
# 27.7768,  5.577913,  4.073,  0.1192,  0.3030,  34.8493,  15 Feb 2018 07:01:55
# 27.7710,  5.577416,  4.087,  0.1131,  0.2969,  34.8502,  15 Feb 2018 07:08:55
# 27.7692,  5.577255,  4.068,  0.1154,  0.3017,  34.8503,  15 Feb 2018 07:15:55
# 27.7687,  5.577146,  4.022,  0.1167,  0.2981,  34.8499,  15 Feb 2018 07:22:55
# 27.7666,  5.577043,  4.011,  0.1156,  0.3005,  34.8508,  15 Feb 2018 07:29:55
# 27.7660,  5.577021,  4.013,  0.1128,  0.2969,  34.8511,  15 Feb 2018 07:36:55
# 27.7630,  5.576773,  4.002,  0.1144,  0.2967,  34.8516,  15 Feb 2018 07:43:55
# 27.7597,  5.576502,  3.946,  0.1144,  0.2966,  34.8522,  15 Feb 2018 07:50:55
# 27.7558,  5.576203,  3.954,  0.1105,  0.2980,  34.8529,  15 Feb 2018 07:57:55
# 27.7513,  5.575822,  3.917,  0.1143,  0.3029,  34.8536,  15 Feb 2018 08:04:55
# 27.7567,  5.576341,  3.878,  0.1091,  0.2980,  34.8533,  15 Feb 2018 08:11:55
# 27.7598,  5.576744,  3.854,  0.1082,  0.2956,  34.8538,  15 Feb 2018 08:18:55
# 27.7623,  5.576948,  3.820,  0.1070,  0.2980,  34.8534,  15 Feb 2018 08:25:55
# 27.7613,  5.576977,  3.807,  0.1032,  0.2981,  34.8544,  15 Feb 2018 08:32:55
# 27.7648,  5.577497,  3.751,  0.1043,  0.3017,  34.8554,  15 Feb 2018 08:39:55
# 27.7585,  5.576970,  3.732,  0.1042,  0.2942,  34.8564,  15 Feb 2018 08:46:55
# 27.7623,  5.577511,  3.730,  0.1032,  0.2943,  34.8574,  15 Feb 2018 08:53:55
# 27.7659,  5.577943,  3.709,  0.1030,  0.2954,  34.8578,  15 Feb 2018 09:00:55
# 27.7754,  5.578820,  3.668,  0.1030,  0.2931,  34.8568,  15 Feb 2018 09:07:55
# 27.7771,  5.579361,  3.670,  0.1017,  0.2906,  34.8594,  15 Feb 2018 09:14:55
# 27.7800,  5.579976,  3.636,  0.1030,  0.2918,  34.8616,  15 Feb 2018 09:21:55
# 27.7888,  5.580824,  3.606,  0.0967,  0.2932,  34.8611,  15 Feb 2018 09:28:55
# 27.8052,  5.582375,  3.607,  0.0970,  0.2969,  34.8598,  15 Feb 2018 09:35:55
# 27.8057,  5.582697,  3.592,  0.0968,  0.3004,  34.8617,  15 Feb 2018 09:42:55
# 27.8116,  5.583267,  3.552,  0.0993,  0.2968,  34.8613,  15 Feb 2018 09:49:55
# 27.8296,  5.585169,  3.538,  0.0968,  0.3002,  34.8614,  15 Feb 2018 09:56:55
# 27.8457,  5.587233,  3.497,  0.0965,  0.3017,  34.8640,  15 Feb 2018 10:03:55
# 27.8546,  5.587979,  3.477,  0.0945,  0.2943,  34.8625,  15 Feb 2018 10:10:55
# 27.8677,  5.589472,  3.485,  0.0979,  0.2979,  34.8633,  15 Feb 2018 10:17:55
# 27.8843,  5.592078,  3.477,  0.0930,  0.2995,  34.8693,  15 Feb 2018 10:24:55
# 27.9070,  5.593761,  3.436,  0.0980,  0.2955,  34.8643,  15 Feb 2018 10:31:55
# 27.9175,  5.595255,  3.458,  0.0954,  0.2966,  34.8670,  15 Feb 2018 10:38:55
# 27.9337,  5.597218,  3.427,  0.0954,  0.2917,  34.8688,  15 Feb 2018 10:45:55
# 27.9788,  5.601685,  3.408,  0.0918,  0.2953,  34.8667,  15 Feb 2018 10:52:55
# 27.9855,  5.602850,  3.437,  0.0954,  0.2956,  34.8700,  15 Feb 2018 10:59:55
# 27.9776,  5.604052,  3.409,  0.0932,  0.3481,  34.8842,  15 Feb 2018 11:06:55
# 28.0315,  5.608200,  3.378,  0.0967,  0.2894,  34.8734,  15 Feb 2018 11:13:55
# 28.0508,  5.609688,  3.371,  0.0980,  0.2953,  34.8695,  15 Feb 2018 11:20:55
# 28.0664,  5.612239,  3.369,  0.0957,  0.2908,  34.8759,  15 Feb 2018 11:27:55
# 28.0901,  5.613918,  3.378,  0.0943,  0.3005,  34.8701,  15 Feb 2018 11:34:55
# 28.1158,  5.616734,  3.352,  0.0945,  0.2882,  34.8708,  15 Feb 2018 11:41:55
# 28.1492,  5.620967,  3.364,  0.1017,  0.2992,  34.8757,  15 Feb 2018 11:48:55
# 28.1359,  5.619353,  3.352,  0.0955,  0.2930,  34.8742,  15 Feb 2018 11:55:55
# 28.1446,  5.619506,  3.359,  0.0956,  0.2979,  34.8689,  15 Feb 2018 12:02:55
# 28.1847,  5.623600,  3.367,  0.1030,  0.2983,  34.8679,  15 Feb 2018 12:09:55
# 28.2144,  5.627292,  3.363,  0.0905,  0.2992,  34.8717,  15 Feb 2018 12:16:55
# 28.2572,  5.631903,  3.376,  0.0957,  0.2968,  34.8723,  15 Feb 2018 12:23:55
# 28.2738,  5.633114,  3.360,  0.0930,  0.2893,  34.8685,  15 Feb 2018 12:30:55
# 28.2780,  5.634084,  3.400,  0.0969,  0.2941,  34.8722,  15 Feb 2018 12:37:55
# 28.3097,  5.637190,  3.411,  0.0930,  0.2905,  34.8704,  15 Feb 2018 12:44:55
# 28.3218,  5.638013,  3.406,  0.1030,  0.2929,  34.8673,  15 Feb 2018 12:51:55
# 28.3313,  5.638983,  3.415,  0.0956,  0.2953,  34.8670,  15 Feb 2018 12:58:55
# 28.3227,  5.639181,  3.447,  0.0930,  0.2905,  34.8747,  15 Feb 2018 13:05:55
# 28.3595,  5.641959,  3.432,  0.0932,  0.2918,  34.8670,  15 Feb 2018 13:12:55
# 28.3826,  5.644634,  3.459,  0.1032,  0.2893,  34.8686,  15 Feb 2018 13:19:55
# 28.4245,  5.648317,  3.476,  0.0944,  0.2882,  34.8633,  15 Feb 2018 13:26:55
# 28.4112,  5.647434,  3.497,  0.0982,  0.2966,  34.8670,  15 Feb 2018 13:33:55
# 28.4208,  5.648309,  3.538,  0.0993,  0.2893,  34.8659,  15 Feb 2018 13:40:55
# 28.4501,  5.651030,  3.516,  0.0970,  0.2930,  34.8633,  15 Feb 2018 13:47:55
# 28.4451,  5.650486,  3.544,  0.0967,  0.2943,  34.8632,  15 Feb 2018 13:54:55
