# 28.0033,  5.607057,  3.690,  0.0957,  0.2686,  34.8862,  24 Jan 2018 14:06:55
# 28.0334,  5.610436,  3.610,  0.0956,  0.2882,  34.8876,  24 Jan 2018 14:13:55
# 28.0491,  5.612745,  3.620,  0.0931,  0.2760,  34.8922,  24 Jan 2018 14:20:55
# 28.0642,  5.614483,  3.608,  0.0956,  0.2770,  34.8931,  24 Jan 2018 14:27:55
# 28.0806,  5.616529,  3.631,  0.0967,  0.2709,  34.8953,  24 Jan 2018 14:34:55
# 28.0997,  5.618546,  3.606,  0.0956,  0.2833,  34.8953,  24 Jan 2018 14:41:55
# 28.1052,  5.619251,  3.623,  0.0945,  0.2797,  34.8961,  24 Jan 2018 14:48:55
# 28.1140,  5.619984,  3.597,  0.0994,  0.2798,  34.8948,  24 Jan 2018 14:55:55
# 28.1264,  5.621459,  3.581,  0.0993,  0.2784,  34.8959,  24 Jan 2018 15:02:55
# 28.1378,  5.622728,  3.544,  0.0981,  0.2784,  34.8964,  24 Jan 2018 15:09:55
# 28.1453,  5.623704,  3.545,  0.0967,  0.2795,  34.8977,  24 Jan 2018 15:16:55
# 28.1526,  5.624526,  3.559,  0.0993,  0.2785,  34.8980,  24 Jan 2018 15:23:55
# 28.1576,  5.625164,  3.508,  0.0945,  0.2708,  34.8988,  24 Jan 2018 15:30:55
# 28.1671,  5.626141,  3.577,  0.1032,  0.2834,  34.8986,  24 Jan 2018 15:37:55
# 28.1848,  5.627990,  3.500,  0.0968,  0.2783,  34.8984,  24 Jan 2018 15:44:55
# 28.1832,  5.628049,  3.505,  0.0969,  0.2749,  34.9000,  24 Jan 2018 15:51:55
# 28.1862,  5.628240,  3.507,  0.0980,  0.2724,  34.8991,  24 Jan 2018 15:58:55
# 28.1990,  5.629444,  3.475,  0.0980,  0.2710,  34.8981,  24 Jan 2018 16:05:55
# 28.1957,  5.629312,  3.504,  0.0993,  0.2796,  34.8996,  24 Jan 2018 16:12:55
# 28.1938,  5.629157,  3.473,  0.0980,  0.2711,  34.8999,  24 Jan 2018 16:19:55
# 28.1896,  5.628805,  3.506,  0.0996,  0.2698,  34.9005,  24 Jan 2018 16:26:55
# 28.1876,  5.629062,  3.480,  0.1057,  0.2710,  34.9038,  24 Jan 2018 16:33:55
# 28.1875,  5.628401,  3.481,  0.1032,  0.2734,  34.8993,  24 Jan 2018 16:40:55
# 28.1829,  5.628159,  3.475,  0.1042,  0.2711,  34.9010,  24 Jan 2018 16:47:55
# 28.1729,  5.627014,  3.486,  0.1043,  0.2721,  34.9004,  24 Jan 2018 16:54:55
# 28.1642,  5.626126,  3.489,  0.1005,  0.2734,  34.9007,  24 Jan 2018 17:01:55
# 28.1529,  5.624709,  3.459,  0.1055,  0.2711,  34.8991,  24 Jan 2018 17:08:55
# 28.1155,  5.620938,  3.458,  0.1006,  0.2712,  34.9003,  24 Jan 2018 17:15:55
# 28.0841,  5.617292,  3.509,  0.1006,  0.2724,  34.8981,  24 Jan 2018 17:22:55
# 28.0403,  5.612511,  3.502,  0.1018,  0.2697,  34.8971,  24 Jan 2018 17:29:55
# 28.0089,  5.609051,  3.534,  0.1007,  0.2673,  34.8960,  24 Jan 2018 17:36:55
# 27.9718,  5.605203,  3.565,  0.1019,  0.2661,  34.8965,  24 Jan 2018 17:43:55
# 27.9032,  5.598405,  3.547,  0.1042,  0.2685,  34.8998,  24 Jan 2018 17:50:55
# 27.8515,  5.592642,  3.520,  0.1031,  0.2660,  34.8976,  24 Jan 2018 17:57:55
# 27.8207,  5.588382,  3.544,  0.1029,  0.2711,  34.8905,  24 Jan 2018 18:04:55
# 27.8026,  5.586816,  3.578,  0.1006,  0.2675,  34.8930,  24 Jan 2018 18:11:55
# 27.7832,  5.584336,  3.582,  0.0993,  0.2660,  34.8900,  24 Jan 2018 18:18:55
# 27.7845,  5.584277,  3.560,  0.1005,  0.2709,  34.8885,  24 Jan 2018 18:25:55
# 27.7609,  5.581878,  3.645,  0.1016,  0.2712,  34.8892,  24 Jan 2018 18:32:55
# 27.7457,  5.580371,  3.590,  0.1018,  0.2699,  34.8898,  24 Jan 2018 18:39:55
# 27.7335,  5.579194,  3.593,  0.1042,  0.2734,  34.8907,  24 Jan 2018 18:46:55
# 27.7222,  5.578039,  3.628,  0.1007,  0.2686,  34.8909,  24 Jan 2018 18:53:55
# 27.7094,  5.576766,  3.586,  0.1032,  0.2722,  34.8915,  24 Jan 2018 19:00:55
# 27.6947,  5.575450,  3.633,  0.1006,  0.2700,  34.8931,  24 Jan 2018 19:07:55
# 27.6807,  5.573747,  3.654,  0.1007,  0.2918,  34.8915,  24 Jan 2018 19:14:55
# 27.6627,  5.571876,  3.640,  0.1017,  0.2712,  34.8918,  24 Jan 2018 19:21:55
# 27.6435,  5.569932,  3.682,  0.1018,  0.2808,  34.8923,  24 Jan 2018 19:28:55
# 27.6271,  5.568178,  3.730,  0.1019,  0.2699,  34.8921,  24 Jan 2018 19:35:55
# 27.6033,  5.565753,  3.727,  0.1016,  0.2724,  34.8927,  24 Jan 2018 19:42:55
# 27.5852,  5.563751,  3.751,  0.1019,  0.2856,  34.8920,  24 Jan 2018 19:49:55
# 27.5713,  5.562436,  3.728,  0.1031,  0.2747,  34.8932,  24 Jan 2018 19:56:55
# 27.5772,  5.562853,  3.764,  0.1019,  0.2723,  34.8917,  24 Jan 2018 20:03:55
# 27.5850,  5.563802,  3.735,  0.1056,  0.2711,  34.8926,  24 Jan 2018 20:10:55
# 27.5662,  5.562181,  3.752,  0.1044,  0.2686,  34.8951,  24 Jan 2018 20:17:55
# 27.5518,  5.560874,  3.764,  0.1019,  0.2722,  34.8966,  24 Jan 2018 20:24:55
# 27.5298,  5.558603,  3.804,  0.1031,  0.2724,  34.8969,  24 Jan 2018 20:31:55
# 27.5074,  5.556259,  3.822,  0.1032,  0.2712,  34.8971,  24 Jan 2018 20:38:55
# 27.4821,  5.553581,  3.861,  0.1032,  0.2747,  34.8970,  24 Jan 2018 20:45:55
# 27.4517,  5.550479,  3.852,  0.1092,  0.2770,  34.8978,  24 Jan 2018 20:52:55
# 27.4192,  5.546985,  3.880,  0.1044,  0.2722,  34.8972,  24 Jan 2018 20:59:55
# 27.3958,  5.544381,  3.933,  0.1095,  0.2735,  34.8963,  24 Jan 2018 21:06:55
# 27.3792,  5.542608,  3.923,  0.1069,  0.2774,  34.8961,  24 Jan 2018 21:13:55
# 27.3663,  5.541187,  3.944,  0.1081,  0.2798,  34.8957,  24 Jan 2018 21:20:55
# 27.3454,  5.539036,  3.995,  0.1080,  0.2796,  34.8960,  24 Jan 2018 21:27:55
# 27.3309,  5.537315,  3.904,  0.1118,  0.2748,  34.8947,  24 Jan 2018 21:34:55
# 27.3187,  5.535982,  3.993,  0.1106,  0.2797,  34.8943,  24 Jan 2018 21:41:55
# 27.3080,  5.534925,  3.953,  0.1106,  0.3177,  34.8948,  24 Jan 2018 21:48:55
# 27.3026,  5.534181,  3.998,  0.1120,  0.2737,  34.8936,  24 Jan 2018 21:55:55
# 27.2942,  5.533314,  3.964,  0.1105,  0.2709,  34.8937,  24 Jan 2018 22:02:55
# 27.2904,  5.532863,  3.963,  0.1129,  0.2785,  34.8934,  24 Jan 2018 22:09:55
# 27.2896,  5.532702,  4.052,  0.1131,  0.2772,  34.8928,  24 Jan 2018 22:16:55
# 27.2877,  5.532462,  4.035,  0.1129,  0.2761,  34.8925,  24 Jan 2018 22:23:55
# 27.2848,  5.532192,  3.986,  0.1142,  0.2772,  34.8928,  24 Jan 2018 22:30:55
# 27.2839,  5.532025,  3.996,  0.1118,  0.2783,  34.8923,  24 Jan 2018 22:37:55
# 27.2826,  5.531879,  4.005,  0.1118,  0.2748,  34.8922,  24 Jan 2018 22:44:55
# 27.2828,  5.531901,  4.011,  0.1168,  0.2835,  34.8922,  24 Jan 2018 22:51:55
# 27.2837,  5.532025,  3.973,  0.1143,  0.2808,  34.8924,  24 Jan 2018 22:58:55
# 27.2844,  5.532046,  4.032,  0.1168,  0.2773,  34.8920,  24 Jan 2018 23:05:55
# 27.2867,  5.532243,  4.058,  0.1129,  0.2811,  34.8917,  24 Jan 2018 23:12:55
# 27.2906,  5.532593,  4.033,  0.1154,  0.2773,  34.8912,  24 Jan 2018 23:19:55
# 27.2945,  5.532950,  4.003,  0.1180,  0.2808,  34.8909,  24 Jan 2018 23:26:55
# 27.2995,  5.533424,  4.008,  0.1154,  0.2821,  34.8905,  24 Jan 2018 23:33:55
# 27.3031,  5.533824,  3.997,  0.1179,  0.2834,  34.8907,  24 Jan 2018 23:40:55
# 27.3084,  5.534364,  4.018,  0.1155,  0.2760,  34.8906,  24 Jan 2018 23:47:55
# 27.3129,  5.534794,  4.058,  0.1131,  0.2773,  34.8902,  24 Jan 2018 23:54:55
# 27.3167,  5.535158,  3.959,  0.1130,  0.2698,  34.8900,  25 Jan 2018 00:01:55
# 27.3206,  5.535588,  3.955,  0.1141,  0.2760,  34.8901,  25 Jan 2018 00:08:55
# 27.3232,  5.535858,  4.045,  0.1154,  0.2761,  34.8901,  25 Jan 2018 00:15:55
# 27.3278,  5.536266,  4.008,  0.1154,  0.2760,  34.8895,  25 Jan 2018 00:22:55
# 27.3327,  5.536725,  4.002,  0.1180,  0.2759,  34.8891,  25 Jan 2018 00:29:55
# 27.3369,  5.537199,  3.981,  0.1181,  0.2772,  34.8894,  25 Jan 2018 00:36:55
# 27.3392,  5.537468,  4.032,  0.1180,  0.2760,  34.8895,  25 Jan 2018 00:43:55
# 27.3432,  5.537862,  3.953,  0.1167,  0.2796,  34.8893,  25 Jan 2018 00:50:55
# 27.3446,  5.538030,  4.017,  0.1180,  0.2797,  34.8895,  25 Jan 2018 00:57:55
# 27.3452,  5.538132,  3.946,  0.1155,  0.2808,  34.8898,  25 Jan 2018 01:04:55
# 27.3471,  5.538365,  3.980,  0.1180,  0.2760,  34.8900,  25 Jan 2018 01:11:55
# 27.3482,  5.538416,  3.968,  0.1166,  0.2747,  34.8895,  25 Jan 2018 01:18:55
# 27.3490,  5.538533,  3.925,  0.1180,  0.2760,  34.8898,  25 Jan 2018 01:25:55
# 27.3507,  5.538686,  3.922,  0.1156,  0.2773,  34.8896,  25 Jan 2018 01:32:55
# 27.3505,  5.538635,  3.913,  0.1155,  0.2708,  34.8894,  25 Jan 2018 01:39:55
# 27.3492,  5.538503,  3.889,  0.1180,  0.2724,  34.8894,  25 Jan 2018 01:46:55
# 27.3492,  5.538445,  3.855,  0.1170,  0.2735,  34.8890,  25 Jan 2018 01:53:55
# 27.3478,  5.538270,  3.860,  0.1155,  0.2724,  34.8889,  25 Jan 2018 02:00:55
# 27.3463,  5.538102,  3.866,  0.1157,  0.2734,  34.8888,  25 Jan 2018 02:07:55
# 27.3445,  5.537898,  3.837,  0.1167,  0.2735,  34.8887,  25 Jan 2018 02:14:55
# 27.3418,  5.537570,  3.825,  0.1155,  0.2760,  34.8884,  25 Jan 2018 02:21:55
# 27.3402,  5.537439,  3.821,  0.1130,  0.2710,  34.8887,  25 Jan 2018 02:28:55
# 27.3381,  5.537213,  3.800,  0.1104,  0.2760,  34.8886,  25 Jan 2018 02:35:55
# 27.3350,  5.536929,  3.780,  0.1144,  0.2747,  34.8889,  25 Jan 2018 02:42:55
# 27.3337,  5.536805,  3.779,  0.1117,  0.2724,  34.8890,  25 Jan 2018 02:49:55
# 27.3309,  5.536499,  3.802,  0.1143,  0.2747,  34.8890,  25 Jan 2018 02:56:55
# 27.3280,  5.536222,  3.784,  0.1095,  0.2722,  34.8891,  25 Jan 2018 03:03:55
# 27.3246,  5.535887,  3.687,  0.1118,  0.2723,  34.8893,  25 Jan 2018 03:10:55
# 27.3232,  5.535777,  3.703,  0.1131,  0.3532,  34.8896,  25 Jan 2018 03:17:55
# 27.3208,  5.535500,  3.732,  0.1119,  0.2736,  34.8894,  25 Jan 2018 03:24:55
# 27.3173,  5.535165,  3.664,  0.1130,  0.2747,  34.8897,  25 Jan 2018 03:31:55
# 27.3154,  5.534976,  3.679,  0.1093,  0.2711,  34.8897,  25 Jan 2018 03:38:55
# 27.3103,  5.534531,  3.670,  0.1105,  0.2698,  34.8904,  25 Jan 2018 03:45:55
# 27.3086,  5.534320,  3.668,  0.1105,  0.2698,  34.8902,  25 Jan 2018 03:52:55
# 27.3055,  5.534006,  3.672,  0.1093,  0.2723,  34.8902,  25 Jan 2018 03:59:55
# 27.3019,  5.533671,  3.633,  0.1105,  0.2698,  34.8906,  25 Jan 2018 04:06:55
# 27.2982,  5.533270,  3.594,  0.1104,  0.2723,  34.8905,  25 Jan 2018 04:13:55
# 27.2956,  5.533008,  3.615,  0.1104,  0.2736,  34.8906,  25 Jan 2018 04:20:55
# 27.2934,  5.532768,  3.608,  0.1141,  0.2808,  34.8905,  25 Jan 2018 04:27:55
# 27.2912,  5.532549,  3.602,  0.1093,  0.2783,  34.8906,  25 Jan 2018 04:34:55
# 27.2894,  5.532367,  3.592,  0.1081,  0.2734,  34.8907,  25 Jan 2018 04:41:55
# 27.2872,  5.532185,  3.618,  0.1069,  0.2699,  34.8910,  25 Jan 2018 04:48:55
# 27.2845,  5.531908,  3.563,  0.1106,  0.2760,  34.8911,  25 Jan 2018 04:55:55
# 27.2810,  5.531565,  3.588,  0.1081,  0.2724,  34.8913,  25 Jan 2018 05:02:55
# 27.2806,  5.531492,  3.574,  0.1054,  0.2686,  34.8911,  25 Jan 2018 05:09:55
# 27.2778,  5.531245,  3.582,  0.1069,  0.2734,  34.8914,  25 Jan 2018 05:16:55
# 27.2727,  5.530735,  3.527,  0.1057,  0.2698,  34.8916,  25 Jan 2018 05:23:55
# 27.2722,  5.530640,  3.551,  0.1069,  0.2685,  34.8913,  25 Jan 2018 05:30:55
# 27.2705,  5.530516,  3.552,  0.1067,  0.2687,  34.8917,  25 Jan 2018 05:37:55
# 27.2667,  5.530115,  3.538,  0.1080,  0.2675,  34.8917,  25 Jan 2018 05:44:55
# 27.2630,  5.529773,  3.531,  0.1067,  0.2662,  34.8920,  25 Jan 2018 05:51:55
# 27.2590,  5.529365,  3.553,  0.1056,  0.2650,  34.8921,  25 Jan 2018 05:58:55
# 27.2567,  5.529117,  3.527,  0.1190,  0.5605,  34.8921,  25 Jan 2018 06:05:55
# 27.2526,  5.528710,  3.542,  0.1068,  0.2721,  34.8922,  25 Jan 2018 06:12:55
# 27.2503,  5.528462,  3.542,  0.1043,  0.2662,  34.8922,  25 Jan 2018 06:19:55
# 27.2464,  5.528098,  3.541,  0.1043,  0.2697,  34.8925,  25 Jan 2018 06:26:55
# 27.2423,  5.527734,  3.527,  0.1055,  0.2674,  34.8931,  25 Jan 2018 06:33:55
# 27.2428,  5.527726,  3.558,  0.1057,  0.2686,  34.8926,  25 Jan 2018 06:40:55
# 27.2415,  5.527573,  3.583,  0.1069,  0.2675,  34.8925,  25 Jan 2018 06:47:55
# 27.2376,  5.527085,  3.544,  0.1067,  0.2661,  34.8919,  25 Jan 2018 06:54:55
# 27.2335,  5.526590,  3.583,  0.1080,  0.2660,  34.8915,  25 Jan 2018 07:01:55
# 27.2306,  5.526313,  3.561,  0.1143,  0.2674,  34.8917,  25 Jan 2018 07:08:55
# 27.2280,  5.526022,  3.567,  0.1118,  0.2700,  34.8916,  25 Jan 2018 07:15:55
# 27.2287,  5.526117,  3.573,  0.1142,  0.2662,  34.8917,  25 Jan 2018 07:22:55
# 27.2256,  5.525855,  3.615,  0.1155,  0.2686,  34.8922,  25 Jan 2018 07:29:55
# 27.2249,  5.525818,  3.619,  0.1129,  0.2673,  34.8924,  25 Jan 2018 07:36:55
# 27.2279,  5.526102,  3.621,  0.1119,  0.2708,  34.8922,  25 Jan 2018 07:43:55
# 27.2262,  5.525993,  3.677,  0.1131,  0.2637,  34.8927,  25 Jan 2018 07:50:55
# 27.2298,  5.526342,  3.641,  0.1106,  0.2650,  34.8925,  25 Jan 2018 07:57:55
# 27.2263,  5.526204,  3.659,  0.1081,  0.2635,  34.8941,  25 Jan 2018 08:04:55
# 27.2290,  5.526379,  3.685,  0.1117,  0.2686,  34.8933,  25 Jan 2018 08:11:55
# 27.2321,  5.526758,  3.693,  0.1730,  0.4056,  34.8937,  25 Jan 2018 08:18:55
# 27.2325,  5.526743,  3.699,  0.1032,  0.2638,  34.8933,  25 Jan 2018 08:25:55
# 27.2370,  5.527362,  3.692,  0.1055,  0.2686,  34.8943,  25 Jan 2018 08:32:55
# 27.2342,  5.526947,  3.770,  0.1019,  0.2674,  34.8934,  25 Jan 2018 08:39:55
# 27.2309,  5.526597,  3.752,  0.1019,  0.2650,  34.8934,  25 Jan 2018 08:46:55
# 27.2285,  5.526379,  3.769,  0.1019,  0.2625,  34.8937,  25 Jan 2018 08:53:55
# 27.2324,  5.526714,  3.777,  0.1018,  0.2612,  34.8931,  25 Jan 2018 09:00:55
# 27.2363,  5.527224,  3.744,  0.1041,  0.2673,  34.8939,  25 Jan 2018 09:07:55
# 27.2418,  5.527821,  3.777,  0.1034,  0.2710,  34.8940,  25 Jan 2018 09:14:55
# 27.2454,  5.528207,  3.801,  0.1068,  0.2686,  34.8940,  25 Jan 2018 09:21:55
# 27.2574,  5.529781,  3.788,  0.1019,  0.2686,  34.8962,  25 Jan 2018 09:28:55
# 27.2743,  5.531930,  3.808,  0.0981,  0.2685,  34.8989,  25 Jan 2018 09:35:55
# 27.2892,  5.533176,  3.821,  0.0932,  0.2638,  34.8966,  25 Jan 2018 09:42:55
# 27.3006,  5.534276,  3.809,  0.0982,  0.2663,  34.8958,  25 Jan 2018 09:49:55
# 27.3091,  5.535209,  3.880,  0.0969,  0.2649,  34.8961,  25 Jan 2018 09:56:55
# 27.3150,  5.536506,  3.835,  0.0932,  0.2735,  34.9009,  25 Jan 2018 10:03:55
# 27.3462,  5.539349,  3.828,  0.0982,  0.2660,  34.8977,  25 Jan 2018 10:10:55
# 27.3623,  5.541289,  3.885,  0.0968,  0.2673,  34.8994,  25 Jan 2018 10:17:55
# 27.3639,  5.540997,  3.881,  0.0954,  0.2673,  34.8961,  25 Jan 2018 10:24:55
# 27.3871,  5.543360,  3.867,  0.0982,  0.2711,  34.8956,  25 Jan 2018 10:31:55
# 27.4229,  5.547904,  3.848,  0.0908,  0.2734,  34.9010,  25 Jan 2018 10:38:55
# 27.4450,  5.549728,  3.892,  0.0957,  0.2736,  34.8974,  25 Jan 2018 10:45:55
# 27.4720,  5.553347,  3.906,  0.0919,  0.2624,  34.9029,  25 Jan 2018 10:52:55
# 27.5291,  5.558501,  3.869,  0.0870,  0.2686,  34.8968,  25 Jan 2018 10:59:55
# 27.5568,  5.561867,  3.879,  0.0930,  0.2685,  34.8999,  25 Jan 2018 11:06:55
# 27.6184,  5.567645,  3.891,  0.0893,  0.2711,  34.8948,  25 Jan 2018 11:13:55
# 27.6558,  5.572249,  3.869,  0.0933,  0.2685,  34.8994,  25 Jan 2018 11:20:55
# 27.7009,  5.576657,  3.873,  0.0826,  0.2686,  34.8969,  25 Jan 2018 11:27:55
# 27.7311,  5.579604,  3.854,  0.0895,  0.2686,  34.8953,  25 Jan 2018 11:34:55
# 27.7552,  5.581944,  3.897,  0.0907,  0.2821,  34.8938,  25 Jan 2018 11:41:55
# 27.7802,  5.585800,  3.887,  0.0956,  0.2686,  34.9024,  25 Jan 2018 11:48:55
# 27.8177,  5.589114,  3.905,  0.0943,  0.2674,  34.8978,  25 Jan 2018 11:55:55
# 27.8611,  5.593806,  3.895,  0.0919,  0.2711,  34.8986,  25 Jan 2018 12:02:55
# 27.9075,  5.598456,  3.930,  0.0918,  0.2709,  34.8968,  25 Jan 2018 12:09:55
# 27.9373,  5.601833,  3.851,  0.0894,  0.2723,  34.8984,  25 Jan 2018 12:16:55
# 27.9487,  5.602397,  3.903,  0.0919,  0.2699,  34.8939,  25 Jan 2018 12:23:55
# 27.9914,  5.607175,  3.872,  0.0880,  0.2747,  34.8958,  25 Jan 2018 12:30:55
# 28.0102,  5.609153,  3.915,  0.0944,  0.2796,  34.8957,  25 Jan 2018 12:37:55
# 28.0396,  5.612680,  3.886,  0.0895,  0.2759,  34.8986,  25 Jan 2018 12:44:55
# 28.0560,  5.614183,  3.903,  0.0943,  0.2721,  34.8970,  25 Jan 2018 12:51:55
# 28.0734,  5.615510,  3.858,  0.0931,  0.2758,  34.8934,  25 Jan 2018 12:58:55
# 28.0872,  5.617644,  3.862,  0.0956,  0.2772,  34.8981,  25 Jan 2018 13:05:55
# 28.1111,  5.619625,  3.829,  0.0919,  0.2760,  34.8943,  25 Jan 2018 13:12:55
# 28.1164,  5.619852,  3.872,  0.0957,  0.2991,  34.8920,  25 Jan 2018 13:19:55
# 28.1286,  5.620894,  3.829,  0.0967,  0.2784,  34.8902,  25 Jan 2018 13:26:55
# 28.1306,  5.621151,  3.851,  0.1018,  0.2785,  34.8905,  25 Jan 2018 13:33:55
# 28.1340,  5.621363,  3.791,  0.1032,  0.2856,  34.8895,  25 Jan 2018 13:40:55
# 28.1414,  5.621759,  3.826,  0.1033,  0.2845,  34.8869,  25 Jan 2018 13:47:55
# 28.1495,  5.621348,  3.787,  0.1019,  0.2782,  34.8780,  25 Jan 2018 13:54:55
