# 27.7316,  5.580438,  4.041,  0.0917,  0.2710,  34.9007,  11 Jan 2018 14:01:55
# 27.7234,  5.579275,  4.056,  0.0953,  0.2698,  34.8986,  11 Jan 2018 14:08:55
# 27.7089,  5.577607,  4.009,  0.0956,  0.2685,  34.8977,  11 Jan 2018 14:15:55
# 27.7033,  5.576730,  4.101,  0.0957,  0.2686,  34.8956,  11 Jan 2018 14:22:55
# 27.7043,  5.576810,  4.052,  0.0970,  0.2721,  34.8955,  11 Jan 2018 14:29:55
# 27.7048,  5.576810,  4.039,  0.0943,  0.2711,  34.8951,  11 Jan 2018 14:36:55
# 27.7168,  5.577929,  4.004,  0.0932,  0.2663,  34.8940,  11 Jan 2018 14:43:55
# 27.7031,  5.576810,  4.000,  0.0956,  0.2783,  34.8964,  11 Jan 2018 14:50:55
# 27.7124,  5.577498,  4.038,  0.0942,  0.2870,  34.8943,  11 Jan 2018 14:57:55
# 27.6934,  5.575465,  4.047,  0.0943,  0.2723,  34.8941,  11 Jan 2018 15:04:55
# 27.6764,  5.573608,  4.079,  0.0967,  0.2661,  34.8936,  11 Jan 2018 15:11:55
# 27.6786,  5.573901,  4.066,  0.1004,  0.2735,  34.8940,  11 Jan 2018 15:18:55
# 27.6836,  5.574252,  4.012,  0.0979,  0.2724,  34.8928,  11 Jan 2018 15:25:55
# 27.6718,  5.573170,  3.988,  0.0992,  0.2712,  34.8940,  11 Jan 2018 15:32:55
# 27.6737,  5.573214,  3.954,  0.0994,  0.2699,  34.8929,  11 Jan 2018 15:39:55
# 27.6781,  5.573542,  3.993,  0.0968,  0.2700,  34.8919,  11 Jan 2018 15:46:55
# 27.6644,  5.572541,  3.968,  0.0980,  0.2710,  34.8951,  11 Jan 2018 15:53:55
# 27.6687,  5.572892,  3.940,  0.0980,  0.2722,  34.8943,  11 Jan 2018 16:00:55
# 27.6635,  5.572380,  3.972,  0.0980,  0.2736,  34.8946,  11 Jan 2018 16:07:55
# 27.6540,  5.571540,  3.917,  0.0969,  0.2711,  34.8958,  11 Jan 2018 16:14:55
# 27.6482,  5.570663,  3.934,  0.0982,  0.2686,  34.8939,  11 Jan 2018 16:21:55
# 27.6440,  5.570166,  3.954,  0.0980,  0.2673,  34.8935,  11 Jan 2018 16:28:55
# 27.6312,  5.568953,  3.963,  0.0980,  0.2711,  34.8945,  11 Jan 2018 16:35:55
# 27.6226,  5.568069,  3.909,  0.1019,  0.2673,  34.8947,  11 Jan 2018 16:42:55
# 27.6300,  5.568807,  3.934,  0.1017,  0.2671,  34.8944,  11 Jan 2018 16:49:55
# 27.6226,  5.568127,  3.912,  0.0992,  0.2674,  34.8951,  11 Jan 2018 16:56:55
# 27.6153,  5.567404,  3.890,  0.1005,  0.2660,  34.8954,  11 Jan 2018 17:03:55
# 27.6107,  5.566790,  3.898,  0.1043,  0.2698,  34.8945,  11 Jan 2018 17:10:55
# 27.6004,  5.565891,  3.862,  0.1005,  0.2686,  34.8958,  11 Jan 2018 17:17:55
# 27.5928,  5.564956,  3.838,  0.0993,  0.2699,  34.8949,  11 Jan 2018 17:24:55
# 27.5850,  5.564197,  3.796,  0.1030,  0.2685,  34.8954,  11 Jan 2018 17:31:55
# 27.5815,  5.563919,  3.821,  0.1005,  0.2661,  34.8960,  11 Jan 2018 17:38:55
# 27.5814,  5.563744,  3.802,  0.1018,  0.2686,  34.8948,  11 Jan 2018 17:45:55
# 27.5749,  5.563072,  3.814,  0.1018,  0.2711,  34.8950,  11 Jan 2018 17:52:55
# 27.5659,  5.562261,  3.782,  0.1018,  0.2674,  34.8960,  11 Jan 2018 17:59:55
# 27.5647,  5.562101,  3.837,  0.1046,  0.2661,  34.8956,  11 Jan 2018 18:06:55
# 27.5663,  5.562407,  3.809,  0.1018,  0.2762,  34.8966,  11 Jan 2018 18:13:55
# 27.5699,  5.562853,  3.810,  0.1006,  0.2638,  34.8971,  11 Jan 2018 18:20:55
# 27.5730,  5.563255,  3.784,  0.1006,  0.2699,  34.8976,  11 Jan 2018 18:27:55
# 27.5791,  5.563912,  3.812,  0.1006,  0.2672,  34.8978,  11 Jan 2018 18:34:55
# 27.5861,  5.564767,  3.746,  0.1019,  0.2637,  34.8986,  11 Jan 2018 18:41:55
# 27.5943,  5.565643,  3.729,  0.1006,  0.2721,  34.8987,  11 Jan 2018 18:48:55
# 27.5987,  5.566147,  3.777,  0.1032,  0.2724,  34.8989,  11 Jan 2018 18:55:55
# 27.6015,  5.566476,  3.768,  0.1017,  0.2673,  34.8991,  11 Jan 2018 19:02:55
# 27.6001,  5.566410,  3.783,  0.1006,  0.2661,  34.8998,  11 Jan 2018 19:09:55
# 27.6001,  5.566461,  3.706,  0.1021,  0.2747,  34.9002,  11 Jan 2018 19:16:55
# 27.5982,  5.566286,  3.745,  0.1006,  0.2748,  34.9003,  11 Jan 2018 19:23:55
# 27.5947,  5.565979,  3.745,  0.1019,  0.2686,  34.9007,  11 Jan 2018 19:30:55
# 27.5881,  5.565344,  3.736,  0.1044,  0.2735,  34.9012,  11 Jan 2018 19:37:55
# 27.5804,  5.564533,  3.754,  0.1019,  0.2648,  34.9012,  11 Jan 2018 19:44:55
# 27.5736,  5.563824,  3.742,  0.1031,  0.2710,  34.9012,  11 Jan 2018 19:51:55
# 27.5610,  5.562524,  3.706,  0.1006,  0.2686,  34.9014,  11 Jan 2018 19:58:55
# 27.5455,  5.561027,  3.706,  0.1019,  0.2696,  34.9024,  11 Jan 2018 20:05:55
# 27.5365,  5.560012,  3.699,  0.1007,  0.2698,  34.9020,  11 Jan 2018 20:12:55
# 27.5220,  5.558588,  3.696,  0.1003,  0.2638,  34.9028,  11 Jan 2018 20:19:55
# 27.5137,  5.557690,  3.758,  0.1016,  0.2674,  34.9025,  11 Jan 2018 20:26:55
# 27.5042,  5.556522,  3.745,  0.1006,  0.2661,  34.9014,  11 Jan 2018 20:33:55
# 27.4946,  5.555792,  3.763,  0.1019,  0.2647,  34.9034,  11 Jan 2018 20:40:55
# 27.4832,  5.554427,  3.752,  0.1017,  0.2649,  34.9022,  11 Jan 2018 20:47:55
# 27.4758,  5.553603,  3.794,  0.0993,  0.2623,  34.9019,  11 Jan 2018 20:54:55
# 27.4696,  5.552975,  3.757,  0.1018,  0.2650,  34.9021,  11 Jan 2018 21:01:55
# 27.4584,  5.551749,  3.797,  0.1018,  0.2660,  34.9017,  11 Jan 2018 21:08:55
# 27.4550,  5.551435,  3.774,  0.1004,  0.2625,  34.9021,  11 Jan 2018 21:15:55
# 27.4489,  5.550764,  3.829,  0.1019,  0.2611,  34.9019,  11 Jan 2018 21:22:55
# 27.4427,  5.550071,  3.771,  0.0981,  0.2647,  34.9016,  11 Jan 2018 21:29:55
# 27.4415,  5.549917,  3.809,  0.1005,  0.2611,  34.9014,  11 Jan 2018 21:36:55
# 27.4377,  5.549574,  3.784,  0.0969,  0.2624,  34.9018,  11 Jan 2018 21:43:55
# 27.4367,  5.549363,  3.800,  0.1004,  0.2687,  34.9011,  11 Jan 2018 21:50:55
# 27.4294,  5.548677,  3.814,  0.1003,  0.2649,  34.9016,  11 Jan 2018 21:57:55
# 27.4264,  5.548327,  3.855,  0.0982,  0.2612,  34.9014,  11 Jan 2018 22:04:55
# 27.4270,  5.548341,  3.906,  0.1017,  0.2634,  34.9011,  11 Jan 2018 22:11:55
# 27.4223,  5.547911,  3.879,  0.1006,  0.2636,  34.9015,  11 Jan 2018 22:18:55
# 27.4190,  5.547568,  3.867,  0.0981,  0.2610,  34.9016,  11 Jan 2018 22:25:55
# 27.4118,  5.546766,  3.920,  0.1020,  0.2638,  34.9013,  11 Jan 2018 22:32:55
# 27.4005,  5.545570,  3.931,  0.0980,  0.2638,  34.9012,  11 Jan 2018 22:39:55
# 27.3951,  5.545066,  3.899,  0.1019,  0.2686,  34.9017,  11 Jan 2018 22:46:55
# 27.3957,  5.545023,  3.960,  0.1005,  0.2639,  34.9009,  11 Jan 2018 22:53:55
# 27.3927,  5.544775,  3.967,  0.1006,  0.2660,  34.9013,  11 Jan 2018 23:00:55
# 27.3916,  5.544629,  4.020,  0.1019,  0.2660,  34.9011,  11 Jan 2018 23:07:55
# 27.3904,  5.544585,  3.930,  0.1007,  0.2647,  34.9018,  11 Jan 2018 23:14:55
# 27.3887,  5.544512,  3.997,  0.1019,  0.2635,  34.9025,  11 Jan 2018 23:21:55
# 27.3907,  5.544651,  3.985,  0.1031,  0.2648,  34.9020,  11 Jan 2018 23:28:55
# 27.3978,  5.545555,  4.044,  0.1019,  0.2624,  34.9031,  11 Jan 2018 23:35:55
# 27.4072,  5.546569,  4.059,  0.1043,  0.2649,  34.9032,  11 Jan 2018 23:42:55
# 27.4135,  5.547240,  4.027,  0.0991,  0.2737,  34.9033,  11 Jan 2018 23:49:55
# 27.4258,  5.548385,  3.994,  0.1017,  0.2660,  34.9023,  11 Jan 2018 23:56:55
# 27.4254,  5.548655,  4.009,  0.1018,  0.2686,  34.9044,  12 Jan 2018 00:03:55
# 27.4380,  5.550027,  4.061,  0.0993,  0.2698,  34.9047,  12 Jan 2018 00:10:55
# 27.4506,  5.551479,  4.091,  0.1020,  0.2699,  34.9056,  12 Jan 2018 00:17:55
# 27.4614,  5.552698,  4.129,  0.1044,  0.2673,  34.9061,  12 Jan 2018 00:24:55
# 27.4679,  5.553384,  4.089,  0.0995,  0.2687,  34.9061,  12 Jan 2018 00:31:55
# 27.4718,  5.553836,  4.151,  0.1031,  0.2737,  34.9064,  12 Jan 2018 00:38:55
# 27.4718,  5.553420,  4.158,  0.1044,  0.2663,  34.9034,  12 Jan 2018 00:45:55
# 27.4706,  5.553114,  4.119,  0.1055,  0.2684,  34.9022,  12 Jan 2018 00:52:55
# 27.4640,  5.551917,  4.167,  0.1070,  0.2747,  34.8987,  12 Jan 2018 00:59:55
# 27.4595,  5.551224,  4.153,  0.1054,  0.2712,  34.8971,  12 Jan 2018 01:06:55
# 27.4520,  5.550020,  4.167,  0.1092,  0.2662,  34.8941,  12 Jan 2018 01:13:55
# 27.4470,  5.548173,  4.138,  0.1104,  0.2712,  34.8848,  12 Jan 2018 01:20:55
# 27.4422,  5.546036,  4.244,  0.1130,  0.2675,  34.8733,  12 Jan 2018 01:27:55
# 27.4407,  5.545357,  4.205,  0.1130,  0.2675,  34.8696,  12 Jan 2018 01:34:55
# 27.4379,  5.544307,  4.216,  0.1106,  0.2772,  34.8642,  12 Jan 2018 01:41:55
# 27.4330,  5.543833,  4.176,  0.1106,  0.2673,  34.8645,  12 Jan 2018 01:48:55
# 27.4316,  5.543687,  4.277,  0.1093,  0.2712,  34.8645,  12 Jan 2018 01:55:55
# 27.4246,  5.542761,  4.250,  0.1070,  0.2734,  34.8632,  12 Jan 2018 02:02:55
# 27.4126,  5.540194,  4.138,  0.1104,  0.2673,  34.8540,  12 Jan 2018 02:09:55
# 27.4008,  5.536658,  4.198,  0.1105,  0.2699,  34.8377,  12 Jan 2018 02:16:55
# 27.3893,  5.532788,  4.193,  0.1118,  0.2711,  34.8189,  12 Jan 2018 02:23:55
# 27.3783,  5.530099,  4.215,  0.1105,  0.2907,  34.8080,  12 Jan 2018 02:30:55
# 27.3687,  5.528781,  4.175,  0.1093,  0.2760,  34.8058,  12 Jan 2018 02:37:55
# 27.3544,  5.526850,  4.226,  0.1143,  0.2787,  34.8028,  12 Jan 2018 02:44:55
# 27.3407,  5.525015,  4.226,  0.1117,  0.2747,  34.8000,  12 Jan 2018 02:51:55
# 27.3317,  5.523974,  4.258,  0.1118,  0.2784,  34.7993,  12 Jan 2018 02:58:55
# 27.3227,  5.523005,  4.165,  0.1118,  0.3029,  34.7992,  12 Jan 2018 03:05:55
# 27.3132,  5.521462,  4.128,  0.1131,  0.2770,  34.7953,  12 Jan 2018 03:12:55
# 27.3038,  5.519482,  4.140,  0.1106,  0.2699,  34.7883,  12 Jan 2018 03:19:55
# 27.2956,  5.517618,  4.143,  0.1104,  0.2686,  34.7812,  12 Jan 2018 03:26:55
# 27.2843,  5.515559,  4.177,  0.1118,  0.2737,  34.7750,  12 Jan 2018 03:33:55
# 27.2793,  5.514263,  4.205,  0.1105,  0.2724,  34.7695,  12 Jan 2018 03:40:55
# 27.2718,  5.512575,  4.119,  0.1118,  0.2724,  34.7631,  12 Jan 2018 03:47:55
# 27.2641,  5.511360,  4.119,  0.1118,  0.2686,  34.7602,  12 Jan 2018 03:54:55
# 27.2603,  5.512124,  4.131,  0.1106,  0.2686,  34.7685,  12 Jan 2018 04:01:55
# 27.2548,  5.512954,  4.106,  0.1118,  0.2712,  34.7785,  12 Jan 2018 04:08:55
# 27.2504,  5.513783,  4.139,  0.1143,  0.2713,  34.7876,  12 Jan 2018 04:15:55
# 27.2434,  5.514831,  4.068,  0.1104,  0.2685,  34.8004,  12 Jan 2018 04:22:55
# 27.2392,  5.515385,  4.056,  0.1106,  0.2748,  34.8074,  12 Jan 2018 04:29:55
# 27.2313,  5.515458,  4.075,  0.1117,  0.2713,  34.8139,  12 Jan 2018 04:36:55
# 27.2359,  5.516833,  4.054,  0.1119,  0.2685,  34.8202,  12 Jan 2018 04:43:55
# 27.2460,  5.519417,  4.082,  0.1106,  0.2711,  34.8310,  12 Jan 2018 04:50:55
# 27.2507,  5.520640,  4.002,  0.1105,  0.2699,  34.8362,  12 Jan 2018 04:57:55
# 27.2515,  5.521405,  3.976,  0.1106,  0.2662,  34.8410,  12 Jan 2018 05:04:55
# 27.2435,  5.520982,  3.975,  0.1104,  0.2662,  34.8440,  12 Jan 2018 05:11:55
# 27.2458,  5.521609,  3.939,  0.1117,  0.2674,  34.8468,  12 Jan 2018 05:18:55
# 27.2419,  5.521660,  3.962,  0.1104,  0.2724,  34.8500,  12 Jan 2018 05:25:55
# 27.2342,  5.521128,  3.892,  0.1105,  0.2696,  34.8520,  12 Jan 2018 05:32:55
# 27.2273,  5.520568,  3.924,  0.1106,  0.2699,  34.8532,  12 Jan 2018 05:39:55
# 27.2252,  5.520509,  3.894,  0.1067,  0.2735,  34.8544,  12 Jan 2018 05:46:55
# 27.2182,  5.519840,  3.856,  0.1083,  0.2712,  34.8548,  12 Jan 2018 05:53:55
# 27.2118,  5.519294,  3.895,  0.1106,  0.2699,  34.8558,  12 Jan 2018 06:00:55
# 27.2100,  5.519156,  3.865,  0.1093,  0.2673,  34.8562,  12 Jan 2018 06:07:55
# 27.2084,  5.519010,  3.907,  0.1082,  0.2685,  34.8563,  12 Jan 2018 06:14:55
# 27.2078,  5.519025,  3.889,  0.1081,  0.2625,  34.8569,  12 Jan 2018 06:21:55
# 27.2071,  5.518995,  3.862,  0.1032,  0.2908,  34.8571,  12 Jan 2018 06:28:55
# 27.2048,  5.518755,  3.829,  0.1055,  0.2747,  34.8572,  12 Jan 2018 06:35:55
# 27.2024,  5.518566,  3.805,  0.1080,  0.2661,  34.8576,  12 Jan 2018 06:42:55
# 27.1989,  5.518238,  3.805,  0.1092,  0.2673,  34.8580,  12 Jan 2018 06:49:55
# 27.1936,  5.517554,  3.796,  0.1068,  0.2687,  34.8570,  12 Jan 2018 06:56:55
# 27.1862,  5.516586,  3.733,  0.1080,  0.2710,  34.8557,  12 Jan 2018 07:03:55
# 27.1799,  5.515546,  3.771,  0.1068,  0.2712,  34.8530,  12 Jan 2018 07:10:55
# 27.1783,  5.515065,  3.745,  0.1093,  0.2896,  34.8508,  12 Jan 2018 07:17:55
# 27.1761,  5.514520,  3.744,  0.1143,  0.2663,  34.8486,  12 Jan 2018 07:24:55
# 27.1722,  5.513777,  3.696,  0.1117,  0.2639,  34.8462,  12 Jan 2018 07:31:55
# 27.1694,  5.513166,  3.719,  0.1118,  0.2648,  34.8439,  12 Jan 2018 07:38:55
# 27.1693,  5.513035,  3.736,  0.1093,  0.2675,  34.8431,  12 Jan 2018 07:45:55
# 27.1692,  5.513086,  3.707,  0.1082,  0.2612,  34.8436,  12 Jan 2018 07:52:55
# 27.1685,  5.513006,  3.735,  0.1069,  0.2613,  34.8434,  12 Jan 2018 07:59:55
# 27.1701,  5.513210,  3.692,  0.1067,  0.2649,  34.8437,  12 Jan 2018 08:06:55
# 27.1710,  5.513501,  3.692,  0.1044,  0.2626,  34.8451,  12 Jan 2018 08:13:55
# 27.1707,  5.513552,  3.681,  0.1081,  0.2611,  34.8457,  12 Jan 2018 08:20:55
# 27.1756,  5.514367,  3.752,  0.1057,  0.2586,  34.8478,  12 Jan 2018 08:27:55
# 27.1852,  5.515582,  3.655,  0.1005,  0.2611,  34.8493,  12 Jan 2018 08:34:55
# 27.1940,  5.516754,  3.714,  0.1019,  0.2599,  34.8511,  12 Jan 2018 08:41:55
# 27.1986,  5.517423,  3.679,  0.1019,  0.2638,  34.8524,  12 Jan 2018 08:48:55
# 27.2097,  5.518901,  3.678,  0.0968,  0.2625,  34.8546,  12 Jan 2018 08:55:55
# 27.2169,  5.519840,  3.669,  0.0993,  0.2613,  34.8559,  12 Jan 2018 09:02:55
# 27.2262,  5.521143,  3.658,  0.0982,  0.2574,  34.8582,  12 Jan 2018 09:09:55
# 27.2375,  5.522417,  3.704,  0.0968,  0.2624,  34.8588,  12 Jan 2018 09:16:55
# 27.2524,  5.524004,  3.687,  0.0955,  0.2611,  34.8589,  12 Jan 2018 09:23:55
# 27.2808,  5.526990,  3.654,  0.0944,  0.2625,  34.8589,  12 Jan 2018 09:30:55
# 27.2960,  5.528680,  3.638,  0.0943,  0.2600,  34.8596,  12 Jan 2018 09:37:55
# 27.3068,  5.530042,  3.662,  0.0955,  0.2637,  34.8612,  12 Jan 2018 09:44:55
# 27.3230,  5.531871,  3.689,  0.0919,  0.2613,  34.8620,  12 Jan 2018 09:51:55
# 27.3314,  5.533037,  3.686,  0.0894,  0.8010,  34.8641,  12 Jan 2018 09:58:55
# 27.3531,  5.535616,  3.779,  0.0893,  0.2735,  34.8660,  12 Jan 2018 10:05:55
# 27.3734,  5.537701,  3.738,  0.0906,  0.2635,  34.8657,  12 Jan 2018 10:12:55
# 27.3908,  5.539968,  3.695,  0.0967,  0.2625,  34.8688,  12 Jan 2018 10:19:55
# 27.4037,  5.541441,  3.707,  0.0932,  0.2625,  34.8696,  12 Jan 2018 10:26:55
# 27.4159,  5.542899,  3.720,  0.0931,  0.2673,  34.8708,  12 Jan 2018 10:33:55
# 27.4299,  5.544431,  3.728,  0.0930,  0.2638,  34.8712,  12 Jan 2018 10:40:55
# 27.4563,  5.547181,  3.695,  0.0895,  0.2712,  34.8710,  12 Jan 2018 10:47:55
# 27.4709,  5.548924,  3.748,  0.0894,  0.2663,  34.8725,  12 Jan 2018 10:54:55
# 27.4939,  5.551427,  3.769,  0.0944,  0.2638,  34.8730,  12 Jan 2018 11:01:55
# 27.4887,  5.550778,  3.714,  0.0931,  0.2611,  34.8723,  12 Jan 2018 11:08:55
# 27.5123,  5.553653,  3.767,  0.0907,  0.2612,  34.8750,  12 Jan 2018 11:15:55
# 27.5243,  5.555178,  3.808,  0.0919,  0.2635,  34.8769,  12 Jan 2018 11:22:55
# 27.5428,  5.556850,  3.764,  0.0944,  0.2686,  34.8749,  12 Jan 2018 11:29:55
# 27.5663,  5.559033,  3.895,  0.0882,  0.2649,  34.8727,  12 Jan 2018 11:36:55
# 27.5778,  5.560450,  3.795,  0.0970,  0.2635,  34.8742,  12 Jan 2018 11:43:55
# 27.5810,  5.560910,  3.817,  0.0894,  0.2661,  34.8751,  12 Jan 2018 11:50:55
# 27.5917,  5.561874,  3.858,  0.0931,  0.2908,  34.8740,  12 Jan 2018 11:57:55
# 27.5977,  5.562809,  3.854,  0.0906,  0.2673,  34.8761,  12 Jan 2018 12:04:55
# 27.6107,  5.564226,  3.879,  0.0932,  0.2711,  34.8764,  12 Jan 2018 12:11:55
# 27.6306,  5.565847,  3.928,  0.0861,  0.2699,  34.8730,  12 Jan 2018 12:18:55
# 27.6211,  5.565066,  3.911,  0.0919,  0.2747,  34.8746,  12 Jan 2018 12:25:55
# 27.6442,  5.567155,  3.901,  0.0943,  0.2686,  34.8721,  12 Jan 2018 12:32:55
# 27.6713,  5.570195,  3.881,  0.0895,  0.2683,  34.8734,  12 Jan 2018 12:39:55
# 27.6883,  5.571766,  3.913,  0.0906,  0.2711,  34.8718,  12 Jan 2018 12:46:55
# 27.7073,  5.574134,  3.939,  0.0956,  0.2660,  34.8744,  12 Jan 2018 12:53:55
# 27.7115,  5.574310,  3.931,  0.0906,  0.2626,  34.8725,  12 Jan 2018 13:00:55
# 27.7448,  5.577307,  3.918,  0.0916,  0.2699,  34.8689,  12 Jan 2018 13:07:55
# 27.7771,  5.580788,  3.922,  0.0918,  0.2747,  34.8694,  12 Jan 2018 13:14:55
# 27.8087,  5.584094,  3.983,  0.0919,  0.2734,  34.8692,  12 Jan 2018 13:21:55
# 27.8301,  5.586340,  3.956,  0.0957,  0.2710,  34.8691,  12 Jan 2018 13:28:55
# 27.8347,  5.586999,  3.961,  0.0932,  0.2834,  34.8703,  12 Jan 2018 13:35:55
# 27.8476,  5.588236,  4.017,  0.0932,  0.2736,  34.8694,  12 Jan 2018 13:42:55
# 27.8425,  5.587884,  3.976,  0.0944,  0.2759,  34.8707,  12 Jan 2018 13:49:55
# 27.8161,  5.584504,  3.967,  0.0930,  0.2712,  34.8665,  12 Jan 2018 13:56:55
