# 26.4937,  5.39784,   0.764, 0.1143, 0.5524,  34.5252, 08 Oct 2018 07:00:12
# 26.5002,  5.39684,   0.728, 0.1180, 0.7576,  34.5132, 08 Oct 2018 07:04:12
# 26.5003,  5.39548,   0.779, 0.1156, 0.4761,  34.5033, 08 Oct 2018 07:08:12
# 26.5021,  5.39232,   0.692, 0.1118, 0.4968,  34.4792, 08 Oct 2018 07:12:12
# 26.5055,  5.38919,   0.692, 0.1278, 0.5237,  34.4542, 08 Oct 2018 07:16:12
# 26.5307,  5.38952,   0.741, 0.1132, 0.4725,  34.4377, 08 Oct 2018 07:20:12
# 26.5698,  5.39960,   0.725, 0.1179, 0.4242,  34.4810, 08 Oct 2018 07:24:12
# 26.5862,  5.40863,   0.711, 0.1038, 0.4302,  34.5336, 08 Oct 2018 07:28:12
# 26.6350,  5.42681,   0.713, 0.1058, 0.3762,  34.6276, 08 Oct 2018 07:32:12
# 26.6635,  5.43230,   0.749, 0.1095, 0.3600,  34.6457, 08 Oct 2018 07:36:12
# 26.6758,  5.43681,   0.708, 0.1057, 0.3939,  34.6689, 08 Oct 2018 07:40:12
# 26.6605,  5.43405,   0.714, 0.1059, 0.3663,  34.6606, 08 Oct 2018 07:44:12
# 26.6757,  5.43672,   0.680, 0.1093, 0.3639,  34.6684, 08 Oct 2018 07:48:12
# 26.6706,  5.43252,   0.703, 0.1070, 0.4022,  34.6421, 08 Oct 2018 07:52:12
# 26.6778,  5.43333,   0.662, 0.1046, 0.3454,  34.6425, 08 Oct 2018 07:56:12
