# 28.5531,  5.621964,  0.882, 0.1265, 1.0894,  34.5870, 19 Oct 2018 15:03:06
# 28.5559,  5.619784,  0.933, 0.1202, 0.8105,  34.5698, 19 Oct 2018 15:07:06
# 28.5556,  5.617154,  0.941, 0.1192, 0.7961,  34.5518, 19 Oct 2018 15:11:06
# 28.5506,  5.612920,  0.998, 0.1279, 0.6898,  34.5261, 19 Oct 2018 15:15:06
# 28.5514,  5.609548,  0.962, 0.1264, 0.6847,  34.5022, 19 Oct 2018 15:19:06
# 28.5608,  5.609346,  0.895, 0.1215, 0.7648,  34.4939, 19 Oct 2018 15:23:06
# 28.5826,  5.610555,  0.925, 0.1243, 0.8315,  34.4865, 19 Oct 2018 15:27:06
# 28.6176,  5.613245,  0.907, 0.1495, 0.9294,  34.4797, 19 Oct 2018 15:31:06
# 28.6765,  5.619130,  0.852, 0.1228, 0.8684,  34.4777, 19 Oct 2018 15:35:06
# 28.7030,  5.621992,  0.898, 0.1329, 0.9486,  34.4782, 19 Oct 2018 15:39:06
# 28.7232,  5.625329,  0.867, 0.1256, 0.8682,  34.4866, 19 Oct 2018 15:43:06
# 28.7435,  5.632789,  0.871, 0.1166, 0.8167,  34.5235, 19 Oct 2018 15:47:06
# 28.7610,  5.639764,  0.786, 0.1165, 0.7063,  34.5589, 19 Oct 2018 15:51:06
# 28.7848,  5.648554,  0.818, 0.1292, 0.7626,  34.6023, 19 Oct 2018 15:55:06
# 28.7930,  5.650738,  0.822, 0.1292, 0.8337,  34.6114, 19 Oct 2018 15:59:06
