# 25.2327,  5.26832,   0.806, 0.0901, 0.5950,  34.5341, 17 Sep 2018 06:00:12
# 25.2080,  5.26569,   0.869, 0.1011, 0.6100,  34.5335, 17 Sep 2018 06:04:12
# 25.1877,  5.26353,   0.864, 0.0902, 0.5828,  34.5330, 17 Sep 2018 06:08:12
# 25.1890,  5.26365,   0.845, 0.0876, 0.5537,  34.5329, 17 Sep 2018 06:12:12
# 25.1856,  5.26334,   0.897, 0.0890, 0.5645,  34.5332, 17 Sep 2018 06:16:12
# 25.1825,  5.26314,   0.908, 0.0910, 0.6946,  34.5342, 17 Sep 2018 06:20:12
# 25.1862,  5.26389,   0.877, 0.0912, 0.5463,  34.5369, 17 Sep 2018 06:24:12
# 25.1837,  5.26376,   0.923, 0.0903, 0.6922,  34.5378, 17 Sep 2018 06:28:12
# 25.1710,  5.26263,   0.895, 0.0901, 0.6394,  34.5392, 17 Sep 2018 06:32:12
# 25.1469,  5.25994,   0.858, 0.0909, 0.5719,  34.5377, 17 Sep 2018 06:36:12
# 25.1439,  5.25945,   0.912, 0.0912, 0.7262,  34.5363, 17 Sep 2018 06:40:12
# 25.1305,  5.25803,   0.854, 0.0950, 0.8118,  34.5361, 17 Sep 2018 06:44:12
# 25.1304,  5.25795,   0.898, 0.0950, 0.8049,  34.5356, 17 Sep 2018 06:48:12
# 25.1244,  5.25675,   0.868, 0.0961, 0.9010,  34.5313, 17 Sep 2018 06:52:12
# 25.1056,  5.25387,   0.897, 0.0999, 0.8485,  34.5243, 17 Sep 2018 06:56:12
