# 28.1440,  5.60246,   1.027, 0.1230, 1.4898,  34.7508, 04 Oct 2018 14:00:12
# 28.1359,  5.60012,   1.189, 0.1312, 1.4479,  34.7404, 04 Oct 2018 14:04:12
# 28.1461,  5.60226,   1.114, 0.1250, 1.4528,  34.7479, 04 Oct 2018 14:08:12
# 28.1577,  5.60425,   1.123, 0.1329, 1.6264,  34.7533, 04 Oct 2018 14:12:12
# 28.1479,  5.60482,   1.061, 0.1218, 1.3588,  34.7645, 04 Oct 2018 14:16:12
# 28.1270,  5.60265,   1.197, 0.1230, 1.3255,  34.7647, 04 Oct 2018 14:20:12
# 28.1171,  5.60189,   1.079, 0.1215, 1.2298,  34.7667, 04 Oct 2018 14:24:12
# 28.1028,  5.60211,   1.021, 0.1192, 1.1198,  34.7788, 04 Oct 2018 14:28:12
# 28.1150,  5.60381,   1.070, 0.1485, 1.1945,  34.7817, 04 Oct 2018 14:32:12
# 28.1103,  5.60350,   1.059, 0.1180, 1.0753,  34.7830, 04 Oct 2018 14:36:12
# 28.1028,  5.60291,   1.163, 0.1145, 0.9873,  34.7844, 04 Oct 2018 14:40:12
# 28.1239,  5.60399,   1.089, 0.1155, 1.1038,  34.7763, 04 Oct 2018 14:44:12
# 28.1349,  5.60466,   1.080, 0.1192, 1.1360,  34.7730, 04 Oct 2018 14:48:12
# 28.1331,  5.60513,   1.153, 0.1204, 1.0691,  34.7776, 04 Oct 2018 14:52:12
# 28.1429,  5.60612,   1.004, 0.1167, 0.9742,  34.7773, 04 Oct 2018 14:56:12
