# 25.9552,  5.290554,  1.153, 0.1168, 0.8376,  34.1520, 06 Nov 2018 02:03:06
# 25.9428,  5.289088,  1.136, 0.1303, 1.1597,  34.1506, 06 Nov 2018 02:07:06
# 25.9417,  5.288097,  1.118, 0.1278, 1.0559,  34.1442, 06 Nov 2018 02:11:06
# 25.9411,  5.287546,  1.088, 0.1144, 0.9512,  34.1407, 06 Nov 2018 02:15:06
# 25.9401,  5.287145,  1.085, 0.1193, 0.9191,  34.1386, 06 Nov 2018 02:19:06
# 25.9319,  5.286117,  1.135, 0.1637, 2.2928,  34.1372, 06 Nov 2018 02:23:06
# 25.9319,  5.286321,  1.018, 0.1319, 1.5113,  34.1387, 06 Nov 2018 02:27:06
# 25.9286,  5.286541,  1.107, 0.1228, 0.9618,  34.1427, 06 Nov 2018 02:31:06
# 25.9248,  5.287032,  1.175, 0.1460, 1.6120,  34.1491, 06 Nov 2018 02:35:06
# 25.9155,  5.286556,  1.104, 0.1324, 1.8460,  34.1526, 06 Nov 2018 02:39:06
# 25.9020,  5.284962,  1.168, 0.1180, 0.9317,  34.1511, 06 Nov 2018 02:43:06
# 25.9047,  5.285544,  1.204, 0.1241, 1.0882,  34.1533, 06 Nov 2018 02:47:06
# 25.8979,  5.285143,  1.235, 0.1253, 1.3195,  34.1554, 06 Nov 2018 02:51:06
# 25.8946,  5.285876,  1.075, 0.1351, 1.7642,  34.1633, 06 Nov 2018 02:55:06
# 25.8886,  5.288960,  1.166, 0.1317, 1.4347,  34.1901, 06 Nov 2018 02:59:06
