# 28.7758,  5.60342,   1.037, 0.1268, 0.7925,  34.2975, 08 Oct 2018 13:00:12
# 28.7794,  5.60502,   0.996, 0.1108, 0.5936,  34.3059, 08 Oct 2018 13:04:12
# 28.8193,  5.60847,   1.016, 0.1154, 0.8911,  34.3009, 08 Oct 2018 13:08:12
# 28.7878,  5.61065,   1.061, 0.1155, 0.7293,  34.3386, 08 Oct 2018 13:12:12
# 28.8331,  5.61389,   1.193, 0.1109, 1.0718,  34.3283, 08 Oct 2018 13:16:12
# 28.8732,  5.61634,   1.118, 0.1118, 1.0918,  34.3163, 08 Oct 2018 13:20:12
# 28.6767,  5.61876,   1.109, 0.1411, 1.1210,  34.4749, 08 Oct 2018 13:24:12
# 28.5343,  5.61491,   1.001, 0.1243, 1.2943,  34.5517, 08 Oct 2018 13:28:12
# 28.4716,  5.61096,   1.063, 0.1032, 0.6034,  34.5700, 08 Oct 2018 13:32:12
# 28.4901,  5.61253,   1.164, 0.1108, 0.7150,  34.5674, 08 Oct 2018 13:36:12
# 28.5218,  5.61414,   1.049, 0.1192, 0.7599,  34.5555, 08 Oct 2018 13:40:12
# 28.5274,  5.61316,   1.089, 0.1131, 0.7673,  34.5446, 08 Oct 2018 13:44:12
# 28.5486,  5.61574,   1.104, 0.1048, 0.7417,  34.5471, 08 Oct 2018 13:48:12
# 28.5674,  5.61935,   1.158, 0.1115, 0.6822,  34.5583, 08 Oct 2018 13:52:12
# 28.5880,  5.62139,   1.185, 0.1255, 0.7852,  34.5575, 08 Oct 2018 13:56:12
