# 28.9852,  5.671444,  1.211, 0.2741, 2.7550,  34.6144, 22 Oct 2018 14:03:06
# 29.0245,  5.674169,  1.094, 0.1696, 1.2697,  34.6046, 22 Oct 2018 14:07:06
# 29.0254,  5.674021,  1.096, 0.1587, 1.3590,  34.6030, 22 Oct 2018 14:11:06
# 29.0090,  5.671537,  1.065, 0.1794, 1.4178,  34.5978, 22 Oct 2018 14:15:06
# 28.9819,  5.672215,  1.108, 0.1450, 1.3711,  34.6221, 22 Oct 2018 14:19:06
# 28.9638,  5.671218,  1.204, 0.1781, 1.2367,  34.6283, 22 Oct 2018 14:23:06
# 29.0077,  5.674567,  0.984, 0.1506, 1.3712,  34.6195, 22 Oct 2018 14:27:06
# 28.9603,  5.672387,  1.200, 0.1659, 1.9970,  34.6389, 22 Oct 2018 14:31:06
# 29.0014,  5.674582,  1.136, 0.1650, 1.6809,  34.6242, 22 Oct 2018 14:35:06
# 29.0011,  5.674863,  1.108, 0.1485, 1.4837,  34.6264, 22 Oct 2018 14:39:06
# 28.9742,  5.672822,  1.053, 0.1376, 1.2251,  34.6318, 22 Oct 2018 14:43:06
# 29.0702,  5.679108,  1.083, 0.2087, 1.8555,  34.6054, 22 Oct 2018 14:47:06
# 29.0974,  5.681703,  1.056, 0.1710, 1.1286,  34.6036, 22 Oct 2018 14:51:06
# 29.1274,  5.684820,  1.090, 0.1613, 1.2286,  34.6033, 22 Oct 2018 14:55:06
# 29.1276,  5.686816,  1.113, 0.1495, 1.3507,  34.6168, 22 Oct 2018 14:59:06
