# 26.6481,  5.372522,  1.168, 0.1434, 1.7668,  34.2283, 24 Oct 2018 05:03:06
# 26.6337,  5.372507,  1.100, 0.1508, 2.5041,  34.2389, 24 Oct 2018 05:07:06
# 26.6231,  5.364945,  1.130, 0.1363, 1.5193,  34.1925, 24 Oct 2018 05:11:06
# 26.6290,  5.367592,  1.032, 0.1375, 1.7363,  34.2072, 24 Oct 2018 05:15:06
# 26.6308,  5.369966,  1.138, 0.1448, 2.0726,  34.2228, 24 Oct 2018 05:19:06
# 26.6326,  5.369829,  1.135, 0.1325, 1.5410,  34.2205, 24 Oct 2018 05:23:06
# 26.6366,  5.365287,  0.995, 0.1365, 1.7268,  34.1851, 24 Oct 2018 05:27:06
# 26.6380,  5.364154,  1.060, 0.1434, 1.8524,  34.1758, 24 Oct 2018 05:31:06
# 26.6319,  5.365455,  1.045, 0.1366, 1.9003,  34.1897, 24 Oct 2018 05:35:06
# 26.6329,  5.370825,  1.073, 0.1401, 2.1506,  34.2275, 24 Oct 2018 05:39:06
# 26.6210,  5.373580,  1.088, 0.1364, 1.6532,  34.2560, 24 Oct 2018 05:43:06
# 26.6073,  5.374083,  1.009, 0.1387, 1.6968,  34.2698, 24 Oct 2018 05:47:06
# 26.5785,  5.373627,  1.029, 0.1449, 1.9400,  34.2879, 24 Oct 2018 05:51:06
# 26.5664,  5.374799,  0.940, 0.1350, 1.7157,  34.3053, 24 Oct 2018 05:55:06
# 26.5654,  5.383882,  1.013, 0.1398, 1.7873,  34.3713, 24 Oct 2018 05:59:06
