# 27.3424,  5.51987,   0.610, 0.0782, 0.2666,  34.7633, 25 Sep 2018 23:00:12
# 27.3355,  5.51908,   0.639, 0.0795, 0.2596,  34.7628, 25 Sep 2018 23:04:12
# 27.3430,  5.51954,   0.628, 0.0803, 0.2871,  34.7605, 25 Sep 2018 23:08:12
# 27.3357,  5.51898,   0.667, 0.0796, 0.2765,  34.7620, 25 Sep 2018 23:12:12
# 27.3241,  5.51775,   0.646, 0.0826, 0.2776,  34.7619, 25 Sep 2018 23:16:12
# 27.3134,  5.51665,   0.673, 0.0805, 0.2464,  34.7621, 25 Sep 2018 23:20:12
# 27.3097,  5.51621,   0.643, 0.0782, 0.3146,  34.7618, 25 Sep 2018 23:24:12
# 27.3045,  5.51574,   0.653, 0.0795, 0.2777,  34.7623, 25 Sep 2018 23:28:12
# 27.3010,  5.51535,   0.650, 0.0784, 0.2825,  34.7621, 25 Sep 2018 23:32:12
# 27.2999,  5.51515,   0.700, 0.0817, 0.3196,  34.7615, 25 Sep 2018 23:36:12
# 27.2924,  5.51454,   0.651, 0.0797, 0.2633,  34.7627, 25 Sep 2018 23:40:12
# 27.2910,  5.51423,   0.658, 0.0781, 0.2980,  34.7616, 25 Sep 2018 23:44:12
# 27.2871,  5.51383,   0.725, 0.0805, 0.3015,  34.7616, 25 Sep 2018 23:48:12
# 27.2837,  5.51347,   0.678, 0.0817, 0.3066,  34.7616, 25 Sep 2018 23:52:12
# 27.2784,  5.51292,   0.712, 0.0783, 0.3066,  34.7617, 25 Sep 2018 23:56:12
