# 26.7588,  5.45227,   0.661, 0.0781, 0.3355,  34.7175, 24 Sep 2018 08:00:12
# 26.7769,  5.45434,   0.701, 0.0803, 0.3590,  34.7188, 24 Sep 2018 08:04:12
# 26.7948,  5.45611,   0.706, 0.0794, 0.3006,  34.7181, 24 Sep 2018 08:08:12
# 26.8169,  5.45838,   0.709, 0.0838, 0.3232,  34.7178, 24 Sep 2018 08:12:12
# 26.8387,  5.46097,   0.604, 0.0771, 0.3195,  34.7200, 24 Sep 2018 08:16:12
# 26.8592,  5.46335,   0.656, 0.0803, 0.3072,  34.7216, 24 Sep 2018 08:20:12
# 26.8895,  5.46629,   0.660, 0.0756, 0.3008,  34.7200, 24 Sep 2018 08:24:12
# 26.9145,  5.46831,   0.634, 0.0758, 0.3019,  34.7157, 24 Sep 2018 08:28:12
# 26.9289,  5.46953,   0.646, 0.0794, 0.3072,  34.7137, 24 Sep 2018 08:32:12
# 26.9401,  5.47055,   0.640, 0.0757, 0.3159,  34.7126, 24 Sep 2018 08:36:12
# 26.9484,  5.46999,   0.671, 0.0828, 0.3145,  34.7024, 24 Sep 2018 08:40:12
# 26.9611,  5.47048,   0.669, 0.0803, 0.2871,  34.6964, 24 Sep 2018 08:44:12
# 26.9882,  5.47355,   0.648, 0.0772, 0.2691,  34.6980, 24 Sep 2018 08:48:12
# 27.0079,  5.47651,   0.614, 0.0708, 0.2512,  34.7044, 24 Sep 2018 08:52:12
# 27.0454,  5.47955,   0.637, 0.0731, 0.2620,  34.6981, 24 Sep 2018 08:56:12
