# 28.4297,  5.63308,   1.096, 0.1108, 0.9572,  34.7543, 03 Oct 2018 13:00:12
# 28.4202,  5.63173,   1.076, 0.1167, 1.1440,  34.7519, 03 Oct 2018 13:04:12
# 28.4179,  5.63144,   1.161, 0.1460, 1.0777,  34.7515, 03 Oct 2018 13:08:12
# 28.4132,  5.63086,   1.176, 0.1071, 1.1454,  34.7509, 03 Oct 2018 13:12:12
# 28.3985,  5.62993,   1.114, 0.1746, 1.6886,  34.7553, 03 Oct 2018 13:16:12
# 28.3903,  5.62955,   1.136, 0.1096, 1.1308,  34.7586, 03 Oct 2018 13:20:12
# 28.3552,  5.62690,   1.097, 0.1084, 1.0582,  34.7659, 03 Oct 2018 13:24:12
# 28.3299,  5.62515,   1.040, 0.1832, 1.7217,  34.7724, 03 Oct 2018 13:28:12
# 28.3132,  5.62379,   1.080, 0.1070, 1.0670,  34.7751, 03 Oct 2018 13:32:12
# 28.2981,  5.62220,   1.088, 0.1095, 1.0171,  34.7751, 03 Oct 2018 13:36:12
# 28.2654,  5.61880,   1.121, 0.1300, 0.9826,  34.7755, 03 Oct 2018 13:40:12
# 28.2340,  5.61466,   1.100, 0.1048, 0.9669,  34.7698, 03 Oct 2018 13:44:12
# 28.1980,  5.60885,   1.064, 0.1470, 1.1430,  34.7558, 03 Oct 2018 13:48:12
# 28.1808,  5.60445,   0.998, 0.1096, 0.9262,  34.7377, 03 Oct 2018 13:52:12
# 28.1696,  5.60215,   1.170, 0.1108, 0.9271,  34.7298, 03 Oct 2018 13:56:12
