# 26.3734,  5.327541,  0.814, 0.1022, 0.5399,  34.1087, 31 Oct 2018 04:03:06
# 26.3719,  5.328171,  0.742, 0.1038, 0.5792,  34.1144, 31 Oct 2018 04:07:06
# 26.4033,  5.332941,  0.746, 0.1020, 0.6310,  34.1255, 31 Oct 2018 04:11:06
# 26.3999,  5.331219,  0.732, 0.1024, 0.5682,  34.1156, 31 Oct 2018 04:15:06
# 26.4417,  5.335026,  0.800, 0.1008, 0.6223,  34.1120, 31 Oct 2018 04:19:06
# 26.4594,  5.336012,  0.722, 0.1048, 0.6235,  34.1061, 31 Oct 2018 04:23:06
# 26.4734,  5.337742,  0.737, 0.1057, 0.6432,  34.1082, 31 Oct 2018 04:27:06
# 26.4854,  5.340459,  0.745, 0.1056, 0.6347,  34.1188, 31 Oct 2018 04:31:06
# 26.4875,  5.342068,  0.768, 0.1022, 0.5549,  34.1288, 31 Oct 2018 04:35:06
# 26.4874,  5.343298,  0.840, 0.1044, 0.6201,  34.1377, 31 Oct 2018 04:39:06
# 26.4856,  5.344285,  0.780, 0.1083, 0.6251,  34.1461, 31 Oct 2018 04:43:06
# 26.4809,  5.343640,  0.766, 0.1070, 0.6406,  34.1450, 31 Oct 2018 04:47:06
# 26.4815,  5.343633,  0.792, 0.1057, 0.6237,  34.1444, 31 Oct 2018 04:51:06
# 26.4816,  5.343002,  0.796, 0.1084, 0.6431,  34.1398, 31 Oct 2018 04:55:06
# 26.4747,  5.341469,  0.807, 0.1036, 0.6857,  34.1340, 31 Oct 2018 04:59:06
