# 28.5189,  5.62159,   1.030, 0.0936, 0.8578,  34.6092, 26 Sep 2018 17:00:12
# 28.5385,  5.61995,   1.019, 0.0915, 0.9154,  34.5836, 26 Sep 2018 17:04:12
# 28.5319,  5.61702,   1.141, 0.0999, 1.0039,  34.5681, 26 Sep 2018 17:08:12
# 28.4915,  5.61296,   1.078, 0.0928, 0.9691,  34.5694, 26 Sep 2018 17:12:12
# 28.5016,  5.61176,   0.959, 0.0961, 1.0148,  34.5538, 26 Sep 2018 17:16:12
# 28.4466,  5.60303,   1.220, 0.0900, 0.6762,  34.5331, 26 Sep 2018 17:20:12
# 28.4505,  5.60265,   1.118, 0.0877, 0.7687,  34.5277, 26 Sep 2018 17:24:12
# 28.5085,  5.60509,   1.061, 0.1015, 1.0705,  34.5025, 26 Sep 2018 17:28:12
# 28.5287,  5.60619,   1.038, 0.0912, 0.8301,  34.4954, 26 Sep 2018 17:32:12
# 28.5327,  5.60556,   1.005, 0.0928, 0.7441,  34.4881, 26 Sep 2018 17:36:12
# 28.5791,  5.60835,   1.055, 0.0915, 0.8372,  34.4737, 26 Sep 2018 17:40:12
# 28.5929,  5.60680,   1.046, 0.0936, 0.8528,  34.4530, 26 Sep 2018 17:44:12
# 28.5793,  5.60360,   1.000, 0.1660, 2.8793,  34.4407, 26 Sep 2018 17:48:12
# 28.5595,  5.59790,   0.974, 0.1083, 1.2022,  34.4157, 26 Sep 2018 17:52:12
# 28.5191,  5.59250,   0.980, 0.0914, 0.8131,  34.4075, 26 Sep 2018 17:56:12
