# 28.2274,  5.61530,   0.830, 0.0903, 0.3317,  34.7792, 01 Oct 2018 18:00:12
# 28.1401,  5.60586,   0.853, 0.0886, 0.3429,  34.7776, 01 Oct 2018 18:04:12
# 28.0644,  5.59811,   0.817, 0.0948, 0.3467,  34.7792, 01 Oct 2018 18:08:12
# 28.1169,  5.60206,   0.863, 0.0950, 0.3294,  34.7681, 01 Oct 2018 18:12:12
# 28.0678,  5.59808,   0.801, 0.1217, 0.3688,  34.7764, 01 Oct 2018 18:16:12
# 28.0044,  5.59159,   0.792, 0.0877, 0.3476,  34.7779, 01 Oct 2018 18:20:12
# 27.9707,  5.58691,   0.846, 0.0913, 0.3538,  34.7700, 01 Oct 2018 18:24:12
# 27.9319,  5.58343,   0.824, 0.0886, 0.3590,  34.7742, 01 Oct 2018 18:28:12
# 27.9057,  5.58069,   0.825, 0.0999, 0.3894,  34.7743, 01 Oct 2018 18:32:12
# 27.8732,  5.57752,   0.816, 0.0898, 0.3540,  34.7761, 01 Oct 2018 18:36:12
# 27.8395,  5.57361,   0.855, 0.0900, 0.3623,  34.7735, 01 Oct 2018 18:40:12
# 27.7558,  5.56685,   0.801, 0.1012, 0.3623,  34.7880, 01 Oct 2018 18:44:12
# 27.7519,  5.56494,   0.805, 0.0997, 0.3378,  34.7774, 01 Oct 2018 18:48:12
# 27.7527,  5.56525,   0.799, 0.0925, 0.3845,  34.7791, 01 Oct 2018 18:52:12
# 27.7604,  5.56615,   0.807, 0.0914, 0.3327,  34.7797, 01 Oct 2018 18:56:12
