# 27.0445,  5.465774,  0.749, 0.1180, 0.3578,  34.6006, 14 Nov 2018 19:03:06
# 26.9982,  5.461467,  0.764, 0.0972, 0.2898,  34.6044, 14 Nov 2018 19:07:06
# 26.9513,  5.456664,  0.730, 0.1238, 0.4049,  34.6050, 14 Nov 2018 19:11:06
# 26.9371,  5.453172,  0.739, 0.1154, 0.3268,  34.5907, 14 Nov 2018 19:15:06
# 26.9098,  5.450798,  0.722, 0.1071, 0.3146,  34.5941, 14 Nov 2018 19:19:06
# 26.8737,  5.446726,  0.743, 0.1044, 0.3195,  34.5919, 14 Nov 2018 19:23:06
# 26.8352,  5.442709,  0.706, 0.0962, 0.3052,  34.5919, 14 Nov 2018 19:27:06
# 26.8171,  5.437820,  0.770, 0.0964, 0.3086,  34.5704, 14 Nov 2018 19:31:06
# 26.8028,  5.429722,  0.738, 0.1093, 0.3640,  34.5232, 14 Nov 2018 19:35:06
# 26.7874,  5.427827,  0.745, 0.1133, 0.3880,  34.5210, 14 Nov 2018 19:39:06
# 26.7603,  5.428462,  0.779, 0.1154, 0.4073,  34.5458, 14 Nov 2018 19:43:06
# 26.7379,  5.429135,  0.726, 0.1253, 0.4811,  34.5674, 14 Nov 2018 19:47:06
# 26.6896,  5.427959,  0.737, 0.1217, 0.4258,  34.5950, 14 Nov 2018 19:51:06
# 26.6298,  5.424949,  0.762, 0.2606, 2.0727,  34.6182, 14 Nov 2018 19:55:06
# 26.5711,  5.419923,  0.761, 0.1219, 0.4195,  34.6260, 14 Nov 2018 19:59:06
