# 27.6680,  5.548777,  0.870, 0.0988, 0.5161,  34.7257, 12 Oct 2018 17:03:06
# 27.6605,  5.547350,  0.909, 0.1093, 0.8625,  34.7213, 12 Oct 2018 17:07:06
# 27.6441,  5.545152,  0.880, 0.1034, 0.6235,  34.7179, 12 Oct 2018 17:11:06
# 27.6371,  5.544304,  0.966, 0.1070, 0.7222,  34.7171, 12 Oct 2018 17:15:06
# 27.6230,  5.542761,  0.985, 0.1019, 0.5536,  34.7167, 12 Oct 2018 17:19:06
# 27.6114,  5.541343,  0.865, 0.1019, 0.6690,  34.7153, 12 Oct 2018 17:23:06
# 27.5959,  5.539508,  0.859, 0.1328, 0.5089,  34.7138, 12 Oct 2018 17:27:06
# 27.5868,  5.538313,  0.837, 0.0987, 0.5357,  34.7121, 12 Oct 2018 17:31:06
# 27.5784,  5.537272,  0.915, 0.1000, 0.6323,  34.7110, 12 Oct 2018 17:35:06
# 27.5609,  5.535407,  0.881, 0.1010, 0.5187,  34.7108, 12 Oct 2018 17:39:06
# 27.5506,  5.534097,  0.873, 0.1012, 0.8682,  34.7092, 12 Oct 2018 17:43:06
# 27.5301,  5.532025,  0.796, 0.0973, 0.5692,  34.7098, 12 Oct 2018 17:47:06
# 27.5079,  5.529452,  0.871, 0.1011, 0.5224,  34.7081, 12 Oct 2018 17:51:06
# 27.4986,  5.528289,  0.900, 0.1070, 0.8686,  34.7067, 12 Oct 2018 17:55:06
# 27.4924,  5.527464,  0.836, 0.0986, 0.5523,  34.7055, 12 Oct 2018 17:59:06
