# 26.7213,  5.44321,   0.910, 0.0949, 0.7258,  34.6806, 22 Sep 2018 04:00:12
# 26.7077,  5.44173,   0.866, 0.0922, 0.6638,  34.6802, 22 Sep 2018 04:04:12
# 26.7026,  5.44122,   0.832, 0.0922, 0.7163,  34.6804, 22 Sep 2018 04:08:12
# 26.6987,  5.44088,   0.871, 0.0901, 0.6612,  34.6809, 22 Sep 2018 04:12:12
# 26.6917,  5.44017,   0.856, 0.0949, 0.8082,  34.6810, 22 Sep 2018 04:16:12
# 26.6882,  5.43974,   0.864, 0.0920, 0.6035,  34.6805, 22 Sep 2018 04:20:12
# 26.6725,  5.43825,   0.801, 0.0874, 0.6096,  34.6817, 22 Sep 2018 04:24:12
# 26.6736,  5.43828,   0.833, 0.0915, 0.6200,  34.6810, 22 Sep 2018 04:28:12
# 26.6553,  5.43678,   0.806, 0.0903, 0.6175,  34.6840, 22 Sep 2018 04:32:12
# 26.6618,  5.43721,   0.779, 0.0875, 0.5766,  34.6822, 22 Sep 2018 04:36:12
# 26.6569,  5.43684,   0.839, 0.0888, 0.5742,  34.6832, 22 Sep 2018 04:40:12
# 26.6469,  5.43569,   0.803, 0.0901, 0.6885,  34.6825, 22 Sep 2018 04:44:12
# 26.6332,  5.43441,   0.765, 0.0899, 0.5621,  34.6835, 22 Sep 2018 04:48:12
# 26.6143,  5.43215,   0.839, 0.0876, 0.5476,  34.6815, 22 Sep 2018 04:52:12
# 26.5837,  5.42893,   0.801, 0.0876, 0.5548,  34.6813, 22 Sep 2018 04:56:12
