# 26.2449,  5.38777,   0.655, 0.0867, 0.2896,  34.6394, 22 Sep 2018 07:00:12
# 26.2053,  5.38355,   0.618, 0.0851, 0.3220,  34.6387, 22 Sep 2018 07:04:12
# 26.1849,  5.38203,   0.657, 0.0866, 0.2945,  34.6430, 22 Sep 2018 07:08:12
# 26.1977,  5.38406,   0.622, 0.0852, 0.3111,  34.6482, 22 Sep 2018 07:12:12
# 26.2078,  5.38653,   0.648, 0.0864, 0.2995,  34.6584, 22 Sep 2018 07:16:12
# 26.2168,  5.38783,   0.658, 0.0876, 0.3040,  34.6610, 22 Sep 2018 07:20:12
# 26.2456,  5.39102,   0.667, 0.0826, 0.2847,  34.6624, 22 Sep 2018 07:24:12
# 26.2517,  5.39237,   0.642, 0.0825, 0.2909,  34.6676, 22 Sep 2018 07:28:12
# 26.2343,  5.39082,   0.644, 0.0825, 0.2837,  34.6695, 22 Sep 2018 07:32:12
# 26.2262,  5.38976,   0.623, 0.0840, 0.2994,  34.6679, 22 Sep 2018 07:36:12
# 26.2350,  5.39099,   0.640, 0.0851, 0.3185,  34.6702, 22 Sep 2018 07:40:12
# 26.3206,  5.40037,   0.655, 0.0824, 0.2873,  34.6735, 22 Sep 2018 07:44:12
# 26.3223,  5.40166,   0.633, 0.0814, 0.2933,  34.6815, 22 Sep 2018 07:48:12
# 26.3022,  5.40034,   0.674, 0.0803, 0.2719,  34.6871, 22 Sep 2018 07:52:12
# 26.3110,  5.40040,   0.657, 0.0826, 0.2776,  34.6809, 22 Sep 2018 07:56:12
