# 25.8396,  5.24756,   0.852, 0.1108, 1.2750,  33.9258, 17 Sep 2018 23:00:12
# 25.7966,  5.26000,   0.773, 0.1193, 2.0909,  34.0483, 17 Sep 2018 23:04:12
# 25.7052,  5.28355,   0.767, 0.1009, 0.9271,  34.2883, 17 Sep 2018 23:08:12
# 25.6764,  5.29471,   0.801, 0.0951, 0.7201,  34.3915, 17 Sep 2018 23:12:12
# 25.6771,  5.30732,   0.789, 0.0912, 0.7318,  34.4830, 17 Sep 2018 23:16:12
# 25.7292,  5.31179,   0.795, 0.0913, 0.7065,  34.4763, 17 Sep 2018 23:20:12
# 25.7360,  5.31201,   0.786, 0.0922, 0.7039,  34.4728, 17 Sep 2018 23:24:12
# 25.7042,  5.30206,   0.797, 0.0964, 0.9694,  34.4242, 17 Sep 2018 23:28:12
# 25.6644,  5.29933,   0.793, 0.0924, 0.7456,  34.4342, 17 Sep 2018 23:32:12
# 25.6808,  5.30147,   0.799, 0.0937, 0.7887,  34.4374, 17 Sep 2018 23:36:12
# 25.6890,  5.30480,   0.806, 0.0939, 0.6641,  34.4556, 17 Sep 2018 23:40:12
# 25.6885,  5.30637,   0.777, 0.0900, 0.6912,  34.4675, 17 Sep 2018 23:44:12
# 25.6896,  5.30891,   0.789, 0.0900, 0.6812,  34.4852, 17 Sep 2018 23:48:12
# 25.6371,  5.30015,   0.794, 0.0938, 0.7745,  34.4609, 17 Sep 2018 23:52:12
# 25.6134,  5.29507,   0.798, 0.0925, 0.8227,  34.4416, 17 Sep 2018 23:56:12
