# 29.5861,  5.72677,   0.997, 0.1024, 1.6123,  34.5592, 20 Sep 2018 16:00:12
# 29.5298,  5.71944,   1.008, 0.1070, 1.4997,  34.5498, 20 Sep 2018 16:04:12
# 29.4951,  5.71400,   1.038, 0.1057, 1.4300,  34.5377, 20 Sep 2018 16:08:12
# 29.4127,  5.70662,   0.964, 0.1119, 1.2896,  34.5466, 20 Sep 2018 16:12:12
# 29.4117,  5.70462,   1.003, 0.1095, 1.3881,  34.5337, 20 Sep 2018 16:16:12
# 29.3109,  5.69646,   0.964, 0.1060, 1.1395,  34.5505, 20 Sep 2018 16:20:12
# 29.2856,  5.69204,   0.913, 0.1080, 1.0391,  34.5385, 20 Sep 2018 16:24:12
# 29.2816,  5.68866,   0.992, 0.1059, 1.0669,  34.5183, 20 Sep 2018 16:28:12
# 29.2815,  5.68938,   0.955, 0.1058, 1.0765,  34.5233, 20 Sep 2018 16:32:12
# 29.2513,  5.68908,   0.922, 0.1072, 1.1455,  34.5431, 20 Sep 2018 16:36:12
# 29.2659,  5.68948,   0.946, 0.1010, 1.0024,  34.5353, 20 Sep 2018 16:40:12
# 29.2101,  5.68655,   0.863, 0.1011, 0.9526,  34.5555, 20 Sep 2018 16:44:12
# 29.1079,  5.67897,   0.992, 0.1024, 1.1188,  34.5773, 20 Sep 2018 16:48:12
# 28.9899,  5.67393,   0.905, 0.0935, 0.7638,  34.6282, 20 Sep 2018 16:52:12
# 28.8553,  5.66382,   0.897, 0.0937, 0.8388,  34.6563, 20 Sep 2018 16:56:12
