# 26.2682,  5.354019,  0.699, 0.1119, 0.3687,  34.3780, 15 Nov 2018 20:03:06
# 26.2653,  5.351565,  0.721, 0.1107, 0.3452,  34.3624, 15 Nov 2018 20:07:06
# 26.2605,  5.347858,  0.731, 0.1131, 0.3798,  34.3392, 15 Nov 2018 20:11:06
# 26.2631,  5.350699,  0.718, 0.1130, 0.3891,  34.3578, 15 Nov 2018 20:15:06
# 26.2231,  5.341124,  0.698, 0.1122, 0.3869,  34.3185, 15 Nov 2018 20:19:06
# 26.1796,  5.333825,  0.714, 0.1105, 0.3902,  34.2982, 15 Nov 2018 20:23:06
# 26.1537,  5.327598,  0.718, 0.1155, 0.4036,  34.2725, 15 Nov 2018 20:27:06
# 26.1341,  5.322989,  0.744, 0.1122, 0.4063,  34.2538, 15 Nov 2018 20:31:06
# 26.1040,  5.314518,  0.756, 0.1144, 0.3825,  34.2149, 15 Nov 2018 20:35:06
# 26.0907,  5.311511,  0.737, 0.1169, 0.4147,  34.2030, 15 Nov 2018 20:39:06
# 26.0717,  5.309066,  0.726, 0.1106, 0.4025,  34.1995, 15 Nov 2018 20:43:06
# 26.0799,  5.310928,  0.765, 0.1181, 0.4811,  34.2069, 15 Nov 2018 20:47:06
# 26.0493,  5.304524,  0.734, 0.1144, 0.4302,  34.1833, 15 Nov 2018 20:51:06
# 26.0480,  5.306984,  0.752, 0.1083, 0.4172,  34.2021, 15 Nov 2018 20:55:06
# 26.0473,  5.306734,  0.765, 0.1253, 0.5051,  34.2008, 15 Nov 2018 20:59:06
