# 27.4893,  5.421557,  0.985, 0.1315, 0.8267,  33.9603, 05 Nov 2018 14:03:06
# 27.5300,  5.429503,  1.012, 0.1411, 0.7743,  33.9867, 05 Nov 2018 14:07:06
# 27.5664,  5.436874,  1.072, 0.1798, 1.0714,  34.0122, 05 Nov 2018 14:11:06
# 27.5804,  5.435749,  0.996, 0.1313, 0.7224,  33.9941, 05 Nov 2018 14:15:06
# 27.5721,  5.430970,  0.952, 0.1955, 0.9094,  33.9665, 05 Nov 2018 14:19:06
# 27.5892,  5.431872,  1.047, 0.1659, 0.9536,  33.9605, 05 Nov 2018 14:23:06
# 27.6759,  5.450792,  0.988, 0.1422, 0.7677,  34.0306, 05 Nov 2018 14:27:06
# 27.7344,  5.463064,  0.940, 0.1361, 0.6664,  34.0743, 05 Nov 2018 14:31:06
# 27.7489,  5.462673,  1.041, 0.1435, 0.6966,  34.0610, 05 Nov 2018 14:35:06
# 27.7794,  5.469871,  0.985, 0.1569, 0.7321,  34.0894, 05 Nov 2018 14:39:06
# 27.7957,  5.472271,  0.901, 0.1363, 0.6556,  34.0944, 05 Nov 2018 14:43:06
# 27.7974,  5.470307,  0.923, 0.1250, 0.6532,  34.0794, 05 Nov 2018 14:47:06
# 27.7960,  5.468237,  0.947, 0.1556, 0.8647,  34.0659, 05 Nov 2018 14:51:06
# 27.8145,  5.470553,  0.983, 0.1424, 0.7466,  34.0687, 05 Nov 2018 14:55:06
# 27.8003,  5.468222,  0.963, 0.1614, 0.9178,  34.0627, 05 Nov 2018 14:59:06
