# 25.2777,  5.165823,  0.774, 0.1276, 0.5961,  33.7464, 06 Nov 2018 07:03:06
# 25.2706,  5.158013,  0.756, 0.1303, 0.5583,  33.6944, 06 Nov 2018 07:07:06
# 25.2682,  5.151761,  0.762, 0.1205, 0.5401,  33.6503, 06 Nov 2018 07:11:06
# 25.2639,  5.145222,  0.777, 0.1360, 0.5545,  33.6055, 06 Nov 2018 07:15:06
# 25.2560,  5.134087,  0.734, 0.1350, 0.5438,  33.5297, 06 Nov 2018 07:19:06
# 25.2486,  5.130199,  0.741, 0.1448, 0.5310,  33.5066, 06 Nov 2018 07:23:06
# 25.2357,  5.122627,  0.712, 0.1447, 0.5548,  33.4606, 06 Nov 2018 07:27:06
# 25.2354,  5.130908,  0.723, 0.1350, 0.5191,  33.5216, 06 Nov 2018 07:31:06
# 25.2307,  5.136939,  0.705, 0.1961, 0.5103,  33.5694, 06 Nov 2018 07:35:06
# 25.2348,  5.143071,  0.703, 0.1353, 0.4870,  33.6113, 06 Nov 2018 07:39:06
# 25.2224,  5.130251,  0.707, 0.1376, 0.4994,  33.5264, 06 Nov 2018 07:43:06
# 25.2193,  5.132095,  0.714, 0.1324, 0.5016,  33.5422, 06 Nov 2018 07:47:06
# 25.2242,  5.139299,  0.752, 0.1303, 0.4832,  33.5914, 06 Nov 2018 07:51:06
# 25.2399,  5.135528,  0.676, 0.1292, 0.4908,  33.5522, 06 Nov 2018 07:55:06
# 25.2547,  5.142167,  0.675, 0.1253, 0.4560,  33.5899, 06 Nov 2018 07:59:06
