# 27.0014,  5.452734,  0.642, 0.1179, 0.4843,  34.5397, 24 Oct 2018 20:03:06
# 26.9725,  5.450567,  0.697, 0.1218, 0.4809,  34.5457, 24 Oct 2018 20:07:06
# 26.9444,  5.449741,  0.638, 0.1191, 0.4955,  34.5608, 24 Oct 2018 20:11:06
# 26.8996,  5.442302,  0.600, 0.1205, 0.4331,  34.5411, 24 Oct 2018 20:15:06
# 26.8721,  5.436335,  0.600, 0.1180, 0.4111,  34.5189, 24 Oct 2018 20:19:06
# 26.8559,  5.431984,  0.620, 0.1218, 0.4378,  34.4999, 24 Oct 2018 20:23:06
# 26.8371,  5.428927,  0.629, 0.1180, 0.4182,  34.4920, 24 Oct 2018 20:27:06
# 26.8182,  5.426481,  0.637, 0.1180, 0.3866,  34.4885, 24 Oct 2018 20:31:06
# 26.8053,  5.424143,  0.648, 0.1180, 0.3989,  34.4815, 24 Oct 2018 20:35:06
# 26.7942,  5.426306,  0.607, 0.1192, 0.3903,  34.5052, 24 Oct 2018 20:39:06
# 26.7692,  5.428515,  0.598, 0.1218, 0.3415,  34.5397, 24 Oct 2018 20:43:06
# 26.7640,  5.431351,  0.603, 0.1239, 0.3823,  34.5638, 24 Oct 2018 20:47:06
# 26.7571,  5.430534,  0.625, 0.1205, 0.3760,  34.5631, 24 Oct 2018 20:51:06
# 26.7628,  5.433791,  0.619, 0.1155, 0.3575,  34.5822, 24 Oct 2018 20:55:06
# 26.7657,  5.436934,  0.591, 0.1167, 0.3492,  34.6025, 24 Oct 2018 20:59:06
