# 29.0221,  5.69111,   0.963, 0.0912, 0.5731,  34.7229, 02 Oct 2018 14:00:12
# 29.0476,  5.69517,   0.975, 0.0849, 0.6628,  34.7322, 02 Oct 2018 14:04:12
# 29.0921,  5.69954,   0.981, 0.0876, 0.5863,  34.7299, 02 Oct 2018 14:08:12
# 29.1235,  5.70241,   0.928, 0.0974, 0.8252,  34.7268, 02 Oct 2018 14:12:12
# 29.1499,  5.70518,   1.084, 0.0862, 0.5993,  34.7266, 02 Oct 2018 14:16:12
# 29.1725,  5.70580,   0.862, 0.0887, 0.5804,  34.7146, 02 Oct 2018 14:20:12
# 29.1985,  5.70586,   0.873, 0.0887, 0.6518,  34.6960, 02 Oct 2018 14:24:12
# 29.1854,  5.70169,   0.914, 0.0974, 0.8252,  34.6770, 02 Oct 2018 14:28:12
# 29.1819,  5.69728,   0.852, 0.0927, 0.6801,  34.6493, 02 Oct 2018 14:32:12
# 29.1266,  5.69247,   0.862, 0.0840, 0.5161,  34.6563, 02 Oct 2018 14:36:12
# 29.1578,  5.69424,   0.853, 0.0961, 0.5393,  34.6460, 02 Oct 2018 14:40:12
# 29.1437,  5.69612,   0.827, 0.0986, 0.5187,  34.6691, 02 Oct 2018 14:44:12
# 29.1665,  5.70018,   0.904, 0.1083, 0.7516,  34.6803, 02 Oct 2018 14:48:12
# 29.1557,  5.70205,   0.811, 0.0946, 0.7368,  34.7010, 02 Oct 2018 14:52:12
# 29.1158,  5.70212,   0.870, 0.0974, 0.5274,  34.7304, 02 Oct 2018 14:56:12
