# 26.4158,  5.374177,  1.135, 0.1364, 1.0195,  34.4130, 18 Oct 2018 12:03:06
# 26.4045,  5.368859,  1.069, 0.1400, 1.2512,  34.3831, 18 Oct 2018 12:07:06
# 26.3948,  5.364691,  1.091, 0.1390, 1.1608,  34.3603, 18 Oct 2018 12:11:06
# 26.3676,  5.357772,  1.102, 0.1482, 1.3606,  34.3307, 18 Oct 2018 12:15:06
# 26.3567,  5.354041,  1.017, 0.1353, 1.1211,  34.3119, 18 Oct 2018 12:19:06
# 26.3564,  5.353000,  1.047, 0.1460, 1.1260,  34.3046, 18 Oct 2018 12:23:06
# 26.3847,  5.355864,  1.092, 0.1401, 1.0903,  34.3042, 18 Oct 2018 12:27:06
# 26.4072,  5.359277,  1.021, 0.1448, 1.2126,  34.3120, 18 Oct 2018 12:31:06
# 26.4218,  5.362226,  1.114, 0.1447, 1.3220,  34.3224, 18 Oct 2018 12:35:06
# 26.4200,  5.355962,  1.041, 0.1389, 1.2805,  34.2787, 18 Oct 2018 12:39:06
# 26.4409,  5.357763,  1.105, 0.1363, 1.1679,  34.2761, 18 Oct 2018 12:43:06
# 26.4831,  5.365503,  1.044, 0.1350, 1.1740,  34.3004, 18 Oct 2018 12:47:06
# 26.5130,  5.370378,  1.097, 0.1425, 1.3375,  34.3132, 18 Oct 2018 12:51:06
# 26.5793,  5.384004,  0.995, 0.1532, 1.3516,  34.3618, 18 Oct 2018 12:55:06
# 26.5980,  5.386830,  1.043, 0.1508, 1.2930,  34.3682, 18 Oct 2018 12:59:06
