# 28.8827,  5.591408,  1.045, 0.1340, 1.1234,  34.1380, 24 Oct 2018 14:03:06
# 28.8574,  5.579144,  0.950, 0.1338, 1.1733,  34.0719, 24 Oct 2018 14:07:06
# 28.8942,  5.579724,  0.978, 0.1377, 1.3747,  34.0496, 24 Oct 2018 14:11:06
# 28.8909,  5.583483,  1.002, 0.1375, 1.2338,  34.0778, 24 Oct 2018 14:15:06
# 28.9242,  5.582446,  1.069, 0.1447, 1.4694,  34.0468, 24 Oct 2018 14:19:06
# 28.8979,  5.582764,  1.183, 0.1437, 1.3650,  34.0677, 24 Oct 2018 14:23:06
# 28.9149,  5.584179,  0.996, 0.1460, 1.5962,  34.0653, 24 Oct 2018 14:27:06
# 28.9498,  5.583420,  1.149, 0.1385, 1.2214,  34.0352, 24 Oct 2018 14:31:06
# 28.9901,  5.582638,  1.049, 0.1411, 1.2699,  34.0012, 24 Oct 2018 14:35:06
# 28.9667,  5.584333,  1.096, 0.1600, 1.7946,  34.0294, 24 Oct 2018 14:39:06
# 28.9858,  5.587257,  1.067, 0.1437, 1.3194,  34.0359, 24 Oct 2018 14:43:06
# 28.9679,  5.595440,  1.046, 0.1460, 1.5528,  34.1048, 24 Oct 2018 14:47:06
# 28.9792,  5.602937,  1.127, 0.1350, 1.3157,  34.1482, 24 Oct 2018 14:51:06
# 28.8743,  5.609767,  1.087, 0.1469, 1.5064,  34.2703, 24 Oct 2018 14:55:06
# 28.8237,  5.620997,  1.095, 0.1399, 1.4179,  34.3840, 24 Oct 2018 14:59:06
