# 29.4203,  5.67564,   1.101, 0.0960, 1.1801,  34.3300, 26 Sep 2018 15:00:12
# 29.4963,  5.68222,   1.021, 0.1059, 1.5374,  34.3205, 26 Sep 2018 15:04:12
# 29.5684,  5.69023,   1.047, 0.0998, 1.2444,  34.3236, 26 Sep 2018 15:08:12
# 29.6320,  5.69459,   1.052, 0.1266, 1.8517,  34.3079, 26 Sep 2018 15:12:12
# 29.6701,  5.69704,   1.033, 0.1083, 1.5135,  34.2974, 26 Sep 2018 15:16:12
# 29.6716,  5.69670,   1.103, 0.1082, 1.4958,  34.2940, 26 Sep 2018 15:20:12
# 29.6278,  5.69193,   1.136, 0.1144, 1.7427,  34.2928, 26 Sep 2018 15:24:12
# 29.5186,  5.68040,   1.030, 0.0974, 1.1730,  34.2923, 26 Sep 2018 15:28:12
# 29.4372,  5.66596,   1.056, 0.0961, 1.0645,  34.2520, 26 Sep 2018 15:32:12
# 29.4047,  5.66318,   1.001, 0.0975, 1.1730,  34.2563, 26 Sep 2018 15:36:12
# 29.3640,  5.66147,   1.138, 0.0998, 1.1926,  34.2737, 26 Sep 2018 15:40:12
# 29.2713,  5.65767,   1.039, 0.0976, 1.3350,  34.3140, 26 Sep 2018 15:44:12
# 28.9952,  5.64491,   1.115, 0.0959, 1.1789,  34.4248, 26 Sep 2018 15:48:12
# 28.7707,  5.62939,   1.142, 0.0888, 0.8960,  34.4802, 26 Sep 2018 15:52:12
# 28.6245,  5.62304,   1.056, 0.1226, 1.3629,  34.5424, 26 Sep 2018 15:56:12
