# 27.5841,  5.446017,  0.735, 0.1263, 0.4774,  34.0638, 24 Oct 2018 11:03:06
# 27.5962,  5.415582,  0.753, 0.1231, 0.5297,  33.8409, 24 Oct 2018 11:07:06
# 27.6292,  5.410421,  0.744, 0.1363, 0.5383,  33.7809, 24 Oct 2018 11:11:06
# 27.7776,  5.498852,  0.816, 0.1202, 0.4726,  34.2941, 24 Oct 2018 11:15:06
# 27.8887,  5.535532,  0.820, 0.1243, 0.4086,  34.4701, 24 Oct 2018 11:19:06
# 27.9209,  5.537243,  0.772, 0.1302, 0.3965,  34.4585, 24 Oct 2018 11:23:06
# 27.9909,  5.559825,  0.757, 0.1279, 0.3812,  34.5653, 24 Oct 2018 11:27:06
# 28.0190,  5.553115,  0.741, 0.1265, 0.3902,  34.4978, 24 Oct 2018 11:31:06
# 28.0458,  5.544420,  0.790, 0.1337, 0.4169,  34.4174, 24 Oct 2018 11:35:06
# 28.0697,  5.539353,  0.794, 0.1166, 0.4923,  34.3645, 24 Oct 2018 11:39:06
# 28.0882,  5.533887,  0.803, 0.1266, 0.4609,  34.3130, 24 Oct 2018 11:43:06
# 28.1206,  5.520130,  0.835, 0.1328, 0.5090,  34.1934, 24 Oct 2018 11:47:06
# 28.1532,  5.530611,  0.797, 0.1267, 0.5367,  34.2429, 24 Oct 2018 11:51:06
# 28.1713,  5.533408,  0.866, 0.1190, 0.4710,  34.2492, 24 Oct 2018 11:55:06
# 28.1932,  5.543892,  0.824, 0.1189, 0.6061,  34.3064, 24 Oct 2018 11:59:06
