# 28.3618,  5.611226,  0.875, 0.1215, 0.4968,  34.6522, 23 Oct 2018 12:03:06
# 28.3729,  5.612396,  0.887, 0.1106, 0.5754,  34.6521, 23 Oct 2018 12:07:06
# 28.3869,  5.613761,  0.897, 0.1166, 0.6175,  34.6514, 23 Oct 2018 12:11:06
# 28.4204,  5.617258,  0.974, 0.1288, 0.7516,  34.6512, 23 Oct 2018 12:15:06
# 28.4411,  5.619677,  0.906, 0.1204, 0.5960,  34.6529, 23 Oct 2018 12:19:06
# 28.4495,  5.620360,  0.938, 0.1329, 0.7724,  34.6514, 23 Oct 2018 12:23:06
# 28.4406,  5.619468,  0.962, 0.1302, 0.6968,  34.6518, 23 Oct 2018 12:27:06
# 28.4659,  5.622012,  0.978, 0.1182, 0.6508,  34.6509, 23 Oct 2018 12:31:06
# 28.4637,  5.621865,  1.006, 0.1331, 0.6107,  34.6515, 23 Oct 2018 12:35:06
# 28.4565,  5.620600,  1.011, 0.1437, 1.1150,  34.6480, 23 Oct 2018 12:39:06
# 28.4818,  5.623556,  0.966, 0.1244, 0.7754,  34.6500, 23 Oct 2018 12:43:06
# 28.5195,  5.627157,  0.976, 0.1204, 0.6529,  34.6475, 23 Oct 2018 12:47:06
# 28.5437,  5.629011,  0.958, 0.1215, 0.7369,  34.6427, 23 Oct 2018 12:51:06
# 28.5768,  5.633157,  1.141, 0.1215, 0.7912,  34.6472, 23 Oct 2018 12:55:06
# 28.6164,  5.637327,  1.035, 0.1244, 0.8759,  34.6472, 23 Oct 2018 12:59:06
