# 25.7847,  5.261997,  1.069, 0.1317, 1.0931,  34.0716, 07 Nov 2018 05:03:06
# 25.7469,  5.247802,  1.048, 0.1253, 1.0185,  33.9964, 07 Nov 2018 05:07:06
# 25.7352,  5.242740,  1.022, 0.1339, 1.1803,  33.9683, 07 Nov 2018 05:11:06
# 25.7216,  5.237131,  1.035, 0.1302, 1.1294,  33.9375, 07 Nov 2018 05:15:06
# 25.7195,  5.238863,  1.069, 0.1302, 1.1875,  33.9517, 07 Nov 2018 05:19:06
# 25.7078,  5.238193,  1.104, 0.1290, 1.0978,  33.9555, 07 Nov 2018 05:23:06
# 25.7003,  5.240640,  1.034, 0.1277, 1.1516,  33.9790, 07 Nov 2018 05:27:06
# 25.6830,  5.239601,  1.049, 0.1366, 1.3265,  33.9843, 07 Nov 2018 05:31:06
# 25.6704,  5.238796,  1.018, 0.1277, 1.0304,  33.9878, 07 Nov 2018 05:35:06
# 25.6727,  5.249092,  0.965, 0.1277, 0.9641,  34.0612, 07 Nov 2018 05:39:06
# 25.6781,  5.255302,  1.018, 0.1228, 0.9073,  34.1024, 07 Nov 2018 05:43:06
# 25.6915,  5.264503,  0.984, 0.1316, 0.9644,  34.1595, 07 Nov 2018 05:47:06
# 25.6999,  5.269483,  0.963, 0.1228, 0.8495,  34.1896, 07 Nov 2018 05:51:06
# 25.7093,  5.273114,  0.947, 0.1241, 0.8791,  34.2090, 07 Nov 2018 05:55:06
# 25.7139,  5.277652,  0.955, 0.1218, 0.9294,  34.2387, 07 Nov 2018 05:59:06
