# 26.5277,  5.42783,   1.166, 0.1576, 2.4430,  34.7155, 12 Oct 2018 07:00:12
# 26.5548,  5.43050,   1.022, 0.1471, 1.8325,  34.7143, 12 Oct 2018 07:04:12
# 26.5782,  5.43215,   1.126, 0.1388, 1.7329,  34.7086, 12 Oct 2018 07:08:12
# 26.6204,  5.43510,   0.985, 0.1497, 2.3412,  34.6981, 12 Oct 2018 07:12:12
# 26.6572,  5.43800,   1.100, 0.1387, 1.6252,  34.6913, 12 Oct 2018 07:16:12
# 26.6601,  5.43851,   1.156, 0.1543, 1.6835,  34.6927, 12 Oct 2018 07:20:12
# 26.6670,  5.43969,   1.102, 0.1472, 1.7449,  34.6960, 12 Oct 2018 07:24:12
# 26.7040,  5.44274,   1.178, 0.1522, 2.3433,  34.6901, 12 Oct 2018 07:28:12
# 26.6917,  5.44239,   1.117, 0.1374, 1.7704,  34.6969, 12 Oct 2018 07:32:12
# 26.7000,  5.44317,   1.097, 0.1399, 1.5538,  34.6963, 12 Oct 2018 07:36:12
# 26.6985,  5.44344,   1.192, 0.1446, 1.8290,  34.6993, 12 Oct 2018 07:40:12
# 26.6577,  5.44094,   1.150, 0.1364, 1.7098,  34.7120, 12 Oct 2018 07:44:12
# 26.5978,  5.43686,   1.146, 0.1365, 1.5421,  34.7277, 12 Oct 2018 07:48:12
# 26.5538,  5.43354,   1.093, 0.1424, 1.6043,  34.7369, 12 Oct 2018 07:52:12
# 26.5475,  5.43335,   1.101, 0.1341, 1.5040,  34.7403, 12 Oct 2018 07:56:12
