# 27.7814,  5.55808,   0.903, 0.1048, 1.1285,  34.7073, 22 Sep 2018 18:00:12
# 27.7354,  5.55407,   0.890, 0.1034, 0.9658,  34.7132, 22 Sep 2018 18:04:12
# 27.6995,  5.54901,   0.878, 0.1019, 0.8506,  34.7041, 22 Sep 2018 18:08:12
# 27.6559,  5.54694,   0.835, 0.0999, 0.8718,  34.7218, 22 Sep 2018 18:12:12
# 27.6255,  5.54309,   0.853, 0.1033, 1.0574,  34.7172, 22 Sep 2018 18:16:12
# 27.6061,  5.54135,   0.877, 0.0997, 0.8842,  34.7193, 22 Sep 2018 18:20:12
# 27.5399,  5.53387,   0.835, 0.0962, 0.7950,  34.7156, 22 Sep 2018 18:24:12
# 27.5033,  5.53036,   0.863, 0.0948, 0.8158,  34.7179, 22 Sep 2018 18:28:12
# 27.4797,  5.52744,   0.840, 0.1012, 0.7929,  34.7148, 22 Sep 2018 18:32:12
# 27.4326,  5.52371,   0.872, 0.0962, 0.8267,  34.7234, 22 Sep 2018 18:36:12
# 27.4122,  5.52092,   0.848, 0.0962, 0.7225,  34.7188, 22 Sep 2018 18:40:12
# 27.3842,  5.51822,   0.816, 0.0949, 0.7259,  34.7205, 22 Sep 2018 18:44:12
# 27.3480,  5.51467,   0.845, 0.1048, 0.8589,  34.7223, 22 Sep 2018 18:48:12
# 27.3293,  5.51299,   0.827, 0.0937, 0.6419,  34.7242, 22 Sep 2018 18:52:12
# 27.3409,  5.51401,   0.775, 0.1035, 0.8352,  34.7229, 22 Sep 2018 18:56:12
