# 26.6703,  5.443691,  0.947, 0.1155, 0.9545,  34.7223, 15 Oct 2018 06:03:06
# 26.6686,  5.443630,  1.001, 0.1119, 0.7395,  34.7231, 15 Oct 2018 06:07:06
# 26.6539,  5.442123,  0.948, 0.1144, 0.9118,  34.7234, 15 Oct 2018 06:11:06
# 26.6499,  5.441587,  1.035, 0.1386, 1.8401,  34.7225, 15 Oct 2018 06:15:06
# 26.6206,  5.438902,  1.034, 0.1132, 0.8309,  34.7252, 15 Oct 2018 06:19:06
# 26.6047,  5.437143,  1.029, 0.1131, 0.9365,  34.7245, 15 Oct 2018 06:23:06
# 26.5819,  5.435530,  0.993, 0.1154, 0.9523,  34.7301, 15 Oct 2018 06:27:06
# 26.5698,  5.433312,  0.968, 0.1169, 1.0148,  34.7233, 15 Oct 2018 06:31:06
# 26.5738,  5.433848,  0.982, 0.1180, 1.1596,  34.7241, 15 Oct 2018 06:35:06
# 26.5747,  5.433595,  1.056, 0.1180, 0.9520,  34.7216, 15 Oct 2018 06:39:06
# 26.5742,  5.433572,  1.085, 0.1192, 0.9249,  34.7218, 15 Oct 2018 06:43:06
# 26.5601,  5.431898,  1.020, 0.1266, 0.9132,  34.7204, 15 Oct 2018 06:47:06
# 26.5328,  5.428932,  1.040, 0.1253, 1.1419,  34.7196, 15 Oct 2018 06:51:06
# 26.5522,  5.430583,  1.044, 0.1239, 1.0376,  34.7169, 15 Oct 2018 06:55:06
# 26.5796,  5.433243,  1.044, 0.1315, 1.4651,  34.7154, 15 Oct 2018 06:59:06
