# 23.8704,  5.018024,  0.710, 0.1215, 0.4759,  33.7034, 13 Nov 2018 01:03:06
# 23.8410,  5.015349,  0.715, 0.1280, 0.4353,  33.7056, 13 Nov 2018 01:07:06
# 23.8353,  5.023453,  0.706, 0.1156, 0.3941,  33.7711, 13 Nov 2018 01:11:06
# 23.8079,  5.022773,  0.722, 0.1202, 0.4051,  33.7867, 13 Nov 2018 01:15:06
# 23.8543,  5.033124,  0.717, 0.1081, 0.3603,  33.8296, 13 Nov 2018 01:19:06
# 23.8742,  5.033138,  0.716, 0.1232, 0.4013,  33.8145, 13 Nov 2018 01:23:06
# 23.8644,  5.023156,  0.724, 0.1292, 0.4280,  33.7467, 13 Nov 2018 01:27:06
# 23.8526,  5.019089,  0.730, 0.1254, 0.4475,  33.7250, 13 Nov 2018 01:31:06
# 23.8048,  5.007133,  0.681, 0.1243, 0.4859,  33.6710, 13 Nov 2018 01:35:06
# 23.8579,  5.014173,  0.750, 0.1214, 0.4075,  33.6839, 13 Nov 2018 01:39:06
# 23.8248,  5.010538,  0.733, 0.1158, 0.4807,  33.6815, 13 Nov 2018 01:43:06
# 23.8854,  5.029134,  0.757, 0.1328, 0.4774,  33.7759, 13 Nov 2018 01:47:06
# 23.8336,  5.029135,  0.732, 0.1266, 0.4710,  33.8152, 13 Nov 2018 01:51:06
# 23.8368,  5.034479,  0.744, 0.1544, 0.5863,  33.8531, 13 Nov 2018 01:55:06
# 23.8106,  5.032591,  0.785, 0.1254, 0.4340,  33.8588, 13 Nov 2018 01:59:06
