# 25.9759,  5.376803,  0.938, 0.1266, 0.6689,  34.7632, 16 Oct 2018 07:03:06
# 26.0126,  5.380343,  1.058, 0.1277, 0.9871,  34.7611, 16 Oct 2018 07:07:06
# 26.0369,  5.382605,  1.085, 0.1324, 0.9165,  34.7591, 16 Oct 2018 07:11:06
# 26.0229,  5.381409,  1.010, 0.1326, 0.8070,  34.7611, 16 Oct 2018 07:15:06
# 26.0451,  5.383526,  1.044, 0.1253, 0.9022,  34.7595, 16 Oct 2018 07:19:06
# 26.0687,  5.385925,  0.983, 0.1220, 0.7073,  34.7591, 16 Oct 2018 07:23:06
# 26.0855,  5.387723,  1.008, 0.1254, 0.6553,  34.7594, 16 Oct 2018 07:27:06
# 26.1056,  5.389764,  1.052, 0.1433, 3.1911,  34.7590, 16 Oct 2018 07:31:06
# 26.1228,  5.391509,  0.943, 0.1363, 0.9485,  34.7587, 16 Oct 2018 07:35:06
# 26.1502,  5.393955,  1.036, 0.1303, 0.9583,  34.7556, 16 Oct 2018 07:39:06
# 26.1571,  5.395213,  1.029, 0.1303, 0.9513,  34.7595, 16 Oct 2018 07:43:06
# 26.1632,  5.395686,  1.005, 0.1325, 0.8770,  34.7584, 16 Oct 2018 07:47:06
# 26.2039,  5.399566,  1.105, 0.1363, 1.3516,  34.7556, 16 Oct 2018 07:51:06
# 26.2296,  5.402235,  1.007, 0.1302, 1.0642,  34.7555, 16 Oct 2018 07:55:06
# 26.2467,  5.404066,  1.096, 0.1325, 0.9666,  34.7558, 16 Oct 2018 07:59:06
