# 23.7699,  5.013828,  1.238, 0.1672, 1.3013,  33.7479, 13 Nov 2018 08:03:06
# 23.7466,  5.009409,  1.114, 0.1941, 1.6979,  33.7322, 13 Nov 2018 08:07:06
# 23.7294,  5.004165,  1.131, 0.1543, 1.3650,  33.7056, 13 Nov 2018 08:11:06
# 23.6956,  4.996724,  1.133, 0.1843, 1.2992,  33.6750, 13 Nov 2018 08:15:06
# 23.6865,  4.992319,  1.063, 0.1782, 1.6054,  33.6487, 13 Nov 2018 08:19:06
# 23.6699,  4.987415,  1.166, 0.1650, 1.3215,  33.6241, 13 Nov 2018 08:23:06
# 23.6538,  4.980707,  1.176, 0.1675, 1.4322,  33.5856, 13 Nov 2018 08:27:06
# 23.6484,  4.976632,  1.121, 0.1569, 1.5787,  33.5588, 13 Nov 2018 08:31:06
# 23.6613,  4.977427,  1.118, 0.1647, 1.8892,  33.5551, 13 Nov 2018 08:35:06
# 23.6608,  4.975968,  1.134, 0.1673, 1.5982,  33.5444, 13 Nov 2018 08:39:06
# 23.6725,  4.977007,  1.087, 0.1952, 2.0966,  33.5434, 13 Nov 2018 08:43:06
# 23.6680,  4.974281,  1.097, 0.1711, 1.8005,  33.5262, 13 Nov 2018 08:47:06
# 23.6605,  4.971056,  1.101, 0.1485, 1.7933,  33.5074, 13 Nov 2018 08:51:06
# 23.6505,  4.967470,  1.063, 0.1881, 1.8904,  33.4879, 13 Nov 2018 08:55:06
# 23.6465,  4.964062,  1.062, 0.1904, 1.9650,  33.4651, 13 Nov 2018 08:59:06
