# 25.6572,  5.203311,  0.783, 0.1374, 0.4004,  33.7391, 04 Nov 2018 09:03:06
# 25.5869,  5.178129,  0.746, 0.1400, 0.3747,  33.6075, 04 Nov 2018 09:07:06
# 25.5902,  5.173537,  0.764, 0.1388, 0.4197,  33.5715, 04 Nov 2018 09:11:06
# 25.6146,  5.177109,  0.761, 0.1372, 0.4121,  33.5796, 04 Nov 2018 09:15:06
# 25.6147,  5.173117,  0.778, 0.1323, 0.4049,  33.5504, 04 Nov 2018 09:19:06
# 25.6545,  5.183073,  0.754, 0.1374, 0.4170,  33.5937, 04 Nov 2018 09:23:06
# 25.6876,  5.185464,  0.822, 0.1496, 0.4449,  33.5867, 04 Nov 2018 09:27:06
# 25.7129,  5.187322,  0.774, 0.1483, 0.4650,  33.5816, 04 Nov 2018 09:31:06
# 25.6892,  5.174644,  0.772, 0.1374, 0.4218,  33.5068, 04 Nov 2018 09:35:06
# 25.6655,  5.161058,  0.812, 0.1433, 0.4388,  33.4254, 04 Nov 2018 09:39:06
# 25.7059,  5.164499,  0.818, 0.1410, 0.4086,  33.4208, 04 Nov 2018 09:43:06
# 25.7435,  5.175227,  0.815, 0.1401, 0.3918,  33.4712, 04 Nov 2018 09:47:06
# 25.7757,  5.181872,  0.823, 0.1434, 0.4269,  33.4959, 04 Nov 2018 09:51:06
# 25.8739,  5.216564,  0.799, 0.1421, 0.4305,  33.6755, 04 Nov 2018 09:55:06
# 25.9242,  5.229105,  0.894, 0.1392, 0.4205,  33.7294, 04 Nov 2018 09:59:06
