# 27.3721,  5.52592,   0.881, 0.0924, 0.5138,  34.7840, 30 Sep 2018 20:00:12
# 27.3726,  5.52605,   0.827, 0.0935, 0.4255,  34.7845, 30 Sep 2018 20:04:12
# 27.3723,  5.52590,   0.824, 0.0937, 0.5052,  34.7837, 30 Sep 2018 20:08:12
# 27.3581,  5.52433,   0.832, 0.0974, 0.4353,  34.7832, 30 Sep 2018 20:12:12
# 27.3532,  5.52361,   0.873, 0.1020, 0.4351,  34.7817, 30 Sep 2018 20:16:12
# 27.3492,  5.52312,   0.846, 0.1068, 0.4725,  34.7812, 30 Sep 2018 20:20:12
# 27.3304,  5.52120,   0.809, 0.0937, 0.4558,  34.7816, 30 Sep 2018 20:24:12
# 27.3181,  5.51938,   0.912, 0.0916, 0.4930,  34.7779, 30 Sep 2018 20:28:12
# 27.3123,  5.51865,   0.839, 0.0949, 0.4473,  34.7770, 30 Sep 2018 20:32:12
# 27.2982,  5.51715,   0.849, 0.1084, 0.4046,  34.7769, 30 Sep 2018 20:36:12
# 27.2878,  5.51543,   0.836, 0.0924, 0.4424,  34.7724, 30 Sep 2018 20:40:12
# 27.2898,  5.51505,   0.829, 0.0922, 0.4281,  34.7683, 30 Sep 2018 20:44:12
# 27.2844,  5.51394,   0.835, 0.1083, 0.4132,  34.7645, 30 Sep 2018 20:48:12
# 27.2747,  5.51272,   0.856, 0.0922, 0.3677,  34.7630, 30 Sep 2018 20:52:12
# 27.2697,  5.51196,   0.917, 0.1020, 0.4219,  34.7613, 30 Sep 2018 20:56:12
