# 26.4389,  5.404581,  0.801, 0.1302, 0.6360,  34.6148, 23 Oct 2018 07:03:06
# 26.4296,  5.404177,  0.798, 0.1228, 0.6198,  34.6189, 23 Oct 2018 07:07:06
# 26.4186,  5.403353,  0.786, 0.1219, 0.5583,  34.6212, 23 Oct 2018 07:11:06
# 26.4162,  5.402781,  0.825, 0.1239, 0.5791,  34.6189, 23 Oct 2018 07:15:06
# 26.4212,  5.403315,  0.892, 0.1267, 0.5112,  34.6190, 23 Oct 2018 07:19:06
# 26.4312,  5.404314,  0.787, 0.1206, 0.5334,  34.6187, 23 Oct 2018 07:23:06
# 26.4165,  5.402758,  0.710, 0.1266, 0.5656,  34.6186, 23 Oct 2018 07:27:06
# 26.4449,  5.405519,  0.803, 0.1278, 0.7639,  34.6171, 23 Oct 2018 07:31:06
# 26.4639,  5.407655,  0.827, 0.1278, 0.5149,  34.6182, 23 Oct 2018 07:35:06
# 26.4238,  5.404505,  0.789, 0.1227, 0.4786,  34.6256, 23 Oct 2018 07:39:06
# 26.4176,  5.403323,  0.764, 0.1238, 0.4797,  34.6217, 23 Oct 2018 07:43:06
# 26.4164,  5.403475,  0.784, 0.1218, 0.4932,  34.6238, 23 Oct 2018 07:47:06
# 26.4200,  5.403628,  0.773, 0.1205, 0.4665,  34.6221, 23 Oct 2018 07:51:06
# 26.4198,  5.403223,  0.796, 0.1305, 0.4700,  34.6194, 23 Oct 2018 07:55:06
# 26.3978,  5.398342,  0.739, 0.1205, 0.5436,  34.6007, 23 Oct 2018 07:59:06
