# 26.9385,  5.399637,  0.729, 0.1144, 0.3599,  34.2078, 15 Oct 2018 18:03:06
# 26.9154,  5.394033,  0.698, 0.1242, 0.3847,  34.1849, 15 Oct 2018 18:07:06
# 26.8769,  5.393859,  0.705, 0.1142, 0.3662,  34.2120, 15 Oct 2018 18:11:06
# 26.8597,  5.378021,  0.703, 0.1218, 0.4085,  34.1117, 15 Oct 2018 18:15:06
# 26.7814,  5.388289,  0.722, 0.1180, 0.4313,  34.2427, 15 Oct 2018 18:19:06
# 26.6719,  5.422488,  0.752, 0.1142, 0.3799,  34.5690, 15 Oct 2018 18:23:06
# 26.6458,  5.429114,  0.710, 0.1092, 0.3651,  34.6361, 15 Oct 2018 18:27:06
# 26.6147,  5.424429,  0.746, 0.1142, 0.3332,  34.6258, 15 Oct 2018 18:31:06
# 26.5854,  5.434558,  0.791, 0.1106, 0.4110,  34.7206, 15 Oct 2018 18:35:06
# 26.5422,  5.430652,  0.724, 0.1109, 0.3652,  34.7249, 15 Oct 2018 18:39:06
# 26.5419,  5.432785,  0.717, 0.1106, 0.3637,  34.7405, 15 Oct 2018 18:43:06
# 26.5397,  5.418693,  0.794, 0.1106, 0.3597,  34.6408, 15 Oct 2018 18:47:06
# 26.5269,  5.422169,  0.761, 0.1094, 0.4428,  34.6754, 15 Oct 2018 18:51:06
# 26.5062,  5.416243,  0.737, 0.1121, 0.3563,  34.6483, 15 Oct 2018 18:55:06
# 26.4869,  5.401247,  0.738, 0.1118, 0.3455,  34.5548, 15 Oct 2018 18:59:06
