# 26.0059,  5.375494,  0.799, 0.1120, 0.4084,  34.7310, 16 Oct 2018 23:03:06
# 26.0348,  5.378500,  0.819, 0.1106, 0.3811,  34.7309, 16 Oct 2018 23:07:06
# 26.0371,  5.378744,  0.758, 0.1094, 0.3966,  34.7310, 16 Oct 2018 23:11:06
# 26.0374,  5.378500,  0.787, 0.1095, 0.4015,  34.7290, 16 Oct 2018 23:15:06
# 26.0340,  5.377838,  0.822, 0.1144, 0.3686,  34.7267, 16 Oct 2018 23:19:06
# 26.0358,  5.377366,  0.755, 0.1131, 0.4048,  34.7219, 16 Oct 2018 23:23:06
# 26.0241,  5.376133,  0.811, 0.1131, 0.3878,  34.7218, 16 Oct 2018 23:27:06
# 26.0088,  5.374428,  0.828, 0.1131, 0.3902,  34.7210, 16 Oct 2018 23:31:06
# 26.0078,  5.373857,  0.835, 0.1120, 0.3952,  34.7177, 16 Oct 2018 23:35:06
# 25.9831,  5.371498,  0.761, 0.1141, 0.4232,  34.7192, 16 Oct 2018 23:39:06
# 25.9733,  5.370456,  0.778, 0.1143, 0.4135,  34.7191, 16 Oct 2018 23:43:06
# 25.9666,  5.369536,  0.865, 0.1179, 0.4546,  34.7174, 16 Oct 2018 23:47:06
# 25.9583,  5.368395,  0.795, 0.1180, 0.4535,  34.7154, 16 Oct 2018 23:51:06
# 25.9445,  5.367018,  0.839, 0.1143, 0.4257,  34.7159, 16 Oct 2018 23:55:06
# 25.9352,  5.365824,  0.801, 0.1169, 0.4232,  34.7142, 16 Oct 2018 23:59:06
