# 27.2302,  5.488605,  0.893, 0.1202, 0.4955,  34.6248, 21 Oct 2018 10:03:06
# 27.2603,  5.492007,  0.767, 0.1180, 0.5522,  34.6267, 21 Oct 2018 10:07:06
# 27.2794,  5.493950,  0.925, 0.1483, 1.0000,  34.6263, 21 Oct 2018 10:11:06
# 27.3145,  5.497677,  0.915, 0.1302, 0.6225,  34.6266, 21 Oct 2018 10:15:06
# 27.3466,  5.501158,  0.903, 0.1233, 0.6556,  34.6275, 21 Oct 2018 10:19:06
# 27.3729,  5.503887,  0.914, 0.1180, 0.5999,  34.6273, 21 Oct 2018 10:23:06
# 27.3978,  5.506408,  0.896, 0.1290, 0.6748,  34.6267, 21 Oct 2018 10:27:06
# 27.4252,  5.509669,  0.880, 0.1264, 0.8913,  34.6295, 21 Oct 2018 10:31:06
# 27.4683,  5.514223,  0.883, 0.1315, 0.5695,  34.6298, 21 Oct 2018 10:35:06
# 27.5072,  5.518332,  0.912, 0.1244, 0.6348,  34.6300, 21 Oct 2018 10:39:06
# 27.5370,  5.521688,  0.929, 0.1329, 0.7709,  34.6316, 21 Oct 2018 10:43:06
# 27.5591,  5.524221,  0.861, 0.1193, 0.6822,  34.6332, 21 Oct 2018 10:47:06
# 27.5912,  5.527540,  0.854, 0.1363, 0.8562,  34.6328, 21 Oct 2018 10:51:06
# 27.6151,  5.529981,  1.005, 0.1350, 0.8769,  34.6324, 21 Oct 2018 10:55:06
# 27.6438,  5.531784,  0.919, 0.1328, 0.6858,  34.6239, 21 Oct 2018 10:59:06
