# 28.3019,  5.60631,   1.015, 0.0784, 0.8498,  34.6618, 20 Sep 2018 11:00:12
# 28.3322,  5.60955,   1.027, 0.0900, 0.9962,  34.6621, 20 Sep 2018 11:04:12
# 28.3554,  5.61230,   1.090, 0.0747, 0.6483,  34.6643, 20 Sep 2018 11:08:12
# 28.3828,  5.61500,   1.064, 0.0829, 0.9390,  34.6630, 20 Sep 2018 11:12:12
# 28.4221,  5.61901,   1.020, 0.1363, 2.0829,  34.6621, 20 Sep 2018 11:16:12
# 28.4462,  5.62171,   1.039, 0.1118, 1.4718,  34.6632, 20 Sep 2018 11:20:12
# 28.4727,  5.62453,   1.286, 0.0911, 1.5341,  34.6634, 20 Sep 2018 11:24:12
# 28.4977,  5.62718,   1.105, 0.0840, 1.0402,  34.6635, 20 Sep 2018 11:28:12
# 28.5388,  5.63151,   1.053, 0.0877, 1.2279,  34.6635, 20 Sep 2018 11:32:12
# 28.5695,  5.63504,   1.062, 0.0961, 1.3747,  34.6655, 20 Sep 2018 11:36:12
# 28.6034,  5.63842,   1.099, 0.0948, 1.5091,  34.6642, 20 Sep 2018 11:40:12
# 28.6325,  5.64115,   1.187, 0.0887, 1.3998,  34.6618, 20 Sep 2018 11:44:12
# 28.6630,  5.64442,   1.233, 0.0963, 1.3689,  34.6622, 20 Sep 2018 11:48:12
# 28.6994,  5.64776,   1.136, 0.0999, 1.4935,  34.6588, 20 Sep 2018 11:52:12
# 28.7296,  5.65091,   1.334, 0.0927, 1.1202,  34.6585, 20 Sep 2018 11:56:12
