# 26.7417,  5.401356,  0.724, 0.1118, 0.5064,  34.3656, 30 Oct 2018 19:03:06
# 26.7375,  5.392977,  0.756, 0.1083, 0.5412,  34.3088, 30 Oct 2018 19:07:06
# 26.7340,  5.393305,  0.740, 0.1132, 0.5864,  34.3137, 30 Oct 2018 19:11:06
# 26.7318,  5.398138,  0.770, 0.1106, 0.6084,  34.3499, 30 Oct 2018 19:15:06
# 26.7199,  5.396385,  0.803, 0.1154, 0.7259,  34.3462, 30 Oct 2018 19:19:06
# 26.7087,  5.392025,  0.716, 0.1095, 0.6943,  34.3233, 30 Oct 2018 19:23:06
# 26.7071,  5.386881,  0.772, 0.1083, 0.6601,  34.2876, 30 Oct 2018 19:27:06
# 26.7010,  5.389365,  0.832, 0.1070, 0.5573,  34.3099, 30 Oct 2018 19:31:06
# 26.7068,  5.392459,  0.748, 0.1083, 0.6977,  34.3278, 30 Oct 2018 19:35:06
# 26.7009,  5.387034,  0.782, 0.1095, 0.6320,  34.2933, 30 Oct 2018 19:39:06
# 26.7025,  5.389030,  0.757, 0.1069, 0.5804,  34.3064, 30 Oct 2018 19:43:06
# 26.7014,  5.383415,  0.787, 0.1119, 0.6059,  34.2670, 30 Oct 2018 19:47:06
# 26.6915,  5.379943,  0.812, 0.1069, 0.6396,  34.2495, 30 Oct 2018 19:51:06
# 26.6885,  5.382220,  0.803, 0.1085, 0.6786,  34.2680, 30 Oct 2018 19:55:06
# 26.6749,  5.376806,  0.724, 0.1085, 0.6407,  34.2394, 30 Oct 2018 19:59:06
