# 26.8560,  5.45980,   0.955, 0.0922, 0.5188,  34.6986, 22 Sep 2018 00:00:12
# 26.8633,  5.46053,   0.889, 0.0915, 0.6095,  34.6984, 22 Sep 2018 00:04:12
# 26.8555,  5.45973,   0.949, 0.0970, 0.6910,  34.6985, 22 Sep 2018 00:08:12
# 26.8579,  5.45997,   0.923, 0.0937, 0.5476,  34.6984, 22 Sep 2018 00:12:12
# 26.8627,  5.46036,   0.988, 0.0963, 0.7553,  34.6976, 22 Sep 2018 00:16:12
# 26.8684,  5.46074,   0.957, 0.0938, 0.5720,  34.6960, 22 Sep 2018 00:20:12
# 26.8786,  5.46147,   0.917, 0.0950, 0.7126,  34.6936, 22 Sep 2018 00:24:12
# 26.8880,  5.46232,   0.943, 0.0949, 0.6061,  34.6927, 22 Sep 2018 00:28:12
# 26.8835,  5.46195,   0.976, 0.0937, 0.6515,  34.6933, 22 Sep 2018 00:32:12
# 26.8832,  5.46182,   0.868, 0.0902, 0.5914,  34.6927, 22 Sep 2018 00:36:12
# 26.8936,  5.46258,   0.955, 0.0951, 0.7077,  34.6903, 22 Sep 2018 00:40:12
# 26.8806,  5.46149,   0.904, 0.0901, 0.6783,  34.6923, 22 Sep 2018 00:44:12
# 26.8728,  5.46067,   0.920, 0.0924, 0.8374,  34.6922, 22 Sep 2018 00:48:12
# 26.8712,  5.46041,   0.966, 0.0888, 0.5669,  34.6915, 22 Sep 2018 00:52:12
# 26.8755,  5.46059,   1.039, 0.0964, 0.9229,  34.6896, 22 Sep 2018 00:56:12
