# 27.3634,  5.51637,   0.862, 0.0974, 0.6992,  34.7228, 22 Sep 2018 19:00:12
# 27.4081,  5.52104,   0.759, 0.0961, 0.7225,  34.7227, 22 Sep 2018 19:04:12
# 27.4482,  5.52512,   0.821, 0.1012, 0.8022,  34.7218, 22 Sep 2018 19:08:12
# 27.4785,  5.52817,   0.794, 0.0999, 0.7198,  34.7209, 22 Sep 2018 19:12:12
# 27.4850,  5.52863,   0.793, 0.1034, 0.7998,  34.7193, 22 Sep 2018 19:16:12
# 27.5203,  5.53141,   0.767, 0.1021, 0.7259,  34.7127, 22 Sep 2018 19:20:12
# 27.5874,  5.53596,   0.800, 0.0999, 0.7767,  34.6951, 22 Sep 2018 19:24:12
# 27.6275,  5.53772,   0.811, 0.1045, 0.7661,  34.6778, 22 Sep 2018 19:28:12
# 27.6918,  5.54063,   0.746, 0.0986, 0.7948,  34.6508, 22 Sep 2018 19:32:12
# 27.7123,  5.54002,   0.768, 0.1020, 0.8156,  34.6313, 22 Sep 2018 19:36:12
# 27.7131,  5.53680,   0.713, 0.1048, 0.8498,  34.6081, 22 Sep 2018 19:40:12
# 27.6688,  5.53028,   0.754, 0.1083, 0.9145,  34.5948, 22 Sep 2018 19:44:12
# 27.5505,  5.51811,   0.775, 0.1047, 0.9191,  34.5964, 22 Sep 2018 19:48:12
# 27.4189,  5.50590,   0.744, 0.1059, 0.8411,  34.6076, 22 Sep 2018 19:52:12
# 27.3443,  5.49685,   0.748, 0.1011, 0.7659,  34.5987, 22 Sep 2018 19:56:12
