# 24.6713,  4.958387,  0.747, 0.1094, 0.4847,  32.6646, 11 Nov 2018 18:03:06
# 24.5908,  4.945588,  0.747, 0.1109, 0.5078,  32.6284, 11 Nov 2018 18:07:06
# 24.4967,  4.931541,  0.725, 0.1227, 0.5077,  32.5927, 11 Nov 2018 18:11:06
# 24.4818,  4.928378,  0.756, 0.1156, 0.5196,  32.5800, 11 Nov 2018 18:15:06
# 24.4586,  4.922488,  0.722, 0.1119, 0.4749,  32.5532, 11 Nov 2018 18:19:06
# 24.4405,  4.920508,  0.737, 0.1157, 0.4933,  32.5517, 11 Nov 2018 18:23:06
# 24.4339,  4.920179,  0.712, 0.1130, 0.5029,  32.5540, 11 Nov 2018 18:27:06
# 24.4277,  4.923640,  0.728, 0.1215, 0.5382,  32.5842, 11 Nov 2018 18:31:06
# 24.4179,  4.924352,  0.740, 0.1196, 0.4993,  32.5966, 11 Nov 2018 18:35:06
# 24.4045,  4.925848,  0.715, 0.1033, 0.4559,  32.6175, 11 Nov 2018 18:39:06
# 24.3879,  4.924279,  0.737, 0.1167, 0.4992,  32.6179, 11 Nov 2018 18:43:06
# 24.3767,  4.924257,  0.695, 0.1059, 0.4501,  32.6258, 11 Nov 2018 18:47:06
# 24.3654,  4.920906,  0.757, 0.1044, 0.4618,  32.6092, 11 Nov 2018 18:51:06
# 24.3414,  4.919322,  0.727, 0.1167, 0.4849,  32.6148, 11 Nov 2018 18:55:06
# 24.3828,  4.923758,  0.717, 0.1207, 0.4627,  32.6177, 11 Nov 2018 18:59:06
