# 26.7783,  5.40270,   0.809, 0.0915, 0.6094,  34.3481, 17 Sep 2018 19:00:12
# 26.7529,  5.38876,   0.758, 0.0973, 0.6143,  34.2672, 17 Sep 2018 19:04:12
# 26.7548,  5.38013,   0.771, 0.0973, 0.7369,  34.2041, 17 Sep 2018 19:08:12
# 26.7681,  5.37401,   0.793, 0.0988, 0.8304,  34.1504, 17 Sep 2018 19:12:12
# 26.7514,  5.37270,   0.847, 0.0996, 0.8795,  34.1534, 17 Sep 2018 19:16:12
# 26.7325,  5.37471,   0.792, 0.0997, 0.8181,  34.1818, 17 Sep 2018 19:20:12
# 26.7439,  5.36889,   0.842, 0.1011, 1.0356,  34.1317, 17 Sep 2018 19:24:12
# 26.7362,  5.36354,   0.786, 0.1020, 0.8914,  34.0991, 17 Sep 2018 19:28:12
# 26.7395,  5.35892,   0.850, 0.0999, 0.8386,  34.0637, 17 Sep 2018 19:32:12
# 26.7084,  5.35641,   0.815, 0.1047, 1.0426,  34.0685, 17 Sep 2018 19:36:12
# 26.7167,  5.35152,   0.798, 0.1096, 1.0871,  34.0275, 17 Sep 2018 19:40:12
# 26.6745,  5.34938,   0.787, 0.1019, 1.1597,  34.0432, 17 Sep 2018 19:44:12
# 26.6483,  5.35143,   0.828, 0.0999, 0.8193,  34.0772, 17 Sep 2018 19:48:12
# 26.6422,  5.34929,   0.795, 0.1068, 0.8242,  34.0664, 17 Sep 2018 19:52:12
# 26.6508,  5.34314,   0.750, 0.0999, 0.8194,  34.0161, 17 Sep 2018 19:56:12
