# 28.1572,  5.58075,   1.134, 0.0997, 1.2661,  34.5895, 21 Sep 2018 12:00:12
# 28.1861,  5.58583,   1.140, 0.0900, 0.9829,  34.6039, 21 Sep 2018 12:04:12
# 28.1935,  5.58524,   1.208, 0.0901, 0.9144,  34.5942, 21 Sep 2018 12:08:12
# 28.2218,  5.59184,   1.246, 0.0912, 0.8121,  34.6195, 21 Sep 2018 12:12:12
# 28.2547,  5.59590,   1.161, 0.0948, 1.1575,  34.6238, 21 Sep 2018 12:16:12
# 28.2616,  5.59333,   1.105, 0.0926, 1.0775,  34.6009, 21 Sep 2018 12:20:12
# 28.2722,  5.58699,   1.087, 0.1082, 1.4744,  34.5489, 21 Sep 2018 12:24:12
# 28.2726,  5.58057,   1.149, 0.1569, 2.5550,  34.5040, 21 Sep 2018 12:28:12
# 28.2745,  5.57286,   1.242, 0.1302, 1.6350,  34.4488, 21 Sep 2018 12:32:12
# 28.2897,  5.57496,   1.123, 0.1338, 1.6989,  34.4524, 21 Sep 2018 12:36:12
# 28.3055,  5.56341,   1.204, 0.1508, 1.8847,  34.3606, 21 Sep 2018 12:40:12
# 28.3197,  5.56152,   1.279, 0.1771, 2.3304,  34.3371, 21 Sep 2018 12:44:12
# 28.3483,  5.55474,   1.123, 0.1929, 2.5360,  34.2693, 21 Sep 2018 12:48:12
# 28.3982,  5.55211,   1.168, 0.1906, 2.5857,  34.2150, 21 Sep 2018 12:52:12
# 28.4492,  5.55427,   1.219, 0.2231, 4.3881,  34.1931, 21 Sep 2018 12:56:12
