# 26.4800,  5.41324,   1.029, 0.1144, 1.4765,  34.6463, 09 Oct 2018 06:00:12
# 26.3875,  5.39915,   1.035, 0.1217, 1.6210,  34.6142, 09 Oct 2018 06:04:12
# 26.3411,  5.39102,   0.996, 0.1218, 1.5004,  34.5904, 09 Oct 2018 06:08:12
# 26.3106,  5.38688,   0.992, 0.2074, 1.6011,  34.5835, 09 Oct 2018 06:12:12
# 26.2992,  5.38908,   0.894, 0.1193, 1.3064,  34.6079, 09 Oct 2018 06:16:12
# 26.3226,  5.39589,   0.967, 0.1253, 1.1112,  34.6395, 09 Oct 2018 06:20:12
# 26.3563,  5.40211,   0.939, 0.1316, 1.1765,  34.6590, 09 Oct 2018 06:24:12
# 26.3840,  5.40645,   1.000, 0.1318, 1.0497,  34.6695, 09 Oct 2018 06:28:12
# 26.3959,  5.40796,   0.876, 0.1192, 1.0294,  34.6715, 09 Oct 2018 06:32:12
# 26.3962,  5.40777,   0.969, 0.1253, 1.2404,  34.6698, 09 Oct 2018 06:36:12
# 26.4012,  5.40884,   0.905, 0.1239, 1.2856,  34.6739, 09 Oct 2018 06:40:12
# 26.4019,  5.40942,   0.847, 0.1238, 1.1740,  34.6775, 09 Oct 2018 06:44:12
# 26.4120,  5.41156,   0.915, 0.1205, 0.9083,  34.6853, 09 Oct 2018 06:48:12
# 26.4294,  5.41450,   0.945, 0.1168, 0.8623,  34.6934, 09 Oct 2018 06:52:12
# 26.4385,  5.41491,   0.866, 0.1168, 0.8755,  34.6895, 09 Oct 2018 06:56:12
