# 27.3582,  5.433497,  1.095, 0.1266, 1.2226,  34.1400, 31 Oct 2018 11:03:06
# 27.3899,  5.436694,  1.210, 0.1279, 1.2335,  34.1394, 31 Oct 2018 11:07:06
# 27.4110,  5.437542,  1.131, 0.1328, 1.0844,  34.1300, 31 Oct 2018 11:11:06
# 27.4147,  5.434039,  1.108, 0.1458, 1.1755,  34.1026, 31 Oct 2018 11:15:06
# 27.4434,  5.439653,  1.123, 0.2471, 3.8893,  34.1212, 31 Oct 2018 11:19:06
# 27.4681,  5.443157,  1.059, 0.1398, 1.2201,  34.1280, 31 Oct 2018 11:23:06
# 27.5014,  5.447197,  1.025, 0.1520, 1.6847,  34.1322, 31 Oct 2018 11:27:06
# 27.5324,  5.451155,  1.103, 0.1243, 1.0642,  34.1375, 31 Oct 2018 11:31:06
# 27.5676,  5.455305,  1.053, 0.1314, 1.1575,  34.1410, 31 Oct 2018 11:35:06
# 27.5984,  5.457993,  1.024, 0.1338, 1.0755,  34.1375, 31 Oct 2018 11:39:06
# 27.6224,  5.460269,  1.018, 0.1240, 0.9863,  34.1360, 31 Oct 2018 11:43:06
# 27.6495,  5.461034,  1.153, 0.1302, 0.9584,  34.1217, 31 Oct 2018 11:47:06
# 27.6792,  5.460291,  1.097, 0.1437, 1.3015,  34.0949, 31 Oct 2018 11:51:06
# 27.7086,  5.461148,  1.085, 0.1289, 1.0860,  34.0796, 31 Oct 2018 11:55:06
# 27.7514,  5.465332,  1.072, 0.1288, 1.2660,  34.0778, 31 Oct 2018 11:59:06
