# 27.5357,  5.495252,  0.985, 0.1351, 1.4239,  34.4460, 20 Oct 2018 11:03:06
# 27.6071,  5.505074,  0.960, 0.1337, 1.0538,  34.4627, 20 Oct 2018 11:07:06
# 27.6474,  5.506858,  1.115, 0.2425, 4.1637,  34.4456, 20 Oct 2018 11:11:06
# 27.6985,  5.517074,  0.995, 0.1277, 1.2659,  34.4800, 20 Oct 2018 11:15:06
# 27.7259,  5.524295,  1.038, 0.1315, 1.2970,  34.5106, 20 Oct 2018 11:19:06
# 27.7982,  5.535234,  1.002, 0.1364, 1.1899,  34.5344, 20 Oct 2018 11:23:06
# 27.8473,  5.543675,  0.989, 0.1415, 1.5267,  34.5575, 20 Oct 2018 11:27:06
# 27.8825,  5.549723,  1.135, 0.1315, 1.1635,  34.5740, 20 Oct 2018 11:31:06
# 27.9091,  5.551080,  1.166, 0.1772, 1.8845,  34.5640, 20 Oct 2018 11:35:06
# 27.9294,  5.547708,  1.030, 0.1329, 1.3507,  34.5255, 20 Oct 2018 11:39:06
# 27.9622,  5.554753,  1.082, 0.1588, 1.9361,  34.5508, 20 Oct 2018 11:43:06
# 27.9938,  5.562258,  1.042, 0.1482, 1.8404,  34.5801, 20 Oct 2018 11:47:06
# 28.0152,  5.563933,  1.002, 0.1389, 1.5041,  34.5762, 20 Oct 2018 11:51:06
# 28.0459,  5.565617,  1.101, 0.1626, 2.0088,  34.5654, 20 Oct 2018 11:55:06
# 28.0634,  5.563847,  1.016, 0.1891, 3.1413,  34.5402, 20 Oct 2018 11:59:06
