# 27.8348,  5.561666,  0.744, 0.1135, 0.4183,  34.6932, 15 Oct 2018 14:03:06
# 27.8355,  5.550788,  0.763, 0.1047, 0.3940,  34.6162, 15 Oct 2018 14:07:06
# 27.8362,  5.552663,  0.770, 0.1155, 0.4097,  34.6289, 15 Oct 2018 14:11:06
# 27.8386,  5.558793,  0.722, 0.1189, 0.3929,  34.6702, 15 Oct 2018 14:15:06
# 27.8342,  5.561241,  0.721, 0.1118, 0.3880,  34.6906, 15 Oct 2018 14:19:06
# 27.8368,  5.560878,  0.759, 0.1167, 0.3735,  34.6861, 15 Oct 2018 14:23:06
# 27.8350,  5.552717,  0.774, 0.1190, 0.3978,  34.6302, 15 Oct 2018 14:27:06
# 27.8246,  5.551714,  0.755, 0.1133, 0.3688,  34.6307, 15 Oct 2018 14:31:06
# 27.7957,  5.558631,  0.785, 0.1216, 0.3358,  34.7007, 15 Oct 2018 14:35:06
# 27.7927,  5.560794,  0.853, 0.1142, 0.3426,  34.7181, 15 Oct 2018 14:39:06
# 27.7996,  5.555574,  0.797, 0.1204, 0.3513,  34.6763, 15 Oct 2018 14:43:06
# 27.7929,  5.546445,  0.715, 0.1216, 0.3610,  34.6171, 15 Oct 2018 14:47:06
# 27.7945,  5.542835,  0.752, 0.1218, 0.3649,  34.5906, 15 Oct 2018 14:51:06
# 27.7731,  5.550527,  0.764, 0.1204, 0.3316,  34.6604, 15 Oct 2018 14:55:06
# 27.7667,  5.542003,  0.775, 0.1218, 0.3663,  34.6052, 15 Oct 2018 14:59:06
