# 26.6347,  5.43738,   0.997, 0.0975, 0.9294,  34.7037, 29 Sep 2018 08:00:12
# 26.6476,  5.44073,   1.078, 0.1008, 0.9487,  34.7181, 29 Sep 2018 08:04:12
# 26.6313,  5.43480,   1.042, 0.0951, 0.9496,  34.6877, 29 Sep 2018 08:08:12
# 26.6501,  5.43944,   1.048, 0.0989, 0.9706,  34.7069, 29 Sep 2018 08:12:12
# 26.6552,  5.44109,   1.045, 0.0950, 0.9190,  34.7150, 29 Sep 2018 08:16:12
# 26.6678,  5.44494,   1.069, 0.0937, 0.8746,  34.7332, 29 Sep 2018 08:20:12
# 26.6554,  5.43858,   1.074, 0.1037, 0.9754,  34.6968, 29 Sep 2018 08:24:12
# 26.6589,  5.44033,   1.065, 0.0925, 0.8240,  34.7067, 29 Sep 2018 08:28:12
# 26.6495,  5.43600,   1.055, 0.0971, 0.8044,  34.6827, 29 Sep 2018 08:32:12
# 26.6289,  5.42600,   1.056, 0.0987, 0.8600,  34.6263, 29 Sep 2018 08:36:12
# 26.6233,  5.42031,   1.055, 0.0973, 0.8498,  34.5897, 29 Sep 2018 08:40:12
# 26.6345,  5.42086,   1.071, 0.0913, 0.9010,  34.5852, 29 Sep 2018 08:44:12
# 26.6399,  5.41732,   1.072, 0.1020, 1.1584,  34.5558, 29 Sep 2018 08:48:12
# 26.6525,  5.41649,   0.984, 0.0973, 1.1221,  34.5404, 29 Sep 2018 08:52:12
# 26.6753,  5.41732,   1.075, 0.0999, 1.0314,  34.5293, 29 Sep 2018 08:56:12
