# 27.0242,  5.48068,   1.118, 0.1006, 1.2104,  34.7219, 01 Oct 2018 09:00:12
# 27.0566,  5.48419,   1.237, 0.1083, 1.1039,  34.7226, 01 Oct 2018 09:04:12
# 27.0898,  5.48779,   1.175, 0.1134, 1.1668,  34.7235, 01 Oct 2018 09:08:12
# 27.1351,  5.49300,   1.172, 0.1019, 1.0352,  34.7268, 01 Oct 2018 09:12:12
# 27.1630,  5.49609,   1.261, 0.1022, 1.2562,  34.7280, 01 Oct 2018 09:16:12
# 27.1890,  5.49888,   1.227, 0.1012, 1.2017,  34.7284, 01 Oct 2018 09:20:12
# 27.1942,  5.49923,   1.161, 0.0987, 1.2312,  34.7270, 01 Oct 2018 09:24:12
# 27.1839,  5.49687,   1.265, 0.0986, 1.0243,  34.7179, 01 Oct 2018 09:28:12
# 27.1812,  5.49526,   1.264, 0.1142, 1.5051,  34.7085, 01 Oct 2018 09:32:12
# 27.1686,  5.49176,   1.209, 0.1180, 1.4955,  34.6930, 01 Oct 2018 09:36:12
# 27.1726,  5.48958,   1.140, 0.1084, 1.4214,  34.6746, 01 Oct 2018 09:40:12
# 27.1912,  5.49034,   1.167, 0.1009, 1.0612,  34.6661, 01 Oct 2018 09:44:12
# 27.2389,  5.49545,   1.189, 0.0973, 1.2464,  34.6669, 01 Oct 2018 09:48:12
# 27.2886,  5.50117,   1.137, 0.1143, 1.3245,  34.6706, 01 Oct 2018 09:52:12
# 27.3404,  5.50740,   1.127, 0.1035, 1.3458,  34.6763, 01 Oct 2018 09:56:12
