# 28.7339,  5.607994,  0.943, 0.1184, 0.5370,  34.3593, 25 Oct 2018 13:03:06
# 28.7729,  5.608001,  0.941, 0.1191, 0.5888,  34.3312, 25 Oct 2018 13:07:06
# 28.7704,  5.605862,  0.786, 0.1228, 0.5560,  34.3182, 25 Oct 2018 13:11:06
# 28.7257,  5.621759,  0.933, 0.1262, 0.7002,  34.4602, 25 Oct 2018 13:15:06
# 28.7733,  5.621518,  0.786, 0.1130, 0.5039,  34.4241, 25 Oct 2018 13:19:06
# 28.8139,  5.625731,  0.867, 0.1215, 0.5148,  34.4238, 25 Oct 2018 13:23:06
# 28.8840,  5.616939,  0.821, 0.1216, 0.5741,  34.3127, 25 Oct 2018 13:27:06
# 28.9010,  5.634044,  0.876, 0.1204, 0.5345,  34.4181, 25 Oct 2018 13:31:06
# 28.9720,  5.619272,  0.881, 0.1225, 0.6133,  34.2655, 25 Oct 2018 13:35:06
# 28.9950,  5.628460,  0.837, 0.1144, 0.6226,  34.3121, 25 Oct 2018 13:39:06
# 29.0230,  5.623888,  0.823, 0.1182, 0.5716,  34.2606, 25 Oct 2018 13:43:06
# 29.0539,  5.627038,  0.874, 0.1253, 0.6212,  34.2601, 25 Oct 2018 13:47:06
# 29.0488,  5.623499,  0.927, 0.1360, 1.0845,  34.2394, 25 Oct 2018 13:51:06
# 29.0700,  5.623134,  0.904, 0.1193, 0.6493,  34.2217, 25 Oct 2018 13:55:06
# 29.0895,  5.619518,  0.923, 0.1329, 0.8007,  34.1830, 25 Oct 2018 13:59:06
