# 26.9826,  5.424774,  0.594, 0.1059, 0.3917,  34.3544, 04 Nov 2018 18:03:06
# 26.9654,  5.420764,  0.614, 0.1036, 0.3713,  34.3385, 04 Nov 2018 18:07:06
# 26.9307,  5.427259,  0.594, 0.1020, 0.3664,  34.4105, 04 Nov 2018 18:11:06
# 26.8869,  5.422660,  0.622, 0.1046, 0.3527,  34.4102, 04 Nov 2018 18:15:06
# 26.8625,  5.421651,  0.615, 0.1093, 0.4452,  34.4211, 04 Nov 2018 18:19:06
# 26.8537,  5.409518,  0.588, 0.1073, 0.4014,  34.3410, 04 Nov 2018 18:23:06
# 26.8198,  5.403041,  0.607, 0.1135, 0.4652,  34.3198, 04 Nov 2018 18:27:06
# 26.7771,  5.408360,  0.572, 0.1093, 0.4677,  34.3895, 04 Nov 2018 18:31:06
# 26.7289,  5.402409,  0.565, 0.1048, 0.4302,  34.3827, 04 Nov 2018 18:35:06
# 26.7044,  5.395806,  0.562, 0.1083, 0.4063,  34.3536, 04 Nov 2018 18:39:06
# 26.6686,  5.390539,  0.541, 0.1009, 0.3600,  34.3424, 04 Nov 2018 18:43:06
# 26.6671,  5.358656,  0.557, 0.1168, 0.5413,  34.1152, 04 Nov 2018 18:47:06
# 26.6377,  5.370163,  0.547, 0.1059, 0.3724,  34.2194, 04 Nov 2018 18:51:06
# 26.6144,  5.367333,  0.525, 0.1107, 0.4688,  34.2163, 04 Nov 2018 18:55:06
# 26.5875,  5.361782,  0.540, 0.1133, 0.5201,  34.1964, 04 Nov 2018 18:59:06
