# 25.6522,  5.322019,  0.774, 0.1084, 0.3919,  34.6094, 18 Oct 2018 04:03:06
# 25.6484,  5.320686,  0.800, 0.1080, 0.3722,  34.6025, 18 Oct 2018 04:07:06
# 25.6484,  5.320125,  0.735, 0.1107, 0.3925,  34.5984, 18 Oct 2018 04:11:06
# 25.6485,  5.317586,  0.786, 0.1059, 0.3834,  34.5798, 18 Oct 2018 04:15:06
# 25.6634,  5.320215,  0.745, 0.1059, 0.3989,  34.5877, 18 Oct 2018 04:19:06
# 25.6710,  5.322610,  0.763, 0.1038, 0.4015,  34.5995, 18 Oct 2018 04:23:06
# 25.6701,  5.323459,  0.779, 0.1083, 0.4195,  34.6063, 18 Oct 2018 04:27:06
# 25.6942,  5.327947,  0.763, 0.1129, 0.3857,  34.6208, 18 Oct 2018 04:31:06
# 25.7111,  5.332020,  0.843, 0.1072, 0.3877,  34.6378, 18 Oct 2018 04:35:06
# 25.7119,  5.334280,  0.730, 0.1096, 0.3429,  34.6537, 18 Oct 2018 04:39:06
# 25.7232,  5.336852,  0.753, 0.1058, 0.3333,  34.6639, 18 Oct 2018 04:43:06
# 25.7111,  5.336959,  0.807, 0.1034, 0.3674,  34.6739, 18 Oct 2018 04:47:06
# 25.7227,  5.338158,  0.806, 0.1073, 0.3891,  34.6738, 18 Oct 2018 04:51:06
# 25.6916,  5.335699,  0.831, 0.1058, 0.3550,  34.6794, 18 Oct 2018 04:55:06
# 25.6869,  5.335624,  0.716, 0.1082, 0.3749,  34.6826, 18 Oct 2018 04:59:06
