# 26.3415,  5.361809,  0.731, 0.1218, 0.4182,  34.3794, 08 Nov 2018 09:03:06
# 26.3774,  5.368136,  0.784, 0.1389, 0.4282,  34.3982, 08 Nov 2018 09:07:06
# 26.4137,  5.372663,  0.768, 0.1483, 0.4329,  34.4037, 08 Nov 2018 09:11:06
# 26.4594,  5.380883,  0.767, 0.1266, 0.3836,  34.4288, 08 Nov 2018 09:15:06
# 26.4918,  5.384028,  0.720, 0.1557, 0.4037,  34.4273, 08 Nov 2018 09:19:06
# 26.5192,  5.384576,  0.785, 0.1254, 0.3574,  34.4108, 08 Nov 2018 09:23:06
# 26.5578,  5.388598,  0.789, 0.1622, 0.4118,  34.4109, 08 Nov 2018 09:27:06
# 26.5974,  5.390815,  0.734, 0.3466, 0.7613,  34.3973, 08 Nov 2018 09:31:06
# 26.6226,  5.391356,  0.743, 0.1460, 0.3880,  34.3824, 08 Nov 2018 09:35:06
# 26.6544,  5.390951,  0.747, 0.1734, 0.4562,  34.3559, 08 Nov 2018 09:39:06
# 26.6853,  5.389251,  0.689, 0.1218, 0.3331,  34.3208, 08 Nov 2018 09:43:06
# 26.7146,  5.389533,  0.707, 0.1270, 0.3542,  34.3010, 08 Nov 2018 09:47:06
# 26.7452,  5.387437,  0.694, 0.1558, 0.3878,  34.2634, 08 Nov 2018 09:51:06
# 26.7847,  5.393106,  0.712, 0.1425, 0.4036,  34.2748, 08 Nov 2018 09:55:06
# 26.8297,  5.399540,  0.689, 0.1363, 0.3811,  34.2874, 08 Nov 2018 09:59:06
