# 26.1251,  5.316108,  0.985, 0.1155, 0.7442,  34.2106, 08 Nov 2018 02:03:06
# 26.1291,  5.317018,  1.074, 0.1241, 0.8576,  34.2141, 08 Nov 2018 02:07:06
# 26.1337,  5.316108,  1.045, 0.1253, 0.9010,  34.2042, 08 Nov 2018 02:11:06
# 26.1381,  5.316548,  1.074, 0.1106, 0.8145,  34.2041, 08 Nov 2018 02:15:06
# 26.1449,  5.318654,  1.185, 0.1207, 0.9535,  34.2142, 08 Nov 2018 02:19:06
# 26.1497,  5.323527,  1.167, 0.1265, 0.9416,  34.2458, 08 Nov 2018 02:23:06
# 26.1531,  5.323777,  1.084, 0.1205, 1.1440,  34.2451, 08 Nov 2018 02:27:06
# 26.1704,  5.328561,  1.107, 0.1621, 1.0799,  34.2669, 08 Nov 2018 02:31:06
# 26.1892,  5.333142,  1.196, 0.1316, 1.1080,  34.2860, 08 Nov 2018 02:35:06
# 26.1861,  5.331564,  1.178, 0.1268, 1.2129,  34.2768, 08 Nov 2018 02:39:06
# 26.1803,  5.327704,  1.044, 0.1143, 1.0233,  34.2533, 08 Nov 2018 02:43:06
# 26.1882,  5.331989,  1.086, 0.1180, 1.1052,  34.2784, 08 Nov 2018 02:47:06
# 26.2023,  5.336381,  1.167, 0.1219, 0.9203,  34.2996, 08 Nov 2018 02:51:06
# 26.1978,  5.333673,  1.200, 0.1302, 1.2621,  34.2833, 08 Nov 2018 02:55:06
# 26.2016,  5.334416,  1.135, 0.1318, 1.2116,  34.2859, 08 Nov 2018 02:59:06
