# 28.4697,  5.587576,  1.132, 0.1711, 2.3254,  34.4092, 20 Oct 2018 13:03:06
# 28.4960,  5.579128,  1.223, 0.1495, 1.7017,  34.3315, 20 Oct 2018 13:07:06
# 28.5150,  5.582036,  1.088, 0.1362, 1.3039,  34.3379, 20 Oct 2018 13:11:06
# 28.5169,  5.596880,  1.034, 0.1400, 1.5317,  34.4394, 20 Oct 2018 13:15:06
# 28.5248,  5.607169,  1.098, 0.1421, 1.6226,  34.5050, 20 Oct 2018 13:19:06
# 28.5374,  5.609005,  1.007, 0.1312, 1.3817,  34.5085, 20 Oct 2018 13:23:06
# 28.5485,  5.607959,  1.188, 0.1520, 1.9414,  34.4932, 20 Oct 2018 13:27:06
# 28.5708,  5.602549,  0.986, 0.1554, 2.0893,  34.4396, 20 Oct 2018 13:31:06
# 28.5849,  5.600543,  1.063, 0.1376, 1.5626,  34.4155, 20 Oct 2018 13:35:06
# 28.5875,  5.602022,  1.137, 0.1585, 1.8387,  34.4238, 20 Oct 2018 13:39:06
# 28.5927,  5.606594,  1.127, 0.2390, 4.3524,  34.4517, 20 Oct 2018 13:43:06
# 28.6070,  5.610942,  1.013, 0.1413, 1.5995,  34.4714, 20 Oct 2018 13:47:06
# 28.6158,  5.617401,  1.169, 0.1330, 1.4045,  34.5097, 20 Oct 2018 13:51:06
# 28.6268,  5.618922,  1.115, 0.1422, 1.5984,  34.5122, 20 Oct 2018 13:55:06
# 28.6268,  5.612717,  1.124, 0.1425, 1.6932,  34.4693, 20 Oct 2018 13:59:06
