# 26.9868,  5.290718,  0.667, 0.0987, 0.5334,  33.3983, 12 Oct 2018 22:03:06
# 26.9755,  5.291595,  0.605, 0.0963, 0.5248,  33.4126, 12 Oct 2018 22:07:06
# 26.9758,  5.289395,  0.680, 0.0938, 0.5371,  33.3968, 12 Oct 2018 22:11:06
# 26.9732,  5.293924,  0.620, 0.0924, 0.5935,  33.4308, 12 Oct 2018 22:15:06
# 26.9700,  5.295217,  0.587, 0.0935, 0.5261,  33.4423, 12 Oct 2018 22:19:06
# 26.9703,  5.302434,  0.621, 0.0922, 0.4749,  33.4933, 12 Oct 2018 22:23:06
# 26.9622,  5.293833,  0.606, 0.0951, 0.4595,  33.4381, 12 Oct 2018 22:27:06
# 26.9487,  5.295686,  0.576, 0.0925, 0.4609,  33.4610, 12 Oct 2018 22:31:06
# 26.9363,  5.279814,  0.615, 0.0937, 0.5064,  33.3572, 12 Oct 2018 22:35:06
# 26.9152,  5.283712,  0.634, 0.0914, 0.4808,  33.4000, 12 Oct 2018 22:39:06
# 26.8960,  5.274558,  0.608, 0.0951, 0.5284,  33.3488, 12 Oct 2018 22:43:06
# 26.8635,  5.298449,  0.596, 0.0890, 0.4294,  33.5420, 12 Oct 2018 22:47:06
# 26.8429,  5.282913,  0.636, 0.0951, 0.4110,  33.4464, 12 Oct 2018 22:51:06
# 26.8354,  5.285059,  0.627, 0.0914, 0.4122,  33.4671, 12 Oct 2018 22:55:06
# 26.8180,  5.279468,  0.612, 0.0914, 0.4402,  33.4399, 12 Oct 2018 22:59:06
