# 24.8019,  5.203235,  0.847, 0.1225, 0.5779,  34.3810, 14 Nov 2018 04:03:06
# 24.7754,  5.197712,  0.985, 0.1081, 0.6518,  34.3602, 14 Nov 2018 04:07:06
# 24.7523,  5.193511,  0.870, 0.1070, 0.4991,  34.3466, 14 Nov 2018 04:11:06
# 24.7560,  5.193788,  0.875, 0.1167, 0.6478,  34.3458, 14 Nov 2018 04:15:06
# 24.8158,  5.203025,  0.842, 0.1180, 0.6084,  34.3689, 14 Nov 2018 04:19:06
# 24.8869,  5.215296,  0.858, 0.1109, 0.6133,  34.4057, 14 Nov 2018 04:23:06
# 24.9719,  5.228332,  0.882, 0.1048, 0.5534,  34.4374, 14 Nov 2018 04:27:06
# 25.0426,  5.238693,  0.932, 0.1485, 0.7766,  34.4602, 14 Nov 2018 04:31:06
# 25.1222,  5.248875,  0.903, 0.1328, 0.6520,  34.4748, 14 Nov 2018 04:35:06
# 25.1659,  5.255115,  0.912, 0.1216, 0.5608,  34.4876, 14 Nov 2018 04:39:06
# 25.2117,  5.261478,  0.873, 0.1276, 0.5584,  34.4996, 14 Nov 2018 04:43:06
# 25.2558,  5.267792,  0.876, 0.1046, 0.5187,  34.5126, 14 Nov 2018 04:47:06
# 25.3028,  5.272071,  0.911, 0.1611, 0.7720,  34.5084, 14 Nov 2018 04:51:06
# 25.3242,  5.276065,  0.940, 0.1352, 1.0032,  34.5214, 14 Nov 2018 04:55:06
# 25.3956,  5.285310,  0.916, 0.1373, 0.8817,  34.5351, 14 Nov 2018 04:59:06
