# 23.3854,  4.905694,  0.789, 0.1231, 0.5296,  33.2195, 11 Nov 2018 11:03:06
# 23.4144,  4.907663,  0.750, 0.1109, 0.4956,  33.2127, 11 Nov 2018 11:07:06
# 23.4533,  4.911582,  0.776, 0.1242, 0.5309,  33.2132, 11 Nov 2018 11:11:06
# 23.4547,  4.910901,  0.733, 0.1131, 0.5187,  33.2070, 11 Nov 2018 11:15:06
# 23.4905,  4.909779,  0.804, 0.1094, 0.4834,  33.1716, 11 Nov 2018 11:19:06
# 23.5256,  4.910416,  0.741, 0.1202, 0.4990,  33.1502, 11 Nov 2018 11:23:06
# 23.5542,  4.910980,  0.746, 0.1167, 0.5138,  33.1331, 11 Nov 2018 11:27:06
# 23.5771,  4.911309,  0.744, 0.1158, 0.4576,  33.1184, 11 Nov 2018 11:31:06
# 23.6295,  4.915910,  0.719, 0.1205, 0.4713,  33.1141, 11 Nov 2018 11:35:06
# 23.6397,  4.919202,  0.766, 0.1159, 0.5005,  33.1313, 11 Nov 2018 11:39:06
# 23.6768,  4.922097,  0.743, 0.1058, 0.5015,  33.1254, 11 Nov 2018 11:43:06
# 23.7294,  4.928112,  0.691, 0.1215, 0.5188,  33.1316, 11 Nov 2018 11:47:06
# 23.7599,  4.931890,  0.729, 0.1180, 0.4858,  33.1373, 11 Nov 2018 11:51:06
# 23.7610,  4.933373,  0.709, 0.1216, 0.5100,  33.1476, 11 Nov 2018 11:55:06
# 23.7802,  4.932991,  0.694, 0.1096, 0.4690,  33.1305, 11 Nov 2018 11:59:06
