# 25.6016,  5.320899,  0.729, 0.1108, 0.4514,  34.6396, 19 Oct 2018 05:03:06
# 25.4963,  5.302225,  0.733, 0.1073, 0.4597,  34.5828, 19 Oct 2018 05:07:06
# 25.4323,  5.288272,  0.725, 0.1106, 0.4820,  34.5290, 19 Oct 2018 05:11:06
# 25.4120,  5.284433,  0.724, 0.1108, 0.4846,  34.5163, 19 Oct 2018 05:15:06
# 25.3595,  5.275022,  0.772, 0.1071, 0.5161,  34.4870, 19 Oct 2018 05:19:06
# 25.3444,  5.272878,  0.723, 0.1145, 0.4858,  34.4827, 19 Oct 2018 05:23:06
# 25.3461,  5.275204,  0.678, 0.1096, 0.4858,  34.4985, 19 Oct 2018 05:27:06
# 25.3704,  5.281276,  0.666, 0.1094, 0.4982,  34.5247, 19 Oct 2018 05:31:06
# 25.4069,  5.287728,  0.705, 0.1080, 0.4427,  34.5444, 19 Oct 2018 05:35:06
# 25.4429,  5.293496,  0.708, 0.1083, 0.4169,  34.5593, 19 Oct 2018 05:39:06
# 25.4681,  5.297338,  0.709, 0.1069, 0.4159,  34.5684, 19 Oct 2018 05:43:06
# 25.4853,  5.299721,  0.706, 0.1108, 0.4318,  34.5728, 19 Oct 2018 05:47:06
# 25.4909,  5.300084,  0.683, 0.1046, 0.4523,  34.5712, 19 Oct 2018 05:51:06
# 25.4943,  5.300886,  0.733, 0.1058, 0.4353,  34.5745, 19 Oct 2018 05:55:06
# 25.4886,  5.300984,  0.744, 0.1107, 0.4437,  34.5796, 19 Oct 2018 05:59:06
