# 25.7915,  5.16501,   0.704, 0.0890, 0.5325,  33.3620, 15 Sep 2018 00:00:12
# 25.7640,  5.14187,   0.696, 0.0875, 0.4884,  33.2142, 15 Sep 2018 00:04:12
# 25.7686,  5.20094,   0.678, 0.0876, 0.4897,  33.6396, 15 Sep 2018 00:08:12
# 25.7372,  5.17756,   0.659, 0.0889, 0.4932,  33.4928, 15 Sep 2018 00:12:12
# 25.6954,  5.15091,   0.673, 0.0890, 0.4957,  33.3298, 15 Sep 2018 00:16:12
# 25.6889,  5.15387,   0.643, 0.0864, 0.4847,  33.3561, 15 Sep 2018 00:20:12
# 25.6866,  5.16600,   0.650, 0.0872, 0.5610,  33.4459, 15 Sep 2018 00:24:12
# 25.7252,  5.21676,   0.659, 0.0852, 0.4640,  33.7867, 15 Sep 2018 00:28:12
# 25.7325,  5.22263,   0.706, 0.0865, 0.4198,  33.8240, 15 Sep 2018 00:32:12
# 25.7271,  5.22018,   0.632, 0.0865, 0.4701,  33.8102, 15 Sep 2018 00:36:12
# 25.7455,  5.22225,   0.686, 0.0851, 0.4087,  33.8117, 15 Sep 2018 00:40:12
# 25.7504,  5.22834,   0.650, 0.0867, 0.4689,  33.8524, 15 Sep 2018 00:44:12
# 25.7662,  5.21993,   0.664, 0.0867, 0.4860,  33.7794, 15 Sep 2018 00:48:12
# 25.7317,  5.20929,   0.661, 0.0853, 0.4418,  33.7276, 15 Sep 2018 00:52:12
# 25.7576,  5.23140,   0.686, 0.0853, 0.4101,  33.8693, 15 Sep 2018 00:56:12
