# 26.6012,  5.424422,  1.139, 0.1289, 1.8591,  34.6357, 26 Oct 2018 06:03:06
# 26.5813,  5.421985,  1.238, 0.1279, 1.6555,  34.6331, 26 Oct 2018 06:07:06
# 26.5627,  5.419488,  1.177, 0.1326, 1.7181,  34.6291, 26 Oct 2018 06:11:06
# 26.5479,  5.417502,  1.030, 0.1521, 2.3926,  34.6260, 26 Oct 2018 06:15:06
# 26.5587,  5.419159,  1.212, 0.1421, 2.2338,  34.6297, 26 Oct 2018 06:19:06
# 26.5455,  5.416960,  1.116, 0.1363, 1.8811,  34.6239, 26 Oct 2018 06:23:06
# 26.5423,  5.418510,  1.187, 0.1317, 1.6847,  34.6374, 26 Oct 2018 06:27:06
# 26.5345,  5.417716,  1.177, 0.1314, 1.6022,  34.6375, 26 Oct 2018 06:31:06
# 26.5014,  5.413395,  1.072, 0.1349, 1.8205,  34.6313, 26 Oct 2018 06:35:06
# 26.4526,  5.406221,  1.206, 0.1365, 2.0051,  34.6162, 26 Oct 2018 06:39:06
# 26.4150,  5.399135,  1.044, 0.1388, 1.7995,  34.5934, 26 Oct 2018 06:43:06
# 26.4273,  5.399860,  1.083, 0.1351, 1.6204,  34.5894, 26 Oct 2018 06:47:06
# 26.4556,  5.402246,  1.082, 0.1411, 1.8524,  34.5854, 26 Oct 2018 06:51:06
# 26.5109,  5.407991,  1.131, 0.1374, 1.6432,  34.5853, 26 Oct 2018 06:55:06
# 26.5426,  5.411356,  1.105, 0.1413, 1.6712,  34.5857, 26 Oct 2018 06:59:06
