# 26.5523,  5.413432,  0.865, 0.1008, 0.5162,  34.5935, 14 Oct 2018 03:03:06
# 26.5345,  5.411760,  0.825, 0.1036, 0.5463,  34.5948, 14 Oct 2018 03:07:06
# 26.5300,  5.413264,  0.819, 0.0996, 0.5251,  34.6090, 14 Oct 2018 03:11:06
# 26.5176,  5.413226,  0.901, 0.1001, 0.5572,  34.6180, 14 Oct 2018 03:15:06
# 26.5035,  5.411730,  0.893, 0.1007, 0.5151,  34.6178, 14 Oct 2018 03:19:06
# 26.4932,  5.410242,  0.913, 0.0986, 0.5732,  34.6148, 14 Oct 2018 03:23:06
# 26.4832,  5.409609,  0.803, 0.1036, 0.7099,  34.6178, 14 Oct 2018 03:27:06
# 26.4744,  5.408968,  0.838, 0.0998, 0.8142,  34.6198, 14 Oct 2018 03:31:06
# 26.4719,  5.410235,  0.864, 0.1009, 0.5803,  34.6308, 14 Oct 2018 03:35:06
# 26.4637,  5.409922,  0.955, 0.1133, 1.3651,  34.6346, 14 Oct 2018 03:39:06
# 26.4515,  5.408121,  0.838, 0.0999, 0.5594,  34.6308, 14 Oct 2018 03:43:06
# 26.4381,  5.408473,  0.891, 0.1022, 0.5510,  34.6435, 14 Oct 2018 03:47:06
# 26.4369,  5.411228,  0.901, 0.1047, 0.7574,  34.6642, 14 Oct 2018 03:51:06
# 26.4173,  5.408893,  0.924, 0.1109, 1.3749,  34.6621, 14 Oct 2018 03:55:06
# 26.4002,  5.406008,  0.903, 0.1046, 0.8117,  34.6542, 14 Oct 2018 03:59:06
