# 27.4533,  5.53887,   0.651, 0.1018, 0.2750,  34.8153, 05 Oct 2018 21:00:12
# 27.4393,  5.53749,   0.620, 0.0998, 0.2608,  34.8160, 05 Oct 2018 21:04:12
# 27.4352,  5.53698,   0.659, 0.1033, 0.2702,  34.8154, 05 Oct 2018 21:08:12
# 27.4217,  5.53570,   0.657, 0.0996, 0.2642,  34.8165, 05 Oct 2018 21:12:12
# 27.4207,  5.53553,   0.665, 0.1022, 0.2610,  34.8160, 05 Oct 2018 21:16:12
# 27.4197,  5.53525,   0.660, 0.1019, 0.2562,  34.8147, 05 Oct 2018 21:20:12
# 27.4096,  5.53453,   0.656, 0.1020, 0.2931,  34.8171, 05 Oct 2018 21:24:12
# 27.3977,  5.53322,   0.686, 0.0972, 0.2545,  34.8168, 05 Oct 2018 21:28:12
# 27.3980,  5.53315,   0.674, 0.0997, 0.2666,  34.8160, 05 Oct 2018 21:32:12
# 27.3994,  5.53321,   0.706, 0.1011, 0.2644,  34.8155, 05 Oct 2018 21:36:12
# 27.4068,  5.53376,   0.694, 0.0986, 0.2752,  34.8138, 05 Oct 2018 21:40:12
# 27.3873,  5.53203,   0.778, 0.2158, 0.4013,  34.8160, 05 Oct 2018 21:44:12
# 27.3752,  5.53097,   0.728, 0.0997, 0.2992,  34.8176, 05 Oct 2018 21:48:12
# 27.3704,  5.53019,   0.734, 0.0985, 0.2836,  34.8156, 05 Oct 2018 21:52:12
# 27.3699,  5.52996,   0.748, 0.1048, 0.3111,  34.8143, 05 Oct 2018 21:56:12
