# 28.5749,  5.63469,   0.886, 0.0877, 0.5200,  34.6592, 20 Sep 2018 18:00:12
# 28.5392,  5.63040,   0.809, 0.0877, 0.5708,  34.6557, 20 Sep 2018 18:04:12
# 28.4634,  5.62351,   0.856, 0.0863, 0.5439,  34.6632, 20 Sep 2018 18:08:12
# 28.4064,  5.61701,   0.788, 0.0848, 0.5050,  34.6597, 20 Sep 2018 18:12:12
# 28.3572,  5.61226,   0.820, 0.0863, 0.4821,  34.6627, 20 Sep 2018 18:16:12
# 28.3355,  5.60865,   0.815, 0.0877, 0.5707,  34.6535, 20 Sep 2018 18:20:12
# 28.2952,  5.60438,   0.779, 0.0864, 0.4462,  34.6533, 20 Sep 2018 18:24:12
# 28.2828,  5.60302,   0.804, 0.0877, 0.4835,  34.6529, 20 Sep 2018 18:28:12
# 28.2566,  5.60112,   0.771, 0.0887, 0.4873,  34.6589, 20 Sep 2018 18:32:12
# 28.2628,  5.60165,   0.822, 0.0862, 0.4376,  34.6580, 20 Sep 2018 18:36:12
# 28.2442,  5.59930,   0.796, 0.0878, 0.4449,  34.6553, 20 Sep 2018 18:40:12
# 28.2192,  5.59782,   0.791, 0.0886, 0.4617,  34.6633, 20 Sep 2018 18:44:12
# 28.2180,  5.59725,   0.788, 0.0886, 0.4702,  34.6602, 20 Sep 2018 18:48:12
# 28.2449,  5.59912,   0.791, 0.0885, 0.4257,  34.6535, 20 Sep 2018 18:52:12
# 28.2532,  5.60003,   0.791, 0.0911, 0.4846,  34.6538, 20 Sep 2018 18:56:12
