# 27.4283,  5.52617,   0.990, 0.1045, 0.6141,  34.7439, 06 Oct 2018 00:00:12
# 27.4372,  5.52662,   0.947, 0.1034, 0.4880,  34.7405, 06 Oct 2018 00:04:12
# 27.4443,  5.52714,   1.002, 0.1035, 0.5463,  34.7389, 06 Oct 2018 00:08:12
# 27.4461,  5.52694,   0.958, 0.1061, 0.5658,  34.7361, 06 Oct 2018 00:12:12
# 27.4566,  5.52711,   0.952, 0.1019, 0.5683,  34.7296, 06 Oct 2018 00:16:12
# 27.4631,  5.52694,   0.958, 0.1036, 0.5841,  34.7236, 06 Oct 2018 00:20:12
# 27.4622,  5.52653,   0.987, 0.1048, 0.5751,  34.7213, 06 Oct 2018 00:24:12
# 27.4535,  5.52559,   0.953, 0.1009, 0.5581,  34.7211, 06 Oct 2018 00:28:12
# 27.4518,  5.52504,   0.977, 0.1020, 0.6033,  34.7185, 06 Oct 2018 00:32:12
# 27.4485,  5.52390,   0.966, 0.1035, 0.5222,  34.7129, 06 Oct 2018 00:36:12
# 27.4518,  5.52367,   1.104, 0.1020, 0.6131,  34.7087, 06 Oct 2018 00:40:12
# 27.4507,  5.52294,   0.964, 0.1035, 0.5524,  34.7044, 06 Oct 2018 00:44:12
# 27.4438,  5.52205,   0.978, 0.1019, 0.6493,  34.7033, 06 Oct 2018 00:48:12
# 27.4461,  5.52128,   0.955, 0.1084, 0.6469,  34.6961, 06 Oct 2018 00:52:12
# 27.4483,  5.52114,   1.086, 0.1070, 0.6953,  34.6935, 06 Oct 2018 00:56:12
