# 28.6014,  5.64782,   1.079, 0.0962, 0.9742,  34.7308, 25 Sep 2018 17:00:12
# 28.6330,  5.65061,   1.067, 0.0974, 1.0929,  34.7270, 25 Sep 2018 17:04:12
# 28.6754,  5.65430,   1.140, 0.0997, 1.1402,  34.7216, 25 Sep 2018 17:08:12
# 28.6658,  5.65391,   1.005, 0.1058, 1.4166,  34.7259, 25 Sep 2018 17:12:12
# 28.6653,  5.65346,   1.126, 0.1035, 1.2527,  34.7231, 25 Sep 2018 17:16:12
# 28.6400,  5.65150,   1.088, 0.1023, 1.3544,  34.7280, 25 Sep 2018 17:20:12
# 28.6713,  5.65458,   1.033, 0.0949, 0.9656,  34.7265, 25 Sep 2018 17:24:12
# 28.6714,  5.65449,   0.990, 0.0935, 0.9131,  34.7258, 25 Sep 2018 17:28:12
# 28.6594,  5.65324,   0.943, 0.0912, 0.8366,  34.7259, 25 Sep 2018 17:32:12
# 28.6547,  5.65286,   1.042, 0.0933, 0.8650,  34.7267, 25 Sep 2018 17:36:12
# 28.6205,  5.64993,   1.010, 0.0926, 0.8721,  34.7315, 25 Sep 2018 17:40:12
# 28.5885,  5.64654,   0.986, 0.0928, 0.8495,  34.7314, 25 Sep 2018 17:44:12
# 28.5939,  5.64652,   0.992, 0.0900, 0.8129,  34.7273, 25 Sep 2018 17:48:12
# 28.6062,  5.64758,   0.943, 0.0926, 0.8743,  34.7257, 25 Sep 2018 17:52:12
# 28.5934,  5.64635,   0.944, 0.1071, 2.6272,  34.7265, 25 Sep 2018 17:56:12
